"","status","card_present_flag","account","long_cust","lat_cust","txn_description","merchant_id","first_name","balance","date","gender","age","merchant_suburb","merchant_state","amount","transaction_id","customer_id","long_merch","lat_merch","movement","day_of_week","time","hour","month"
"1","authorized","1","ACC-1598451071","153.41","-27.95","POS","81c48296-73be-44a7-befa-d053f48ce7cd","Diana",35.39,2018-08-01 07:00:00,"F",26,"Ashmore","QLD",16.25,"a623070bfead4541a6b0fff8a09e706c","CUS-2487424745","153.38","-27.99","debit","Wed","01:01:15","01","August"
"2","authorized","0","ACC-1598451071","153.41","-27.95","SALES-POS","830a451c-316e-4a6a-bf25-e37caedca49e","Diana",21.2,2018-08-01 07:00:00,"F",26,"Sydney","NSW",14.19,"13270a2a902145da9db4c951e04b51b9","CUS-2487424745","151.21","-33.87","debit","Wed","01:13:45","01","August"
"3","authorized","1","ACC-1222300524","151.23","-33.94","POS","835c231d-8cdf-4e96-859d-e9d571760cf0","Michael",5.71,2018-08-01 07:00:00,"M",38,"Sydney","NSW",6.42,"feb79e7ecd7048a5a36ec889d1a94270","CUS-2142601169","151.21","-33.87","debit","Wed","01:26:15","01","August"
"4","authorized","1","ACC-1037050564","153.10","-27.66","SALES-POS","48514682-c78a-4a88-b0da-2d6302e64673","Rhonda",2117.22,2018-08-01 07:00:00,"F",40,"Buderim","QLD",40.9,"2698170da3704fd981b15e64a006079e","CUS-1614226872","153.05","-26.68","debit","Wed","01:38:45","01","August"
"5","authorized","1","ACC-1598451071","153.41","-27.95","SALES-POS","b4e02c10-0852-4273-b8fd-7b3395e32eb0","Diana",17.95,2018-08-01 07:00:00,"F",26,"Mermaid Beach","QLD",3.25,"329adf79878c4cf0aeb4188b4691c266","CUS-2487424745","153.44","-28.06","debit","Wed","01:51:15","01","August"
"6","posted",NA,"ACC-1608363396","151.22","-33.87","PAYMENT",NA,"Robert",1705.43,2018-08-01 07:00:00,"M",20,NA,NA,163,"1005b48a6eda4ffd85e9b649dc9467d3","CUS-2688605418",NA,NA,"debit","Wed","02:00:00","02","August"
"7","authorized","1","ACC-2776252858","144.95","-37.76","SALES-POS","3aa18033-a0a9-4190-a117-b7caaf4d07e3","Kristin",1248.36,2018-08-01 07:00:00,"F",43,"Kalkallo","VIC",61.06,"b79ca208099c4c28aa5dae966096d842","CUS-4123612273","144.95","-37.53","debit","Wed","02:23:04","02","August"
"8","authorized","1","ACC-2776252858","144.95","-37.76","POS","ee58145d-26e8-4b01-9cd9-62378014f21d","Kristin",1232.75,2018-08-01 07:00:00,"F",43,"Melbourne","VIC",15.61,"e1c4a50d6a0549cbb3710a62a2fa00d5","CUS-4123612273","144.96","-37.81","debit","Wed","04:11:25","04","August"
"9","authorized","1","ACC-182446574","116.06","-32.00","POS","cfbf535e-caa8-499f-9d41-bbdc2b836d85","Tonya",213.16,2018-08-01 07:00:00,"F",27,"Yokine","WA",19.25,"799e39eb2c1b411185424b0f2cd18bda","CUS-3026014945","115.85","-31.9","debit","Wed","04:40:00","04","August"
"10","posted",NA,"ACC-602667573","151.23","-33.96","INTER BANK",NA,"Michael",466.58,2018-08-01 07:00:00,"M",40,NA,NA,21,"798a77869014441b840a7a8a23408332","CUS-2031327464",NA,NA,"debit","Wed","06:00:00","06","August"
"11","posted",NA,"ACC-2171593283","146.94","-36.04","PAYMENT",NA,"Fernando",4348.5,2018-08-01 07:00:00,"M",19,NA,NA,27,"baff17b27b2643c48c84fca7129e9611","CUS-2317998716",NA,NA,"debit","Wed","06:00:00","06","August"
"12","posted",NA,"ACC-2776252858","144.95","-37.76","PAYMENT",NA,"Kristin",1203.75,2018-08-01 07:00:00,"F",43,NA,NA,29,"78a1b6c3a5534d48828d8ed266ba9c2e","CUS-4123612273",NA,NA,"debit","Wed","06:00:00","06","August"
"13","authorized","1","ACC-182446574","116.06","-32.00","SALES-POS","33952b07-859c-4c0a-8b1d-813a5f6b444c","Tonya",207.08,2018-08-01 07:00:00,"F",27,"Cockburn Central","WA",6.08,"9ba4928260b24fbb8fb00f1f8d86b868","CUS-3026014945","115.86","-32.13","debit","Wed","06:06:40","06","August"
"14","posted",NA,"ACC-588564840","151.27","-33.76","INTER BANK",NA,"Isaiah",4438.16,2018-08-01 07:00:00,"M",23,NA,NA,25,"eaafa602902b4f4194efb96a105dd7ab","CUS-1462656821",NA,NA,"debit","Wed","07:00:00","07","August"
"15","posted",NA,"ACC-1496451953","145.16","-37.84","INTER BANK",NA,"Ricky",173.66,2018-08-01 07:00:00,"M",43,NA,NA,39,"243dcea5fb1846ffb89671edf45f157d","CUS-3142625864",NA,NA,"debit","Wed","07:00:00","07","August"
"16","authorized","1","ACC-1903037542","153.05","-27.61","POS","d920de7f-959c-4d9a-aee5-930689a2f8cd","Jeffrey",2.85,2018-08-01 07:00:00,"M",30,"Mount Ommaney","QLD",10.79,"28347ba260d84f8d81ab70d9e901ea8e","CUS-860700529","152.94","-27.55","debit","Wed","07:20:48","07","August"
"17","posted",NA,"ACC-2014856841","144.99","-37.90","INTER BANK",NA,"Patrick",260514.83,2018-08-01 07:00:00,"M",46,NA,NA,22,"ae8124d2e33547bdb605d9a51581457f","CUS-2370108457",NA,NA,"debit","Wed","08:00:00","08","August"
"18","posted",NA,"ACC-4163822186","149.03","-34.97","PAYMENT",NA,"Karen",3117.94,2018-08-01 07:00:00,"F",26,NA,NA,55,"0b0bc166b6da49b1ac64d3bb9c4ef550","CUS-2630892467",NA,NA,"debit","Wed","08:00:00","08","August"
"19","posted",NA,"ACC-3954677887","115.72","-32.28","PAYMENT",NA,"Ruth",38.31,2018-08-01 07:00:00,"F",47,NA,NA,58,"c24ca89f7aba4ab4b8d3e9ac0c5f4fab","CUS-3716701010",NA,NA,"debit","Wed","08:00:00","08","August"
"20","authorized","1","ACC-4258502723","145.45","-37.74","POS","b5565fff-0333-4c74-a61a-56a074d0ec0f","Kimberly",708.28,2018-08-01 07:00:00,"F",24,"Brunswick","VIC",7.37,"2f77c3cbe847468bbf99f7f0cead69f9","CUS-3378712515","144.96","-37.78","debit","Wed","08:00:11","08","August"
"21","authorized","1","ACC-1598451071","153.41","-27.95","POS","f2ef6270-cf91-409f-a6a2-fbd6735ea500","Diana",3.85,2018-08-01 07:00:00,"F",26,"Byron Bay","NSW",14.1,"1c12c9ad77894ef8b507fb091e41e928","CUS-2487424745","153.6","-28.63","debit","Wed","08:09:42","08","August"
"22","authorized","0","ACC-2890243754","153.32","-27.93","POS","7e8bf667-e724-4359-a406-3538a3e27b4e","Joseph",275.93,2018-08-01 07:00:00,"M",37,"Lismore","NSW",24.77,"1f12467d33ce4609890fb64978ebbcbb","CUS-2695611575","153.28","-28.81","debit","Wed","08:19:14","08","August"
"23","authorized","1","ACC-3481401842","115.74","-31.72","SALES-POS","38997041-c666-41a4-857b-9aaea10c008d","Tiffany",259.37,2018-08-01 07:00:00,"F",25,"Fremantle","WA",13.67,"daae532bc1114fbd86fca277f349a397","CUS-1669695324","115.76","-32.06","debit","Wed","08:28:45","08","August"
"24","authorized","0","ACC-2615038700","145.35","-38.03","POS","354f40cb-55bc-4a81-a00d-c7faede29f8b","Emily",30583.15,2018-08-01 07:00:00,"F",43,"Mordialloc","VIC",12.08,"49417bad354f4137971a954c26657e2d","CUS-3255104878","145.09","-38.01","debit","Wed","08:47:48","08","August"
"25","authorized","1","ACC-966140392","147.08","-37.97","POS","7ec296e9-6feb-46b0-b755-115ce31678c1","Joseph",793.64,2018-08-01 07:00:00,"M",21,"Chatswood","NSW",72.12,"80005b72314045ff9b7d48b6f2b63615","CUS-537508723","151.18","-33.8","debit","Wed","08:57:20","08","August"
"26","posted",NA,"ACC-354106658","151.04","-33.80","INTER BANK",NA,"Christine",4474.38,2018-08-01 07:00:00,"F",39,NA,NA,25,"f8cbe52460864f5fa77728f4a9e08997","CUS-2376382098",NA,NA,"debit","Wed","09:00:00","09","August"
"27","posted",NA,"ACC-1443681913","150.92","-33.77","PAYMENT",NA,"Ryan",586.2,2018-08-01 07:00:00,"M",31,NA,NA,36,"2addbcee343d4406bfd5f17fb8d40dee","CUS-3129499595",NA,NA,"debit","Wed","09:00:00","09","August"
"28","authorized","1","ACC-1710017148","150.82","-34.01","SALES-POS","8a0fab50-4efb-41e2-a569-29346eb6c9de","Michelle",1636.91,2018-08-01 07:00:00,"F",19,"Granville","NSW",17.96,"455044b17a8648a2945d7c39e8274351","CUS-883482547","151","-33.83","debit","Wed","09:02:54","09","August"
"29","authorized","1","ACC-2673069055","152.99","-27.49","SALES-POS","73b8eb5f-d6e6-43fb-896a-84faa162d544","Richard",11525.54,2018-08-01 07:00:00,"M",24,"Pacific Paradise","QLD",14.49,"221c4f7dd53240a18ceab43e1b879a62","CUS-51506836","153.08","-26.61","debit","Wed","09:06:57","09","August"
"30","authorized","0","ACC-1710017148","150.82","-34.01","SALES-POS","4af25042-a1a4-4688-90b5-240d790e5332","Michelle",1625.34,2018-08-01 07:00:00,"F",19,"Alexandria","NSW",11.57,"82acf03790844776b4587fd6e6f526c5","CUS-883482547","151.19","-33.92","debit","Wed","09:11:00","09","August"
"31","authorized","1","ACC-1037050564","153.10","-27.66","POS","02d45834-6f65-4f52-9a33-0b242dd7a078","Rhonda",2072.1,2018-08-01 07:00:00,"F",40,"North Lakes","QLD",45.12,"ad101b96b9d44b968b2519e2bb26a649","CUS-1614226872","152.99","-27.21","debit","Wed","09:15:03","09","August"
"32","authorized","0","ACC-3485804958","138.52","-35.01","POS","a08935a2-99a8-49f0-b73a-f8de51ca0abd","Jessica",12529.59,2018-08-01 07:00:00,"F",34,"Findon","SA",33.89,"89050ee5c5aa4e79b03e717518236bf9","CUS-1196156254","138.53","-34.9","debit","Wed","09:19:06","09","August"
"33","authorized","1","ACC-4258502723","145.45","-37.74","SALES-POS","66c00c79-11a0-4c11-af28-a31a40931a90","Kimberly",698.61,2018-08-01 07:00:00,"F",24,"Doncaster","VIC",9.67,"d79653456df54a20a564af7069156f60","CUS-3378712515","145.13","-37.78","debit","Wed","09:23:09","09","August"
"34","authorized","1","ACC-3100725361","145.73","-17.03","POS","7a368a0e-c231-4458-a4e0-43a3f6953954","Ronald",2086.31,2018-08-01 07:00:00,"M",25,"Smithfield","QLD",4.38,"7c855689bafb457084fbe8e42824a36e","CUS-2178051368","145.7","-16.81","debit","Wed","09:27:12","09","August"
"35","authorized","1","ACC-1990648130","114.62","-28.80","POS","0898833a-fca8-40b5-a738-8e1d4aa98322","Kaitlyn",1689.89,2018-08-01 07:00:00,"F",21,"Alstonville","NSW",28.49,"4c299aa143c94a03bee6fba9db884567","CUS-809013380","153.44","-28.84","debit","Wed","09:39:21","09","August"
"36","authorized","1","ACC-1990648130","114.62","-28.80","POS","55800aa3-486e-43f1-a0a3-1130709e4c0f","Kaitlyn",1675.46,2018-08-01 07:00:00,"F",21,"Leonora","WA",14.43,"e25a2c80035844a4846625adb43d893a","CUS-809013380","121.33","-28.9","debit","Wed","09:43:24","09","August"
"37","authorized","1","ACC-2673069055","152.99","-27.49","SALES-POS","30077f02-9082-4179-b287-3c927eed1be9","Richard",11438.51,2018-08-01 07:00:00,"M",24,"Greenslopes","QLD",87.03,"e06884699c114da592c8dcde6d30cab3","CUS-51506836","153.05","-27.51","debit","Wed","09:47:26","09","August"
"38","authorized","1","ACC-154431271","153.09","-27.48","POS","b7b3f792-717c-4e96-ab82-1580ec58a612","Lori",38.42,2018-08-01 07:00:00,"F",18,"Browns Plains","QLD",36.28,"bad454ebe43940e2aaa0e8a013f49a91","CUS-3702001629","153.05","-27.66","debit","Wed","09:51:29","09","August"
"39","authorized","0","ACC-3689607373","115.79","-31.79","POS","e54ebe26-344e-4084-a102-4ca6bf82b25b","Virginia",1089.59,2018-08-01 07:00:00,"F",20,"West Perth","WA",15.91,"303ab7bca5764bb3863758b3142b74bb","CUS-127297539","115.84","-31.95","debit","Wed","09:55:32","09","August"
"40","authorized","1","ACC-721712940","145.09","-37.82","POS","9ba904d4-5b0e-403c-b1bc-71e6a2bcdc0f","Andrew",49756.21,2018-08-01 07:00:00,"M",78,"Preston","VIC",25.7,"431119a28af748cbb12920804a7fcda3","CUS-1646183815","145.03","-37.74","debit","Wed","09:59:35","09","August"
"41","posted",NA,"ACC-1037050564","153.10","-27.66","PAYMENT",NA,"Rhonda",2040.1,2018-08-01 07:00:00,"F",40,NA,NA,32,"94622881419c44e1b799a52d82572207","CUS-1614226872",NA,NA,"debit","Wed","10:00:00","10","August"
"42","posted",NA,"ACC-1799207998","150.68","-33.79","INTER BANK",NA,"Susan",137.14,2018-08-01 07:00:00,"F",20,NA,NA,39,"b5974280c54a4547969f6de6860022d7","CUS-164374203",NA,NA,"debit","Wed","10:00:00","10","August"
"43","posted",NA,"ACC-2107684084","145.03","-37.88","PAYMENT",NA,"Richard",292.77,2018-08-01 07:00:00,"M",22,NA,NA,34,"60f8a3a91b974bd783af46c24bf7dc94","CUS-2283904812",NA,NA,"debit","Wed","10:00:00","10","August"
"44","posted",NA,"ACC-2173390920","144.71","-37.58","PAYMENT",NA,"Luis",28.04,2018-08-01 07:00:00,"M",27,NA,NA,29,"2bf5dc421b144a6d9f80c71d9750bbb9","CUS-3180318393",NA,NA,"debit","Wed","10:00:00","10","August"
"45","posted",NA,"ACC-1243371644","150.90","-33.78","PAYMENT",NA,"Gregory",754.2,2018-08-01 07:00:00,"M",42,NA,NA,150,"f0f8a22361d54153a8ff90da73e5e351","CUS-3904958894",NA,NA,"debit","Wed","10:00:00","10","August"
"46","posted",NA,"ACC-966140392","147.08","-37.97","PAYMENT",NA,"Joseph",763.64,2018-08-01 07:00:00,"M",21,NA,NA,30,"6d12e9e1c9fe4f899b04c2e1f40fb790","CUS-537508723",NA,NA,"debit","Wed","10:00:00","10","August"
"47","authorized","1","ACC-1683215619","138.67","-34.86","SALES-POS","26f1b7d4-64fb-4c25-8734-47f7409fa7c1","Barry",301.65,2018-08-01 07:00:00,"M",38,"Bomaderry","NSW",20.43,"06df75936c564067b220a0660ad8b455","CUS-1604596597","150.6","-34.84","debit","Wed","10:12:51","10","August"
"48","authorized","0","ACC-2901672282","255.00","-573.00","SALES-POS","7ce5471b-363c-46ab-b398-ca517347829a","Daniel",1290.08,2018-08-01 07:00:00,"M",22,"Sydney","NSW",31.62,"826f09d26daf4b7282f597cabfecaf81","CUS-1617121891","151.21","-33.87","debit","Wed","10:27:08","10","August"
"49","authorized","1","ACC-1652235822","144.89","-37.81","SALES-POS","932b9301-65da-4718-aa78-679daba791fb","Renee",18784.07,2018-08-01 07:00:00,"F",38,"Doncaster","VIC",16.13,"0a0aaf7ca4894fbeb41e69a695458fa1","CUS-2206365095","145.13","-37.78","debit","Wed","10:41:25","10","August"
"50","authorized","1","ACC-2615038700","145.35","-38.03","POS","07df1647-c4aa-479b-a7c2-1952aafbc6bb","Emily",29645.42,2018-08-01 07:00:00,"F",43,"Dandenong South","VIC",937.73,"44806f4994f249e9a7411776530e0ff6","CUS-3255104878","145.21","-38.03","debit","Wed","10:55:42","10","August"
"51","posted",NA,"ACC-588564840","151.27","-33.76","PAY/SALARY",NA,"Isaiah",8342.11,2018-08-01 07:00:00,"M",23,NA,NA,3903.95,"9ca281650e5d482d9e53f85e959baa66","CUS-1462656821",NA,NA,"credit","Wed","11:00:00","11","August"
"52","posted",NA,"ACC-2901672282","255.00","-573.00","PAYMENT",NA,"Daniel",1195.08,2018-08-01 07:00:00,"M",22,NA,NA,95,"62e49c215d7e45609556936fd7e860ce","CUS-1617121891",NA,NA,"debit","Wed","11:00:00","11","August"
"53","authorized","1","ACC-602667573","151.23","-33.96","POS","a1ca1b7e-a737-4fc8-b070-3e606f52c0d6","Michael",454.94,2018-08-01 07:00:00,"M",40,"Margaret River","WA",11.64,"f43f13d2a2d64627bd7849e55076d5ad","CUS-2031327464","115.07","-33.95","debit","Wed","11:04:45","11","August"
"54","authorized","1","ACC-414431115","142.77","-37.06","POS","6beb3465-4cb7-449b-b395-0eaa7764d4fe","Amy",27.86,2018-08-01 07:00:00,"F",43,"Robinvale","VIC",28,"3f549647f8c64c35a471c57296fa3ee3","CUS-2599279756","142.77","-34.58","debit","Wed","11:11:33","11","August"
"55","authorized","1","ACC-1243371644","150.90","-33.78","POS","a33597e2-742c-4bde-aa32-880e687454b2","Gregory",689.22,2018-08-01 07:00:00,"M",42,"Chatswood","NSW",64.98,"7439e4de7ee64643bae56d82cf6d60ec","CUS-3904958894","151.2","-33.79","debit","Wed","11:18:22","11","August"
"56","authorized","1","ACC-602667573","151.23","-33.96","SALES-POS","1c6feb54-37a6-47b4-ae0a-a2f3005e7087","Michael",440.66,2018-08-01 07:00:00,"M",40,"Chatswood","NSW",14.28,"18a79fa1895146598803550daf9b8f5d","CUS-2031327464","151.18","-33.8","debit","Wed","11:25:10","11","August"
"57","authorized","1","ACC-2615038700","145.35","-38.03","SALES-POS","54b35383-6f69-453b-be91-b63005b97135","Emily",29143.75,2018-08-01 07:00:00,"F",43,"Mossman Gorge","QLD",501.67,"3972bef449b54d3b9db6bc77e1c8d165","CUS-3255104878","145.35","-16.47","debit","Wed","11:31:58","11","August"
"58","authorized","1","ACC-1334819143","145.13","-37.70","POS","1e7209b8-f5d6-4241-a328-f0aa772d0c3b","Christopher",58154.74,2018-08-01 07:00:00,"M",33,"Rockbank","VIC",17.97,"de0afdbea75448bab771d107c3d9634a","CUS-3117610635","144.63","-37.7","debit","Wed","11:38:46","11","August"
"59","authorized","0","ACC-4258502723","145.45","-37.74","POS","e77e7118-9958-4ae0-8ecd-b705bde43c16","Kimberly",589.1,2018-08-01 07:00:00,"F",24,"Sydney","NSW",109.51,"fcb9829f70104a338b34cee4eb6cc9c8","CUS-3378712515","151.21","-33.87","debit","Wed","11:45:34","11","August"
"60","authorized","0","ACC-3100725361","145.73","-17.03","POS","cd28c099-0971-41a5-a9cc-d44477c350df","Ronald",2058.92,2018-08-01 07:00:00,"M",25,"Cobram","VIC",27.39,"646333af54b7418db2ffddf4466e027d","CUS-2178051368","145.65","-35.92","debit","Wed","11:52:22","11","August"
"61","authorized","1","ACC-3541460373","145.00","-37.83","POS","b64b1423-0992-4942-b955-5785b81c1cd6","Jeffrey",1109.58,2018-08-01 07:00:00,"M",24,"Kilsyth","VIC",27.39,"a4c5dbf8884f40efb7d37ee62c121da5","CUS-1433879684","145.32","-37.8","debit","Wed","11:59:11","11","August"
"62","posted",NA,"ACC-1650504218","145.01","-37.93","PAY/SALARY",NA,"Marissa",2040.58,2018-08-01 07:00:00,"F",23,NA,NA,1626.48,"1822eb0e1bbe4c9e95ebbb0fa2cc4323","CUS-2500783281",NA,NA,"credit","Wed","12:00:00","12","August"
"63","posted",NA,"ACC-4163822186","149.03","-34.97","PAYMENT",NA,"Karen",3071.94,2018-08-01 07:00:00,"F",26,NA,NA,46,"f9517b2856424dee847566e333c1da49","CUS-2630892467",NA,NA,"debit","Wed","12:00:00","12","August"
"64","posted",NA,"ACC-182446574","116.06","-32.00","INTER BANK",NA,"Tonya",150.08,2018-08-01 07:00:00,"F",27,NA,NA,57,"f14720cc84d24bac8b9987a127c07842","CUS-3026014945",NA,NA,"debit","Wed","12:00:00","12","August"
"65","posted",NA,"ACC-3326339947","151.18","-33.80","PAY/SALARY",NA,"Eric",3158.51,2018-08-01 07:00:00,"M",22,NA,NA,983.36,"bd62b1799a454cedbbb56364f7c40cbf","CUS-326006476",NA,NA,"credit","Wed","12:00:00","12","August"
"66","posted",NA,"ACC-3879258709","143.83","-37.66","PAYMENT",NA,"Natasha",186371.86,2018-08-01 07:00:00,"F",40,NA,NA,170,"d644e56e0d2e4288beb67ec2c5e66346","CUS-527400765",NA,NA,"debit","Wed","12:00:00","12","August"
"67","authorized","1","ACC-2249586092","115.98","-32.07","POS","7cdb62b5-6632-4d1d-8e28-a4d26f5cbb74","Edward",4172.16,2018-08-01 07:00:00,"M",19,"Ceduna","SA",3.28,"519228444b164ae2b61bc1e2bca47283","CUS-443776336","133.67","-32.11","debit","Wed","12:15:26","12","August"
"68","authorized","1","ACC-3827517394","151.12","-33.89","POS","94f323d7-ffeb-4b35-9c10-e5670d9b7bd8","Craig",30163.44,2018-08-01 07:00:00,"M",28,"Bass Hill","NSW",33.45,"bdcb34e0a5d9423089deb9a6e85e32a5","CUS-2663907001","150.99","-33.9","debit","Wed","12:50:31","12","August"
"69","posted",NA,"ACC-3541460373","145.00","-37.83","PAY/SALARY",NA,"Jeffrey",2517.66,2018-08-01 07:00:00,"M",24,NA,NA,1408.08,"0d95c7c932bb48e5b44c2637bdd3efe9","CUS-1433879684",NA,NA,"credit","Wed","13:00:00","13","August"
"70","posted",NA,"ACC-3100725361","145.73","-17.03","INTER BANK",NA,"Ronald",2032.92,2018-08-01 07:00:00,"M",25,NA,NA,26,"77254bed4aed4a66b6870c77297cef71","CUS-2178051368",NA,NA,"debit","Wed","13:00:00","13","August"
"71","posted",NA,"ACC-2776252858","144.95","-37.76","PAY/SALARY",NA,"Kristin",2271.79,2018-08-01 07:00:00,"F",43,NA,NA,1068.04,"f50ccf1195214d14a0acbfcb5a265193","CUS-4123612273",NA,NA,"credit","Wed","13:00:00","13","August"
"72","authorized","0","ACC-2615038700","145.35","-38.03","POS","47fc3b6a-6e2d-4cd1-87ce-00360cf62893","Emily",29128.11,2018-08-01 07:00:00,"F",43,"Lara","VIC",15.64,"74c7d8e7a52c411ca0457469d55d5a92","CUS-3255104878","144.4","-38.02","debit","Wed","13:45:33","13","August"
"73","posted",NA,"ACC-1598451071","153.41","-27.95","PAY/SALARY",NA,"Diana",1017.52,2018-08-01 07:00:00,"F",26,NA,NA,1013.67,"a72c9dd8b4614a1982ff71f8b62677ad","CUS-2487424745",NA,NA,"credit","Wed","14:00:00","14","August"
"74","authorized","1","ACC-1799207998","150.68","-33.79","POS","4969262f-2161-43c1-a48d-1799844fb859","Susan",119.88,2018-08-01 07:00:00,"F",20,"Minchinbury","NSW",17.26,"5af4f4be8c7344ddbb0e36b48b29d024","CUS-164374203","150.83","-33.79","debit","Wed","14:01:55","14","August"
"75","authorized","0","ACC-4258502723","145.45","-37.74","SALES-POS","17d20b9f-f49d-4164-9e7d-a1043052faae","Kimberly",538.85,2018-08-01 07:00:00,"F",24,"Melbourne","VIC",50.25,"ce39f465e532476da3322a54ed8b4c7c","CUS-3378712515","144.96","-37.81","debit","Wed","14:10:42","14","August"
"76","authorized","1","ACC-958000567","130.90","-12.37","POS","73c0924f-dc35-4ab1-8136-2b5775cf4280","Sandra",486.68,2018-08-01 07:00:00,"F",34,"Stuart Park","NT",22.25,"c9ff96e92ff4416383ce3cba52c211f4","CUS-4142663097","130.84","-12.44","debit","Wed","14:19:28","14","August"
"77","authorized","1","ACC-1037050564","153.10","-27.66","SALES-POS","1ab3e343-3775-4d54-9dac-2b0834500025","Rhonda",2029.05,2018-08-01 07:00:00,"F",40,"Port Macquarie","NSW",11.05,"353c30ef66e345059a22305b36f138a2","CUS-1614226872","152.92","-31.43","debit","Wed","14:28:14","14","August"
"78","authorized","1","ACC-1710017148","150.82","-34.01","POS","499b1c74-d767-43d6-a084-b20d00010c70","Michelle",1609.16,2018-08-01 07:00:00,"F",19,"Blacktown","NSW",16.18,"927d07bdbeb743ebab2865f86132cd99","CUS-883482547","150.91","-33.77","debit","Wed","14:37:01","14","August"
"79","authorized","0","ACC-602667573","151.23","-33.96","SALES-POS","89556e0f-b593-4b89-adb4-8f279923bb24","Michael",429.2,2018-08-01 07:00:00,"M",40,"Brookvale","NSW",11.46,"06232e1cf77744ccb2ecb302de8dadc3","CUS-2031327464","151.27","-33.77","debit","Wed","14:45:47","14","August"
"80","posted",NA,"ACC-2305712452","138.61","-34.89","PAYMENT",NA,"Debra",86.91,2018-08-01 07:00:00,"F",18,NA,NA,36,"caff6e7621094e3585454db87edfd984","CUS-1842679196",NA,NA,"debit","Wed","15:00:00","15","August"
"81","posted",NA,"ACC-38923874","151.27","-33.90","PAYMENT",NA,"Ryan",28453.87,2018-08-01 07:00:00,"M",38,NA,NA,35,"e383af7f43bb4c8480def9709a689e98","CUS-3249305314",NA,NA,"debit","Wed","15:00:00","15","August"
"82","authorized","0","ACC-819621312","145.04","-37.85","POS","0bf7d15e-20d0-4246-8e99-59c3dd1a2dcb","Michele",86.3,2018-08-01 07:00:00,"F",30,"Windsor","VIC",5.29,"6cf7fafedd0b4a30bc1b00023cbee2d7","CUS-1271030853","144.99","-37.86","debit","Wed","15:02:21","15","August"
"83","authorized","1","ACC-1710017148","150.82","-34.01","SALES-POS","31409513-c87e-497b-bcdb-4f91c51b5996","Michelle",1602.58,2018-08-01 07:00:00,"F",19,"Hurstville","NSW",6.58,"0b0be6179db945629804267253f52d4d","CUS-883482547","151.1","-33.97","debit","Wed","15:08:34","15","August"
"84","authorized","1","ACC-1973887809","115.78","-31.90","SALES-POS","e3136489-2e9f-4490-a7a4-9b5a8355776c","Antonio",713.56,2018-08-01 07:00:00,"M",26,"O'connor","WA",16.03,"fff1c10f94b74ad78176503e32accb90","CUS-1646621553","115.8","-32.07","debit","Wed","15:27:12","15","August"
"85","authorized","1","ACC-1516130869","130.84","-12.45","POS","e9d1bc97-2073-4ede-9665-ab400e8e7be6","Jessica",143.4,2018-08-01 07:00:00,"F",21,"Coconut Grove","NT",32.41,"a9f8f0c8aefc4b7fbd8c659b703d08bc","CUS-325142416","130.85","-12.4","debit","Wed","15:33:24","15","August"
"86","authorized","1","ACC-966140392","147.08","-37.97","SALES-POS","9f0244d9-2b86-4065-85dc-6c2089ddc749","Joseph",750.75,2018-08-01 07:00:00,"M",21,"Wheelers Hill","VIC",12.89,"afdd21bfccd949c9b24480909c86de1e","CUS-537508723","145.16","-37.91","debit","Wed","15:39:37","15","August"
"87","authorized","1","ACC-1973887809","115.78","-31.90","POS","bedfaec0-2483-449c-9d0f-b8492469a4a2","Antonio",697.46,2018-08-01 07:00:00,"M",26,"Taree","NSW",16.1,"aadd1e78dc7f49f3b349c52d7c0219ed","CUS-1646621553","152.46","-31.91","debit","Wed","15:45:50","15","August"
"88","authorized","1","ACC-1056639002","145.03","-37.91","SALES-POS","8caa374e-b525-4314-82e2-b8a4d8828490","Michael",39595.08,2018-08-01 07:00:00,"M",22,"Carlton North","VIC",39.92,"bc6ef7e90d3a4b479e881b68d68eedf5","CUS-3462882033","144.98","-37.78","debit","Wed","15:52:02","15","August"
"89","authorized","1","ACC-1279356312","144.79","-37.73","POS","6f26079c-0269-473c-8db5-48c93b871572","Tyler",1082.64,2018-08-01 07:00:00,"M",44,"Doncaster East","VIC",8.1,"6dfe62109c534a1d9cb76b57d703e7fe","CUS-1892177589","145.17","-37.76","debit","Wed","15:58:15","15","August"
"90","posted",NA,"ACC-4065652575","115.81","-31.82","PAYMENT",NA,"Lucas",2335.35,2018-08-01 07:00:00,"M",21,NA,NA,55,"726f54003e2e460ca39707aede401ab6","CUS-1117979751",NA,NA,"debit","Wed","16:00:00","16","August"
"91","posted",NA,"ACC-3485804958","138.52","-35.01","PAY/SALARY",NA,"Jessica",16433.32,2018-08-01 07:00:00,"F",34,NA,NA,3903.73,"cf378669537f46e4acee7321fa8accb1","CUS-1196156254",NA,NA,"credit","Wed","16:00:00","16","August"
"92","posted",NA,"ACC-1799207998","150.68","-33.79","PAYMENT",NA,"Susan",8.06,2018-08-01 07:00:00,"F",20,NA,NA,35,"1b87da4cd76d4bbc96c64e9935253f66","CUS-164374203",NA,NA,"debit","Wed","16:00:00","16","August"
"93","posted",NA,"ACC-1973887809","115.78","-31.90","PAY/SALARY",NA,"Antonio",1796.37,2018-08-01 07:00:00,"M",26,NA,NA,1098.91,"00e97a9be9654405bb44f96e748b3ace","CUS-1646621553",NA,NA,"credit","Wed","16:00:00","16","August"
"94","posted",NA,"ACC-4059612845","130.98","-12.49","PAY/SALARY",NA,"Jonathan",50383.16,2018-08-01 07:00:00,"M",38,NA,NA,2647.38,"794ef124f66645e68d0707ef0a544b50","CUS-495599312",NA,NA,"credit","Wed","16:00:00","16","August"
"95","authorized","1","ACC-1608363396","151.22","-33.87","POS","0bf67b9f-7fa9-4458-8595-d1e738f26550","Robert",1691.91,2018-08-01 07:00:00,"M",20,"Newtown","NSW",13.52,"0ae06c9043b94ad19fde3dd4524a738b","CUS-2688605418","151.18","-33.9","debit","Wed","16:12:00","16","August"
"96","authorized","0","ACC-1799207998","150.68","-33.79","POS","eb3f245f-1016-416a-bab1-6743f6450d34","Susan",43.06,2018-08-01 07:00:00,"F",20,"Brookvale","NSW",76.82,"954d5cc3ef1c4dbe96219af4ae7d7b5a","CUS-164374203","151.27","-33.77","debit","Wed","16:28:40","16","August"
"97","authorized","0","ACC-3879258709","143.83","-37.66","POS","d8baa380-1cf2-485e-8b61-e6b73aab3400","Natasha",186344.95,2018-08-01 07:00:00,"F",40,"Ballarat","VIC",26.91,"1eb22646ff724bfb9d3f3b8108abf785","CUS-527400765","143.81","-37.55","debit","Wed","16:45:20","16","August"
"98","posted",NA,"ACC-819621312","145.04","-37.85","PAY/SALARY",NA,"Michele",1244.45,2018-08-01 07:00:00,"F",30,NA,NA,1158.15,"148a346f380948cfa1ee8e5166b56a6e","CUS-1271030853",NA,NA,"credit","Wed","17:00:00","17","August"
"99","posted",NA,"ACC-2920611728","144.96","-37.76","PAY/SALARY",NA,"Tyler",1969.05,2018-08-01 07:00:00,"M",69,NA,NA,1043.12,"360a8968ef944c9e91ee1f72a9759aec","CUS-1388323263",NA,NA,"credit","Wed","17:00:00","17","August"
"100","posted",NA,"ACC-2901672282","255.00","-573.00","PAYMENT",NA,"Daniel",1162.08,2018-08-01 07:00:00,"M",22,NA,NA,33,"c539e04478c94bb2b48af6e0069a011b","CUS-1617121891",NA,NA,"debit","Wed","17:00:00","17","August"
"101","posted",NA,"ACC-1799207998","150.68","-33.79","PAY/SALARY",NA,"Susan",1403.55,2018-08-01 07:00:00,"F",20,NA,NA,1395.49,"9767953f8ae94826aa145d6cac0be371","CUS-164374203",NA,NA,"credit","Wed","17:00:00","17","August"
"102","posted",NA,"ACC-1349834573","145.17","-37.84","PAY/SALARY",NA,"Matthew",7094.77,2018-08-01 07:00:00,"M",39,NA,NA,3071.14,"8c993ac0426d4f66a0b6322b4e56507c","CUS-1790886359",NA,NA,"credit","Wed","17:00:00","17","August"
"103","posted",NA,"ACC-4163822186","149.03","-34.97","PAYMENT",NA,"Karen",3021.94,2018-08-01 07:00:00,"F",26,NA,NA,50,"2aebc7593cb842b49df7313c3a650725","CUS-2630892467",NA,NA,"debit","Wed","17:00:00","17","August"
"104","posted",NA,"ACC-958000567","130.90","-12.37","PAYMENT",NA,"Sandra",300.09,2018-08-01 07:00:00,"F",34,NA,NA,168,"dab9c8d9c4024e3eb4dfd3c86f1e3578","CUS-4142663097",NA,NA,"debit","Wed","17:00:00","17","August"
"105","authorized","0","ACC-854938045","147.63","-22.84","POS","a676e908-5124-4f59-b35c-4617dac98872","James",6941.78,2018-08-01 07:00:00,"M",28,"Junee","NSW",22.59,"77e20a08f52446c3b903a215949968d3","CUS-4023861240","147.59","-34.86","debit","Wed","17:01:07","17","August"
"106","authorized","1","ACC-1279356312","144.79","-37.73","SALES-POS","9ceb9e51-60f0-4e1a-9656-caad3dd9a75f","Tyler",1067.36,2018-08-01 07:00:00,"M",44,"Reservoir","VIC",15.28,"c06d646beb4b4bb090caf460a6c32f4e","CUS-1892177589","145.01","-37.72","debit","Wed","17:10:33","17","August"
"107","authorized","1","ACC-574997646","150.79","-33.64","SALES-POS","68c05695-d552-4a40-b4a8-cc9f8d88b18f","Mackenzie",189.55,2018-08-01 07:00:00,"F",18,"Robertson","SA",5.62,"91e5965b88db48109b49395233411ddc","CUS-586638664","139","-33.97","debit","Wed","17:20:00","17","August"
"108","authorized","1","ACC-1443681913","150.92","-33.77","SALES-POS","c50f2e29-5fb5-4ac5-a2ea-1ae575443069","Ryan",492.41,2018-08-01 07:00:00,"M",31,"Haymarket","NSW",93.79,"d60f5196641f43debf50a0c04de03c8c","CUS-3129499595","151.21","-33.88","debit","Wed","17:38:52","17","August"
"109","authorized","1","ACC-1650504218","145.01","-37.93","SALES-POS","f15a375b-5aeb-48ff-a5c5-3334605186a0","Marissa",2025.72,2018-08-01 07:00:00,"F",23,"Croydon","VIC",14.86,"b16ca12e31304618bd133f80cf64c331","CUS-2500783281","145.28","-37.79","debit","Wed","17:48:18","17","August"
"110","authorized","1","ACC-958000567","130.90","-12.37","SALES-POS","383aeeda-a0da-442e-b018-70389e109700","Sandra",468.09,2018-08-01 07:00:00,"F",34,"Yarrawonga","NT",18.59,"450bda471a7649898a3b13e4fad158db","CUS-4142663097","130.98","-12.47","debit","Wed","17:57:44","17","August"
"111","posted",NA,"ACC-2153562714","116.00","-31.88","PAYMENT",NA,"Linda",860.46,2018-08-01 07:00:00,"F",24,NA,NA,46,"daebc880287f457d9389595d92d8951a","CUS-423725039",NA,NA,"debit","Wed","18:00:00","18","August"
"112","authorized","1","ACC-1598451071","153.41","-27.95","POS","44abc19c-aa5c-40bd-b1d0-9b2f236189ea","Diana",1006.85,2018-08-01 07:00:00,"F",26,"Bundall","QLD",10.67,"cd0113426970425a8524e55f4079408f","CUS-2487424745","153.41","-28.01","debit","Wed","18:19:29","18","August"
"113","authorized","0","ACC-90814749","151.68","-32.98","SALES-POS","5e4447f8-8083-40eb-b75f-f7e9a0583d3c","Christopher",6022.68,2018-08-01 07:00:00,"M",35,"Peterborough","SA",19.58,"3b8ac93bc7cd4d24a288882782a805e6","CUS-1896554896","138.84","-32.97","debit","Wed","18:45:07","18","August"
"114","posted",NA,"ACC-1349834573","145.17","-37.84","PAYMENT",NA,"Matthew",7046.77,2018-08-01 07:00:00,"M",39,NA,NA,48,"29e8473f761e49a4a9c0a03b6542afec","CUS-1790886359",NA,NA,"debit","Wed","19:00:00","19","August"
"115","authorized","1","ACC-964839203","146.92","-36.07","SALES-POS","c6163a13-ed92-44bf-9bad-9535d4516888","Michael",27984.9,2018-08-01 07:00:00,"M",21,"Lavington","NSW",26.75,"361e4d9928094aafa77d0a1e7e32b731","CUS-2059096722","146.97","-36.04","debit","Wed","19:04:09","19","August"
"116","authorized","1","ACC-80388494","144.97","-37.42","POS","4ae2bdc0-e282-45f4-be7c-aa2853fda03b","Dustin",823.53,2018-08-01 07:00:00,"M",28,"Docklands","VIC",9.21,"44f99c5dcf804f14842c2a9a957f3298","CUS-1140341822","144.94","-37.82","debit","Wed","19:14:03","19","August"
"117","authorized","1","ACC-3485804958","138.52","-35.01","POS","5a3c0cad-eb95-43f2-9d62-c55f9d325ce9","Jessica",16421.78,2018-08-01 07:00:00,"F",34,"North Wagga Wagga","NSW",11.54,"d08a764ae0a5487b85cd08cf1d1e7378","CUS-1196156254","147.38","-35.1","debit","Wed","19:23:57","19","August"
"118","authorized","0","ACC-1598451071","153.41","-27.95","SALES-POS","73aac058-cb31-46c2-826d-29b161bfb23e","Diana",995.57,2018-08-01 07:00:00,"F",26,"Elanora","QLD",11.28,"9a13829c885344c3ad6c6f1a2d30d1bc","CUS-2487424745","153.47","-28.13","debit","Wed","19:33:51","19","August"
"119","authorized","1","ACC-964839203","146.92","-36.07","SALES-POS","1b9ea2a4-61fe-4134-9042-b9b6d92aea7a","Michael",27953.53,2018-08-01 07:00:00,"M",21,"North Ward","QLD",31.37,"219c4cbb3c4a4b5f92d1f83f1ad1c15b","CUS-2059096722","146.81","-19.25","debit","Wed","19:43:45","19","August"
"120","authorized","1","ACC-3881031190","149.19","-21.15","POS","fbf7bf9d-d2ed-4f83-a5e7-098cef476906","Richard",445.04,2018-08-01 07:00:00,"M",37,"Bucasia","QLD",23.86,"453c37a1b37a44ce92b932420a70769f","CUS-3201519139","149.16","-21.03","debit","Wed","19:53:39","19","August"
"121","posted",NA,"ACC-2171593283","146.94","-36.04","PAYMENT",NA,"Fernando",4331.5,2018-08-01 07:00:00,"M",19,NA,NA,17,"5ffdc96d3c9f4335b3c58b8876bde9ed","CUS-2317998716",NA,NA,"debit","Wed","20:00:00","20","August"
"122","posted",NA,"ACC-1650504218","145.01","-37.93","PAYMENT",NA,"Marissa",1992.72,2018-08-01 07:00:00,"F",23,NA,NA,33,"5b8a8ad7f1f24ccd9fd04696bc43aaf8","CUS-2500783281",NA,NA,"debit","Wed","20:00:00","20","August"
"123","posted",NA,"ACC-182446574","116.06","-32.00","INTER BANK",NA,"Tonya",117.08,2018-08-01 07:00:00,"F",27,NA,NA,33,"11493f0afc4348139f996e154f61a98b","CUS-3026014945",NA,NA,"debit","Wed","20:00:00","20","August"
"124","posted",NA,"ACC-4281711154","144.98","-37.84","PHONE BANK",NA,"Eric",35322.36,2018-08-01 07:00:00,"M",42,NA,NA,36,"c8658e7c726f45ca8b3c3c78d1554700","CUS-3151318058",NA,NA,"debit","Wed","20:00:00","20","August"
"125","authorized","1","ACC-1037050564","153.10","-27.66","SALES-POS","3de54244-f7ba-46c9-aa99-01bd54625d25","Rhonda",1963.94,2018-08-01 07:00:00,"F",40,"Brisbane Airport","QLD",65.11,"fe3610e9d3ab418bba2ae7a62c56bc97","CUS-1614226872","153.12","-27.39","debit","Wed","20:09:28","20","August"
"126","authorized","0","ACC-854938045","147.63","-22.84","SALES-POS","6ef562a8-928c-4f56-86f1-592357fd5daa","James",6924.65,2018-08-01 07:00:00,"M",28,"Seven Mile Beach","TAS",17.13,"414f37db1e6143fbbf24501ce457c161","CUS-4023861240","147.5","-42.86","debit","Wed","20:35:47","20","August"
"127","posted",NA,"ACC-3536132544","144.93","-37.79","INTER BANK",NA,"Heather",1679.94,2018-08-01 07:00:00,"F",41,NA,NA,43,"49eca434ba8b4f2eb68fcfe625ba2c1b","CUS-2348881191",NA,NA,"debit","Wed","21:00:00","21","August"
"128","authorized","1","ACC-1217063613","147.61","-37.82","SALES-POS","92495e0a-61df-4c3d-9e2d-083ef2efed00","Kimberly",34.97,2018-08-01 07:00:00,"F",27,"Tullamarine","VIC",7.29,"3067a11e2cee4f2a97e4974249bbebb7","CUS-1739931018","144.84","-37.67","debit","Wed","21:01:28","21","August"
"129","authorized","1","ACC-3771436525","145.04","-37.92","POS","d2c81d3b-0816-4809-88e0-32d1451a8aa3","Derek",614.93,2018-08-01 07:00:00,"M",20,"Camberwell","VIC",27.82,"753965c7dfc54261851cf247a6e9f7e7","CUS-3325710106","145.06","-37.83","debit","Wed","21:19:59","21","August"
"130","authorized","0","ACC-1598451071","153.41","-27.95","POS","d87e2b48-3fc5-47e4-87c5-014e56e493df","Diana",986.58,2018-08-01 07:00:00,"F",26,"Elanora","QLD",8.99,"e1949cb88eb74ad1b0391347a221e938","CUS-2487424745","153.47","-28.13","debit","Wed","21:38:31","21","August"
"131","authorized","0","ACC-1683215619","138.67","-34.86","POS","597b6106-331b-4d3d-86f8-03931dfcf86a","Barry",279.86,2018-08-01 07:00:00,"M",38,"Yass","NSW",21.79,"685889d91567454d8b1d7074bf195504","CUS-1604596597","148.91","-34.84","debit","Wed","21:57:02","21","August"
"132","posted",NA,"ACC-1710017148","150.82","-34.01","PAYMENT",NA,"Michelle",1569.58,2018-08-01 07:00:00,"F",19,NA,NA,33,"3252e03de44c4f0f98a7f52a21fe4972","CUS-883482547",NA,NA,"debit","Wed","22:00:00","22","August"
"133","authorized","1","ACC-1598451071","153.41","-27.95","POS","4345dbd1-dfa8-4466-892a-4136a5ae08a2","Diana",976.26,2018-08-01 07:00:00,"F",26,"Labrador","QLD",10.32,"e9ff93190c9a4a088994e0f74b02e953","CUS-2487424745","153.41","-27.94","debit","Wed","22:25:27","22","August"
"134","authorized","1","ACC-2897221629","150.90","-34.37","POS","a1faef96-3162-4cb0-bbd6-ec5771644123","Scott",94.45,2018-08-01 07:00:00,"M",23,"Yagoona","NSW",19.04,"65eebe02143248789fd503b381ff78b4","CUS-511326734","151.01","-33.91","debit","Wed","22:55:45","22","August"
"135","posted",NA,"ACC-2988263882","145.18","-37.90","PAYMENT",NA,"Michael",1884.41,2018-08-01 07:00:00,"M",44,NA,NA,157,"33ae744f14ac48a0abbe19b14c9f0f61","CUS-1233833708",NA,NA,"debit","Wed","23:00:00","23","August"
"136","posted",NA,"ACC-1973887809","115.78","-31.90","PAYMENT",NA,"Antonio",1767.37,2018-08-01 07:00:00,"M",26,NA,NA,29,"eda8b3879259416babb3a397d9c45e30","CUS-1646621553",NA,NA,"debit","Wed","23:00:00","23","August"
"137","posted",NA,"ACC-1349834573","145.17","-37.84","PAYMENT",NA,"Matthew",7014.77,2018-08-01 07:00:00,"M",39,NA,NA,32,"5fdab046bfbb404386499d6aa7e02228","CUS-1790886359",NA,NA,"debit","Wed","23:00:00","23","August"
"138","authorized","1","ACC-964839203","146.92","-36.07","SALES-POS","da3deefd-e453-4ba6-9d32-54edf2dfd93d","Michael",27923.06,2018-08-02 07:00:00,"M",21,"Docklands","VIC",30.47,"fbe3b2b4ceb54e3a83d89e0ec0644d9b","CUS-2059096722","144.95","-37.82","debit","Thu","00:05:27","00","August"
"139","authorized","0","ACC-3689607373","115.79","-31.79","SALES-POS","ce1760f8-fa15-46c2-9e89-9f06b0654a4a","Virginia",1074.43,2018-08-02 07:00:00,"F",20,"Rockingham","WA",15.16,"655e69df175447e2bef643ad678f6abb","CUS-127297539","115.74","-32.29","debit","Thu","00:50:54","00","August"
"140","authorized","1","ACC-1496451953","145.16","-37.84","POS","c18dbd6b-599d-40fe-870d-a0bf6b4d64f6","Ricky",163.59,2018-08-02 07:00:00,"M",43,"Taylors Lakes","VIC",10.07,"48d4e7bbc8ce4c998fb93bbffda6c852","CUS-3142625864","144.78","-37.7","debit","Thu","01:15:05","01","August"
"141","authorized","1","ACC-588564840","151.27","-33.76","SALES-POS","b6dadbf2-868f-475a-bc9c-c4eed397090d","Isaiah",8306.12,2018-08-02 07:00:00,"M",23,"Mortdale","NSW",35.99,"1f01f82de1664dfda7c4ab8dad0dafe5","CUS-1462656821","151.06","-33.97","debit","Thu","01:52:49","01","August"
"142","posted",NA,"ACC-1496451953","145.16","-37.84","INTER BANK",NA,"Ricky",147.59,2018-08-02 07:00:00,"M",43,NA,NA,16,"24aaa29ad4f042f8bd10eceac58fc6d8","CUS-3142625864",NA,NA,"debit","Thu","02:00:00","02","August"
"143","authorized","1","ACC-37709441","153.41","-28.01","SALES-POS","1f4c3ff2-1948-4aff-872b-9e35bde43ac9","Charles",128.21,2018-08-02 07:00:00,"M",18,"Arundel","QLD",32.06,"9b024ce9e0be41b5adc21ef3c3a269d0","CUS-3336454548","153.38","-27.95","debit","Thu","02:16:45","02","August"
"144","authorized","1","ACC-1334819143","145.13","-37.70","SALES-POS","f708d3ed-a8a7-4185-8b3c-ec53bacbe56f","Christopher",58111.04,2018-08-02 07:00:00,"M",33,"Box Hill South","VIC",43.7,"85c6bc4eec2d47b38a338158f889ed68","CUS-3117610635","145.12","-37.83","debit","Thu","02:43:47","02","August"
"145","posted",NA,"ACC-1523339231","115.83","-31.90","PAYMENT",NA,"Tim",54980.99,2018-08-02 07:00:00,"M",40,NA,NA,47,"f4c6f64c5abb4073a6827e22706e2521","CUS-1816693151",NA,NA,"debit","Thu","03:00:00","03","August"
"146","posted",NA,"ACC-2890243754","153.32","-27.93","PAYMENT",NA,"Joseph",223.93,2018-08-02 07:00:00,"M",37,NA,NA,52,"c4c8649383e84c5ba4274e9226d42efa","CUS-2695611575",NA,NA,"debit","Thu","03:00:00","03","August"
"147","authorized","1","ACC-3021093232","149.83","-29.47","SALES-POS","fe257a32-9aaf-4689-a309-23d952424071","Melissa",128.76,2018-08-02 07:00:00,"F",30,"Melbourne","VIC",36.07,"a809195edcaf46568fc7f9cf06933c40","CUS-55310383","144.96","-37.82","debit","Thu","03:57:08","03","August"
"148","posted",NA,"ACC-2270192619","138.56","-35.27","PAYMENT",NA,"Darren",6630.82,2018-08-02 07:00:00,"M",20,NA,NA,39,"56530202274846da8195d47dc6068fd7","CUS-2110742437",NA,NA,"debit","Thu","04:00:00","04","August"
"149","posted",NA,"ACC-3536132544","144.93","-37.79","PAYMENT",NA,"Heather",1657.94,2018-08-02 07:00:00,"F",41,NA,NA,22,"859557e6ddfe423595075ed1cd73ed49","CUS-2348881191",NA,NA,"debit","Thu","04:00:00","04","August"
"150","authorized","1","ACC-3689607373","115.79","-31.79","SALES-POS","162b53e8-7a5c-4ca6-9e23-e05526f7313b","Virginia",1066.35,2018-08-02 07:00:00,"F",20,"Beechboro","WA",8.08,"1cf407acb18544478565fac7bb04bfb7","CUS-127297539","115.95","-31.87","debit","Thu","04:26:29","04","August"
"151","authorized","1","ACC-154431271","153.09","-27.48","SALES-POS","6102e64f-516d-4b51-bc28-87dbfe089f5c","Lori",15.93,2018-08-02 07:00:00,"F",18,"Southbank","VIC",22.49,"e270736b2b074f9fb88caed03a89d347","CUS-3702001629","144.97","-37.83","debit","Thu","04:53:30","04","August"
"152","posted",NA,"ACC-2171593283","146.94","-36.04","PAYMENT",NA,"Fernando",4298.5,2018-08-02 07:00:00,"M",19,NA,NA,33,"98c392ba9a4b47339a969e7199c5e4b4","CUS-2317998716",NA,NA,"debit","Thu","05:00:00","05","August"
"153","posted",NA,"ACC-2890243754","153.32","-27.93","PAYMENT",NA,"Joseph",205.93,2018-08-02 07:00:00,"M",37,NA,NA,18,"d58732b5d0e64c098b4f317ebf496ce1","CUS-2695611575",NA,NA,"debit","Thu","05:00:00","05","August"
"154","posted",NA,"ACC-3481401842","115.74","-31.72","PAYMENT",NA,"Tiffany",213.37,2018-08-02 07:00:00,"F",25,NA,NA,46,"fadf1da0485149ebb62314afcafc9e94","CUS-1669695324",NA,NA,"debit","Thu","06:00:00","06","August"
"155","posted",NA,"ACC-211792489","138.63","-34.93","PAYMENT",NA,"Jacqueline",3117.58,2018-08-02 07:00:00,"F",30,NA,NA,47,"a6f0f98713ea4e048542d32ce38f642a","CUS-497688347",NA,NA,"debit","Thu","06:00:00","06","August"
"156","authorized","1","ACC-4281711154","144.98","-37.84","POS","727f70ec-7434-44fd-8cd7-0583a1b07097","Eric",35305.32,2018-08-02 07:00:00,"M",42,"Bairnsdale","VIC",17.04,"fd425f772c094d8e9dd4802f3666c0bd","CUS-3151318058","147.63","-37.83","debit","Thu","06:28:34","06","August"
"157","posted",NA,"ACC-2231965366","144.96","-37.84","PAYMENT",NA,"Linda",1580.32,2018-08-02 07:00:00,"F",35,NA,NA,33,"7fae30d872ba4c62b028c9b494a779fd","CUS-2155701614",NA,NA,"debit","Thu","07:00:00","07","August"
"158","posted",NA,"ACC-2259139624","144.66","-37.91","INTER BANK",NA,"Cindy",1146.46,2018-08-02 07:00:00,"F",19,NA,NA,22,"0fa1a5285c6b4704a4d5ba5c59c1b343","CUS-3174332735",NA,NA,"debit","Thu","07:00:00","07","August"
"159","posted",NA,"ACC-2776252858","144.95","-37.76","INTER BANK",NA,"Kristin",2074.79,2018-08-02 07:00:00,"F",43,NA,NA,197,"c49d9fe530a94268ba3e5855981f5d7a","CUS-4123612273",NA,NA,"debit","Thu","07:00:00","07","August"
"160","authorized","0","ACC-847145727","115.90","-31.92","POS","e62c0cf2-08f3-42c5-bad4-6de138fd9351","Michael",50671.14,2018-08-02 07:00:00,"M",19,"West Perth","WA",1692.56,"dc4ae2d4b0ec4643bf04445eee0d60d8","CUS-1609060617","115.84","-31.95","debit","Thu","07:20:44","07","August"
"161","authorized","1","ACC-1037050564","153.10","-27.66","POS","25fd0d90-dec6-4462-85a0-fcdffa6864bb","Rhonda",1917.11,2018-08-02 07:00:00,"F",40,"Capalaba","QLD",46.83,"ea6093226962428b90595ce9bed3f015","CUS-1614226872","153.19","-27.53","debit","Thu","07:57:46","07","August"
"162","posted",NA,"ACC-2776252858","144.95","-37.76","PAYMENT",NA,"Kristin",2031.79,2018-08-02 07:00:00,"F",43,NA,NA,43,"852826a213da4102980e23b6cacdaaa1","CUS-4123612273",NA,NA,"debit","Thu","08:00:00","08","August"
"163","posted",NA,"ACC-574997646","150.79","-33.64","PAYMENT",NA,"Mackenzie",38.55,2018-08-02 07:00:00,"F",18,NA,NA,151,"33084ce6fa3743998092d4f2c427071f","CUS-586638664",NA,NA,"debit","Thu","08:00:00","08","August"
"164","authorized","1","ACC-2828321672","153.03","-27.51","POS","0a1d930e-fed4-4d23-adee-6f46a9ac8bdb","Stephanie",463.96,2018-08-02 07:00:00,"F",53,"Clayfield","QLD",6.48,"498005fec6054a459538a3cb610526e2","CUS-1005756958","153.05","-27.42","debit","Thu","08:08:02","08","August"
"165","authorized","1","ACC-3879258709","143.83","-37.66","POS","42ade571-5972-4160-9ecb-e0162a305fee","Natasha",186236.3,2018-08-02 07:00:00,"F",40,"Belrose","NSW",108.65,"da7d50bf71c14c7f884a3328cff0467b","CUS-527400765","151.21","-33.7","debit","Thu","08:16:34","08","August"
"166","authorized","0","ACC-3954677887","115.72","-32.28","POS","15ceaf10-4350-41a8-b409-51e97e9bf4ab","Ruth",17.44,2018-08-02 07:00:00,"F",47,"Kingsley","WA",20.87,"bdbd26386e8441ffaee17eeddf5ecea7","CUS-3716701010","115.81","-31.82","debit","Thu","08:25:07","08","August"
"167","authorized","1","ACC-4065652575","115.81","-31.82","SALES-POS","ae5f353c-afd0-4ed5-a4e3-d8b5bf48b5ec","Lucas",2293.86,2018-08-02 07:00:00,"M",21,"Adelaide","SA",41.49,"fa843fd8be634856978df16f243f1b8b","CUS-1117979751","138.6","-34.92","debit","Thu","08:33:40","08","August"
"168","authorized","1","ACC-1598451071","153.41","-27.95","SALES-POS","f74ba6f1-102d-407b-a9e8-3008ad72cdf7","Diana",968.15,2018-08-02 07:00:00,"F",26,"Burleigh Heads","QLD",8.11,"61c858d71c9a4d40b66be9368076c940","CUS-2487424745","153.45","-28.09","debit","Thu","08:42:13","08","August"
"169","authorized","1","ACC-2153562714","116.00","-31.88","POS","e2591002-0bb4-4adc-a30a-49e3505355b5","Linda",847.49,2018-08-02 07:00:00,"F",24,"Warwick","WA",12.97,"f0db55df71b9413b8c408c0387020925","CUS-423725039","115.81","-31.85","debit","Thu","08:50:46","08","August"
"170","authorized","1","ACC-354106658","151.04","-33.80","SALES-POS","ca74915b-4aca-4bfe-9b5c-2c2193e9426e","Christine",4428.26,2018-08-02 07:00:00,"F",39,"Melbourne","VIC",46.12,"121428005e504a0380d6069b7767528b","CUS-2376382098","144.96","-37.82","debit","Thu","08:59:18","08","August"
"171","posted",NA,"ACC-3485804958","138.52","-35.01","PAYMENT",NA,"Jessica",16394.78,2018-08-02 07:00:00,"F",34,NA,NA,27,"7000019867204e318697a67ea1d8ac7b","CUS-1196156254",NA,NA,"debit","Thu","09:00:00","09","August"
"172","posted",NA,"ACC-1516130869","130.84","-12.45","INTER BANK",NA,"Jessica",104.4,2018-08-02 07:00:00,"F",21,NA,NA,39,"2f49ddaa14f04e96a2d19dcc27b8d477","CUS-325142416",NA,NA,"debit","Thu","09:00:00","09","August"
"173","authorized","0","ACC-3084464802","145.15","-37.76","POS","4b2fbc4b-533f-4084-8cd8-02132e2acea0","Susan",842.07,2018-08-02 07:00:00,"F",19,"Wollert","VIC",25.7,"90871d246cdb43729146ab6ccb78d9ae","CUS-1928710999","145.03","-37.62","debit","Thu","09:03:53","09","August"
"174","authorized","1","ACC-4163822186","149.03","-34.97","SALES-POS","7c8b371e-51b1-48a4-a112-de37dd8287ec","Karen",2986.34,2018-08-02 07:00:00,"F",26,"Kidman Park","SA",35.6,"3569455b943e4a708e97675ba899bd7e","CUS-2630892467","138.53","-34.91","debit","Thu","09:08:08","09","August"
"175","authorized","1","ACC-1037050564","153.10","-27.66","POS","e3e28ad9-50a4-4a33-b675-bb611d49b517","Rhonda",1872.72,2018-08-02 07:00:00,"F",40,"Kalbarri","WA",44.39,"3f04e8c7a5f6483289263a1b4f02a95a","CUS-1614226872","114.17","-27.7","debit","Thu","09:12:22","09","August"
"176","authorized","1","ACC-1037050564","153.10","-27.66","POS","f940d132-74b5-4a4d-9e7e-9b92ebe0570e","Rhonda",1845.04,2018-08-02 07:00:00,"F",40,"Greenslopes","QLD",27.68,"8528dba42b854d2798fa048af404ac49","CUS-1614226872","153.05","-27.51","debit","Thu","09:16:36","09","August"
"177","authorized","1","ACC-1037050564","153.10","-27.66","POS","62b17722-b7a4-4cbe-a004-4627f928bdb9","Rhonda",1826.34,2018-08-02 07:00:00,"F",40,"Coffs Harbour","NSW",18.7,"fb9a2978a4c142678510597fa808840b","CUS-1614226872","153.11","-30.3","debit","Thu","09:25:05","09","August"
"178","authorized","1","ACC-1037050564","153.10","-27.66","SALES-POS","df148a2c-f28b-46cd-bf67-06c07620ee35","Rhonda",1816.34,2018-08-02 07:00:00,"F",40,"Caffey","QLD",10,"bcd6443cd0e848789ebee22dfa6535d0","CUS-1614226872","152.22","-27.7","debit","Thu","09:29:19","09","August"
"179","authorized","1","ACC-847145727","115.90","-31.92","SALES-POS","9a41612f-8ad3-4211-8546-4ef3c4063d7f","Michael",50657.65,2018-08-02 07:00:00,"M",19,"Perth","WA",13.49,"110c5d35605f499a833ae94bbfc3742a","CUS-1609060617","115.86","-31.95","debit","Thu","09:33:33","09","August"
"180","authorized","0","ACC-1788473090","145.06","-37.95","SALES-POS","6f46d443-1411-4315-bf87-9e7dd1a14f04","Rachael",344.8,2018-08-02 07:00:00,"F",21,"Doncaster","VIC",20.26,"1660b57218f444508f46356d6d3f4661","CUS-134193016","145.13","-37.79","debit","Thu","09:37:47","09","August"
"181","authorized","1","ACC-1598451071","153.41","-27.95","POS","2b8320d0-06eb-46af-96d4-b4af7128ae91","Diana",956.92,2018-08-02 07:00:00,"F",26,"Labrador","QLD",11.23,"4b3f555adc0b4ff095c31458032e0577","CUS-2487424745","153.4","-27.97","debit","Thu","09:46:16","09","August"
"182","authorized","1","ACC-1279356312","144.79","-37.73","POS","68ba666f-fcef-45e2-be45-efed62c99653","Tyler",1035.55,2018-08-02 07:00:00,"M",44,"Rye","VIC",31.81,"5092d408f08a491f842632568b80970b","CUS-1892177589","144.82","-38.37","debit","Thu","09:50:30","09","August"
"183","authorized","1","ACC-1598451071","153.41","-27.95","SALES-POS","6a7723ac-8d34-4c11-a889-86425efdc1d5","Diana",949.22,2018-08-02 07:00:00,"F",26,"Ormeau","QLD",7.7,"4c418372cfd14a57a660a72376352f8a","CUS-2487424745","153.24","-27.76","debit","Thu","09:54:44","09","August"
"184","authorized","1","ACC-4065652575","115.81","-31.82","SALES-POS","a6dffbca-a78e-482a-bfe4-ee7ef065c1c3","Lucas",2285.02,2018-08-02 07:00:00,"M",21,"Melville","WA",8.84,"2287bf597e6a47b59a85af1c7f4196ce","CUS-1117979751","115.79","-32.05","debit","Thu","09:58:58","09","August"
"185","authorized","1","ACC-721712940","145.09","-37.82","POS","3a5629b1-d175-4133-b944-2c178bd78f69","Andrew",49743.84,2018-08-02 07:00:00,"M",78,"East Melbourne","VIC",12.37,"4a820c04e7ae4136a8e2779a2a41eff6","CUS-1646183815","144.97","-37.81","debit","Thu","10:12:40","10","August"
"186","authorized","1","ACC-559365433","147.31","-42.88","SALES-POS","092cf080-71f6-45f7-a423-23fb0fdc91d7","Mary",159.66,2018-08-02 07:00:00,"F",64,"Mount Beauty","VIC",31.5,"40e386bdc36a45e984537e154039f5af","CUS-1654129794","147.17","-36.74","debit","Thu","10:29:20","10","August"
"187","authorized","1","ACC-4258502723","145.45","-37.74","SALES-POS","d3e8e9ea-1e27-44bf-9574-7164c8e31fa7","Kimberly",521.73,2018-08-02 07:00:00,"F",24,"Narre Warren","VIC",17.12,"6dc295ac58bf4fd9997729e0ccfc7da8","CUS-3378712515","145.31","-38.02","debit","Thu","10:46:00","10","August"
"188","posted",NA,"ACC-3541460373","145.00","-37.83","PAYMENT",NA,"Jeffrey",2476.66,2018-08-02 07:00:00,"M",24,NA,NA,41,"114c12ff4117427aa5e400d4e794151f","CUS-1433879684",NA,NA,"debit","Thu","11:00:00","11","August"
"189","posted",NA,"ACC-4163822186","149.03","-34.97","PAY/SALARY",NA,"Karen",3907.05,2018-08-02 07:00:00,"F",26,NA,NA,920.71,"650e693a72da4fa3a83a5f89ffd38a26","CUS-2630892467",NA,NA,"credit","Thu","11:00:00","11","August"
"190","posted",NA,"ACC-1608363396","151.22","-33.87","INTER BANK",NA,"Robert",1667.91,2018-08-02 07:00:00,"M",20,NA,NA,24,"a95c03c7db314519b5ab0b67d24551dc","CUS-2688605418",NA,NA,"debit","Thu","11:00:00","11","August"
"191","authorized","1","ACC-3485804958","138.52","-35.01","POS","a2d499f3-f376-4a70-8162-6117289e268e","Jessica",16373.36,2018-08-02 07:00:00,"F",34,"Unley","SA",21.42,"914ec16cce474b61966558b9bf4aa4bb","CUS-1196156254","138.61","-34.95","debit","Thu","11:00:54","11","August"
"192","authorized","1","ACC-1598451071","153.41","-27.95","POS","3ae539ca-2824-413c-b978-e87360b047ea","Diana",941.23,2018-08-02 07:00:00,"F",26,"Runaway Bay","QLD",7.99,"d47344bec5d3402aaee51e924368bd66","CUS-2487424745","153.4","-27.91","debit","Thu","11:06:35","11","August"
"193","authorized","1","ACC-1598451071","153.41","-27.95","SALES-POS","ba6beee7-3cb0-49af-8d8f-d82fa84eac35","Diana",931.76,2018-08-02 07:00:00,"F",26,"Byron Bay","NSW",9.47,"1e9be2b1da234ed7b2268a6d542f1909","CUS-2487424745","153.6","-28.65","debit","Thu","11:12:16","11","August"
"194","authorized","1","ACC-37709441","153.41","-28.01","POS","ef4a6ac7-a816-48d8-b30b-3985aff88a64","Charles",107.79,2018-08-02 07:00:00,"M",18,"Labrador","QLD",20.42,"9d139ea68c034588a0fa95eb77e3b8a4","CUS-3336454548","153.4","-27.94","debit","Thu","11:29:19","11","August"
"195","authorized","1","ACC-1516130869","130.84","-12.45","POS","a87b2691-41a6-445a-b802-60b2c91e17bf","Jessica",96.25,2018-08-02 07:00:00,"F",21,"Darwin City","NT",8.15,"6b23f17580594c76a04a057c6416fe37","CUS-325142416","130.84","-12.46","debit","Thu","11:35:00","11","August"
"196","authorized","1","ACC-1973887809","115.78","-31.90","POS","6612f628-3ffa-49c1-876f-8a380b650865","Antonio",1742.72,2018-08-02 07:00:00,"M",26,"Fremantle","WA",24.65,"daab798cdc824168917207d15ccaf825","CUS-1646621553","115.75","-32.05","debit","Thu","11:40:40","11","August"
"197","authorized","0","ACC-211792489","138.63","-34.93","POS","7d3affdd-ac47-4894-bf45-292e4b9f67b7","Jacqueline",3047.08,2018-08-02 07:00:00,"F",30,"Goulburn","NSW",70.5,"367480eb01f046c18feed88b514e288e","CUS-497688347","149.72","-34.76","debit","Thu","11:46:21","11","August"
"198","authorized","1","ACC-414431115","142.77","-37.06","SALES-POS","106e1272-44ab-4dcb-a438-dd98e0071e51","Amy",4.41,2018-08-02 07:00:00,"F",43,"Eden","NSW",23.45,"131f8f53737e4ccea47dc25160f2ebac","CUS-2599279756","149.9","-37.06","debit","Thu","11:52:02","11","August"
"199","authorized","1","ACC-4281711154","144.98","-37.84","POS","55c32c50-3700-4a0e-9c97-175e0db530cd","Eric",35254.08,2018-08-02 07:00:00,"M",42,"Heyfield","VIC",51.24,"d538d7642455404396a804c8860ba989","CUS-3151318058","146.79","-37.98","debit","Thu","11:57:43","11","August"
"200","posted",NA,"ACC-721712940","145.09","-37.82","PAY/SALARY",NA,"Andrew",50526.26,2018-08-02 07:00:00,"M",78,NA,NA,782.42,"087234ecb6994edbb66d56965387b885","CUS-1646183815",NA,NA,"credit","Thu","12:00:00","12","August"
"201","posted",NA,"ACC-3879258709","143.83","-37.66","PHONE BANK",NA,"Natasha",186195.3,2018-08-02 07:00:00,"F",40,NA,NA,41,"531d40e876f04bad8882716ae4744fa4","CUS-527400765",NA,NA,"debit","Thu","12:00:00","12","August"
"202","posted",NA,"ACC-966140392","147.08","-37.97","PAYMENT",NA,"Joseph",715.75,2018-08-02 07:00:00,"M",21,NA,NA,35,"9a133bff514740489dae8a1541cd6787","CUS-537508723",NA,NA,"debit","Thu","12:00:00","12","August"
"203","authorized","1","ACC-211792489","138.63","-34.93","POS","66482c86-57d7-4aee-af3e-76100e7518e3","Jacqueline",3008.22,2018-08-02 07:00:00,"F",30,"Uraidla","SA",38.86,"3d3de230ced947adb8ecbbe6776e5086","CUS-497688347","138.75","-34.96","debit","Thu","12:10:00","12","August"
"204","authorized","1","ACC-1438600314","138.69","-34.84","SALES-POS","8927cdaf-73bc-49c2-ad75-0ebfbe983053","Maria",1903.7,2018-08-02 07:00:00,"F",35,"Yass","NSW",32.97,"4f3e081f21a44a4ea76255d3ba37a842","CUS-2650223890","148.91","-34.84","debit","Thu","12:26:40","12","August"
"205","authorized","0","ACC-964839203","146.92","-36.07","POS","bdd0294c-fd9f-408a-baca-143d4bd00884","Michael",27898.89,2018-08-02 07:00:00,"M",21,"Leopold","VIC",24.17,"d3bbee0d1b5f4b39b9d28c2c377207dc","CUS-2059096722","144.46","-38.19","debit","Thu","12:43:20","12","August"
"206","posted",NA,"ACC-588564840","151.27","-33.76","INTER BANK",NA,"Isaiah",8189.12,2018-08-02 07:00:00,"M",23,NA,NA,117,"6d238aa5eee44618b88bed8647ef9966","CUS-1462656821",NA,NA,"debit","Thu","13:00:00","13","August"
"207","posted",NA,"ACC-2107684084","145.03","-37.88","PAY/SALARY",NA,"Richard",2511.5,2018-08-02 07:00:00,"M",22,NA,NA,2218.73,"f9fad2f5968d4d4398a23a5ac4410ec9","CUS-2283904812",NA,NA,"credit","Thu","13:00:00","13","August"
"208","posted",NA,"ACC-4274272854","145.23","-37.86","PAYMENT",NA,"Timothy",2666.12,2018-08-02 07:00:00,"M",20,NA,NA,15,"9b0fa78459a04576940b30246fa9b65d","CUS-2484453271",NA,NA,"debit","Thu","13:00:00","13","August"
"209","authorized","1","ACC-2249586092","115.98","-32.07","SALES-POS","8f7da23e-78da-47df-a17a-adc84a3d9b09","Edward",4158.41,2018-08-02 07:00:00,"M",19,"Kardinya","WA",13.75,"677537138318437d933675a81abe82e4","CUS-443776336","115.82","-32.07","debit","Thu","13:00:00","13","August"
"210","authorized","1","ACC-2897221629","150.90","-34.37","SALES-POS","d7e1cb79-1d10-4d11-a077-1f85b9f02b68","Scott",86.96,2018-08-02 07:00:00,"M",23,"Narellan","NSW",7.49,"33f1a5e76791481ba87822af875c9237","CUS-511326734","150.73","-34.04","debit","Thu","13:18:10","13","August"
"211","authorized","1","ACC-37709441","153.41","-28.01","SALES-POS","af9c548f-6075-4e00-887b-6aa2d7714e84","Charles",92.48,2018-08-02 07:00:00,"M",18,"Mermaid Waters","QLD",15.31,"cc7b3f7fc568408ea1bda1e87ddd9581","CUS-3336454548","153.41","-28.05","debit","Thu","13:36:21","13","August"
"212","authorized","0","ACC-3326339947","151.18","-33.80","POS","7bf8ed30-2236-46df-b601-2e10fadaf2c9","Eric",3130,2018-08-02 07:00:00,"M",22,"Lewisham","NSW",28.51,"a50aa5346ffa415b8036b49944a6b660","CUS-326006476","151.15","-33.9","debit","Thu","13:54:32","13","August"
"213","posted",NA,"ACC-1349834573","145.17","-37.84","PAYMENT",NA,"Matthew",6954.77,2018-08-02 07:00:00,"M",39,NA,NA,60,"2251fa91e42948c196564d4974c407a1","CUS-1790886359",NA,NA,"debit","Thu","14:00:00","14","August"
"214","posted",NA,"ACC-1903037542","153.05","-27.61","PAY/SALARY",NA,"Jeffrey",1811.47,2018-08-02 07:00:00,"M",30,NA,NA,1808.62,"5afba8cabdd843a7a342304d37597606","CUS-860700529",NA,NA,"credit","Thu","14:00:00","14","August"
"215","authorized","1","ACC-1973887809","115.78","-31.90","POS","ebee4cb7-91db-43e1-aab7-730bbe227f29","Antonio",1712.39,2018-08-02 07:00:00,"M",26,"Leederville","WA",30.33,"61cb593714d74db9a4d0f8ec7422eb32","CUS-1646621553","115.84","-31.94","debit","Thu","14:10:03","14","August"
"216","authorized","1","ACC-2681137560","151.11","-33.99","SALES-POS","1de4fdda-bc50-4deb-9d7f-22948091f3c7","Nathaniel",14.26,2018-08-02 07:00:00,"M",31,"Ryde","NSW",20.07,"2cad4f55467a41c3b18100b109c7d0b7","CUS-2083971310","151.11","-33.81","debit","Thu","14:15:58","14","August"
"217","authorized","0","ACC-2920611728","144.96","-37.76","POS","0cd4b13e-0508-4cd6-8b65-20955b51e629","Tyler",1948.27,2018-08-02 07:00:00,"M",69,"Melbourne","VIC",20.78,"7d379856791e46ecae0b98325a80d633","CUS-1388323263","144.98","-37.83","debit","Thu","14:21:53","14","August"
"218","authorized","1","ACC-3827517394","151.12","-33.89","POS","9ff90027-5ca7-4c4a-908f-02dbcc9b699e","Craig",30130.77,2018-08-02 07:00:00,"M",28,"Lavender Bay","NSW",32.67,"ae418fa9e8a344d0a86787ecdd6f9e64","CUS-2663907001","151.21","-33.84","debit","Thu","14:27:48","14","August"
"219","authorized","1","ACC-182446574","116.06","-32.00","POS","7e0fa6aa-b48a-4d55-afed-ff2034fda51c","Tonya",66.15,2018-08-02 07:00:00,"F",27,"Northgate","QLD",50.93,"7d7a3ecfe31d48c9af9d48da3c066a3f","CUS-3026014945","153.07","-27.39","debit","Thu","14:33:43","14","August"
"220","authorized","1","ACC-3084464802","145.15","-37.76","SALES-POS","ffb84541-d4df-49f9-87c0-7b0b7a7eb791","Susan",823.87,2018-08-02 07:00:00,"F",19,"Sunbury","VIC",18.2,"297858aca29c4fd293a738e83b7b4904","CUS-1928710999","144.73","-37.58","debit","Thu","14:45:33","14","August"
"221","authorized","1","ACC-4281711154","144.98","-37.84","POS","9048af37-4a3d-496f-a9d6-25ce11dbe914","Eric",35238.13,2018-08-02 07:00:00,"M",42,"Glengala","VIC",15.95,"524a13b89114402db4e18e47eca671d6","CUS-3151318058","144.82","-37.78","debit","Thu","14:51:28","14","August"
"222","authorized","1","ACC-1037050564","153.10","-27.66","SALES-POS","0b5d87a1-cc4d-46f1-b2bd-0aa4e21ccfb7","Rhonda",1791,2018-08-02 07:00:00,"F",40,"Browns Plains","QLD",25.34,"b647047b241d40ac9cbd4c9780750e6e","CUS-1614226872","153.04","-27.66","debit","Thu","14:57:23","14","August"
"223","posted",NA,"ACC-2988263882","145.18","-37.90","PAY/SALARY",NA,"Michael",2480.74,2018-08-02 07:00:00,"M",44,NA,NA,596.33,"a9eedbf0c69945ee96dcb914e4adfb62","CUS-1233833708",NA,NA,"credit","Thu","15:00:00","15","August"
"224","posted",NA,"ACC-1037050564","153.10","-27.66","PAYMENT",NA,"Rhonda",1758,2018-08-02 07:00:00,"F",40,NA,NA,33,"a39ab9c73d394c2e98a02790f50db315","CUS-1614226872",NA,NA,"debit","Thu","15:00:00","15","August"
"225","posted",NA,"ACC-2970114956","144.89","-37.69","PAY/SALARY",NA,"Robert",6722.85,2018-08-02 07:00:00,"M",26,NA,NA,1433.98,"a1fcadbedbdc4895b0d77535ec72363d","CUS-880898248",NA,NA,"credit","Thu","15:00:00","15","August"
"226","authorized","1","ACC-1788473090","145.06","-37.95","SALES-POS","b148efb5-b7ac-46a6-9bd3-d42e8447a3a2","Rachael",332.57,2018-08-02 07:00:00,"F",21,"Doncaster","VIC",12.23,"2970deb2afcc42e09ab55cb7c566f793","CUS-134193016","145.13","-37.78","debit","Thu","15:03:41","15","August"
"227","authorized","1","ACC-3536132544","144.93","-37.79","POS","ec141b19-89cc-42cb-9c0b-4493ab9a80b5","Heather",1550.27,2018-08-02 07:00:00,"F",41,"Parkville","VIC",107.67,"02e98a1a6fb94e2583dfd8a84bd152bc","CUS-2348881191","144.96","-37.8","debit","Thu","15:10:15","15","August"
"228","authorized","1","ACC-2674800293","144.96","-37.69","SALES-POS","08301df2-1d46-4c51-a1ac-f2a4eefe43ef","Elizabeth",24268.73,2018-08-02 07:00:00,"F",50,"Mckinnon","VIC",10.13,"66b8e33e15894a44a9f87fb387cb19fb","CUS-2977593493","145.05","-37.91","debit","Thu","15:16:50","15","August"
"229","authorized","0","ACC-1903037542","153.05","-27.61","SALES-POS","86dde4fe-7852-4ea4-856e-46959a0d3796","Jeffrey",1789.31,2018-08-02 07:00:00,"M",30,"Toowoomba","QLD",22.16,"0b2c2a6432594d18aa906ead06b1c760","CUS-860700529","151.97","-27.57","debit","Thu","15:23:25","15","August"
"230","authorized","1","ACC-3941181087","115.79","-31.94","SALES-POS","c6bf12ba-12c7-413d-8219-d68eceece31e","Paul",1014.72,2018-08-02 07:00:00,"M",25,"Gooseberry Hill","WA",41.66,"4f6aa62906854c9ba1f2aef97424ba37","CUS-3989008654","116.05","-31.96","debit","Thu","15:29:59","15","August"
"231","authorized","1","ACC-819621312","145.04","-37.85","SALES-POS","5d98c351-be27-43c5-abe7-3a21e423baf6","Michele",1236.27,2018-08-02 07:00:00,"F",30,"Sydney","NSW",8.18,"68594c8522694231827a7ea235f11c7c","CUS-1271030853","151.21","-33.87","debit","Thu","15:36:34","15","August"
"232","authorized","1","ACC-847145727","115.90","-31.92","SALES-POS","cb641e09-bc57-4192-b8db-515a25de31c0","Michael",50637.85,2018-08-02 07:00:00,"M",19,"Ravenswood","WA",19.8,"0f0bb99523d549469fa428d91970675f","CUS-1609060617","115.83","-32.58","debit","Thu","15:43:09","15","August"
"233","authorized","1","ACC-2153562714","116.00","-31.88","SALES-POS","027c3f27-080e-4927-9371-feae5ff0d17d","Linda",842.78,2018-08-02 07:00:00,"F",24,"Subiaco","WA",4.71,"52b86db6e4424d31be20ceb9e5394753","CUS-423725039","115.82","-31.95","debit","Thu","15:49:44","15","August"
"234","authorized","1","ACC-1973887809","115.78","-31.90","SALES-POS","305e042f-991a-4d4b-b267-394ae087c7f2","Antonio",1663.59,2018-08-02 07:00:00,"M",26,"Claremont","WA",48.8,"b7117939b9e4488ebb9e433058fe69a2","CUS-1646621553","115.78","-31.98","debit","Thu","15:56:18","15","August"
"235","posted",NA,"ACC-414431115","142.77","-37.06","PAY/SALARY",NA,"Amy",1634.77,2018-08-02 07:00:00,"F",43,NA,NA,1630.36,"4bc4bd009cab4de5b6734e66c9546b7f","CUS-2599279756",NA,NA,"credit","Thu","16:00:00","16","August"
"236","posted",NA,"ACC-3881031190","149.19","-21.15","PAY/SALARY",NA,"Richard",1361.79,2018-08-02 07:00:00,"M",37,NA,NA,916.75,"d8511e188e98407ca0a3ef7049aae01b","CUS-3201519139",NA,NA,"credit","Thu","16:00:00","16","August"
"237","authorized","1","ACC-3326339947","151.18","-33.80","POS","feda5c3b-b971-4d0f-bd4e-00910b13a027","Eric",2866.56,2018-08-02 07:00:00,"M",22,"Parramatta","NSW",263.44,"b649dd03b4b64f4b83de005e89d35ab3","CUS-326006476","150.99","-33.82","debit","Thu","16:07:12","16","August"
"238","authorized","1","ACC-574997646","150.79","-33.64","POS","e118ada1-248d-407c-8e8c-553cbc134cfd","Mackenzie",2.38,2018-08-02 07:00:00,"F",18,"Punchbowl","NSW",36.17,"cb538f413d8e42e48b75188da75f8706","CUS-586638664","151.06","-33.92","debit","Thu","16:23:36","16","August"
"239","authorized","1","ACC-1788473090","145.06","-37.95","POS","41e75a91-399c-431a-bc46-b2300178c051","Rachael",326.94,2018-08-02 07:00:00,"F",21,"Mitcham","VIC",5.63,"7d02cc08cecf4ddb8798413de3e35693","CUS-134193016","145.19","-37.82","debit","Thu","16:39:59","16","August"
"240","authorized","0","ACC-588564840","151.27","-33.76","POS","d2372bc1-5983-4d93-8759-489362ab5377","Isaiah",8144.24,2018-08-02 07:00:00,"M",23,"Kadina","SA",44.88,"71952cd706bd4b4bb26aee543a6ff8aa","CUS-1462656821","137.72","-33.96","debit","Thu","16:56:23","16","August"
"241","posted",NA,"ACC-588564840","151.27","-33.76","PAYMENT",NA,"Isaiah",7963.24,2018-08-02 07:00:00,"M",23,NA,NA,181,"786626f09e35494e8cbd31b6e91ecfa1","CUS-1462656821",NA,NA,"debit","Thu","17:00:00","17","August"
"242","posted",NA,"ACC-1279356312","144.79","-37.73","PAYMENT",NA,"Tyler",1020.55,2018-08-02 07:00:00,"M",44,NA,NA,15,"5810fea62c6542288f4a08f53071f6e3","CUS-1892177589",NA,NA,"debit","Thu","17:00:00","17","August"
"243","posted",NA,"ACC-1056639002","145.03","-37.91","PAY/SALARY",NA,"Michael",42790.09,2018-08-02 07:00:00,"M",22,NA,NA,3195.01,"914c8d4832cc42b99a37b5218ba84a80","CUS-3462882033",NA,NA,"credit","Thu","17:00:00","17","August"
"244","posted",NA,"ACC-958000567","130.90","-12.37","PAYMENT",NA,"Sandra",263.09,2018-08-02 07:00:00,"F",34,NA,NA,37,"803db35e91a44c09897f34c7e062d3f1","CUS-4142663097",NA,NA,"debit","Thu","17:00:00","17","August"
"245","posted",NA,"ACC-53508546","150.62","-33.76","PAY/SALARY",NA,"Kimberly",1067.25,2018-08-02 07:00:00,"F",35,NA,NA,725.32,"7573c2cb8ab44dffbfa85361990e13da","CUS-72755508",NA,NA,"credit","Thu","17:00:00","17","August"
"246","authorized","1","ACC-1243371644","150.90","-33.78","POS","dd297a7b-d6e0-4706-9729-0d25cc2eba14","Gregory",661.06,2018-08-02 07:00:00,"M",42,"Wollongong","NSW",28.16,"7b49e0ea5d944e88bf3991f70a2c97e7","CUS-3904958894","150.89","-34.42","debit","Thu","17:07:29","17","August"
"247","authorized","1","ACC-2890243754","153.32","-27.93","SALES-POS","026c8f57-2c11-4651-81fd-75fdd4305c00","Joseph",200.94,2018-08-02 07:00:00,"M",37,"Yamba","NSW",4.99,"9a0fc559aa47424f87ca47b3d2e3d3eb","CUS-2695611575","153.36","-29.44","debit","Thu","17:17:06","17","August"
"248","authorized","1","ACC-1243371644","150.90","-33.78","POS","bb7c5b63-4b10-431d-98ac-1acc5a986c0b","Gregory",636.59,2018-08-02 07:00:00,"M",42,"Brookvale","NSW",24.47,"f6f7c8ad4d0b4d7bb6bf8450587badab","CUS-3904958894","151.27","-33.76","debit","Thu","17:36:20","17","August"
"249","authorized","1","ACC-4274272854","145.23","-37.86","SALES-POS","4247b971-f70e-437a-bda8-954adefab19e","Timothy",2658.88,2018-08-02 07:00:00,"M",20,"Collingwood","VIC",7.24,"979ec4292de44de79d50f9d23bb6309e","CUS-2484453271","144.98","-37.8","debit","Thu","17:45:57","17","August"
"250","authorized","1","ACC-964839203","146.92","-36.07","SALES-POS","38ffa834-11d6-461a-a748-bd3df9d4db57","Michael",27884.42,2018-08-02 07:00:00,"M",21,"Wodonga","VIC",14.47,"f484507f5b0a46649ca51c8485b8c0f9","CUS-2059096722","146.88","-36.12","debit","Thu","17:55:34","17","August"
"251","posted",NA,"ACC-588564840","151.27","-33.76","PAYMENT",NA,"Isaiah",7922.24,2018-08-02 07:00:00,"M",23,NA,NA,41,"54671e0a7bbd4a73965206f39ed88ea2","CUS-1462656821",NA,NA,"debit","Thu","18:00:00","18","August"
"252","posted",NA,"ACC-1683215619","138.67","-34.86","PAYMENT",NA,"Barry",230.86,2018-08-02 07:00:00,"M",38,NA,NA,49,"f46c7d62edb949d7a3b1810562700ad8","CUS-1604596597",NA,NA,"debit","Thu","18:00:00","18","August"
"253","posted",NA,"ACC-3879258709","143.83","-37.66","PAYMENT",NA,"Natasha",186174.3,2018-08-02 07:00:00,"F",40,NA,NA,21,"a2e7d5fdee694a9abf056bb90023f6df","CUS-527400765",NA,NA,"debit","Thu","18:00:00","18","August"
"254","posted",NA,"ACC-1990648130","114.62","-28.80","PAYMENT",NA,"Kaitlyn",1540.46,2018-08-02 07:00:00,"F",21,NA,NA,135,"31a0f2882f734b8786517374465b7a76","CUS-809013380",NA,NA,"debit","Thu","18:00:00","18","August"
"255","authorized","1","ACC-1344825761","151.09","-33.91","SALES-POS","4d0051b3-91be-4db7-b397-ac82ea844118","Sarah",13583.79,2018-08-02 07:00:00,"F",46,"North Sydney","NSW",97.95,"4bb9e807b2aa41ca92221a1c8646a6c9","CUS-1499065773","151.21","-33.84","debit","Thu","18:11:59","18","August"
"256","authorized","0","ACC-2673069055","152.99","-27.49","POS","c251a571-814d-47fc-bfb5-928382086f12","Richard",11424.58,2018-08-02 07:00:00,"M",24,"Kelvin Grove","QLD",13.93,"b1b18c288b0841da9693f211c566e958","CUS-51506836","153.01","-27.45","debit","Thu","18:56:26","18","August"
"257","posted",NA,"ACC-2014856841","144.99","-37.90","PAYMENT",NA,"Patrick",260464.83,2018-08-02 07:00:00,"M",46,NA,NA,50,"6e94b79528074f5f9abf7868e64cf7e6","CUS-2370108457",NA,NA,"debit","Thu","19:00:00","19","August"
"258","authorized","1","ACC-1243371644","150.90","-33.78","SALES-POS","6ebd2df0-cac1-4f66-a979-01fb18c1f129","Gregory",605.9,2018-08-02 07:00:00,"M",42,"Northmead","NSW",30.69,"5d959e6ef2204df7b0a0ec4ed5d65345","CUS-3904958894","150.99","-33.8","debit","Thu","19:07:18","19","August"
"259","authorized","1","ACC-414431115","142.77","-37.06","POS","959694dd-5121-4e68-9d7f-ad35790519e3","Amy",1608.28,2018-08-02 07:00:00,"F",43,"Mansfield","VIC",26.49,"630fea11417b4a6f8bc2f2133869df7d","CUS-2599279756","146.09","-37.05","debit","Thu","19:15:59","19","August"
"260","authorized","1","ACC-4059612845","130.98","-12.49","POS","441fb5fc-693f-4898-a0e9-ac8ea1bbfbd4","Jonathan",50192.66,2018-08-02 07:00:00,"M",38,"Darwin City","NT",190.5,"732cbb6dba834d31a52e44eb604d87e1","CUS-495599312","130.78","-12.39","debit","Thu","19:24:41","19","August"
"261","authorized","1","ACC-3827517394","151.12","-33.89","SALES-POS","f508fb74-e9e5-4f0a-bf9f-10b00516b565","Craig",30102.06,2018-08-02 07:00:00,"M",28,"Moorebank","NSW",28.71,"c7bd2e1a58074decabca6bd12487e9cc","CUS-2663907001","150.94","-33.94","debit","Thu","19:33:23","19","August"
"262","authorized","1","ACC-3021093232","149.83","-29.47","SALES-POS","59ba0b94-0a95-4a8c-b11c-7ee934e3ea4d","Melissa",105.89,2018-08-02 07:00:00,"F",30,"West Perth","WA",22.87,"b4b58e755d284654aae8a45c0bb6f480","CUS-55310383","115.84","-31.95","debit","Thu","19:42:05","19","August"
"263","authorized","0","ACC-1890605467","143.88","-37.66","POS","f4c25daa-db9b-4373-9d40-645cd4654f40","Alexander",5748.22,2018-08-02 07:00:00,"M",38,"Chippendale","NSW",40.31,"e3577b7f81394d4caacae34672d1129c","CUS-1478398256","151.2","-33.89","debit","Thu","19:50:46","19","August"
"264","authorized","1","ACC-53508546","150.62","-33.76","SALES-POS","1064ce7c-6fce-428f-9d56-a6980e100997","Kimberly",996.97,2018-08-02 07:00:00,"F",35,"Northmead","NSW",70.28,"5e77936ee19e46a281bc73dc51e9740f","CUS-72755508","151","-33.79","debit","Thu","19:59:28","19","August"
"265","posted",NA,"ACC-1279356312","144.79","-37.73","PAYMENT",NA,"Tyler",979.55,2018-08-02 07:00:00,"M",44,NA,NA,41,"64426395f5744097b70d5ec379f94f03","CUS-1892177589",NA,NA,"debit","Thu","20:00:00","20","August"
"266","posted",NA,"ACC-1424176027","151.08","-33.93","PAYMENT",NA,"Donald",290.88,2018-08-02 07:00:00,"M",22,NA,NA,195,"a8401bad8bcb490b938a06a09ae38642","CUS-3431016847",NA,NA,"debit","Thu","20:00:00","20","August"
"267","authorized","1","ACC-847145727","115.90","-31.92","SALES-POS","8f49e7a9-c5ca-4c7a-81dc-911ec5e52ba6","Michael",50590.99,2018-08-02 07:00:00,"M",19,"Ringwood","VIC",46.86,"1100b09cbbb74996896c09d83579179b","CUS-1609060617","145.15","-37.71","debit","Thu","20:15:39","20","August"
"268","authorized","1","ACC-1424176027","151.08","-33.93","POS","9fafd25e-2baa-44ee-8ca3-bd2edfcd9150","Donald",485.88,2018-08-02 07:00:00,"M",22,"Liverpool","NSW",23.25,"2750e465d9d24cd595425cb4046a4a4f","CUS-3431016847","150.92","-33.91","debit","Thu","20:32:19","20","August"
"269","authorized","1","ACC-2673069055","152.99","-27.49","POS","f3b432d7-4224-4216-9f69-972559838cba","Richard",11366.83,2018-08-02 07:00:00,"M",24,"Sydney","NSW",57.75,"70d5f6f3584e44be87c6aad04ca12275","CUS-51506836","151.21","-33.87","debit","Thu","20:48:59","20","August"
"270","posted",NA,"ACC-1056639002","145.03","-37.91","PAYMENT",NA,"Michael",42704.09,2018-08-02 07:00:00,"M",22,NA,NA,86,"a2209dcbd0e147abb458dc843f69d66d","CUS-3462882033",NA,NA,"debit","Thu","21:00:00","21","August"
"271","posted",NA,"ACC-854938045","147.63","-22.84","PHONE BANK",NA,"James",6866.65,2018-08-02 07:00:00,"M",28,NA,NA,58,"32fb30d6f06645f1b200c2f73bf8203c","CUS-4023861240",NA,NA,"debit","Thu","21:00:00","21","August"
"272","authorized","0","ACC-3317636250","153.02","-27.66","POS","e3e28ad9-50a4-4a33-b675-bb611d49b517","Kenneth",147.58,2018-08-02 07:00:00,"M",35,"Kalbarri","WA",42.94,"46057999ca3d45b98dc5fa7442a43708","CUS-2738291516","114.17","-27.7","debit","Thu","21:14:43","21","August"
"273","authorized","1","ACC-2828321672","153.03","-27.51","SALES-POS","9bd98735-8b39-4eb1-9226-4624430f74a1","Stephanie",424.01,2018-08-02 07:00:00,"F",53,"Rangeville","QLD",39.95,"7423c4b384ed465a94cad6feeeb5b0bd","CUS-1005756958","151.98","-27.59","debit","Thu","21:36:42","21","August"
"274","authorized","1","ACC-3317636250","153.02","-27.66","SALES-POS","c650b4d8-848b-411a-a56e-70a914fbba7c","Kenneth",119.37,2018-08-02 07:00:00,"M",35,"Meadowbrook","QLD",28.21,"bd9b4e94145f4f47bdd7f9fe8af40376","CUS-2738291516","153.14","-27.67","debit","Thu","21:47:41","21","August"
"275","authorized","1","ACC-2970114956","144.89","-37.69","SALES-POS","29bb0d4c-f4dd-435b-9b98-1d17590575ce","Robert",6708.49,2018-08-02 07:00:00,"M",26,"Saint Albans","VIC",14.36,"7446b3c881a94384bc73bb1d1fd38ba2","CUS-880898248","144.8","-37.74","debit","Thu","21:58:40","21","August"
"276","posted",NA,"ACC-3741880913","150.50","-23.40","PAYMENT",NA,"Ashley",2795.85,2018-08-02 07:00:00,"F",25,NA,NA,32,"8837c347249a45a496ceafa6592f5c6a","CUS-1220154422",NA,NA,"debit","Thu","22:00:00","22","August"
"277","posted",NA,"ACC-90814749","151.68","-32.98","PAYMENT",NA,"Christopher",5986.68,2018-08-02 07:00:00,"M",35,NA,NA,36,"9f9f0420363b450cbdea788bf738e27b","CUS-1896554896",NA,NA,"debit","Thu","22:00:00","22","August"
"278","posted",NA,"ACC-3536132544","144.93","-37.79","INTER BANK",NA,"Heather",1441.27,2018-08-02 07:00:00,"F",41,NA,NA,109,"38ace9b55b6340cca0731875d79ee75a","CUS-2348881191",NA,NA,"debit","Thu","22:00:00","22","August"
"279","posted",NA,"ACC-2259139624","144.66","-37.91","PAYMENT",NA,"Cindy",1038.46,2018-08-02 07:00:00,"F",19,NA,NA,108,"92ab96f2b3e64aa7909169a4f8f1e5c2","CUS-3174332735",NA,NA,"debit","Thu","22:00:00","22","August"
"280","posted",NA,"ACC-2265520058","151.27","-33.85","PAYMENT",NA,"Catherine",45.89,2018-08-02 07:00:00,"F",26,NA,NA,33,"0475d2052a3b48b5a7415eb1a9575331","CUS-331942311",NA,NA,"debit","Thu","22:00:00","22","August"
"281","authorized","1","ACC-1349834573","145.17","-37.84","SALES-POS","c59880e5-1079-43e2-8243-1fcd746ff6fc","Matthew",6879.81,2018-08-02 07:00:00,"M",39,"Hoppers Crossing","VIC",74.96,"b8edec9cb20d4e4db1c9c98bf7f9a71b","CUS-1790886359","144.72","-37.87","debit","Thu","22:17:15","22","August"
"282","authorized","1","ACC-3827517394","151.12","-33.89","SALES-POS","588b8957-66d1-42be-a1ac-5ecb44c2230f","Craig",30056.51,2018-08-02 07:00:00,"M",28,"Beecroft","NSW",45.55,"931abdfe4c2d4aafb3c2774e6f941520","CUS-2663907001","151.07","-33.75","debit","Thu","22:36:51","22","August"
"283","authorized","1","ACC-1037050564","153.10","-27.66","POS","e6389142-a34c-4515-b2bf-1adb67d12aee","Rhonda",1697.39,2018-08-02 07:00:00,"F",40,"Elsternwick","VIC",60.61,"9cbfc3bb7e3b4b3592f287e1d44a7fd4","CUS-1614226872","145","-37.89","debit","Thu","22:56:28","22","August"
"284","posted",NA,"ACC-354106658","151.04","-33.80","PAYMENT",NA,"Christine",4376.26,2018-08-02 07:00:00,"F",39,NA,NA,52,"730b11e7065e47a8853639cbb8b45688","CUS-2376382098",NA,NA,"debit","Thu","23:00:00","23","August"
"285","posted",NA,"ACC-1334819143","145.13","-37.70","INTER BANK",NA,"Christopher",58052.04,2018-08-02 07:00:00,"M",33,NA,NA,59,"71b634df4e944df09754ac90521af500","CUS-3117610635",NA,NA,"debit","Thu","23:00:00","23","August"
"286","authorized","1","ACC-847145727","115.90","-31.92","POS","7c0ed0d1-0976-4859-9793-49e2083165a5","Michael",50459.08,2018-08-02 07:00:00,"M",19,"Broken Hill","NSW",131.91,"c29ee351fef5422a96ab37dc60d8c6e2","CUS-1609060617","141.47","-31.95","debit","Thu","23:12:14","23","August"
"287","authorized","1","ACC-2270192619","138.56","-35.27","POS","b36f8bb7-228a-4726-aa4f-519fcf8c54a3","Darren",6619.25,2018-08-02 07:00:00,"M",20,"Glenelg East","SA",11.57,"a1a03bdd46a94c23b12f93a0c815b741","CUS-2110742437","138.52","-34.98","debit","Thu","23:27:09","23","August"
"288","authorized","1","ACC-1903037542","153.05","-27.61","SALES-POS","ccb23d24-bdeb-4e7f-a4f3-5d12f36b8168","Jeffrey",1768.68,2018-08-02 07:00:00,"M",30,"Battery Hill","QLD",20.63,"b4ab1f7cda2c4c72b295c2a8c82cb568","CUS-860700529","153.12","-26.78","debit","Thu","23:42:05","23","August"
"289","authorized","1","ACC-4281711154","144.98","-37.84","SALES-POS","df08814b-3453-493e-8e5f-067ea52e1c22","Eric",35205.33,2018-08-02 07:00:00,"M",42,"Lilydale","VIC",32.8,"6baeec052bc64cc395454952f40c57ef","CUS-3151318058","145.35","-37.75","debit","Thu","23:57:00","23","August"
"290","authorized","1","ACC-2231965366","144.96","-37.84","POS","66a0231a-2397-4bf1-ba73-5b8ec0b069b4","Linda",1564.62,2018-08-03 07:00:00,"F",35,"Malvern","VIC",15.7,"75b4507b4cdd4a638bbda1e270fc93d1","CUS-2155701614","145.03","-37.86","debit","Fri","00:25:48","00","August"
"291","authorized","1","ACC-1516130869","130.84","-12.45","SALES-POS","79ee5753-36ec-46cb-bcee-9f5dceda5e2e","Jessica",71.55,2018-08-03 07:00:00,"F",21,"Yarrawonga","NT",24.7,"ad699388e6b44571ba84299ddea29289","CUS-325142416","130.98","-12.47","debit","Fri","00:58:03","00","August"
"292","authorized","0","ACC-2890243754","153.32","-27.93","POS","7bb1d766-64e1-49f8-92ef-28cae0beef1d","Joseph",185.33,2018-08-03 07:00:00,"M",37,"Labrador","QLD",15.61,"00f70e758124442aac20bf5e10364930","CUS-2695611575","153.4","-27.95","debit","Fri","01:20:26","01","August"
"293","authorized","1","ACC-2259139624","144.66","-37.91","POS","213229a4-b41d-4816-a1d8-b44c89289974","Cindy",1009.91,2018-08-03 07:00:00,"F",19,"Camberwell","VIC",28.55,"08a4742cd4424f5e8f0ff7f25f17a829","CUS-3174332735","145.06","-37.83","debit","Fri","02:04:59","02","August"
"294","authorized","1","ACC-2173390920","144.71","-37.58","POS","1998a774-6a20-49b3-8059-19839a010729","Luis",6.48,2018-08-03 07:00:00,"M",27,"Mount Clear","VIC",21.56,"a30342e2d8bc46c5a0a56a65bbcd3aaf","CUS-3180318393","143.87","-37.6","debit","Fri","02:32:46","02","August"
"295","posted",NA,"ACC-1683215619","138.67","-34.86","PAYMENT",NA,"Barry",171.86,2018-08-03 07:00:00,"M",38,NA,NA,59,"e1cd2841e99a45ff949e75c7b84cb7ec","CUS-1604596597",NA,NA,"debit","Fri","03:00:00","03","August"
"296","posted",NA,"ACC-2673069055","152.99","-27.49","PAYMENT",NA,"Richard",11323.83,2018-08-03 07:00:00,"M",24,NA,NA,43,"25c5c51ba765437fb2d6781fe0cb74ce","CUS-51506836",NA,NA,"debit","Fri","03:00:00","03","August"
"297","authorized","1","ACC-2988263882","145.18","-37.90","SALES-POS","ee96af71-5733-4792-936d-dc0bbee34169","Michael",2460.9,2018-08-03 07:00:00,"M",44,"Box Hill","VIC",19.84,"679320d2837f467fa02e9742c7507202","CUS-1233833708","145.12","-37.82","debit","Fri","03:06:39","03","August"
"298","posted",NA,"ACC-3827517394","151.12","-33.89","PAYMENT",NA,"Craig",29932.51,2018-08-03 07:00:00,"M",28,NA,NA,124,"dd2eed0290054b02b837d1c3540555bf","CUS-2663907001",NA,NA,"debit","Fri","04:00:00","04","August"
"299","posted",NA,"ACC-1496451953","145.16","-37.84","PAYMENT",NA,"Ricky",124.59,2018-08-03 07:00:00,"M",43,NA,NA,23,"54041b8fb5ec42ff97fa55bc63a90ab3","CUS-3142625864",NA,NA,"debit","Fri","04:00:00","04","August"
"300","posted",NA,"ACC-1710017148","150.82","-34.01","PAYMENT",NA,"Michelle",1529.58,2018-08-03 07:00:00,"F",19,NA,NA,40,"54d2f45fdfff480b9ce12b3967df1c34","CUS-883482547",NA,NA,"debit","Fri","04:00:00","04","August"
"301","authorized","1","ACC-2776252858","144.95","-37.76","SALES-POS","c32a2089-a6d9-4a51-880a-e4e9a55cf86e","Kristin",2014.57,2018-08-03 07:00:00,"F",43,"Thornbury","VIC",17.22,"0f80cf9011684cf78fdaf23be7fb272c","CUS-4123612273","144.99","-37.76","debit","Fri","04:17:52","04","August"
"302","authorized","1","ACC-3317636250","153.02","-27.66","POS","2c947b40-d708-44b7-9ec0-1889e016aeac","Kenneth",100.86,2018-08-03 07:00:00,"M",35,"Caboolture","QLD",18.51,"0753aa9b6f324a07a779e5133f19faa7","CUS-2738291516","152.96","-27.08","debit","Fri","04:39:08","04","August"
"303","posted",NA,"ACC-3827517394","151.12","-33.89","PAYMENT",NA,"Craig",29867.51,2018-08-03 07:00:00,"M",28,NA,NA,65,"1d07bae94381414a81bf22684943673f","CUS-2663907001",NA,NA,"debit","Fri","05:00:00","05","August"
"304","authorized","1","ACC-2270192619","138.56","-35.27","SALES-POS","2b508339-198f-4998-b8d5-c0f4ebf33f89","Darren",6610.74,2018-08-03 07:00:00,"M",20,"Semaphore","SA",8.51,"dad053818237459aad84ec349e0f57e8","CUS-2110742437","138.48","-34.84","debit","Fri","05:02:29","05","August"
"305","posted",NA,"ACC-1598451071","153.41","-27.95","PAYMENT",NA,"Diana",736.76,2018-08-03 07:00:00,"F",26,NA,NA,195,"041d726721d442a0a1ac610404774518","CUS-2487424745",NA,NA,"debit","Fri","06:00:00","06","August"
"306","posted",NA,"ACC-1056639002","145.03","-37.91","INTER BANK",NA,"Michael",42557.09,2018-08-03 07:00:00,"M",22,NA,NA,147,"ed7e57d40878401192838f2951d6fd37","CUS-3462882033",NA,NA,"debit","Fri","06:00:00","06","August"
"307","posted",NA,"ACC-3941181087","115.79","-31.94","PAYMENT",NA,"Paul",986.72,2018-08-03 07:00:00,"M",25,NA,NA,28,"70391bad384248ff86be528407d2f402","CUS-3989008654",NA,NA,"debit","Fri","06:00:00","06","August"
"308","posted",NA,"ACC-1990648130","114.62","-28.80","PAYMENT",NA,"Kaitlyn",1512.46,2018-08-03 07:00:00,"F",21,NA,NA,28,"3144f4a7aaa441f1ac5483ad75e71f7d","CUS-809013380",NA,NA,"debit","Fri","06:00:00","06","August"
"309","authorized","1","ACC-3541460373","145.00","-37.83","POS","78d90404-f349-4ced-8850-13bdc909ab03","Jeffrey",2457.1,2018-08-03 07:00:00,"M",24,"Fitzroy","VIC",19.56,"4fafd13d287744689d51c434bcfd0e8b","CUS-1433879684","144.98","-37.8","debit","Fri","06:35:59","06","August"
"310","posted",NA,"ACC-1523339231","115.83","-31.90","PAYMENT",NA,"Tim",54849.99,2018-08-03 07:00:00,"M",40,NA,NA,131,"77cd8c2610704fc9afc4f58d94b7f9e3","CUS-1816693151",NA,NA,"debit","Fri","07:00:00","07","August"
"311","posted",NA,"ACC-90814749","151.68","-32.98","INTER BANK",NA,"Christopher",5876.68,2018-08-03 07:00:00,"M",35,NA,NA,110,"e48af287f57041c6807e1ba25dc93b85","CUS-1896554896",NA,NA,"debit","Fri","07:00:00","07","August"
"312","posted",NA,"ACC-1496451953","145.16","-37.84","PAYMENT",NA,"Ricky",107.59,2018-08-03 07:00:00,"M",43,NA,NA,17,"e5c139708a6d4cc989f244fb6f2a8769","CUS-3142625864",NA,NA,"debit","Fri","07:00:00","07","August"
"313","authorized","1","ACC-2890243754","153.32","-27.93","SALES-POS","ecada98d-c7e0-46e5-855a-d704ad5917d6","Joseph",164.08,2018-08-03 07:00:00,"M",37,"Lismore","NSW",21.25,"31aff0b099004cdeaa3ba777815865f7","CUS-2695611575","153.28","-28.81","debit","Fri","07:23:42","07","August"
"314","authorized","1","ACC-1903037542","153.05","-27.61","SALES-POS","d00d2c9a-883a-4564-806f-54b6533d5472","Jeffrey",1477.37,2018-08-03 07:00:00,"M",30,"Sydney","NSW",291.31,"eb4797bf91974bdbad20bd9ee99a87bc","CUS-860700529","151.21","-33.87","debit","Fri","08:00:16","08","August"
"315","authorized","0","ACC-2988263882","145.18","-37.90","SALES-POS","73858146-0d91-430d-aff1-45668d6fcaf3","Michael",2451.88,2018-08-03 07:00:00,"M",44,"Narre Warren South","VIC",9.02,"8a36f2fc53cb417aa1879620bcf06c44","CUS-1233833708","145.3","-38.07","debit","Fri","08:13:58","08","August"
"316","authorized","1","ACC-2828321672","153.03","-27.51","POS","392af96c-2a99-45eb-94e8-cddef88e1331","Stephanie",401.05,2018-08-03 07:00:00,"F",53,"Woollahra","NSW",22.96,"8daa0499269146708a05353c12574a69","CUS-1005756958","151.24","-33.89","debit","Fri","08:27:40","08","August"
"317","authorized","1","ACC-1598451071","153.41","-27.95","POS","450aeceb-610b-4da2-b87f-1a515a10ef90","Diana",721.46,2018-08-03 07:00:00,"F",26,"Gold Coast","QLD",15.3,"0ac4a7a21d174767a766714145de697d","CUS-2487424745","153.41","-27.96","debit","Fri","08:41:22","08","August"
"318","authorized","0","ACC-4281711154","144.98","-37.84","SALES-POS","57f84313-12c8-4d2f-9b89-ee61c26793d2","Eric",35174.73,2018-08-03 07:00:00,"M",42,"Melbourne","VIC",30.6,"44f926029c4f42b081d0d3f371915214","CUS-3151318058","144.97","-37.82","debit","Fri","08:55:04","08","August"
"319","authorized","0","ACC-2897221629","150.90","-34.37","SALES-POS","cf85a430-11ab-4461-a872-98d7f9290df7","Scott",19.07,2018-08-03 07:00:00,"M",23,"Freeling","SA",67.89,"5316e74c04bb42bda67e2c646d6c2deb","CUS-511326734","138.82","-34.44","debit","Fri","09:03:52","09","August"
"320","authorized","1","ACC-1903037542","153.05","-27.61","SALES-POS","5cd080b9-b0e7-4763-9d3e-319b7502930a","Jeffrey",1464.57,2018-08-03 07:00:00,"M",30,"Mount Gravatt","QLD",12.8,"51226caa68714eb18cc9c173c4ea6048","CUS-860700529","153.07","-27.53","debit","Fri","09:09:56","09","August"
"321","authorized","0","ACC-2828321672","153.03","-27.51","POS","cd62798b-8895-4037-99f7-50c70d39abe0","Stephanie",391.94,2018-08-03 07:00:00,"F",53,"Noosa Heads","QLD",9.11,"7a0dfdefa53b4e13ab294840a514dda3","CUS-1005756958","153.09","-26.4","debit","Fri","09:15:59","09","August"
"322","authorized","1","ACC-4258502723","145.45","-37.74","POS","40a111ca-da92-4ab5-a75a-ba57b491dab8","Kimberly",515.07,2018-08-03 07:00:00,"F",24,"Hawthorn","VIC",6.66,"3cabc7cbac004bb3ae6b66b798f597f1","CUS-3378712515","145.02","-37.82","debit","Fri","09:22:03","09","August"
"323","authorized","0","ACC-1424176027","151.08","-33.93","SALES-POS","8ec841ad-1293-4bf5-9920-6e1088bc414d","Donald",283.32,2018-08-03 07:00:00,"M",22,"Mildura","VIC",7.56,"623213708c7c4af288028cd581c1380d","CUS-3431016847","142.16","-34.19","debit","Fri","09:28:07","09","August"
"324","authorized","1","ACC-1903037542","153.05","-27.61","POS","388848fa-5b48-40ef-9fa0-f1d271a93bf2","Jeffrey",1442.26,2018-08-03 07:00:00,"M",30,"Sunshine","VIC",22.31,"fd19f211be464ed790dd8f5148881051","CUS-860700529","144.85","-37.79","debit","Fri","09:34:10","09","August"
"325","authorized","1","ACC-1598451071","153.41","-27.95","SALES-POS","95cdffb0-3918-4ab1-bd23-a280ce15740d","Diana",712.47,2018-08-03 07:00:00,"F",26,"Southport","QLD",8.99,"56adfd3d5e1943ae844e8f930d3bc4c3","CUS-2487424745","153.41","-27.97","debit","Fri","09:40:14","09","August"
"326","authorized","1","ACC-1903037542","153.05","-27.61","SALES-POS","58308f9a-7d32-40d1-b52d-774c6d7b44f7","Jeffrey",1413.48,2018-08-03 07:00:00,"M",30,"Maleny","QLD",28.78,"03d6e2638e2f4b35b60abbf7c1056e91","CUS-860700529","152.85","-26.76","debit","Fri","09:46:18","09","August"
"327","authorized","1","ACC-1598451071","153.41","-27.95","SALES-POS","036c91ee-e290-4a2d-abcf-3ab1b6a07178","Diana",704.86,2018-08-03 07:00:00,"F",26,"Parkwood","QLD",7.61,"cacb53b6868947c48c72feb3d27725fa","CUS-2487424745","153.38","-27.96","debit","Fri","09:52:21","09","August"
"328","authorized","0","ACC-1683215619","138.67","-34.86","POS","4fde984a-6be5-470f-ac9c-e02a6ed6fcf9","Barry",155.82,2018-08-03 07:00:00,"M",38,"Hyde Park","SA",16.04,"20c95942b3d347d9a35d06a9cc055427","CUS-1604596597","138.61","-34.96","debit","Fri","09:58:25","09","August"
"329","posted",NA,"ACC-1334819143","145.13","-37.70","PAYMENT",NA,"Christopher",58002.04,2018-08-03 07:00:00,"M",33,NA,NA,50,"f65bb723d2374633bb9d11a2756af587","CUS-3117610635",NA,NA,"debit","Fri","10:00:00","10","August"
"330","authorized","1","ACC-2673069055","152.99","-27.49","POS","caf30f6a-3825-450b-ad8a-83a3355e048e","Richard",11299.28,2018-08-03 07:00:00,"M",24,"Holland Park","QLD",24.55,"e460cee566ac416e9f9473ca481a69a2","CUS-51506836","153.06","-27.53","debit","Fri","10:10:43","10","August"
"331","authorized","1","ACC-2890243754","153.32","-27.93","POS","be8aa135-b3b8-4694-9024-c7cd4da1bdc2","Joseph",154.59,2018-08-03 07:00:00,"M",37,"Lismore","NSW",9.49,"e3923a0a2cb64f879f40128673309ce6","CUS-2695611575","153.29","-28.81","debit","Fri","10:25:13","10","August"
"332","authorized","1","ACC-2674800293","144.96","-37.69","SALES-POS","a7257417-3cd7-40ef-af50-ba8acd441601","Elizabeth",24252.89,2018-08-03 07:00:00,"F",50,"Reservoir","VIC",15.84,"13b5d87ae645480f9f2da5f9f38b5272","CUS-2977593493","144.99","-37.72","debit","Fri","10:39:42","10","August"
"333","authorized","1","ACC-1788473090","145.06","-37.95","SALES-POS","514349e2-efc0-453c-8127-0306b185854f","Rachael",315.62,2018-08-03 07:00:00,"F",21,"Port Melbourne","VIC",11.32,"7d9dd745886646739f4a93e965a3861a","CUS-134193016","144.92","-37.83","debit","Fri","10:54:12","10","August"
"334","posted",NA,"ACC-1788473090","145.06","-37.95","INTER BANK",NA,"Rachael",249.62,2018-08-03 07:00:00,"F",21,NA,NA,66,"670ea512ae814e6ca3fe416b192be269","CUS-134193016",NA,NA,"debit","Fri","11:00:00","11","August"
"335","posted",NA,"ACC-2231965366","144.96","-37.84","PAYMENT",NA,"Linda",1417.62,2018-08-03 07:00:00,"F",35,NA,NA,147,"a6a5a814c4a641c0900892dea39208c4","CUS-2155701614",NA,NA,"debit","Fri","11:00:00","11","August"
"336","posted",NA,"ACC-3536132544","144.93","-37.79","PAYMENT",NA,"Heather",1408.27,2018-08-03 07:00:00,"F",41,NA,NA,33,"113b67876bb84ab78c93709345747c34","CUS-2348881191",NA,NA,"debit","Fri","11:00:00","11","August"
"337","posted",NA,"ACC-414431115","142.77","-37.06","INTER BANK",NA,"Amy",1590.28,2018-08-03 07:00:00,"F",43,NA,NA,18,"6db2c44fc4be4c71a93f543e953f70b1","CUS-2599279756",NA,NA,"debit","Fri","11:00:00","11","August"
"338","posted",NA,"ACC-38923874","151.27","-33.90","PAY/SALARY",NA,"Ryan",30334.82,2018-08-03 07:00:00,"M",38,NA,NA,1880.95,"52824d9919d94bdc9e8c4552e8358b46","CUS-3249305314",NA,NA,"credit","Fri","11:00:00","11","August"
"339","posted",NA,"ACC-966140392","147.08","-37.97","PAYMENT",NA,"Joseph",585.75,2018-08-03 07:00:00,"M",21,NA,NA,130,"0912e727aeef49879c308d14f8e557e9","CUS-537508723",NA,NA,"debit","Fri","11:00:00","11","August"
"340","authorized","0","ACC-1598451071","153.41","-27.95","SALES-POS","1f91ac18-372f-40b5-bbf8-5a3580e8fa1b","Diana",702.78,2018-08-03 07:00:00,"F",26,"Carbrook","QLD",2.08,"95dfc6684cf144ecb038265af7f1c04c","CUS-2487424745","153.24","-27.68","debit","Fri","11:04:41","11","August"
"341","authorized","1","ACC-4274272854","145.23","-37.86","POS","42ade571-5972-4160-9ecb-e0162a305fee","Timothy",2597.74,2018-08-03 07:00:00,"M",20,"Belrose","NSW",61.14,"6d0837e6986c4e2693c437c3fb269535","CUS-2484453271","151.21","-33.7","debit","Fri","11:12:29","11","August"
"342","authorized","0","ACC-2259139624","144.66","-37.91","POS","660f5b62-2cd1-44d1-93b3-5934909c059a","Cindy",843.34,2018-08-03 07:00:00,"F",19,"Frankston","VIC",166.57,"6cb9013662e44ef4b1e1f77f33baee34","CUS-3174332735","145.12","-38.14","debit","Fri","11:20:18","11","August"
"343","authorized","1","ACC-1424176027","151.08","-33.93","SALES-POS","88787513-a6c7-494f-8f23-09faee181335","Donald",271.16,2018-08-03 07:00:00,"M",22,"Waverley","NSW",12.16,"9b9681d296d3468e954166d6fbd04375","CUS-3431016847","151.25","-33.9","debit","Fri","11:28:07","11","August"
"344","authorized","1","ACC-354106658","151.04","-33.80","POS","c2daff28-6776-42f6-a837-5a2f8c87d609","Christine",4326.51,2018-08-03 07:00:00,"F",39,"Willoughby","NSW",49.75,"e046a984918c4226884e7d2d287c7816","CUS-2376382098","151.2","-33.81","debit","Fri","11:35:56","11","August"
"345","authorized","1","ACC-2265520058","151.27","-33.85","POS","b1a88e2a-7b07-4cb0-bc9b-547dd5d70f85","Catherine",40.77,2018-08-03 07:00:00,"F",26,"Margaret River","WA",5.12,"f67022f23cf846b3a622cea384fb766c","CUS-331942311","115.07","-33.95","debit","Fri","11:43:44","11","August"
"346","authorized","1","ACC-3021093232","149.83","-29.47","SALES-POS","83e9c28d-62ce-4459-859c-eb9955700f6b","Melissa",93.06,2018-08-03 07:00:00,"F",30,"Narrabri","NSW",12.83,"9ee6122df1ba424db508181c8932e200","CUS-55310383","149.78","-30.32","debit","Fri","11:51:33","11","August"
"347","posted",NA,"ACC-3485804958","138.52","-35.01","PAYMENT",NA,"Jessica",16357.36,2018-08-03 07:00:00,"F",34,NA,NA,16,"13291b582fbe4f4aab93f5ff79cae353","CUS-1196156254",NA,NA,"debit","Fri","12:00:00","12","August"
"348","posted",NA,"ACC-819621312","145.04","-37.85","INTER BANK",NA,"Michele",1068.27,2018-08-03 07:00:00,"F",30,NA,NA,168,"52fcf47679ee45ed85e6e03fd417ce56","CUS-1271030853",NA,NA,"debit","Fri","12:00:00","12","August"
"349","posted",NA,"ACC-3689607373","115.79","-31.79","PAY/SALARY",NA,"Virginia",2205.14,2018-08-03 07:00:00,"F",20,NA,NA,1138.79,"d4cad175b44e49f58af829b61dbd3f9c","CUS-127297539",NA,NA,"credit","Fri","12:00:00","12","August"
"350","posted",NA,"ACC-2890243754","153.32","-27.93","PAY/SALARY",NA,"Joseph",1072.04,2018-08-03 07:00:00,"M",37,NA,NA,917.45,"f426bde403ae4ad5baf2fb5b5afabf67","CUS-2695611575",NA,NA,"credit","Fri","12:00:00","12","August"
"351","authorized","1","ACC-1349834573","145.17","-37.84","SALES-POS","a947dd7e-b2f9-41be-a4cc-4bdf693ec1c2","Matthew",6827.92,2018-08-03 07:00:00,"M",39,"Clayton","VIC",51.89,"ccbc1e0dbe6a4cfda1f6461134981dda","CUS-1790886359","145.12","-37.93","debit","Fri","12:15:35","12","August"
"352","authorized","1","ACC-1650504218","145.01","-37.93","POS","55a6c7b2-3f0e-4f25-bc84-0471bbb9e56c","Marissa",1974.77,2018-08-03 07:00:00,"F",23,"Bundoora","VIC",17.95,"3726205cd374427097d7d129d2b86b2b","CUS-2500783281","145.06","-37.69","debit","Fri","12:32:32","12","August"
"353","authorized","1","ACC-2153562714","116.00","-31.88","POS","616c96a2-afaa-49ac-bdfe-fc45256d1f0c","Linda",834.47,2018-08-03 07:00:00,"F",24,"Thornlie","WA",8.31,"ca5fef4903454249b08117540ca88e38","CUS-423725039","115.95","-32.07","debit","Fri","12:49:29","12","August"
"354","posted",NA,"ACC-1788473090","145.06","-37.95","PAY/SALARY",NA,"Rachael",2273.3,2018-08-03 07:00:00,"F",21,NA,NA,2023.68,"ad0a0c17620f4553be4426a9933181f9","CUS-134193016",NA,NA,"credit","Fri","13:00:00","13","August"
"355","posted",NA,"ACC-1199531521","116.02","-31.87","PAY/SALARY",NA,"Billy",3801.41,2018-08-03 07:00:00,"M",52,NA,NA,3785.78,"6b84057bbf1a4ade865af4902c7517d8","CUS-134833760",NA,NA,"credit","Fri","13:00:00","13","August"
"356","posted",NA,"ACC-559365433","147.31","-42.88","PAY/SALARY",NA,"Mary",735.66,2018-08-03 07:00:00,"F",64,NA,NA,576,"1157f87317a44c3aaf851d2e1b42ac37","CUS-1654129794",NA,NA,"credit","Fri","13:00:00","13","August"
"357","posted",NA,"ACC-3481401842","115.74","-31.72","PAY/SALARY",NA,"Tiffany",1438.7,2018-08-03 07:00:00,"F",25,NA,NA,1225.33,"b062082c5e7a4cb8b4fbcaf83f709b6c","CUS-1669695324",NA,NA,"credit","Fri","13:00:00","13","August"
"358","posted",NA,"ACC-2528867619","138.58","-34.96","PAY/SALARY",NA,"Abigail",1956.58,2018-08-03 07:00:00,"F",40,NA,NA,1946.57,"054edd9467e243038678e15d90817862","CUS-2505971401",NA,NA,"credit","Fri","13:00:00","13","August"
"359","posted",NA,"ACC-1516130869","130.84","-12.45","PAYMENT",NA,"Jessica",42.55,2018-08-03 07:00:00,"F",21,NA,NA,29,"73d61d9be0804e38a21017650c254ad3","CUS-325142416",NA,NA,"debit","Fri","13:00:00","13","August"
"360","authorized","1","ACC-1973887809","115.78","-31.90","POS","d17bf82c-2b7c-4def-afa0-56c15b9aa8a3","Antonio",429.79,2018-08-03 07:00:00,"M",26,"Sydney","NSW",1233.8,"2e9b490e458e41c78c01ff3e3ae308c3","CUS-1646621553","151.21","-33.86","debit","Fri","13:06:47","13","August"
"361","authorized","1","ACC-1652235822","144.89","-37.81","POS","d88eb79c-ac14-4225-8615-964b35b4f638","Renee",18776.14,2018-08-03 07:00:00,"F",38,"Mill Park","VIC",7.93,"a8aac4add4004a6399dd56fdd0eca68e","CUS-2206365095","145.07","-37.66","debit","Fri","13:24:38","13","August"
"362","authorized","1","ACC-1650504218","145.01","-37.93","SALES-POS","0bf7d15e-20d0-4246-8e99-59c3dd1a2dcb","Marissa",1970.39,2018-08-03 07:00:00,"F",23,"Windsor","VIC",4.38,"31eb650226544364a8ce37d70c7b0ea5","CUS-2500783281","144.99","-37.86","debit","Fri","13:42:29","13","August"
"363","posted",NA,"ACC-1344825761","151.09","-33.91","PAYMENT",NA,"Sarah",13561.79,2018-08-03 07:00:00,"F",46,NA,NA,22,"e6ced3e8195b441d87992f3f764d4502","CUS-1499065773",NA,NA,"debit","Fri","14:00:00","14","August"
"364","posted",NA,"ACC-1523339231","115.83","-31.90","PAYMENT",NA,"Tim",54809.99,2018-08-03 07:00:00,"M",40,NA,NA,40,"d6c0f9cdf2aa4d5f8cd0a0ceab96c491","CUS-1816693151",NA,NA,"debit","Fri","14:00:00","14","August"
"365","posted",NA,"ACC-2674800293","144.96","-37.69","PAY/SALARY",NA,"Elizabeth",25689.87,2018-08-03 07:00:00,"F",50,NA,NA,1436.98,"d97f03cabe1545e0afde5158417f03ea","CUS-2977593493",NA,NA,"credit","Fri","14:00:00","14","August"
"366","authorized","1","ACC-2776252858","144.95","-37.76","SALES-POS","df08814b-3453-493e-8e5f-067ea52e1c22","Kristin",1986.01,2018-08-03 07:00:00,"F",43,"Lilydale","VIC",28.56,"2a248613cafd418ba7184bb2f90f587c","CUS-4123612273","145.35","-37.75","debit","Fri","14:00:09","14","August"
"367","authorized","1","ACC-1598451071","153.41","-27.95","SALES-POS","b702b424-41ca-4827-8e3f-376aa91d210c","Diana",691.49,2018-08-03 07:00:00,"F",26,"Cleveland","QLD",11.29,"c74928b540494a29b16e4b83a7387da8","CUS-2487424745","153.29","-27.52","debit","Fri","14:08:09","14","August"
"368","authorized","1","ACC-4281711154","144.98","-37.84","SALES-POS","e8ed5495-c2a9-4576-83ff-9fcb600ad0b7","Eric",35144.77,2018-08-03 07:00:00,"M",42,"Caulfield East","VIC",29.96,"ec2f204e2e164919b915deed933e1d48","CUS-3151318058","145.04","-37.88","debit","Fri","14:16:09","14","August"
"369","authorized","1","ACC-3771436525","145.04","-37.92","SALES-POS","1747aff3-3680-463b-9ec1-5a1005817e83","Derek",603.63,2018-08-03 07:00:00,"M",20,"Cranbourne","VIC",11.3,"99f57faaac154f2aae2a0436cade61d1","CUS-3325710106","145.28","-38.11","debit","Fri","14:24:09","14","August"
"370","authorized","0","ACC-1788473090","145.06","-37.95","SALES-POS","0110727d-8914-46b3-bcbb-ba7eef738dc6","Rachael",2266.05,2018-08-03 07:00:00,"F",21,"Werribee","VIC",7.25,"250a56c958d94195bef28d96fa4d96ca","CUS-134193016","144.68","-37.87","debit","Fri","14:32:09","14","August"
"371","authorized","1","ACC-1243371644","150.90","-33.78","POS","64fc3edc-7613-42c4-b969-63b58e15d159","Gregory",588.53,2018-08-03 07:00:00,"M",42,"Kirribilli","NSW",17.37,"c208618388be4c299d1716b93b25c66e","CUS-3904958894","151.22","-33.85","debit","Fri","14:40:09","14","August"
"372","authorized","1","ACC-1650504218","145.01","-37.93","POS","c4eb066b-dad1-4116-8023-8f123a60642f","Marissa",1957.08,2018-08-03 07:00:00,"F",23,"Wantirna South","VIC",13.31,"33631af76bcc4f2499e6baa0b954c008","CUS-2500783281","145.22","-37.88","debit","Fri","14:48:09","14","August"
"373","authorized","1","ACC-1598451071","153.41","-27.95","POS","a9e009b8-fb6f-4dc7-97fa-3d4504ab7f4c","Diana",680.21,2018-08-03 07:00:00,"F",26,"Burleigh Heads","QLD",11.28,"368dd989cdbe4780a2b26107c4a82879","CUS-2487424745","153.45","-28.09","debit","Fri","14:56:09","14","August"
"374","posted",NA,"ACC-3689607373","115.79","-31.79","INTER BANK",NA,"Virginia",2024.14,2018-08-03 07:00:00,"F",20,NA,NA,181,"e761e6e90b154ac99fe4b98522fefb9f","CUS-127297539",NA,NA,"debit","Fri","15:00:00","15","August"
"375","posted",NA,"ACC-182446574","116.06","-32.00","PAY/SALARY",NA,"Tonya",2889.9,2018-08-03 07:00:00,"F",27,NA,NA,2840.15,"3d5a45a23ced48a29535212323a100e9","CUS-3026014945",NA,NA,"credit","Fri","15:00:00","15","August"
"376","authorized","1","ACC-2681137560","151.11","-33.99","SALES-POS","d3881e7b-aacc-46a3-be15-ff3bb66b8072","Nathaniel",7.04,2018-08-03 07:00:00,"M",31,"West Pymble","NSW",7.22,"167340d515f84de99af731dba3be3406","CUS-2083971310","151.13","-33.77","debit","Fri","15:04:38","15","August"
"377","authorized","1","ACC-354106658","151.04","-33.80","POS","ecc0b9d5-ce2a-4eec-8507-13f65df181da","Christine",4297.82,2018-08-03 07:00:00,"F",39,"Campsie","NSW",28.69,"8c119216afdb49178ebf7f2199a045a7","CUS-2376382098","151.1","-33.91","debit","Fri","15:13:34","15","August"
"378","authorized","0","ACC-182446574","116.06","-32.00","SALES-POS","326be4c0-2e6d-4b4a-bc3d-c26abe723c9f","Tonya",49.75,2018-08-03 07:00:00,"F",27,"Hilton","WA",16.4,"8508fae48e0b4a00992af6c96e6e7674","CUS-3026014945","115.78","-32.06","debit","Fri","15:22:29","15","August"
"379","authorized","0","ACC-3881031190","149.19","-21.15","POS","98000e83-7a74-4b1d-b58a-1d23c05c795e","Richard",1329.27,2018-08-03 07:00:00,"M",37,"Queanbeyan East","NSW",32.52,"4925f79176374d1ca96fd0488a70434f","CUS-3201519139","149.25","-35.35","debit","Fri","15:31:25","15","August"
"380","authorized","1","ACC-3741880913","150.50","-23.40","SALES-POS","6a8e369b-555b-4151-b281-e5e6309bfbbb","Ashley",2760.42,2018-08-03 07:00:00,"F",25,"Biloela","QLD",35.43,"7a5172a7957143199d71d786b5359447","CUS-1220154422","150.5","-24.41","debit","Fri","15:40:21","15","August"
"381","authorized","1","ACC-1608363396","151.22","-33.87","SALES-POS","e3a92a7a-0c39-4461-8899-25fb8a3843c2","Robert",1624.53,2018-08-03 07:00:00,"M",20,"Ultimo","NSW",43.38,"0681d23d7bf8429e8764b171b0292a30","CUS-2688605418","151.19","-33.88","debit","Fri","15:49:17","15","August"
"382","authorized","1","ACC-1243371644","150.90","-33.78","SALES-POS","a676b903-4684-4757-8f5a-faa8ec453947","Gregory",575.34,2018-08-03 07:00:00,"M",42,"Balgowlah","NSW",13.19,"ab0bf5ce8cb24c2db345eae52b86b35b","CUS-3904958894","151.27","-33.79","debit","Fri","15:58:12","15","August"
"383","posted",NA,"ACC-3741880913","150.50","-23.40","PAY/SALARY",NA,"Ashley",5042.78,2018-08-03 07:00:00,"F",25,NA,NA,2282.36,"f481205971f5419d98e5353fa8ecffb3","CUS-1220154422",NA,NA,"credit","Fri","16:00:00","16","August"
"384","posted",NA,"ACC-602667573","151.23","-33.96","PAYMENT",NA,"Michael",388.2,2018-08-03 07:00:00,"M",40,NA,NA,41,"7ccf8016037d480a8a4090cff14ad81a","CUS-2031327464",NA,NA,"debit","Fri","16:00:00","16","August"
"385","posted",NA,"ACC-964839203","146.92","-36.07","PAY/SALARY",NA,"Michael",29444.62,2018-08-03 07:00:00,"M",21,NA,NA,1560.2,"0ecf63c3707e48b8b2a9867f14e58959","CUS-2059096722",NA,NA,"credit","Fri","16:00:00","16","August"
"386","posted",NA,"ACC-3827517394","151.12","-33.89","PAYMENT",NA,"Craig",29824.51,2018-08-03 07:00:00,"M",28,NA,NA,43,"f7e4fb6b55e34eb68052b1850b33d323","CUS-2663907001",NA,NA,"debit","Fri","16:00:00","16","August"
"387","posted",NA,"ACC-2650850707","148.16","-23.52","PAYMENT",NA,"Brian",103466.38,2018-08-03 07:00:00,"M",42,NA,NA,193,"ee4cc3a59dbd49b3b792682fd8ec0d41","CUS-2819545904",NA,NA,"debit","Fri","16:00:00","16","August"
"388","posted",NA,"ACC-2153562714","116.00","-31.88","PAYMENT",NA,"Linda",807.47,2018-08-03 07:00:00,"F",24,NA,NA,27,"80f8b657075c4f0282fb4c594889cbc9","CUS-423725039",NA,NA,"debit","Fri","16:00:00","16","August"
"389","authorized","1","ACC-354106658","151.04","-33.80","POS","d30a9815-fb73-4380-ae4c-a42c87c2fd05","Christine",4260.22,2018-08-03 07:00:00,"F",39,"Burra","SA",37.6,"421ae381279443fbab8ee5655071a78d","CUS-2376382098","138.94","-33.68","debit","Fri","16:12:41","16","August"
"390","authorized","1","ACC-414431115","142.77","-37.06","POS","6ddddc40-5b69-4253-8a26-167999a8bf96","Amy",1571.16,2018-08-03 07:00:00,"F",43,"Castlemaine","VIC",19.12,"18fec17ca9da4cbf9b9cbdce2a46a2b0","CUS-2599279756","144.22","-37.06","debit","Fri","16:28:34","16","August"
"391","authorized","1","ACC-3941181087","115.79","-31.94","SALES-POS","8a64cce8-b119-4f5d-992c-6acb90503af9","Paul",976.39,2018-08-03 07:00:00,"M",25,"Kingsley","WA",10.33,"e94d12fdf7db4ce59857891f3be0f8ec","CUS-3989008654","115.79","-31.8","debit","Fri","16:44:26","16","August"
"392","posted",NA,"ACC-3741880913","150.50","-23.40","PAYMENT",NA,"Ashley",4870.78,2018-08-03 07:00:00,"F",25,NA,NA,172,"5fa1d1d57804452782978f721cec468e","CUS-1220154422",NA,NA,"debit","Fri","17:00:00","17","August"
"393","posted",NA,"ACC-2901672282","255.00","-573.00","PAY/SALARY",NA,"Daniel",4490.85,2018-08-03 07:00:00,"M",22,NA,NA,3328.77,"035f7e013df6486f80e2245bea04a28f","CUS-1617121891",NA,NA,"credit","Fri","17:00:00","17","August"
"394","posted",NA,"ACC-3317636250","153.02","-27.66","PAY/SALARY",NA,"Kenneth",2645.62,2018-08-03 07:00:00,"M",35,NA,NA,2544.76,"37f6f831162547ed87e15e8c8c60d61e","CUS-2738291516",NA,NA,"credit","Fri","17:00:00","17","August"
"395","posted",NA,"ACC-966140392","147.08","-37.97","PAY/SALARY",NA,"Joseph",3158.66,2018-08-03 07:00:00,"M",21,NA,NA,2572.91,"77195b2f0c3c4924a5cca52956ccaa01","CUS-537508723",NA,NA,"credit","Fri","17:00:00","17","August"
"396","authorized","0","ACC-3771436525","145.04","-37.92","SALES-POS","ddf730bc-ba3a-43ea-a891-767447ddd563","Derek",577.48,2018-08-03 07:00:00,"M",20,"Melbourne","VIC",26.15,"c579c2ebcfa94d42a0e1c0b791c10386","CUS-3325710106","144.96","-37.81","debit","Fri","17:00:11","17","August"
"397","authorized","1","ACC-182446574","116.06","-32.00","SALES-POS","fea17a61-9938-4b3a-9dd4-60f242f132ff","Tonya",2802.4,2018-08-03 07:00:00,"F",27,"Cannington","WA",87.5,"c3874e3166ad4b2e9e27a6066e023f4a","CUS-3026014945","115.94","-32.02","debit","Fri","17:19:03","17","August"
"398","authorized","1","ACC-1652235822","144.89","-37.81","POS","c7d169a9-fe96-4983-8d1e-9c0c6805a31e","Renee",18747.91,2018-08-03 07:00:00,"F",38,"Darlinghurst","NSW",28.23,"2e08e09018b84708a8c41a9e3e561230","CUS-2206365095","151.22","-33.88","debit","Fri","17:28:29","17","August"
"399","authorized","1","ACC-3827517394","151.12","-33.89","POS","51a20e13-c7c9-49dd-90f8-721fceb4869d","Craig",29798.38,2018-08-03 07:00:00,"M",28,"Leppington","NSW",26.13,"eb934bdd460449f78969302679952aad","CUS-2663907001","150.81","-33.97","debit","Fri","17:37:55","17","August"
"400","authorized","1","ACC-2673069055","152.99","-27.49","POS","b86c9f6d-ccba-4188-abac-331af90c0f61","Richard",11278.76,2018-08-03 07:00:00,"M",24,"Sippy Downs","QLD",20.52,"f1b6b3a13331409ba8ae36cce03bf88c","CUS-51506836","153.06","-26.73","debit","Fri","17:47:21","17","August"
"401","authorized","0","ACC-3326339947","151.18","-33.80","POS","a0246887-000f-4e85-b0cc-64f05c3296fe","Eric",2849.88,2018-08-03 07:00:00,"M",22,"Leichhardt","NSW",16.68,"f8065d3aa34348a09fb62e50c34b3bf7","CUS-326006476","151.16","-33.89","debit","Fri","17:56:47","17","August"
"402","posted",NA,"ACC-1788473090","145.06","-37.95","INTER BANK",NA,"Rachael",2233.05,2018-08-03 07:00:00,"F",21,NA,NA,33,"968507f8250b4172998aeec110b96860","CUS-134193016",NA,NA,"debit","Fri","18:00:00","18","August"
"403","posted",NA,"ACC-3541460373","145.00","-37.83","PAYMENT",NA,"Jeffrey",2404.1,2018-08-03 07:00:00,"M",24,NA,NA,53,"aa7a71846dea4bde85dc64bafb44cbca","CUS-1433879684",NA,NA,"debit","Fri","18:00:00","18","August"
"404","posted",NA,"ACC-1652235822","144.89","-37.81","PAYMENT",NA,"Renee",18681.91,2018-08-03 07:00:00,"F",38,NA,NA,66,"acdb304508c34fc2b578010bd31ee79c","CUS-2206365095",NA,NA,"debit","Fri","18:00:00","18","August"
"405","authorized","1","ACC-1523339231","115.83","-31.90","POS","9a15c5c4-022f-4b3f-a586-a4c628060cb7","Tim",54698.48,2018-08-03 07:00:00,"M",40,"Ellenbrook","WA",111.51,"b2d35cf0d8224134ae38418c058a04ae","CUS-1816693151","115.97","-31.78","debit","Fri","18:14:02","18","August"
"406","authorized","1","ACC-354106658","151.04","-33.80","SALES-POS","d18ce96d-a41c-43d6-9170-94e2f59f3840","Christine",4244.45,2018-08-03 07:00:00,"F",39,"Kogarah","NSW",15.77,"aba4aa544f5f4dd0a2246d6c6b5650c0","CUS-2376382098","151.13","-33.97","debit","Fri","18:35:19","18","August"
"407","authorized","1","ACC-4274272854","145.23","-37.86","POS","38b59ae9-b336-4e24-9f56-cc0b0d56b732","Timothy",2559.82,2018-08-03 07:00:00,"M",20,"Shepparton","VIC",37.92,"318efd65578f4990960b266f430f17ab","CUS-2484453271","145.41","-36.39","debit","Fri","18:56:35","18","August"
"408","posted",NA,"ACC-3485804958","138.52","-35.01","PAYMENT",NA,"Jessica",16294.36,2018-08-03 07:00:00,"F",34,NA,NA,63,"a95204a92a804888a3d7602ec3193635","CUS-1196156254",NA,NA,"debit","Fri","19:00:00","19","August"
"409","posted",NA,"ACC-3689607373","115.79","-31.79","INTER BANK",NA,"Virginia",1969.14,2018-08-03 07:00:00,"F",20,NA,NA,55,"b937d8dde62441ee90ab02fb21e47758","CUS-127297539",NA,NA,"debit","Fri","19:00:00","19","August"
"410","posted",NA,"ACC-2171593283","146.94","-36.04","PAYMENT",NA,"Fernando",4258.5,2018-08-03 07:00:00,"M",19,NA,NA,40,"6f2d9482b7bb441c836f8d35ff36861d","CUS-2317998716",NA,NA,"debit","Fri","19:00:00","19","August"
"411","posted",NA,"ACC-1438600314","138.69","-34.84","PAYMENT",NA,"Maria",1858.7,2018-08-03 07:00:00,"F",35,NA,NA,45,"87f79342618d4a87afc901712f12a289","CUS-2650223890",NA,NA,"debit","Fri","19:00:00","19","August"
"412","authorized","0","ACC-4258502723","145.45","-37.74","POS","25b3b309-2175-4d24-b6c6-fa874374a1fa","Kimberly",501.02,2018-08-03 07:00:00,"F",24,"Mossman","QLD",14.05,"87ccfc872d97476fa8aa8627100df260","CUS-3378712515","145.38","-16.48","debit","Fri","19:07:46","19","August"
"413","authorized","1","ACC-2153562714","116.00","-31.88","POS","2df8bd3d-ef44-4d84-8ef2-bace9ccfd7fb","Linda",783.41,2018-08-03 07:00:00,"F",24,"Karrinyup","WA",24.06,"b18156eff59e415582dfc8e323194fe9","CUS-423725039","115.78","-31.88","debit","Fri","19:17:02","19","August"
"414","authorized","1","ACC-1037050564","153.10","-27.66","SALES-POS","114110b6-5ed6-4ce8-b8b2-ff00a61fa14d","Rhonda",1675.39,2018-08-03 07:00:00,"F",40,"Emerald Beach","NSW",22,"c88fbe548ca14e22a413064108a1b95b","CUS-1614226872","153.19","-30.17","debit","Fri","19:26:17","19","August"
"415","authorized","1","ACC-1516130869","130.84","-12.45","POS","18005894-c5b8-4186-bf6f-eca6d2005a2e","Jessica",37.99,2018-08-03 07:00:00,"F",21,"Larrakeyah","NT",4.56,"7c09e62089994d1db5faf480624f0323","CUS-325142416","130.83","-12.46","debit","Fri","19:35:33","19","August"
"416","authorized","0","ACC-2249586092","115.98","-32.07","POS","3cdfed25-1a9b-4ca7-88d0-9f9b55468aed","Edward",4131.96,2018-08-03 07:00:00,"M",19,"Kalamunda","WA",26.45,"38317408e21740a4bd2b36281d2c64e0","CUS-443776336","116.06","-31.97","debit","Fri","19:44:48","19","August"
"417","authorized","1","ACC-354106658","151.04","-33.80","SALES-POS","bc8639dd-db46-4f51-9c13-93967cd95dd1","Christine",4215.53,2018-08-03 07:00:00,"F",39,"Sydney","NSW",28.92,"58f14ce4944b4042a0f48c47a6385d4e","CUS-2376382098","151.2","-33.87","debit","Fri","19:54:04","19","August"
"418","posted",NA,"ACC-37709441","153.41","-28.01","PAYMENT",NA,"Charles",65.48,2018-08-03 07:00:00,"M",18,NA,NA,27,"9eff869ca2de4bb5badfad6ce13f8324","CUS-3336454548",NA,NA,"debit","Fri","20:00:00","20","August"
"419","authorized","0","ACC-2776252858","144.95","-37.76","POS","bf84c95e-b2ea-4c0b-a651-2fa3f686a890","Kristin",1962.57,2018-08-03 07:00:00,"F",43,"Camberwell","VIC",23.44,"06c3ff70d8db4b3491d13603d58cf279","CUS-4123612273","145.06","-37.83","debit","Fri","20:11:43","20","August"
"420","authorized","1","ACC-3485804958","138.52","-35.01","SALES-POS","617a670e-a706-400a-bbfa-09858d56a871","Jessica",16252.76,2018-08-03 07:00:00,"F",34,"Sippy Downs","QLD",41.6,"49d13d68b6b6423d8c486922af9a87a6","CUS-1196156254","153.06","-26.72","debit","Fri","20:20:20","20","August"
"421","authorized","0","ACC-2776252858","144.95","-37.76","POS","7b4deb71-0e46-4da6-b2fa-7c718273f157","Kristin",1202.3,2018-08-03 07:00:00,"F",43,"Mount Gambier","SA",760.27,"42dca86c3f3c412287e3c7e890db1407","CUS-4123612273","140.78","-37.83","debit","Fri","20:28:57","20","August"
"422","authorized","1","ACC-1652235822","144.89","-37.81","POS","100ade3c-d35b-43be-a74e-be6029ebf30e","Renee",18668.82,2018-08-03 07:00:00,"F",38,"Mount Waverley","VIC",13.09,"583a2f5cffd241d39fe7429a2bf06d5d","CUS-2206365095","145.13","-37.88","debit","Fri","20:37:35","20","August"
"423","authorized","0","ACC-2890243754","153.32","-27.93","SALES-POS","2e4529be-02ba-44b9-b740-b3914eb04c0a","Joseph",1059.66,2018-08-03 07:00:00,"M",37,"Goonellabah","NSW",12.38,"ebe965ed2e754e58a44c14c338a0a2ac","CUS-2695611575","153.33","-28.82","debit","Fri","20:54:49","20","August"
"424","posted",NA,"ACC-3689607373","115.79","-31.79","PAYMENT",NA,"Virginia",1900.14,2018-08-03 07:00:00,"F",20,NA,NA,69,"125b29bbb6a4424e91808791b76be15e","CUS-127297539",NA,NA,"debit","Fri","21:00:00","21","August"
"425","posted",NA,"ACC-721712940","145.09","-37.82","PAYMENT",NA,"Andrew",50488.26,2018-08-03 07:00:00,"M",78,NA,NA,38,"e5af8f98dfce4da7bdab1152cee0c29f","CUS-1646183815",NA,NA,"debit","Fri","21:00:00","21","August"
"426","posted",NA,"ACC-2171593283","146.94","-36.04","PAYMENT",NA,"Fernando",4208.5,2018-08-03 07:00:00,"M",19,NA,NA,50,"ac10c2b0dfa84321940ba484ef61049b","CUS-2317998716",NA,NA,"debit","Fri","21:00:00","21","August"
"427","posted",NA,"ACC-1903037542","153.05","-27.61","PAYMENT",NA,"Jeffrey",1390.48,2018-08-03 07:00:00,"M",30,NA,NA,23,"c8177c21b605493b8b25e075b0db7113","CUS-860700529",NA,NA,"debit","Fri","21:00:00","21","August"
"428","authorized","1","ACC-1523339231","115.83","-31.90","POS","46f01e38-8326-4739-bbd0-cd611306eede","Tim",54658.82,2018-08-03 07:00:00,"M",40,"West Perth","WA",39.66,"dfec26762aa146c291e015a2a69e271b","CUS-1816693151","115.84","-31.95","debit","Fri","21:02:27","21","August"
"429","authorized","1","ACC-1598451071","153.41","-27.95","POS","05b25c4a-c4dc-4662-9ddf-2e943553b0c2","Diana",658.63,2018-08-03 07:00:00,"F",26,"Lismore","NSW",21.58,"8f7df097432048d589851a864f9f9631","CUS-2487424745","153.29","-28.81","debit","Fri","21:08:35","21","August"
"430","authorized","1","ACC-3317636250","153.02","-27.66","SALES-POS","abf31fa7-2b8d-421b-85ca-1c81a4a04b64","Kenneth",2620.47,2018-08-03 07:00:00,"M",35,"Sydney","NSW",25.15,"7e82849423a2434caba02925c91e8324","CUS-2738291516","151.2","-33.87","debit","Fri","21:14:43","21","August"
"431","authorized","0","ACC-2776252858","144.95","-37.76","POS","902e65c5-23f8-4322-9d59-a8a103a54d3f","Kristin",977.1,2018-08-03 07:00:00,"F",43,"Pyrmont","NSW",225.2,"bf204d293c5943e6bef9579e0f47b7a7","CUS-4123612273","151.2","-33.87","debit","Fri","21:20:51","21","August"
"432","authorized","1","ACC-4274272854","145.23","-37.86","POS","bc0743aa-38d8-4d19-9488-0be15bae94e9","Timothy",2546.93,2018-08-03 07:00:00,"M",20,"Brunswick","VIC",12.89,"ae9b7e6c2e284143a2f4b7cc4f0132d5","CUS-2484453271","144.96","-37.77","debit","Fri","21:26:59","21","August"
"433","authorized","1","ACC-2776252858","144.95","-37.76","POS","12523792-58f8-4d10-bb7c-bdf0b3096ce5","Kristin",924.22,2018-08-03 07:00:00,"F",43,"Brunswick","VIC",52.88,"a10bd7152b7542b4a20340f2b0c36f8d","CUS-4123612273","144.96","-37.77","debit","Fri","21:33:07","21","August"
"434","authorized","1","ACC-2107684084","145.03","-37.88","SALES-POS","4b516659-dccc-4889-95cf-00b09d94b7f8","Richard",2494.36,2018-08-03 07:00:00,"M",22,"Seymour","VIC",17.14,"ee250ab36307428396634327697357f1","CUS-2283904812","145.13","-37.02","debit","Fri","21:39:15","21","August"
"435","authorized","1","ACC-1598451071","153.41","-27.95","POS","462e0fdf-e5b3-4d45-ad35-a6d3accb1843","Diana",655.15,2018-08-03 07:00:00,"F",26,"Hope Island","QLD",3.48,"353b2e7565c744a6bcdfac39ef3b6cd6","CUS-2487424745","153.34","-27.87","debit","Fri","21:45:23","21","August"
"436","authorized","1","ACC-2828321672","153.03","-27.51","SALES-POS","9533e9e6-f9ea-49b8-b618-c11146028ba5","Stephanie",377.29,2018-08-03 07:00:00,"F",53,"Booval","QLD",14.65,"a92c12e2079f4bd1ac48dbad681395ce","CUS-1005756958","152.79","-27.61","debit","Fri","21:51:32","21","August"
"437","authorized","1","ACC-3827517394","151.12","-33.89","SALES-POS","3bd6a59a-b049-4f8c-8ba0-c4285f8f5319","Craig",29785.4,2018-08-03 07:00:00,"M",28,"Melbourne","VIC",12.98,"7fdcbef291214e6e956a9e91bdedaf89","CUS-2663907001","144.97","-37.81","debit","Fri","21:57:40","21","August"
"438","authorized","1","ACC-721712940","145.09","-37.82","POS","4907689b-827d-4bb9-ba25-d0625b330a9f","Andrew",50455.12,2018-08-03 07:00:00,"M",78,"Sale","VIC",33.14,"7d3434b0ef214f24bbed872147fb991d","CUS-1646183815","147.07","-38.11","debit","Fri","22:07:56","22","August"
"439","authorized","1","ACC-854938045","147.63","-22.84","SALES-POS","9ce00882-f927-41b8-a030-c286f9c478e7","James",6768.48,2018-08-03 07:00:00,"M",28,"Kew","VIC",98.17,"23b45c8c57324ce3bac56fe85f24fb28","CUS-4023861240","145.04","-37.81","debit","Fri","22:20:46","22","August"
"440","authorized","1","ACC-1598451071","153.41","-27.95","POS","8fdb5fa1-582e-427b-9898-5bd6d3b82311","Diana",610.1,2018-08-03 07:00:00,"F",26,"Casuarina","NSW",45.05,"845f4820b2284a6bb927cd2b3baf34af","CUS-2487424745","153.57","-28.3","debit","Fri","22:33:35","22","August"
"441","authorized","1","ACC-1903037542","153.05","-27.61","SALES-POS","5b645982-1673-4af2-a53f-af46c7fd6601","Jeffrey",1354.78,2018-08-03 07:00:00,"M",30,"Camp Hill","QLD",35.7,"960c1229cdeb432a8e6fca16424e767d","CUS-860700529","153.08","-27.5","debit","Fri","22:46:24","22","August"
"442","authorized","1","ACC-2014856841","144.99","-37.90","POS","59626c1c-832a-4779-bd27-616214df91be","Patrick",260342.02,2018-08-03 07:00:00,"M",46,"Doncaster","VIC",122.81,"a99e295f07254cabab3833d1bf239caa","CUS-2370108457","145.13","-37.78","debit","Fri","22:59:13","22","August"
"443","posted",NA,"ACC-3541460373","145.00","-37.83","PAYMENT",NA,"Jeffrey",2363.1,2018-08-03 07:00:00,"M",24,NA,NA,41,"9d5a94f2cfe742c59e08810ca09a10be","CUS-1433879684",NA,NA,"debit","Fri","23:00:00","23","August"
"444","authorized","1","ACC-2650850707","148.16","-23.52","SALES-POS","6e829426-63c4-4042-8ba3-d657464d4519","Brian",103413.04,2018-08-03 07:00:00,"M",42,"Parkes","NSW",53.34,"18ddca4dd414466e90356ac9fd78f2f3","CUS-2819545904","148.17","-33.13","debit","Fri","23:13:14","23","August"
"445","authorized","1","ACC-3741880913","150.50","-23.40","POS","a3c73b8b-be80-4609-afde-8cf5569923e7","Ashley",4855.43,2018-08-03 07:00:00,"F",25,"Rockhampton City","QLD",15.35,"979c1ee0e11e4dc0aa25a62d4039d264","CUS-1220154422","150.51","-23.38","debit","Fri","23:27:19","23","August"
"446","authorized","1","ACC-414431115","142.77","-37.06","POS","fead27c2-a33d-4870-9cce-29f199b117ad","Amy",1531.92,2018-08-03 07:00:00,"F",43,"Castlemaine","VIC",39.24,"5df47d0a623f4cd087b714ab59406ad6","CUS-2599279756","144.22","-37.06","debit","Fri","23:41:24","23","August"
"447","authorized","0","ACC-90814749","151.68","-32.98","POS","5e4447f8-8083-40eb-b75f-f7e9a0583d3c","Christopher",5855.3,2018-08-04 07:00:00,"M",35,"Peterborough","SA",21.38,"2692d71617a94c97b2a94677bd71c947","CUS-1896554896","138.84","-32.97","debit","Sat","00:29:33","00","August"
"448","authorized","1","ACC-1652235822","144.89","-37.81","SALES-POS","b66746aa-d7ac-44e6-97d2-a53fc97c3334","Renee",18660.01,2018-08-04 07:00:00,"F",38,"Mount Waverley","VIC",8.81,"29d28ba2337f4038a4fefdfe85cf58d9","CUS-2206365095","145.14","-37.89","debit","Sat","01:05:27","01","August"
"449","authorized","1","ACC-4281711154","144.98","-37.84","SALES-POS","21e5f1e5-92db-46b6-bf42-2039fd9cc52a","Eric",33235.73,2018-08-04 07:00:00,"M",42,"Abbotsford","VIC",1909.04,"68d4017532ce4d1ba9c163ce7e8568be","CUS-3151318058","145","-37.8","debit","Sat","01:23:38","01","August"
"450","authorized","1","ACC-4065652575","115.81","-31.82","SALES-POS","d623a279-3e39-4058-ba06-097a0aafa130","Lucas",2276.76,2018-08-04 07:00:00,"M",21,"Innaloo","WA",8.26,"c36512dc8ab24e37affff16e6ab2cf59","CUS-1117979751","115.8","-31.9","debit","Sat","01:41:49","01","August"
"451","authorized","1","ACC-1998563091","149.03","-35.25","POS","8009fd96-fd9e-4a11-b72e-34f051f315fa","David",13218.65,2018-08-04 07:00:00,"M",42,"Blackwater","QLD",51.59,"1bca38c5b867487fa1a13205264f58ae","CUS-3395687666","148.89","-23.58","debit","Sat","01:59:59","01","August"
"452","posted",NA,"ACC-3481401842","115.74","-31.72","PAYMENT",NA,"Tiffany",1412.7,2018-08-04 07:00:00,"F",25,NA,NA,26,"087be2710024472cb4ce36e1ed5067f1","CUS-1669695324",NA,NA,"debit","Sat","02:00:00","02","August"
"453","posted",NA,"ACC-2673069055","152.99","-27.49","PAYMENT",NA,"Richard",11150.76,2018-08-04 07:00:00,"M",24,NA,NA,128,"e4714463490246729908241977ba8bbf","CUS-51506836",NA,NA,"debit","Sat","02:00:00","02","August"
"454","authorized","1","ACC-4281711154","144.98","-37.84","POS","13eded63-7e1c-455c-a27b-27c47e39a1c6","Eric",33197.1,2018-08-04 07:00:00,"M",42,"Noble Park","VIC",38.63,"a5c2fcfeb93a4cc081d8b2c00185267b","CUS-3151318058","145.18","-37.95","debit","Sat","02:26:18","02","August"
"455","authorized","0","ACC-1344825761","151.09","-33.91","POS","7a6204b2-c42b-42a2-a432-2110027fb828","Sarah",13556.17,2018-08-04 07:00:00,"F",46,"Clare","SA",5.62,"845b55224c5a4c6483923500ad8c308d","CUS-1499065773","138.61","-33.83","debit","Sat","02:52:37","02","August"
"456","authorized","1","ACC-3827517394","151.12","-33.89","POS","1827d393-4034-4c80-88a5-1cd6ac9deddd","Craig",29770.05,2018-08-04 07:00:00,"M",28,"Baulkham Hills","NSW",15.35,"b5677909a32a4c37af9df7ef7d29cced","CUS-2663907001","150.99","-33.76","debit","Sat","03:51:25","03","August"
"457","posted",NA,"ACC-2828321672","153.03","-27.51","PAYMENT",NA,"Stephanie",229.29,2018-08-04 07:00:00,"F",53,NA,NA,148,"74bec43b3fd04e34bc6a631ac01c8a7a","CUS-1005756958",NA,NA,"debit","Sat","04:00:00","04","August"
"458","posted",NA,"ACC-964839203","146.92","-36.07","PAYMENT",NA,"Michael",29416.62,2018-08-04 07:00:00,"M",21,NA,NA,28,"e4b0391fea4d40a6acdc71686aee5686","CUS-2059096722",NA,NA,"debit","Sat","04:00:00","04","August"
"459","authorized","0","ACC-4258502723","145.45","-37.74","POS","036455f7-7c1f-44df-8ae6-fe2948d97df6","Kimberly",489.18,2018-08-04 07:00:00,"F",24,"Melbourne Airport","VIC",11.84,"6149ffba1e5a45ee82d554ef7a9950d3","CUS-3378712515","144.86","-37.68","debit","Sat","04:19:33","04","August"
"460","authorized","1","ACC-1598451071","153.41","-27.95","SALES-POS","324eaa2a-4b1a-470b-a923-b94e72b7a8c2","Diana",587.87,2018-08-04 07:00:00,"F",26,"Upper Coomera","QLD",22.23,"c1534bac40344744b272fc08140e9696","CUS-2487424745","153.31","-27.86","debit","Sat","04:41:46","04","August"
"461","posted",NA,"ACC-1652235822","144.89","-37.81","PAYMENT",NA,"Renee",18615.01,2018-08-04 07:00:00,"F",38,NA,NA,45,"6a57c7f8d47e4332a4cd00392c14f498","CUS-2206365095",NA,NA,"debit","Sat","05:00:00","05","August"
"462","posted",NA,"ACC-1650504218","145.01","-37.93","PAYMENT",NA,"Marissa",1914.08,2018-08-04 07:00:00,"F",23,NA,NA,43,"f22ff82e68ee4e17a451907fbf79c1e1","CUS-2500783281",NA,NA,"debit","Sat","05:00:00","05","August"
"463","posted",NA,"ACC-4281711154","144.98","-37.84","PAYMENT",NA,"Eric",33160.1,2018-08-04 07:00:00,"M",42,NA,NA,37,"fe2c67d6819d4af294fff2abd85ce2ef","CUS-3151318058",NA,NA,"debit","Sat","05:00:00","05","August"
"464","posted",NA,"ACC-3941181087","115.79","-31.94","PAYMENT",NA,"Paul",891.39,2018-08-04 07:00:00,"M",25,NA,NA,85,"e4fbe13b38af4f29930d302e0a3ae328","CUS-3989008654",NA,NA,"debit","Sat","05:00:00","05","August"
"465","authorized","1","ACC-2828321672","153.03","-27.51","SALES-POS","1cfa9b18-b47c-4479-9a8b-ab714ac7409a","Stephanie",207.52,2018-08-04 07:00:00,"F",53,"Noosaville","QLD",21.77,"62bd472c624b4d7aba12a05c72cc22f6","CUS-1005756958","153.06","-26.4","debit","Sat","05:29:59","05","August"
"466","posted",NA,"ACC-3084464802","145.15","-37.76","INTER BANK",NA,"Susan",747.87,2018-08-04 07:00:00,"F",19,NA,NA,76,"bd7fe4d587354612be66b483f2fade84","CUS-1928710999",NA,NA,"debit","Sat","06:00:00","06","August"
"467","authorized","1","ACC-90814749","151.68","-32.98","POS","0437b95e-f8be-4752-b932-305315407ead","Christopher",5817.76,2018-08-04 07:00:00,"M",35,"Millers Forest","NSW",37.54,"eb7c93101f3a4f859326c9952c54679a","CUS-1896554896","151.7","-32.77","debit","Sat","06:54:39","06","August"
"468","authorized","1","ACC-1199531521","116.02","-31.87","POS","bdf4377a-77a8-4634-ae40-db1fd8128577","Billy",3795.1,2018-08-04 07:00:00,"M",52,"Enmore","NSW",6.31,"c75343f5762447f2a4ac6928dc45e5d5","CUS-134833760","151.17","-33.9","debit","Sat","07:34:04","07","August"
"469","authorized","1","ACC-1037050564","153.10","-27.66","POS","55a875c7-6e14-4f60-abce-14da7582698f","Rhonda",1660.14,2018-08-04 07:00:00,"F",40,"Clayfield","QLD",15.25,"c380296b66fb48f5bfa8ce7d5851821a","CUS-1614226872","153.06","-27.42","debit","Sat","08:09:05","08","August"
"470","authorized","1","ACC-2153562714","116.00","-31.88","POS","294193ff-d76e-445f-b240-dea59df2caf8","Linda",772.47,2018-08-04 07:00:00,"F",24,"Broken Hill","NSW",10.94,"4ed969752b794ab09034b65b65437338","CUS-423725039","141.47","-31.94","debit","Sat","08:39:23","08","August"
"471","authorized","1","ACC-2171593283","146.94","-36.04","POS","47d4a2f6-62f6-40d4-b518-857feeb02d33","Fernando",4153.71,2018-08-04 07:00:00,"M",19,"New Norfolk","TAS",54.79,"0b5a6454757544f894982a7177cdaa62","CUS-2317998716","147.06","-42.78","debit","Sat","09:02:29","09","August"
"472","authorized","1","ACC-3100725361","145.73","-17.03","POS","d5b4b0fe-b691-4681-9998-a0442ae08fea","Ronald",2001.93,2018-08-04 07:00:00,"M",25,"Melbourne","VIC",30.99,"484307b376ca421e8fdae3697df041f0","CUS-2178051368","144.97","-37.81","debit","Sat","09:10:18","09","August"
"473","authorized","1","ACC-1037050564","153.10","-27.66","POS","a7058552-ddef-4ba2-a9a8-8d50ab7aa081","Rhonda",1655.05,2018-08-04 07:00:00,"F",40,"Gumdale","QLD",5.09,"c3597e4626184c75b78e94ecb30dcd0f","CUS-1614226872","153.15","-27.49","debit","Sat","09:18:07","09","August"
"474","authorized","1","ACC-2901672282","255.00","-573.00","POS","ac9555e4-9c7c-486b-9e65-07e2e918dd0b","Daniel",4473.55,2018-08-04 07:00:00,"M",22,"Oakleigh","VIC",17.3,"9467d030d2b84b4dbc419e8230fd9361","CUS-1617121891","145.09","-37.9","debit","Sat","09:25:56","09","August"
"475","authorized","0","ACC-1598451071","153.41","-27.95","SALES-POS","75b65ffc-1abf-4fae-9ab9-44a41247bb5a","Diana",557.43,2018-08-04 07:00:00,"F",26,"Oxenford","QLD",30.44,"2e019304a1bd47dc992d21255b24e165","CUS-2487424745","153.31","-27.89","debit","Sat","09:33:44","09","August"
"476","authorized","1","ACC-1652235822","144.89","-37.81","POS","b9e09fbc-1e21-41af-b6c8-82285c8df261","Renee",18596.61,2018-08-04 07:00:00,"F",38,"Burwood","VIC",18.4,"86c5da3cee38469d9c1a73513af1d579","CUS-2206365095","145.1","-37.85","debit","Sat","09:49:22","09","August"
"477","authorized","1","ACC-1344825761","151.09","-33.91","SALES-POS","0fadddf3-a178-4d76-8d7a-f4352b2434a2","Sarah",13523.96,2018-08-04 07:00:00,"F",46,"Clovelly","NSW",32.21,"0a8d7e79cfe14650989ea21009d0c51b","CUS-1499065773","151.26","-33.91","debit","Sat","09:57:11","09","August"
"478","authorized","1","ACC-2901672282","255.00","-573.00","SALES-POS","ac9555e4-9c7c-486b-9e65-07e2e918dd0b","Daniel",4456.55,2018-08-04 07:00:00,"M",22,"Oakleigh","VIC",17,"9bf5a9c4627f4b84b16d226434842b05","CUS-1617121891","145.09","-37.9","debit","Sat","10:06:09","10","August"
"479","authorized","1","ACC-1037050564","153.10","-27.66","POS","6282ba45-37bf-4df2-be1b-596e839d5588","Rhonda",1646.98,2018-08-04 07:00:00,"F",40,"Goodna","QLD",8.07,"9aad6e2e9a874b5f89c9687d8d4f4ebb","CUS-1614226872","152.89","-27.62","debit","Sat","10:15:46","10","August"
"480","authorized","1","ACC-1683215619","138.67","-34.86","POS","c517e9ce-fba4-4269-ac69-739d51ef969b","Barry",109.84,2018-08-04 07:00:00,"M",38,"Armidale","NSW",45.98,"9428ac7ee7314ce08052d4d9f572e7bf","CUS-1604596597","151.67","-30.52","debit","Sat","10:25:23","10","August"
"481","authorized","1","ACC-2265520058","151.27","-33.85","SALES-POS","f2c76ff1-b59a-4739-8e40-fa5cde1289c5","Catherine",18.45,2018-08-04 07:00:00,"F",26,"South Hurstville","NSW",22.32,"bc07760e31424f80be5ef05e37e4070e","CUS-331942311","151.11","-33.98","debit","Sat","10:34:59","10","August"
"482","authorized","1","ACC-1598451071","153.41","-27.95","SALES-POS","34d6657a-ebdf-489d-bb90-86dcf4d94639","Diana",546.21,2018-08-04 07:00:00,"F",26,"Robina","QLD",11.22,"15eef4224ab34d2bbd3151ba53c17327","CUS-2487424745","153.39","-28.09","debit","Sat","10:44:36","10","August"
"483","authorized","1","ACC-182446574","116.06","-32.00","SALES-POS","7a696b6f-7586-4d4d-a2c6-e32904de84dd","Tonya",2775.14,2018-08-04 07:00:00,"F",27,"Ceduna","SA",27.26,"416d3f1306bc4b92bcd10f10e81244a1","CUS-3026014945","133.67","-32.13","debit","Sat","10:54:13","10","August"
"484","posted",NA,"ACC-1199531521","116.02","-31.87","INTER BANK",NA,"Billy",3712.1,2018-08-04 07:00:00,"M",52,NA,NA,83,"a3f7f32671ac42dfadd49830fbd442b1","CUS-134833760",NA,NA,"debit","Sat","11:00:00","11","August"
"485","authorized","1","ACC-966140392","147.08","-37.97","SALES-POS","354f40cb-55bc-4a81-a00d-c7faede29f8b","Joseph",3148.44,2018-08-04 07:00:00,"M",21,"Mordialloc","VIC",10.22,"403a683e95854861bd87cc57a8db8c4e","CUS-537508723","145.09","-38.01","debit","Sat","11:03:10","11","August"
"486","authorized","1","ACC-3689607373","115.79","-31.79","SALES-POS","4a873909-4fa6-4814-8ee4-965aef03f8b2","Virginia",1886.47,2018-08-04 07:00:00,"F",20,"Yokine","WA",13.67,"180f6ddf267d4b5b9ad5eddb3b629b63","CUS-127297539","115.85","-31.91","debit","Sat","11:11:06","11","August"
"487","authorized","0","ACC-1598451071","153.41","-27.95","SALES-POS","f4435455-d276-40ae-b24f-a4a6fbbe9916","Diana",538.62,2018-08-04 07:00:00,"F",26,"Alexandra Hills","QLD",7.59,"229e4e36180f4b388c8f215f797cf520","CUS-2487424745","153.22","-27.52","debit","Sat","11:19:02","11","August"
"488","authorized","1","ACC-414431115","142.77","-37.06","SALES-POS","106e1272-44ab-4dcb-a438-dd98e0071e51","Amy",1506.99,2018-08-04 07:00:00,"F",43,"Eden","NSW",24.93,"6e9488285000422284b89c8272a97736","CUS-2599279756","149.9","-37.06","debit","Sat","11:26:59","11","August"
"489","authorized","1","ACC-3317636250","153.02","-27.66","SALES-POS","8875d96e-09c6-4eeb-a080-e185fbcfc278","Kenneth",2582.41,2018-08-04 07:00:00,"M",35,"Birkdale","QLD",38.06,"15ce948d953749dca38d9bf432cf3453","CUS-2738291516","153.22","-27.49","debit","Sat","11:34:55","11","August"
"490","authorized","1","ACC-3100725361","145.73","-17.03","SALES-POS","ceffdb95-20cb-44ac-a651-8d3f14da18a1","Ronald",1973.48,2018-08-04 07:00:00,"M",25,"Cairns City","QLD",28.45,"731786cad5c54688a0bf426aa44ea683","CUS-2178051368","145.77","-16.93","debit","Sat","11:42:51","11","August"
"491","authorized","1","ACC-1037050564","153.10","-27.66","SALES-POS","2e7749e4-91da-4f3d-b182-b6a1e9dad3a0","Rhonda",1522.37,2018-08-04 07:00:00,"F",40,"Brisbane City","QLD",124.61,"2db944c070f5458098051b3f4eb4b027","CUS-1614226872","153.02","-27.47","debit","Sat","11:58:43","11","August"
"492","posted",NA,"ACC-2615038700","145.35","-38.03","PAYMENT",NA,"Emily",28568.11,2018-08-04 07:00:00,"F",43,NA,NA,560,"e5f74049a432462fa9417ca2c4002add","CUS-3255104878",NA,NA,"debit","Sat","12:00:00","12","August"
"493","posted",NA,"ACC-1998563091","149.03","-35.25","PAYMENT",NA,"David",13173.65,2018-08-04 07:00:00,"M",42,NA,NA,45,"f74358738a89472d87c2e2c7e11b395c","CUS-3395687666",NA,NA,"debit","Sat","12:00:00","12","August"
"494","authorized","1","ACC-1037050564","153.10","-27.66","POS","5ff7b607-5c7e-48ea-b3f1-5af6effabde5","Rhonda",1421.27,2018-08-04 07:00:00,"F",40,"Mitcham","VIC",101.1,"b307071967394ce3b42fee81a78a6daa","CUS-1614226872","145.19","-37.82","debit","Sat","12:14:14","12","August"
"495","authorized","1","ACC-966140392","147.08","-37.97","SALES-POS","19213a49-6d92-4728-a9b8-e42d8be8f0d7","Joseph",3128.75,2018-08-04 07:00:00,"M",21,"Chelsea","VIC",19.69,"82f9c5632e7243c7a28902386625ca43","CUS-537508723","145.12","-38.05","debit","Sat","12:31:11","12","August"
"496","authorized","0","ACC-1037050564","153.10","-27.66","POS","96597495-1fc0-496e-b131-e9667c9f72aa","Rhonda",1376.53,2018-08-04 07:00:00,"F",40,"Birkdale","QLD",44.74,"b7ca1314c4e24b009453bb1c204e9c8b","CUS-1614226872","153.22","-27.49","debit","Sat","12:48:08","12","August"
"497","posted",NA,"ACC-90814749","151.68","-32.98","INTER BANK",NA,"Christopher",5773.76,2018-08-04 07:00:00,"M",35,NA,NA,44,"9b593371b78b4f18800e83d3b7edd980","CUS-1896554896",NA,NA,"debit","Sat","13:00:00","13","August"
"498","authorized","1","ACC-37709441","153.41","-28.01","POS","49e0801d-8708-42bc-b967-7a8a9ba8495a","Charles",58.67,2018-08-04 07:00:00,"M",18,"Reedy Creek","QLD",6.81,"ef85fffdb99f4357b4389add3087d813","CUS-3336454548","153.4","-28.1","debit","Sat","13:05:15","13","August"
"499","authorized","1","ACC-2231965366","144.96","-37.84","POS","5d1d344f-30dc-468c-afc5-3fe3c241a550","Linda",1404.05,2018-08-04 07:00:00,"F",35,"Melbourne","VIC",13.57,"f8dcc5a6550e4c8fb001e1ca3943fc9d","CUS-2155701614","144.96","-37.81","debit","Sat","13:22:48","13","August"
"500","authorized","1","ACC-3881031190","149.19","-21.15","SALES-POS","060440a9-38ef-400b-afe3-e84b6df24804","Richard",1296.71,2018-08-04 07:00:00,"M",37,"Queanbeyan","NSW",32.56,"2df0b1ece52f4d0ba9d47d984737d259","CUS-3201519139","149.23","-35.35","debit","Sat","13:40:21","13","August"
"501","authorized","0","ACC-2901672282","255.00","-573.00","POS","e888ea98-4249-485d-a03d-531742ecbfad","Daniel",4381.54,2018-08-04 07:00:00,"M",22,"Bella Vista","NSW",75.01,"ffb5612974c8491aa0879d50c642d853","CUS-1617121891","150.95","-33.74","debit","Sat","13:57:53","13","August"
"502","posted",NA,"ACC-37709441","153.41","-28.01","INTER BANK",NA,"Charles",13.67,2018-08-04 07:00:00,"M",18,NA,NA,45,"8c4309cd34c7467db37bff8ce168912e","CUS-3336454548",NA,NA,"debit","Sat","14:00:00","14","August"
"503","authorized","1","ACC-966140392","147.08","-37.97","SALES-POS","e3599c35-de73-4ee4-8cf9-ebd6c671aaf5","Joseph",3121.59,2018-08-04 07:00:00,"M",21,"Geelong","VIC",7.16,"8367242d2bbb433e82138b72b338909c","CUS-537508723","144.36","-38.15","debit","Sat","14:07:23","14","August"
"504","authorized","0","ACC-38923874","151.27","-33.90","SALES-POS","439114e2-5884-4f53-98ba-137837e1de64","Ryan",30318.08,2018-08-04 07:00:00,"M",38,"Liverpool Bc","NSW",16.74,"43f882f39932408f85893070b4e37f23","CUS-3249305314","150.93","-33.92","debit","Sat","14:24:12","14","August"
"505","authorized","1","ACC-2897221629","150.90","-34.37","SALES-POS","7af23a92-3b44-4157-be22-8d64d1f410c7","Scott",4.45,2018-08-04 07:00:00,"M",23,"Sydney","NSW",14.62,"76c24f7139e5427bb089a8b1af70cbfe","CUS-511326734","151.21","-33.87","debit","Sat","14:32:36","14","August"
"506","authorized","0","ACC-414431115","142.77","-37.06","SALES-POS","106e1272-44ab-4dcb-a438-dd98e0071e51","Amy",1480.69,2018-08-04 07:00:00,"F",43,"Eden","NSW",26.3,"750572fbd164408ca8053af2eeae54ce","CUS-2599279756","149.9","-37.06","debit","Sat","14:41:00","14","August"
"507","authorized","1","ACC-1344825761","151.09","-33.91","SALES-POS","d6326066-ca2b-4669-bd55-d38a8e42a52b","Sarah",13485.19,2018-08-04 07:00:00,"F",46,"Zetland","NSW",38.77,"182504341e27447b89770d03312a71e1","CUS-1499065773","151.21","-33.91","debit","Sat","14:49:24","14","August"
"508","authorized","1","ACC-2153562714","116.00","-31.88","POS","57865c1f-5a8e-41d3-8086-f1b7650cd26c","Linda",721.97,2018-08-04 07:00:00,"F",24,"Balcatta","WA",50.5,"8c7348d9fd004068b98187fb89826a3a","CUS-423725039","115.82","-31.86","debit","Sat","14:57:48","14","August"
"509","posted",NA,"ACC-1890605467","143.88","-37.66","INTER BANK",NA,"Alexander",5587.25,2018-08-04 07:00:00,"M",38,NA,NA,133,"a8735aaa4075479cbe25a420cbf295d5","CUS-1478398256",NA,NA,"debit","Sat","15:00:00","15","August"
"510","authorized","1","ACC-3881031190","149.19","-21.15","SALES-POS","5ff89e86-7943-46b9-a557-69da5ac35d9d","Richard",1253.25,2018-08-04 07:00:00,"M",37,"Lyons","ACT",43.46,"7a5deb3f1fe84e08b9fa6f5d8a50daf6","CUS-3201519139","149.08","-35.34","debit","Sat","15:08:07","15","August"
"511","authorized","1","ACC-2305712452","138.61","-34.89","POS","236f3828-3ed5-4d88-af13-9f6ec9571e38","Debra",77.21,2018-08-04 07:00:00,"F",18,"Leabrook","SA",9.7,"e45986fc5cdb4356b6d093ac8b000b89","CUS-1842679196","138.65","-34.93","debit","Sat","15:30:06","15","August"
"512","authorized","1","ACC-1890605467","143.88","-37.66","SALES-POS","404dcd84-8176-476a-bd48-afe561bc1ce8","Alexander",5720.25,2018-08-04 07:00:00,"M",38,"Melbourne Airport","VIC",27.97,"21d1a11390084c94beeaa8a6520da115","CUS-1478398256","144.85","-37.67","debit","Sat","15:41:05","15","August"
"513","authorized","1","ACC-154431271","153.09","-27.48","SALES-POS","0aecb3cb-378d-4e37-8d63-24e6f9a2b76a","Lori",8.99,2018-08-04 07:00:00,"F",18,"Taringa","QLD",6.94,"bf4bf20f2aef47bfb94bb2a7e9280634","CUS-3702001629","152.98","-27.49","debit","Sat","15:52:05","15","August"
"514","posted",NA,"ACC-2920611728","144.96","-37.76","PAYMENT",NA,"Tyler",1931.27,2018-08-04 07:00:00,"M",69,NA,NA,17,"4e44b90cf8b5479aa28e30fa5d66ada7","CUS-1388323263",NA,NA,"debit","Sat","16:00:00","16","August"
"515","posted",NA,"ACC-2650850707","148.16","-23.52","INTER BANK",NA,"Brian",103295.04,2018-08-04 07:00:00,"M",42,NA,NA,118,"feef3a9b6e5e41b0a09636da74ba7723","CUS-2819545904",NA,NA,"debit","Sat","16:00:00","16","August"
"516","authorized","1","ACC-1799207998","150.68","-33.79","POS","11a3a04e-5bd3-4437-9c22-9902e7fbcf87","Susan",1390.36,2018-08-04 07:00:00,"F",20,"Dee Why","NSW",13.19,"5998016ea1584c66b0fc2270b79bcfdd","CUS-164374203","151.28","-33.75","debit","Sat","16:04:35","16","August"
"517","authorized","1","ACC-3485804958","138.52","-35.01","SALES-POS","7d696bdc-85a1-4d60-bedc-55babcf767cb","Jessica",16223.21,2018-08-04 07:00:00,"F",34,"Wagga Wagga","NSW",29.55,"a76f4857075e4c2f9f27b5c2ed0f3a71","CUS-1196156254","147.37","-35.12","debit","Sat","16:20:59","16","August"
"518","authorized","1","ACC-182446574","116.06","-32.00","POS","efa1497d-0e04-4af4-a0da-155d4986fc62","Tonya",2750.07,2018-08-04 07:00:00,"F",27,"Manning","WA",25.07,"a4afc2964ffb43f2b510d3a25af8e436","CUS-3026014945","115.87","-32.01","debit","Sat","16:37:22","16","August"
"519","authorized","1","ACC-4065652575","115.81","-31.82","POS","8bfd095a-2403-4c09-8ce5-31b670b46931","Lucas",2256.46,2018-08-04 07:00:00,"M",21,"Nannup","WA",20.3,"50276e07d12a4064ac912b6633bc449c","CUS-1117979751","115.76","-33.98","debit","Sat","16:53:46","16","August"
"520","posted",NA,"ACC-2259139624","144.66","-37.91","PAYMENT",NA,"Cindy",731.34,2018-08-04 07:00:00,"F",19,NA,NA,112,"e4b90cfd7c3d4642af514d5388dd3e61","CUS-3174332735",NA,NA,"debit","Sat","17:00:00","17","August"
"521","posted",NA,"ACC-854938045","147.63","-22.84","PAYMENT",NA,"James",6719.48,2018-08-04 07:00:00,"M",28,NA,NA,49,"c972a145d1b4495384e597423c636cc4","CUS-4023861240",NA,NA,"debit","Sat","17:00:00","17","August"
"522","authorized","0","ACC-1683215619","138.67","-34.86","POS","86f838e5-2161-4e93-b259-43f5ff0db914","Barry",79.89,2018-08-04 07:00:00,"M",38,"Nowra","NSW",29.95,"c1dd0cd3a65b4bff847166a89bfafee8","CUS-1604596597","150.61","-34.89","debit","Sat","17:06:53","17","August"
"523","authorized","1","ACC-3541460373","145.00","-37.83","SALES-POS","4159b40b-5139-404b-9b88-f858db684cba","Jeffrey",2353.8,2018-08-04 07:00:00,"M",24,"Melbourne","VIC",9.3,"040abafbfba344209e88924bc6450a9c","CUS-1433879684","144.97","-37.81","debit","Sat","17:17:59","17","August"
"524","authorized","1","ACC-1608363396","151.22","-33.87","POS","692862f7-68d5-4a19-a03f-13e4503e07e8","Robert",1598.7,2018-08-04 07:00:00,"M",20,"Parramatta","NSW",25.83,"139e63a5772f44c68c4a23fe936ee308","CUS-2688605418","151","-33.82","debit","Sat","17:29:06","17","August"
"525","authorized","1","ACC-182446574","116.06","-32.00","POS","92ca67e5-9685-4f4f-b6b3-31e5aa2d929b","Tonya",2737.88,2018-08-04 07:00:00,"F",27,"Ballajura","WA",12.19,"f43fd9a45a3941d3966420c55a0ee864","CUS-3026014945","115.88","-31.85","debit","Sat","17:40:13","17","August"
"526","authorized","1","ACC-53508546","150.62","-33.76","POS","ecaf1382-48ea-4028-970d-fdcaa367fc0f","Kimberly",973.14,2018-08-04 07:00:00,"F",35,"North Rocks","NSW",23.83,"d7b5d2ccd4da4747ab0cf5982fc93c0b","CUS-72755508","151.02","-33.78","debit","Sat","17:51:19","17","August"
"527","posted",NA,"ACC-958000567","130.90","-12.37","PAYMENT",NA,"Sandra",246.09,2018-08-04 07:00:00,"F",34,NA,NA,17,"168afd2e0af24652901d326fad6b9ada","CUS-4142663097",NA,NA,"debit","Sat","18:00:00","18","August"
"528","authorized","1","ACC-1990648130","114.62","-28.80","SALES-POS","ade44fed-cf6d-4c45-8141-790dadb96d8b","Kaitlyn",1476.4,2018-08-04 07:00:00,"F",21,"Sydney","NSW",36.06,"1684813ec10e41b9a3c0211d842c4ccd","CUS-809013380","151.21","-33.87","debit","Sat","18:04:53","18","August"
"529","authorized","1","ACC-1037050564","153.10","-27.66","POS","713f9e48-f582-4670-a6b1-ac3bed1d4d77","Rhonda",1355.17,2018-08-04 07:00:00,"F",40,"Camp Hill","QLD",21.36,"b706f2bec70945a4828fcbe8d1c441f5","CUS-1614226872","153.07","-27.49","debit","Sat","18:49:19","18","August"
"530","authorized","1","ACC-1990648130","114.62","-28.80","SALES-POS","ca76c244-2b13-4760-8832-3d02d0ef8bae","Kaitlyn",1470.89,2018-08-04 07:00:00,"F",21,"Surry Hills","NSW",5.51,"b193cf10686d495b8b003cce1cf73c79","CUS-809013380","151.21","-33.88","debit","Sat","19:05:42","19","August"
"531","authorized","0","ACC-2890243754","153.32","-27.93","POS","93a49bbd-78ee-4227-b5ed-13e6dc8dd1c4","Joseph",1049.28,2018-08-04 07:00:00,"M",37,"Runaway Bay","QLD",10.38,"5e76841b07824983966b66f8e3d112c0","CUS-2695611575","153.39","-27.91","debit","Sat","19:16:42","19","August"
"532","authorized","1","ACC-2901672282","255.00","-573.00","POS","e957b3e1-e8d7-49a4-98a9-e5feba8b1a74","Daniel",4326.96,2018-08-04 07:00:00,"M",22,"Bondi Junction","NSW",54.58,"fb1537fbbce94c65af282b97ecbba751","CUS-1617121891","151.25","-33.89","debit","Sat","19:27:41","19","August"
"533","authorized","1","ACC-1598451071","153.41","-27.95","POS","a4d581b4-de41-47ae-9f1a-810a14dd318d","Diana",536.62,2018-08-04 07:00:00,"F",26,"Taringa","QLD",2,"a3a4f952a03040a98655205939a3f078","CUS-2487424745","152.97","-27.49","debit","Sat","19:38:40","19","August"
"534","authorized","1","ACC-588564840","151.27","-33.76","POS","d62043e3-70e5-4118-aeb5-1817c846538a","Isaiah",7892.52,2018-08-04 07:00:00,"M",23,"Melbourne","VIC",29.72,"3b029b3fb1b647ee8b0cc79b94e34d0b","CUS-1462656821","144.96","-37.82","debit","Sat","19:49:40","19","August"
"535","posted",NA,"ACC-4258502723","145.45","-37.74","INTER BANK",NA,"Kimberly",461.18,2018-08-04 07:00:00,"F",24,NA,NA,28,"e62d8a2a291448b7890f2b1c6401ff28","CUS-3378712515",NA,NA,"debit","Sat","20:00:00","20","August"
"536","authorized","1","ACC-1903037542","153.05","-27.61","SALES-POS","fa6b4381-10b8-4216-b091-82709cc037fc","Jeffrey",1339.42,2018-08-04 07:00:00,"M",30,"Calliope","NSW",15.36,"ff89d14965544db19737983881080a25","CUS-860700529","153.07","-29.62","debit","Sat","20:00:24","20","August"
"537","authorized","0","ACC-182446574","116.06","-32.00","POS","e6514a3f-0474-4dc3-9362-2d194de84bb2","Tonya",2723.89,2018-08-04 07:00:00,"F",27,"West Perth","WA",13.99,"8bdf71f66d6449aa9d9dd79eadff7c92","CUS-3026014945","115.86","-31.94","debit","Sat","20:07:12","20","August"
"538","authorized","0","ACC-1710017148","150.82","-34.01","SALES-POS","d104c46f-5796-49c9-a5cd-4086bf4b04b8","Michelle",1520.95,2018-08-04 07:00:00,"F",19,"Hurstville","NSW",8.63,"0d32ba19f2904a0288245193757a6791","CUS-883482547","151.1","-33.97","debit","Sat","20:14:00","20","August"
"539","authorized","1","ACC-2615038700","145.35","-38.03","POS","e7535b13-1b7c-4f68-a30a-bf70c0d8da06","Emily",28538.25,2018-08-04 07:00:00,"F",43,"Hawthorn","VIC",29.86,"030a70177b634e619ffa7e8639c7a0e0","CUS-3255104878","145.04","-37.82","debit","Sat","20:27:37","20","August"
"540","authorized","1","ACC-1683215619","138.67","-34.86","POS","dfa7120b-f959-4054-a8ee-81030a94eb0a","Barry",69.59,2018-08-04 07:00:00,"M",38,"Sydney","NSW",10.3,"4dfa962873424f4fa9f96db519a0354e","CUS-1604596597","151.21","-33.87","debit","Sat","20:34:25","20","August"
"541","authorized","0","ACC-2107684084","145.03","-37.88","SALES-POS","a114392c-e324-4316-887b-16846facad41","Richard",2477.96,2018-08-04 07:00:00,"M",22,"Sale","VIC",16.4,"451b3509fc2f4b92b062c5c7c431d280","CUS-2283904812","147.07","-38.11","debit","Sat","20:48:01","20","August"
"542","authorized","1","ACC-3481401842","115.74","-31.72","SALES-POS","f8e3fa04-5d47-4c6b-817e-168c069d8a01","Tiffany",1398.14,2018-08-04 07:00:00,"F",25,"Halls Head","WA",14.56,"5d067a3a33ee44409f5d635a40577219","CUS-1669695324","115.7","-32.55","debit","Sat","20:54:49","20","August"
"543","posted",NA,"ACC-1344825761","151.09","-33.91","PAYMENT",NA,"Sarah",13457.19,2018-08-04 07:00:00,"F",46,NA,NA,28,"3306adf084544e1e8f2b5549ad55a765","CUS-1499065773",NA,NA,"debit","Sat","21:00:00","21","August"
"544","authorized","1","ACC-182446574","116.06","-32.00","SALES-POS","0573359a-48af-4d38-a1a0-00d115cb2654","Tonya",2721.99,2018-08-04 07:00:00,"F",27,"Taree","NSW",1.9,"a516e15ef543435f9f59e3d667e9f8b1","CUS-3026014945","152.46","-31.91","debit","Sat","21:06:01","21","August"
"545","authorized","0","ACC-2249586092","115.98","-32.07","POS","38bc8b72-3917-4e2c-b6ff-605dc71e90f1","Edward",4124.62,2018-08-04 07:00:00,"M",19,"Hamilton Hill","WA",7.34,"58d9911705834543a147e23fa5f27427","CUS-443776336","115.77","-32.08","debit","Sat","21:10:52","21","August"
"546","authorized","1","ACC-1608363396","151.22","-33.87","SALES-POS","6457e617-f317-4fc2-be31-b44f41be1148","Robert",1588.22,2018-08-04 07:00:00,"M",20,"Warriewood","NSW",10.48,"b3675d65a9724844861944872f62bffc","CUS-2688605418","151.29","-33.69","debit","Sat","21:15:43","21","August"
"547","authorized","0","ACC-3100725361","145.73","-17.03","SALES-POS","7d06d8a4-d6ce-4dd2-b4d7-dde94d1ff630","Ronald",1952.02,2018-08-04 07:00:00,"M",25,"Burnie","TAS",21.46,"0015431694b1425a807107c872c11f01","CUS-2178051368","145.91","-41.05","debit","Sat","21:25:26","21","August"
"548","authorized","1","ACC-3541460373","145.00","-37.83","SALES-POS","6c97fa19-15f7-4be4-a1ce-2ef7ddb79eb6","Jeffrey",2307.67,2018-08-04 07:00:00,"M",24,"Marlo","VIC",46.13,"d72ec18fd3b3498591092736649530ac","CUS-1433879684","148.53","-37.8","debit","Sat","21:30:17","21","August"
"549","authorized","1","ACC-2828321672","153.03","-27.51","POS","fb435e4d-6df1-422e-9324-73c442aaeeab","Stephanie",183.91,2018-08-04 07:00:00,"F",53,"Maroochydore","QLD",23.61,"7625cdeba1a2482fba726bff310328a8","CUS-1005756958","153.07","-26.64","debit","Sat","21:35:08","21","August"
"550","authorized","1","ACC-2901672282","255.00","-573.00","SALES-POS","3bd6a59a-b049-4f8c-8ba0-c4285f8f5319","Daniel",4313.91,2018-08-04 07:00:00,"M",22,"Melbourne","VIC",13.05,"4c65c690d26f400996ee8358d7c4fed8","CUS-1617121891","144.97","-37.81","debit","Sat","21:44:51","21","August"
"551","authorized","1","ACC-2901672282","255.00","-573.00","SALES-POS","1755f299-52e5-4489-a5ce-d86c236a351c","Daniel",4164,2018-08-04 07:00:00,"M",22,"St Leonards","NSW",149.91,"07dfca1297364718bd195043093ae430","CUS-1617121891","151.19","-33.82","debit","Sat","21:49:42","21","August"
"552","authorized","0","ACC-182446574","116.06","-32.00","SALES-POS","04492b94-5be6-42f0-a8fa-93bc4c0f0e56","Tonya",2710.38,2018-08-04 07:00:00,"F",27,"Success","WA",11.61,"75117376f5254db3be85f238f49263a7","CUS-3026014945","115.86","-32.13","debit","Sat","21:54:33","21","August"
"553","authorized","0","ACC-1598451071","153.41","-27.95","POS","248b0daa-3681-4ce7-aa87-60941e754b15","Diana",528.53,2018-08-04 07:00:00,"F",26,"Coolangatta","QLD",8.09,"28bcde4a2850428f84411c555b5c1d97","CUS-2487424745","153.53","-28.17","debit","Sat","21:59:25","21","August"
"554","posted",NA,"ACC-1799207998","150.68","-33.79","PAYMENT",NA,"Susan",1360.36,2018-08-04 07:00:00,"F",20,NA,NA,30,"5442274bd1e94932868a232989cf922b","CUS-164374203",NA,NA,"debit","Sat","22:00:00","22","August"
"555","authorized","0","ACC-3481401842","115.74","-31.72","SALES-POS","5a2243d3-89d3-46c9-b18c-62ec3f7455f8","Tiffany",1378.79,2018-08-04 07:00:00,"F",25,"Kenwick","WA",19.35,"c33c3e9a39614a0a860eccc9fea81b1f","CUS-1669695324","115.98","-32.03","debit","Sat","22:10:59","22","August"
"556","authorized","1","ACC-1973887809","115.78","-31.90","POS","a7c6ec83-1423-4978-83b4-3e3c35528bba","Antonio",424.7,2018-08-04 07:00:00,"M",26,"Murrurundi","NSW",5.09,"2515baacbfb4447fac62c1d18615a93c","CUS-1646621553","150.84","-31.76","debit","Sat","22:23:29","22","August"
"557","authorized","1","ACC-1973887809","115.78","-31.90","SALES-POS","dec98c7f-de17-4533-bd06-f6e5acd537b6","Antonio",408.24,2018-08-04 07:00:00,"M",26,"Broken Hill","NSW",16.46,"80c0b5cdee4149a3ad8d6285abd5c548","CUS-1646621553","141.45","-31.96","debit","Sat","22:35:59","22","August"
"558","authorized","1","ACC-182446574","116.06","-32.00","POS","4d1c882d-8b38-4de0-8b1d-c486d2202d2e","Tonya",2693.06,2018-08-04 07:00:00,"F",27,"Gloucester","NSW",17.32,"ed8ce184b93e40ca95ee9ebb542f41cb","CUS-3026014945","151.96","-32.01","debit","Sat","22:48:29","22","August"
"559","posted",NA,"ACC-2014856841","144.99","-37.90","PAYMENT",NA,"Patrick",260299.02,2018-08-04 07:00:00,"M",46,NA,NA,43,"1308fa8b48bd4594bb60d94a5d87070c","CUS-2370108457",NA,NA,"debit","Sat","23:00:00","23","August"
"560","authorized","1","ACC-1037050564","153.10","-27.66","SALES-POS","18f0643a-1e62-45dd-8d7e-588320cae569","Rhonda",1209.45,2018-08-04 07:00:00,"F",40,"Slacks Creek","QLD",145.72,"afa25129eff947d8badea8226c61f767","CUS-1614226872","153.13","-27.64","debit","Sat","23:01:06","23","August"
"561","authorized","0","ACC-1349834573","145.17","-37.84","SALES-POS","e288a819-9b84-424f-b17c-e4e4869472b4","Matthew",6782.79,2018-08-04 07:00:00,"M",39,"Mount Gambier","SA",45.13,"659020e8a1774685aa3aaadfea6db06f","CUS-1790886359","140.78","-37.83","debit","Sat","23:14:59","23","August"
"562","authorized","1","ACC-3481401842","115.74","-31.72","SALES-POS","0d595588-4086-4eea-8769-2050d4e0a7f0","Tiffany",1367.02,2018-08-04 07:00:00,"F",25,"Koondoola","WA",11.77,"c43c0856c42548c1bbd0f64e73160700","CUS-1669695324","115.86","-31.84","debit","Sat","23:28:53","23","August"
"563","authorized","1","ACC-3021093232","149.83","-29.47","POS","7a47b653-e78d-49a1-bde2-7612784ff994","Melissa",84.8,2018-08-04 07:00:00,"F",30,"Maclean","NSW",8.26,"187fc99fb4564111957f6c797b16389b","CUS-55310383","153.2","-29.46","debit","Sat","23:42:46","23","August"
"564","authorized","1","ACC-1516130869","130.84","-12.45","SALES-POS","4af9af34-b5de-4063-bd48-664840bbaea2","Jessica",19.34,2018-08-04 07:00:00,"F",21,"Holtze","NT",18.65,"5cb2010209234fe98044822963f5cf24","CUS-325142416","130.97","-12.45","debit","Sat","23:56:39","23","August"
"565","authorized","1","ACC-1710017148","150.82","-34.01","POS","6c3b88a4-3876-4699-ad9d-58424bc073dc","Michelle",1493.27,2018-08-05 07:00:00,"F",19,"Brookvale","NSW",27.68,"80ce35066c08432a9b9ea75dca302d82","CUS-883482547","151.27","-33.76","debit","Sun","00:44:42","00","August"
"566","authorized","1","ACC-1608363396","151.22","-33.87","POS","32b40a6c-0864-4261-b2f0-dc02f5347df0","Robert",1569.04,2018-08-05 07:00:00,"M",20,"Esperance","WA",19.18,"af4b826316d24ff285a0b46e64cf0bf2","CUS-2688605418","121.89","-33.86","debit","Sun","01:21:45","01","August"
"567","authorized","1","ACC-4274272854","145.23","-37.86","POS","d00f8335-63b0-44a2-8584-158ee558ec6f","Timothy",2521.5,2018-08-05 07:00:00,"M",20,"Bundeena","NSW",25.43,"ca8e3ef7bfca4068834f48dd28687f9e","CUS-2484453271","151.15","-34.09","debit","Sun","01:51:10","01","August"
"568","posted",NA,"ACC-1349834573","145.17","-37.84","PAYMENT",NA,"Matthew",6615.79,2018-08-05 07:00:00,"M",39,NA,NA,167,"0b8fad3a84254a449f92bb61cdb5e7ee","CUS-1790886359",NA,NA,"debit","Sun","02:00:00","02","August"
"569","posted",NA,"ACC-2107684084","145.03","-37.88","PAYMENT",NA,"Richard",2452.96,2018-08-05 07:00:00,"M",22,NA,NA,25,"0ec4280903ad45a08aed8605bf414217","CUS-2283904812",NA,NA,"debit","Sun","02:00:00","02","August"
"570","authorized","1","ACC-2305712452","138.61","-34.89","SALES-POS","bfbb283f-f5a2-4b5b-b1e3-9e5edc057ae3","Debra",63.69,2018-08-05 07:00:00,"F",18,"Chatswood","NSW",13.52,"2b6d9675ea7f44a2ab4b49db0d26dce4","CUS-1842679196","151.18","-33.8","debit","Sun","02:31:49","02","August"
"571","posted",NA,"ACC-2231965366","144.96","-37.84","PHONE BANK",NA,"Linda",1322.05,2018-08-05 07:00:00,"F",35,NA,NA,82,"7dd26985d4ca4490a69666700c185b10","CUS-2155701614",NA,NA,"debit","Sun","03:00:00","03","August"
"572","posted",NA,"ACC-1056639002","145.03","-37.91","INTER BANK",NA,"Michael",42521.09,2018-08-05 07:00:00,"M",22,NA,NA,36,"d62b65dc372849c7bd86bae0f564dc9f","CUS-3462882033",NA,NA,"debit","Sun","03:00:00","03","August"
"573","authorized","1","ACC-2828321672","153.03","-27.51","SALES-POS","c3a9c01d-1171-4234-9fa8-1b3529504a56","Stephanie",134.78,2018-08-05 07:00:00,"F",53,"Red Hill","QLD",49.13,"2dd568512ff84c55a9b7e834c1128620","CUS-1005756958","153.01","-27.45","debit","Sun","03:27:08","03","August"
"574","posted",NA,"ACC-4258502723","145.45","-37.74","PAYMENT",NA,"Kimberly",423.18,2018-08-05 07:00:00,"F",24,NA,NA,38,"e260d608f32841c29f3561611860adf5","CUS-3378712515",NA,NA,"debit","Sun","04:00:00","04","August"
"575","authorized","1","ACC-2249586092","115.98","-32.07","POS","3d184a6d-e776-457e-a21a-597d20e80794","Edward",4109.53,2018-08-05 07:00:00,"M",19,"The Vines","WA",15.09,"5556540b5bca4fca812a95264d6c2a01","CUS-443776336","116.01","-31.76","debit","Sun","04:28:25","04","August"
"576","posted",NA,"ACC-3485804958","138.52","-35.01","PAYMENT",NA,"Jessica",16192.21,2018-08-05 07:00:00,"F",34,NA,NA,31,"24827e7c6a594938a7e16589d4dee314","CUS-1196156254",NA,NA,"debit","Sun","05:00:00","05","August"
"577","posted",NA,"ACC-559365433","147.31","-42.88","PAYMENT",NA,"Mary",705.66,2018-08-05 07:00:00,"F",64,NA,NA,30,"f90b5668441b44f0b297c2aec7367b58","CUS-1654129794",NA,NA,"debit","Sun","05:00:00","05","August"
"578","posted",NA,"ACC-38923874","151.27","-33.90","PAYMENT",NA,"Ryan",30247.08,2018-08-05 07:00:00,"M",38,NA,NA,71,"434beaff26754ed8a8d302168cbda004","CUS-3249305314",NA,NA,"debit","Sun","05:00:00","05","August"
"579","posted",NA,"ACC-847145727","115.90","-31.92","INTER BANK",NA,"Michael",50336.08,2018-08-05 07:00:00,"M",19,NA,NA,123,"6647b2750c214302a0db1cc629c1a1a4","CUS-1609060617",NA,NA,"debit","Sun","06:00:00","06","August"
"580","posted",NA,"ACC-1523339231","115.83","-31.90","INTER BANK",NA,"Tim",54619.82,2018-08-05 07:00:00,"M",40,NA,NA,39,"f4f5ff363bec4546b94bf17a9bf782e3","CUS-1816693151",NA,NA,"debit","Sun","06:00:00","06","August"
"581","authorized","0","ACC-1608363396","151.22","-33.87","POS","3fe374fe-179e-47a3-9a92-997c55313d30","Robert",1528.42,2018-08-05 07:00:00,"M",20,"Ryde","NSW",40.62,"622f62a2c2d149bf845865746f4e1532","CUS-2688605418","151.11","-33.81","debit","Sun","06:17:46","06","August"
"582","posted",NA,"ACC-3771436525","145.04","-37.92","PAYMENT",NA,"Derek",528.48,2018-08-05 07:00:00,"M",20,NA,NA,49,"9cd247ab17454dd1a657d74d37fe450e","CUS-3325710106",NA,NA,"debit","Sun","07:00:00","07","August"
"583","authorized","1","ACC-1334819143","145.13","-37.70","POS","44b6f886-0c28-4c97-a758-8b1770124f50","Christopher",57976.85,2018-08-05 07:00:00,"M",33,"Clarinda","VIC",25.19,"30d7bc6bd4304a3094773f83a762dbf5","CUS-3117610635","145.1","-37.94","debit","Sun","07:34:26","07","August"
"584","posted",NA,"ACC-2107684084","145.03","-37.88","INTER BANK",NA,"Richard",2419.96,2018-08-05 07:00:00,"M",22,NA,NA,33,"0fed7eb0c8a44812a5818b2eede887bd","CUS-2283904812",NA,NA,"debit","Sun","08:00:00","08","August"
"585","authorized","1","ACC-182446574","116.06","-32.00","POS","1c79244e-7971-4812-9454-9f59f86e8abe","Tonya",2679.63,2018-08-05 07:00:00,"F",27,"Perth","WA",13.43,"6483b048fa28401a8cc80aff929eb4da","CUS-3026014945","115.93","-31.96","debit","Sun","08:16:52","08","August"
"586","authorized","0","ACC-1683215619","138.67","-34.86","SALES-POS","597b6106-331b-4d3d-86f8-03931dfcf86a","Barry",50.75,2018-08-05 07:00:00,"M",38,"Yass","NSW",18.84,"9c79081906824932ab9e80a394c4032b","CUS-1604596597","148.91","-34.84","debit","Sun","08:48:07","08","August"
"587","posted",NA,"ACC-2107684084","145.03","-37.88","PAYMENT",NA,"Richard",2324.96,2018-08-05 07:00:00,"M",22,NA,NA,95,"70d1e79d412243a3b1af3fd8c27a4904","CUS-2283904812",NA,NA,"debit","Sun","09:00:00","09","August"
"588","posted",NA,"ACC-1443681913","150.92","-33.77","PAYMENT",NA,"Ryan",369.41,2018-08-05 07:00:00,"M",31,NA,NA,123,"141d4ba53f534d0588673dbb40d8b3f7","CUS-3129499595",NA,NA,"debit","Sun","09:00:00","09","August"
"589","authorized","0","ACC-1710017148","150.82","-34.01","SALES-POS","809b43f0-8e5e-4230-b10f-23b8bfa1c861","Michelle",1476.16,2018-08-05 07:00:00,"F",19,"Hornsby Heights","NSW",17.11,"44f119b4df9a4f2d8b9f02025b074b2e","CUS-883482547","151.1","-33.67","debit","Sun","09:09:21","09","August"
"590","authorized","1","ACC-1056639002","145.03","-37.91","POS","389991f4-f4f4-4d49-bcc0-b4222b5535b6","Michael",42501.13,2018-08-05 07:00:00,"M",22,"Bairnsdale","VIC",19.96,"801eeb97e2d1467fb67366b9fbd49b39","CUS-3462882033","147.61","-37.83","debit","Sun","09:15:08","09","August"
"591","authorized","0","ACC-1598451071","153.41","-27.95","SALES-POS","d22c0bb7-5406-403f-a9bc-3e4d01f51df8","Diana",517.05,2018-08-05 07:00:00,"F",26,"Auburn","NSW",11.48,"7809827d85fc457d823cf80f0def3b6d","CUS-2487424745","151.03","-33.85","debit","Sun","09:20:55","09","August"
"592","authorized","1","ACC-854938045","147.63","-22.84","POS","6757edfb-48a8-4f1a-8550-068f94604061","James",6677.87,2018-08-05 07:00:00,"M",28,"Clermont","QLD",41.61,"c60eb16606954df9a1089ae8b6b45bd6","CUS-4023861240","147.64","-22.82","debit","Sun","09:32:29","09","August"
"593","authorized","0","ACC-588564840","151.27","-33.76","SALES-POS","f31f7f0d-dc00-405b-8aed-060dcf40c409","Isaiah",7881.62,2018-08-05 07:00:00,"M",23,"Dulwich Hill","NSW",10.9,"d4231d8a88c54503b14c24670d70f728","CUS-1462656821","151.14","-33.9","debit","Sun","09:38:15","09","August"
"594","authorized","1","ACC-3536132544","144.93","-37.79","SALES-POS","fc049c40-473f-4a92-8685-4d1c2999595b","Heather",1313.04,2018-08-05 07:00:00,"F",41,"Springvale","VIC",95.23,"87866f45a87f4d1ea30479105f9ce1c3","CUS-2348881191","145.14","-37.95","debit","Sun","09:44:02","09","August"
"595","authorized","1","ACC-1598451071","153.41","-27.95","POS","52b227bb-c320-4201-8d08-e293e6d2e801","Diana",514.2,2018-08-05 07:00:00,"F",26,"Ballina","NSW",2.85,"3bf0b7a958334b5488334f0544556c7e","CUS-2487424745","153.56","-28.87","debit","Sun","09:49:49","09","August"
"596","authorized","1","ACC-3879258709","143.83","-37.66","SALES-POS","a05ead10-828d-44b3-bdfa-083e6fdb323c","Natasha",186134.52,2018-08-05 07:00:00,"F",40,"Diggers Rest","VIC",39.78,"09fd24682b8e4fab92921e5d83b2b965","CUS-527400765","144.72","-37.63","debit","Sun","09:55:36","09","August"
"597","posted",NA,"ACC-964839203","146.92","-36.07","PAYMENT",NA,"Michael",29374.62,2018-08-05 07:00:00,"M",21,NA,NA,42,"c3ff692c0db54d5e98ebaec73e980dbd","CUS-2059096722",NA,NA,"debit","Sun","10:00:00","10","August"
"598","authorized","1","ACC-1598451071","153.41","-27.95","SALES-POS","45355f04-c1e4-41ca-93fd-a0e715b6e7f2","Diana",506.66,2018-08-05 07:00:00,"F",26,"Helensvale","QLD",7.54,"19330f81930843e1a00bcdffc649e17c","CUS-2487424745","153.34","-27.93","debit","Sun","10:01:37","10","August"
"599","authorized","1","ACC-2828321672","153.03","-27.51","POS","08f74284-341e-463d-b282-7d8263e1d3b9","Stephanie",116.89,2018-08-05 07:00:00,"F",53,"Upper Mount Gravatt","QLD",17.89,"4fc8940fa62e42c0a4d0faaa5a9a0db4","CUS-1005756958","153.08","-27.56","debit","Sun","10:08:22","10","August"
"600","authorized","1","ACC-1037050564","153.10","-27.66","SALES-POS","28c2b16f-c23c-4755-98e9-f3b4dae76ed7","Rhonda",1164.32,2018-08-05 07:00:00,"F",40,"Advancetown","QLD",45.13,"099cd2523f2d40e9811ecefcb4d99aff","CUS-1614226872","153.29","-28.03","debit","Sun","10:15:08","10","August"
"601","authorized","1","ACC-1598451071","153.41","-27.95","SALES-POS","05ab196b-f42c-4738-9d5a-bfd8b17055e2","Diana",488.95,2018-08-05 07:00:00,"F",26,"Mermaid Waters","QLD",17.71,"1fd8923bcbbd4746a952ff058497e93f","CUS-2487424745","153.43","-28.04","debit","Sun","10:21:53","10","August"
"602","authorized","0","ACC-1037050564","153.10","-27.66","POS","8ffac03b-542c-474f-9644-50a12ffc58bc","Rhonda",1131.73,2018-08-05 07:00:00,"F",40,"Taigum","QLD",32.59,"e870fb6122ea4a2ca6ecca2f0596e6ec","CUS-1614226872","153.04","-27.34","debit","Sun","10:28:38","10","August"
"603","authorized","1","ACC-1199531521","116.02","-31.87","POS","95acff5e-45de-453d-9fa3-fd055412b58c","Billy",3596.14,2018-08-05 07:00:00,"M",52,"Mirrabooka","WA",115.96,"6fd5f396c1e94a4396122a82d1d2991a","CUS-134833760","115.86","-31.87","debit","Sun","10:48:55","10","August"
"604","authorized","1","ACC-182446574","116.06","-32.00","SALES-POS","6642cf46-39c7-4ba7-b569-48b009167efb","Tonya",2660.32,2018-08-05 07:00:00,"F",27,"City Beach","WA",19.31,"334f90e8f2b142f3b0b0aa4b518b3da2","CUS-3026014945","115.77","-31.93","debit","Sun","10:55:40","10","August"
"605","posted",NA,"ACC-847145727","115.90","-31.92","PAYMENT",NA,"Michael",50227.08,2018-08-05 07:00:00,"M",19,NA,NA,109,"cbbb17d340f54e259faa76de72c825ce","CUS-1609060617",NA,NA,"debit","Sun","11:00:00","11","August"
"606","posted",NA,"ACC-3827517394","151.12","-33.89","PAYMENT",NA,"Craig",29742.05,2018-08-05 07:00:00,"M",28,NA,NA,28,"eeaa81b0448640de8fd283a8a58c1a60","CUS-2663907001",NA,NA,"debit","Sun","11:00:00","11","August"
"607","posted",NA,"ACC-1496451953","145.16","-37.84","INTER BANK",NA,"Ricky",76.59,2018-08-05 07:00:00,"M",43,NA,NA,31,"f1476c30534f46c692a5474522de2858","CUS-3142625864",NA,NA,"debit","Sun","11:00:00","11","August"
"608","posted",NA,"ACC-2615038700","145.35","-38.03","INTER BANK",NA,"Emily",28486.99,2018-08-05 07:00:00,"F",43,NA,NA,38,"0c0519d50eb34d66895efead3d243020","CUS-3255104878",NA,NA,"debit","Sun","11:00:00","11","August"
"609","posted",NA,"ACC-854938045","147.63","-22.84","PAYMENT",NA,"James",6643.87,2018-08-05 07:00:00,"M",28,NA,NA,34,"4d0b6ba1ee7b4116b3629b776c993281","CUS-4023861240",NA,NA,"debit","Sun","11:00:00","11","August"
"610","authorized","1","ACC-2615038700","145.35","-38.03","POS","0b90bfd8-f29a-4398-b479-b9b438189819","Emily",28524.99,2018-08-05 07:00:00,"F",43,"Narre Warren","VIC",13.26,"a03d917faa914be0a8c1ba1dc5a9403b","CUS-3255104878","145.31","-38.02","debit","Sun","11:16:59","11","August"
"611","authorized","1","ACC-2171593283","146.94","-36.04","POS","87bca611-8db5-4837-9c6a-ae892790c0fb","Fernando",4139.63,2018-08-05 07:00:00,"M",19,"Maffra","VIC",14.08,"a44189c2ef0f4828b0091679c28ce28f","CUS-2317998716","146.99","-37.96","debit","Sun","11:29:29","11","August"
"612","authorized","1","ACC-1799207998","150.68","-33.79","POS","d09460d5-db76-47fb-b5dc-a41886a5dbee","Susan",1346.43,2018-08-05 07:00:00,"F",20,"North Harbour","NSW",13.93,"82fd15cc23524710998444b1acb8aa48","CUS-164374203","151.29","-33.8","debit","Sun","11:41:59","11","August"
"613","authorized","1","ACC-3881031190","149.19","-21.15","POS","796ca025-841b-4678-a2e8-b211b80cb6f8","Richard",1225.13,2018-08-05 07:00:00,"M",37,"Queanbeyan","NSW",28.12,"58da65e463bd41039a47969fe0c7aba4","CUS-3201519139","149.25","-35.35","debit","Sun","11:54:29","11","August"
"614","posted",NA,"ACC-2249586092","115.98","-32.07","PAYMENT",NA,"Edward",4063.28,2018-08-05 07:00:00,"M",19,NA,NA,37,"5c4ec96272614034bddd64a0c004b2e0","CUS-443776336",NA,NA,"debit","Sun","12:00:00","12","August"
"615","authorized","1","ACC-1056639002","145.03","-37.91","POS","fb3fbd7f-e489-4c76-b5eb-ddb641ce9737","Michael",42399.24,2018-08-05 07:00:00,"M",22,"Werribee","VIC",101.89,"d04982e4ed54404a8366c49ed8e63bf1","CUS-3462882033","144.66","-37.9","debit","Sun","12:10:22","12","August"
"616","authorized","1","ACC-2249586092","115.98","-32.07","SALES-POS","e8232990-ff4b-4844-a311-b6cd4e435de8","Edward",4100.28,2018-08-05 07:00:00,"M",19,"Glenthorne","NSW",9.25,"d560e8662d12436e9b49c7d9e4e70eb6","CUS-443776336","152.47","-31.94","debit","Sun","12:28:53","12","August"
"617","posted",NA,"ACC-1199531521","116.02","-31.87","PAYMENT",NA,"Billy",3467.14,2018-08-05 07:00:00,"M",52,NA,NA,129,"98e844d321b04dfa8585fc51c9090c1d","CUS-134833760",NA,NA,"debit","Sun","13:00:00","13","August"
"618","authorized","1","ACC-1037050564","153.10","-27.66","SALES-POS","be259eeb-3c6f-43de-8b12-64d12e72d7ce","Rhonda",1105.46,2018-08-05 07:00:00,"F",40,"Valla","NSW",26.27,"806b457b7ef14e60be7c955b66225d40","CUS-1614226872","152.97","-30.63","debit","Sun","13:06:16","13","August"
"619","authorized","1","ACC-2901672282","255.00","-573.00","POS","3b4cef6e-7b92-41cb-92cb-2602d25486b6","Daniel",4132.83,2018-08-05 07:00:00,"M",22,"Hawthorn","VIC",31.17,"efdf4db3ffa44f468ba66d0a197a5c86","CUS-1617121891","145.03","-37.82","debit","Sun","14:03:19","14","August"
"620","authorized","0","ACC-90814749","151.68","-32.98","SALES-POS","7293cc8f-efea-4b62-ad9d-dc069ab37255","Christopher",5759.7,2018-08-05 07:00:00,"M",35,"Heatherbrae","NSW",14.06,"c5679e7599e84320bc29c8e30df4f87f","CUS-1896554896","151.73","-32.79","debit","Sun","14:16:09","14","August"
"621","authorized","1","ACC-1037050564","153.10","-27.66","SALES-POS","6282ba45-37bf-4df2-be1b-596e839d5588","Rhonda",1097.8,2018-08-05 07:00:00,"F",40,"Goodna","QLD",7.66,"27e61411084841f7bf23a08f44325006","CUS-1614226872","152.89","-27.62","debit","Sun","14:28:58","14","August"
"622","authorized","0","ACC-211792489","138.63","-34.93","SALES-POS","12f057bf-5ea0-4321-b25c-09262c25676e","Jacqueline",2930.06,2018-08-05 07:00:00,"F",30,"Blakeview","SA",78.16,"75f59eb578584d83b788d62fb8f22c99","CUS-497688347","138.71","-34.68","debit","Sun","14:41:47","14","August"
"623","authorized","0","ACC-2901672282","255.00","-573.00","SALES-POS","d49851c6-4f52-4118-aa58-52a8bf1465fe","Daniel",4098,2018-08-05 07:00:00,"M",22,"Sydney","NSW",34.83,"013c5a25d86e42b99bf5a840b1f5a339","CUS-1617121891","151.21","-33.86","debit","Sun","14:54:36","14","August"
"624","authorized","1","ACC-1799207998","150.68","-33.79","POS","a37ae97b-7e52-49c3-b183-9effc60c6203","Susan",1290.43,2018-08-05 07:00:00,"F",20,"Chatswood","NSW",56,"684a16629af94855a6f07e922834b012","CUS-164374203","151.18","-33.8","debit","Sun","15:10:10","15","August"
"625","authorized","1","ACC-38923874","151.27","-33.90","POS","96ff13d8-b5ce-4a71-9eb4-86a75a56a46d","Ryan",30213.77,2018-08-05 07:00:00,"M",38,"Liverpool","NSW",33.31,"42e0a4a1b9fd40299356982e29d57ffa","CUS-3249305314","150.92","-33.92","debit","Sun","15:27:43","15","August"
"626","authorized","1","ACC-2901672282","255.00","-573.00","SALES-POS","09f289b2-6d59-4325-b710-689496f66c77","Daniel",4092.42,2018-08-05 07:00:00,"M",22,"Williamstown North","VIC",5.58,"034e75d7425b4090983585aa86c51e48","CUS-1617121891","144.86","-37.85","debit","Sun","15:45:15","15","August"
"627","authorized","0","ACC-1799207998","150.68","-33.79","POS","c1468f3e-98a2-4758-bb44-c537d180b3ce","Susan",1229.64,2018-08-05 07:00:00,"F",20,"Frenchs Forest","NSW",60.79,"609c178c9eef4b71a17df64632a94a1f","CUS-164374203","151.22","-33.75","debit","Sun","16:03:19","16","August"
"628","authorized","1","ACC-3485804958","138.52","-35.01","POS","7c378eee-b2d4-4dea-967e-b06b3fdbbe04","Jessica",16180.53,2018-08-05 07:00:00,"F",34,"Oaklands Park","SA",11.68,"a850909636564e08ada099084f60b1f1","CUS-1196156254","138.54","-35.01","debit","Sun","16:24:09","16","August"
"629","authorized","1","ACC-1523339231","115.83","-31.90","POS","132bb88f-e830-4f91-aec0-fcb44bbf95c9","Tim",54601.71,2018-08-05 07:00:00,"M",40,"Joondalup","WA",18.11,"a6278292ea114c31ac7a397822ebb064","CUS-1816693151","115.77","-31.74","debit","Sun","16:44:59","16","August"
"630","posted",NA,"ACC-211792489","138.63","-34.93","PAYMENT",NA,"Jacqueline",2908.06,2018-08-05 07:00:00,"F",30,NA,NA,22,"a19bfe6cfe70414d8151e23e812156e6","CUS-497688347",NA,NA,"debit","Sun","17:00:00","17","August"
"631","authorized","0","ACC-2901672282","255.00","-573.00","POS","7fd1b176-d418-4ba9-959f-320e20a3ae05","Daniel",4060.53,2018-08-05 07:00:00,"M",22,"Highett","VIC",31.89,"02f5d791d31d42c49a53a5c12f284a27","CUS-1617121891","145.04","-37.95","debit","Sun","17:04:54","17","August"
"632","authorized","0","ACC-2901672282","255.00","-573.00","SALES-POS","ff79add3-f5e5-441b-9c41-5b4857906995","Daniel",3966.54,2018-08-05 07:00:00,"M",22,"Richmond","VIC",93.99,"a336debb4b32448dbdb1fd3c1bb58a72","CUS-1617121891","145","-37.82","debit","Sun","17:22:27","17","August"
"633","authorized","0","ACC-2650850707","148.16","-23.52","SALES-POS","ffb0e319-decb-424f-8bb9-33bfc9170e01","Brian",103216.89,2018-08-05 07:00:00,"M",42,"Emerald","QLD",78.15,"5925d7c2499d459fb7653411a6e8a1c9","CUS-2819545904","148.15","-23.52","debit","Sun","17:39:59","17","August"
"634","authorized","1","ACC-2901672282","255.00","-573.00","POS","86f6f266-ca2e-4a5e-b563-2a40bda8d2e0","Daniel",3907.81,2018-08-05 07:00:00,"M",22,"Melbourne","VIC",58.73,"8f1d84e15af345ffb5dbe89cec30b918","CUS-1617121891","144.96","-37.82","debit","Sun","17:57:32","17","August"
"635","posted",NA,"ACC-2776252858","144.95","-37.76","PAYMENT",NA,"Kristin",800.22,2018-08-05 07:00:00,"F",43,NA,NA,124,"a53005e1cd3f4fccbca1fab3ff432ffd","CUS-4123612273",NA,NA,"debit","Sun","18:00:00","18","August"
"636","authorized","1","ACC-2890243754","153.32","-27.93","SALES-POS","023f7601-2795-4081-9ffe-3199ee4b49c2","Joseph",1043.17,2018-08-05 07:00:00,"M",37,"Runaway Bay","QLD",6.11,"ac72e63d4e2440a88c9b0b4c98e35142","CUS-2695611575","153.4","-27.91","debit","Sun","18:23:14","18","August"
"637","authorized","0","ACC-1037050564","153.10","-27.66","SALES-POS","1dbddb26-17b7-4268-8531-91e3eb7c5685","Rhonda",1073.65,2018-08-05 07:00:00,"F",40,"New Farm","QLD",24.15,"d945bcd294814f008a7011d2b34b1225","CUS-1614226872","153.04","-27.46","debit","Sun","18:50:16","18","August"
"638","posted",NA,"ACC-1650504218","145.01","-37.93","PAYMENT",NA,"Marissa",1896.08,2018-08-05 07:00:00,"F",23,NA,NA,18,"0cc2709352384e9eae5bff523cf3ffbf","CUS-2500783281",NA,NA,"debit","Sun","19:00:00","19","August"
"639","authorized","1","ACC-1199531521","116.02","-31.87","SALES-POS","60a6942b-58ed-4908-a17c-7a5447146cbb","Billy",3448.32,2018-08-05 07:00:00,"M",52,"Yangebup","WA",18.82,"874873416a4949a5b350668eab895556","CUS-134833760","115.83","-32.12","debit","Sun","19:11:02","19","August"
"640","authorized","1","ACC-854938045","147.63","-22.84","SALES-POS","6ef562a8-928c-4f56-86f1-592357fd5daa","James",6628.63,2018-08-05 07:00:00,"M",28,"Seven Mile Beach","TAS",15.24,"02b8aca593c84a0aa59aec9e5c986b3b","CUS-4023861240","147.5","-42.86","debit","Sun","19:28:16","19","August"
"641","authorized","1","ACC-3481401842","115.74","-31.72","SALES-POS","a49c26e2-89b2-423a-9efe-f9d74545fa5e","Tiffany",1355.34,2018-08-05 07:00:00,"F",25,"Booragoon","WA",11.68,"3b822b274a0f4ff893708f32ef59ac81","CUS-1669695324","115.84","-32.03","debit","Sun","19:45:31","19","August"
"642","authorized","1","ACC-1443681913","150.92","-33.77","POS","ca81094e-ca7c-4d45-b6a6-bcd8fc0d5ac8","Ryan",301.1,2018-08-05 07:00:00,"M",31,"Frenchs Forest","NSW",68.31,"22e2f09d38fb4851b83f99fc1619dbf3","CUS-3129499595","151.24","-33.75","debit","Sun","20:01:25","20","August"
"643","authorized","0","ACC-1683215619","138.67","-34.86","SALES-POS","bdf4377a-77a8-4634-ae40-db1fd8128577","Barry",43.6,2018-08-05 07:00:00,"M",38,"Enmore","NSW",7.15,"e66387cfde9d4ad58d0dcc0d9e1c5ed6","CUS-1604596597","151.17","-33.9","debit","Sun","20:10:21","20","August"
"644","authorized","0","ACC-2615038700","145.35","-38.03","POS","a8960f5e-08b3-4ce8-bf6a-535ceaecc77a","Emily",28450.49,2018-08-05 07:00:00,"F",43,"Dandenong South","VIC",36.5,"9dc69a1f5a574a4d97b496cf8d28fee1","CUS-3255104878","145.2","-38.01","debit","Sun","20:19:17","20","August"
"645","authorized","1","ACC-1443681913","150.92","-33.77","SALES-POS","560f44b3-d0db-47f7-b596-5721ff607087","Ryan",272.39,2018-08-05 07:00:00,"M",31,"Blacktown","NSW",28.71,"458219961bc34497a73766f624dda687","CUS-3129499595","150.91","-33.77","debit","Sun","20:28:12","20","August"
"646","authorized","1","ACC-2890243754","153.32","-27.93","POS","023f7601-2795-4081-9ffe-3199ee4b49c2","Joseph",1036.34,2018-08-05 07:00:00,"M",37,"Runaway Bay","QLD",6.83,"65d6d6fd77894414bf67fd5bcaf9026a","CUS-2695611575","153.4","-27.91","debit","Sun","20:37:08","20","August"
"647","authorized","1","ACC-3541460373","145.00","-37.83","POS","54f1e39c-55ce-4e75-96e4-b03580738c32","Jeffrey",1760.73,2018-08-05 07:00:00,"M",24,"Malvern","VIC",546.94,"97906f1768944b609affe51eaf5d5c29","CUS-1433879684","145.03","-37.86","debit","Sun","20:46:04","20","August"
"648","authorized","1","ACC-2650850707","148.16","-23.52","SALES-POS","92a44610-b83a-46e9-99b0-46e00afb295b","Brian",103165.32,2018-08-05 07:00:00,"M",42,"Walgett","NSW",51.57,"69f311fde77b4a6d8cf65953f4ae9aa4","CUS-2819545904","148.12","-30.02","debit","Sun","20:54:59","20","August"
"649","authorized","1","ACC-847145727","115.90","-31.92","POS","578abd32-896d-4677-9738-69306f8d3caa","Michael",50212.4,2018-08-05 07:00:00,"M",19,"Canterbury","VIC",14.68,"2fa1ff5bb18a4f98b9888038cc6ebf81","CUS-1609060617","145.08","-37.82","debit","Sun","21:02:52","21","August"
"650","authorized","0","ACC-1788473090","145.06","-37.95","SALES-POS","8be82f60-2f66-45de-85de-760ea2b9084d","Rachael",2204.97,2018-08-05 07:00:00,"F",21,"Carrum Downs","VIC",28.08,"fb168b2d3452457f86fa8e8b1420f0e4","CUS-134193016","145.19","-38.12","debit","Sun","21:09:24","21","August"
"651","authorized","0","ACC-90814749","151.68","-32.98","POS","5e4447f8-8083-40eb-b75f-f7e9a0583d3c","Christopher",5738.18,2018-08-05 07:00:00,"M",35,"Peterborough","SA",21.52,"832befc6b48b4a539befd8afc2705d70","CUS-1896554896","138.84","-32.97","debit","Sun","21:15:56","21","August"
"652","authorized","1","ACC-847145727","115.90","-31.92","SALES-POS","c0c401ad-0a56-4b6a-bc84-944b065c9045","Michael",50198.12,2018-08-05 07:00:00,"M",19,"Midland","WA",14.28,"f836699407f744df83031731f19631a5","CUS-1609060617","116.01","-31.9","debit","Sun","21:22:29","21","August"
"653","authorized","1","ACC-1799207998","150.68","-33.79","SALES-POS","5eaf5637-e53b-42d1-b3d2-ee473a60bab3","Susan",1220.92,2018-08-05 07:00:00,"F",20,"Carlingford","NSW",8.72,"4dac9baffcfa44f88490ff1501c7cb96","CUS-164374203","151.05","-33.78","debit","Sun","21:29:01","21","August"
"654","authorized","1","ACC-1710017148","150.82","-34.01","SALES-POS","803270e1-3d12-407e-9c00-70b7b6779495","Michelle",1469.85,2018-08-05 07:00:00,"F",19,"Chatswood","NSW",6.31,"bc3f9b21d04842ceaa735783f8d8d9d9","CUS-883482547","151.18","-33.8","debit","Sun","21:35:33","21","August"
"655","authorized","1","ACC-3541460373","145.00","-37.83","POS","27b825d9-1f8b-4488-ad57-d344607b1c9b","Jeffrey",1720.26,2018-08-05 07:00:00,"M",24,"Truganina","VIC",40.47,"c694ee2839e44346b05c66398d8dd25f","CUS-1433879684","144.72","-37.81","debit","Sun","21:42:05","21","August"
"656","authorized","1","ACC-854938045","147.63","-22.84","SALES-POS","040172a4-15b7-406c-80e6-cd502f0852c4","James",6536,2018-08-05 07:00:00,"M",28,"East Perth","WA",92.63,"f2ca79a043084187949ec31bce564684","CUS-4023861240","115.88","-31.96","debit","Sun","21:48:37","21","August"
"657","authorized","1","ACC-3317636250","153.02","-27.66","SALES-POS","5ad21473-0dd2-400d-a915-1971c1c828d6","Kenneth",2553.9,2018-08-05 07:00:00,"M",35,"Noosa Heads","QLD",28.51,"a58b62ea520344528b8d395187849c73","CUS-2738291516","153.09","-26.4","debit","Sun","21:55:09","21","August"
"658","posted",NA,"ACC-602667573","151.23","-33.96","PAYMENT",NA,"Michael",363.2,2018-08-05 07:00:00,"M",40,NA,NA,25,"176e0e721b824cfb807809eb55b89990","CUS-2031327464",NA,NA,"debit","Sun","22:00:00","22","August"
"659","authorized","1","ACC-3100725361","145.73","-17.03","POS","75b47942-0fb3-40c5-aab3-a15f60f53e61","Ronald",1914.87,2018-08-05 07:00:00,"M",25,"Keswick","SA",37.15,"887c576cab20456abac841d0c5547989","CUS-2178051368","138.57","-34.95","debit","Sun","22:04:33","22","August"
"660","authorized","1","ACC-1710017148","150.82","-34.01","SALES-POS","5e7bb850-a7b6-4914-9b43-dea6bb3c7b00","Michelle",1447.98,2018-08-05 07:00:00,"F",19,"Potts Point","NSW",21.87,"8fbaa45d920943e8aee04ab0cbd73b03","CUS-883482547","151.22","-33.87","debit","Sun","22:22:06","22","August"
"661","authorized","1","ACC-1710017148","150.82","-34.01","SALES-POS","cc58adc3-19aa-4400-b3d1-58945c7b7a7a","Michelle",1442.52,2018-08-05 07:00:00,"F",19,"Narre Warren","VIC",5.46,"02427cb526d4445182c80ddabcdd681f","CUS-883482547","145.3","-38.02","debit","Sun","22:39:38","22","August"
"662","posted",NA,"ACC-3827517394","151.12","-33.89","PAYMENT",NA,"Craig",29662.05,2018-08-05 07:00:00,"M",28,NA,NA,80,"e089144f1347470e852942beb5a64ce6","CUS-2663907001",NA,NA,"debit","Sun","23:00:00","23","August"
"663","authorized","0","ACC-3100725361","145.73","-17.03","SALES-POS","e66ffcab-8b3d-4bfe-9786-6f6e062f3812","Ronald",1909.86,2018-08-05 07:00:00,"M",25,"Drouin","VIC",5.01,"ab33eb04af1646ef91626f6c3bf7f665","CUS-2178051368","145.84","-38.13","debit","Sun","23:18:15","23","August"
"664","authorized","1","ACC-1710017148","150.82","-34.01","POS","f7c2a095-4198-46b8-ad74-5eeba70e6766","Michelle",1385.79,2018-08-05 07:00:00,"F",19,"Sydney","NSW",56.73,"043b1c6e6f8943089e0c6168f09c1c88","CUS-883482547","151.21","-33.87","debit","Sun","23:39:59","23","August"
"665","authorized","1","ACC-1608363396","151.22","-33.87","POS","3292fa36-15bf-4cd0-90bd-306aba55303f","Robert",1516.38,2018-08-06 07:00:00,"M",20,"Redfern","NSW",12.04,"8a7121e4db0e4411a4e4664fc5a0d5e7","CUS-2688605418","151.2","-33.89","debit","Mon","00:13:19","00","August"
"666","authorized","0","ACC-3021093232","149.83","-29.47","SALES-POS","d2849fda-17f4-4201-8b71-0387f97c9380","Melissa",79.76,2018-08-06 07:00:00,"F",30,"Duaringa","QLD",5.04,"43139d7f2987452991c0cf7df3a8fb62","CUS-55310383","149.67","-23.72","debit","Mon","01:29:59","01","August"
"667","posted",NA,"ACC-1523339231","115.83","-31.90","PAYMENT",NA,"Tim",54418.71,2018-08-06 07:00:00,"M",40,NA,NA,183,"3738a36293574938872a3a6e19d16b5e","CUS-1816693151",NA,NA,"debit","Mon","02:00:00","02","August"
"668","posted",NA,"ACC-38923874","151.27","-33.90","PAYMENT",NA,"Ryan",30028.77,2018-08-06 07:00:00,"M",38,NA,NA,185,"663042d6a5ba48c2b4e90c3b583c652b","CUS-3249305314",NA,NA,"debit","Mon","02:00:00","02","August"
"669","posted",NA,"ACC-1349834573","145.17","-37.84","INTER BANK",NA,"Matthew",6582.79,2018-08-06 07:00:00,"M",39,NA,NA,33,"b00cf121610549c883f4d7cc77434920","CUS-1790886359",NA,NA,"debit","Mon","03:00:00","03","August"
"670","posted",NA,"ACC-3084464802","145.15","-37.76","INTER BANK",NA,"Susan",723.87,2018-08-06 07:00:00,"F",19,NA,NA,24,"192aa35b29b34a919c2b777db653ec6b","CUS-1928710999",NA,NA,"debit","Mon","03:00:00","03","August"
"671","authorized","0","ACC-1438600314","138.69","-34.84","POS","a1265af0-d718-4285-99ce-6eb528f8527c","Maria",1805.27,2018-08-06 07:00:00,"F",35,"Harefield","NSW",53.43,"fbbd8ee3c896470c81abc0301b23d075","CUS-2650223890","147.49","-35.05","debit","Mon","03:49:59","03","August"
"672","posted",NA,"ACC-819621312","145.04","-37.85","PAYMENT",NA,"Michele",1002.27,2018-08-06 07:00:00,"F",30,NA,NA,66,"c3782a711dfe49c380faca5129da1c02","CUS-1271030853",NA,NA,"debit","Mon","04:00:00","04","August"
"673","posted",NA,"ACC-2920611728","144.96","-37.76","PAYMENT",NA,"Tyler",1861.27,2018-08-06 07:00:00,"M",69,NA,NA,70,"0aa0a5d74c7e413fab05c03519f6b6a9","CUS-1388323263",NA,NA,"debit","Mon","04:00:00","04","August"
"674","posted",NA,"ACC-602667573","151.23","-33.96","PAYMENT",NA,"Michael",174.2,2018-08-06 07:00:00,"M",40,NA,NA,189,"22e877cbf2ae43e2b102ca562c742ef2","CUS-2031327464",NA,NA,"debit","Mon","04:00:00","04","August"
"675","posted",NA,"ACC-2107684084","145.03","-37.88","PAYMENT",NA,"Richard",2290.96,2018-08-06 07:00:00,"M",22,NA,NA,34,"e67afff1e493444aae4b11435549bc36","CUS-2283904812",NA,NA,"debit","Mon","05:00:00","05","August"
"676","posted",NA,"ACC-1438600314","138.69","-34.84","PAYMENT",NA,"Maria",1770.27,2018-08-06 07:00:00,"F",35,NA,NA,35,"dad5da5d9bf44d6f9657d5d6bf8a33d7","CUS-2650223890",NA,NA,"debit","Mon","06:00:00","06","August"
"677","posted",NA,"ACC-3879258709","143.83","-37.66","INTER BANK",NA,"Natasha",186083.52,2018-08-06 07:00:00,"F",40,NA,NA,51,"f85f98cbf3184ad18585785e71a922df","CUS-527400765",NA,NA,"debit","Mon","08:00:00","08","August"
"678","authorized","1","ACC-3485804958","138.52","-35.01","SALES-POS","f1e6d4a0-87a2-4d0c-a39f-7fcbe685c491","Jessica",16161.93,2018-08-06 07:00:00,"F",34,"Edwardstown","SA",18.6,"b4c3220e9d814cd09f0384c4eb92f662","CUS-1196156254","138.57","-34.98","debit","Mon","08:00:46","08","August"
"679","authorized","1","ACC-847145727","115.90","-31.92","SALES-POS","0779712a-6f25-4715-aaa5-84b8f69e6de0","Michael",50178.87,2018-08-06 07:00:00,"M",19,"Perth","WA",19.25,"231d3adc5a2f4f66b566dcbf462efd37","CUS-1609060617","115.86","-31.95","debit","Mon","08:39:13","08","August"
"680","posted",NA,"ACC-2673069055","152.99","-27.49","INTER BANK",NA,"Richard",11111.76,2018-08-06 07:00:00,"M",24,NA,NA,39,"6c0a11b2380749b8b203917edfd00d31","CUS-51506836",NA,NA,"debit","Mon","09:00:00","09","August"
"681","authorized","1","ACC-414431115","142.77","-37.06","SALES-POS","6ddddc40-5b69-4253-8a26-167999a8bf96","Amy",1462.14,2018-08-06 07:00:00,"F",43,"Castlemaine","VIC",18.55,"f865e2fa0d014daba9f5cb8dc884b192","CUS-2599279756","144.22","-37.06","debit","Mon","09:02:01","09","August"
"682","authorized","1","ACC-3881031190","149.19","-21.15","SALES-POS","1f3d6cb7-6bc7-46e6-b2ef-44a95cb30fe8","Richard",1174.56,2018-08-06 07:00:00,"M",37,"Queanbeyan","NSW",50.57,"42c8bcadc66a4e1b9854e2b2c127c49c","CUS-3201519139","149.23","-35.35","debit","Mon","09:06:24","09","August"
"683","authorized","1","ACC-1710017148","150.82","-34.01","SALES-POS","89352a56-ae9c-437b-a90a-5906dbca6c99","Michelle",1366.25,2018-08-06 07:00:00,"F",19,"Mount Druitt","NSW",19.54,"e43cee32703848ec8eb36660192d4123","CUS-883482547","150.82","-33.77","debit","Mon","09:10:47","09","August"
"684","authorized","1","ACC-1608363396","151.22","-33.87","POS","a026c1bc-863b-4e91-bc8f-c20d26a3f4a4","Robert",1491.29,2018-08-06 07:00:00,"M",20,"Bondi Junction","NSW",25.09,"e412f2941e454ee69bad509ee037c44c","CUS-2688605418","151.25","-33.89","debit","Mon","09:15:10","09","August"
"685","authorized","1","ACC-958000567","130.90","-12.37","POS","3733e177-91d1-4ad8-85a5-c82cb013c30a","Sandra",228.34,2018-08-06 07:00:00,"F",34,"Darwin City","NT",17.75,"f020d0d0b999449c9be1ba866f52d338","CUS-4142663097","130.84","-12.46","debit","Mon","09:19:33","09","August"
"686","authorized","1","ACC-1788473090","145.06","-37.95","SALES-POS","2a979fe3-2afe-4ef3-9ec5-7bec899dd3d4","Rachael",2195.47,2018-08-06 07:00:00,"F",21,"Eastwood","VIC",9.5,"dc5b80bedc154afea7adf4ebfcb1e95d","CUS-134193016","147.63","-37.81","debit","Mon","09:23:56","09","August"
"687","authorized","1","ACC-1788473090","145.06","-37.95","SALES-POS","e073b046-7632-4b69-a46b-681be6baa67c","Rachael",2156.82,2018-08-06 07:00:00,"F",21,"Brookvale","NSW",38.65,"8bc589f654f44c7c92b4925223d68129","CUS-134193016","151.26","-33.77","debit","Mon","09:28:19","09","August"
"688","authorized","1","ACC-3485804958","138.52","-35.01","SALES-POS","36038911-5791-4b2a-aadc-438e4ad075ea","Jessica",16153.94,2018-08-06 07:00:00,"F",34,"Parkes","ACT",7.99,"bb3676ae6dba4dfd88e3a4141974accc","CUS-1196156254","149.13","-35.3","debit","Mon","09:32:43","09","August"
"689","authorized","1","ACC-588564840","151.27","-33.76","SALES-POS","1b13b1a8-9e98-4f6c-9928-c606ec3ce13d","Isaiah",7867.58,2018-08-06 07:00:00,"M",23,"Parramatta","NSW",14.04,"98d3e7751a5e40c798b072b81f668a37","CUS-1462656821","151.01","-33.81","debit","Mon","09:37:06","09","August"
"690","authorized","1","ACC-3021093232","149.83","-29.47","SALES-POS","3279b53b-e267-4afd-92a6-eec26e5c423d","Melissa",44.35,2018-08-06 07:00:00,"F",30,"Moree","NSW",35.41,"dbbe626603844d25865928c5be8e3e99","CUS-55310383","149.84","-29.46","debit","Mon","09:41:29","09","August"
"691","authorized","1","ACC-2828321672","153.03","-27.51","SALES-POS","30eaeda0-a350-4df7-b327-0fae3381afd6","Stephanie",100.23,2018-08-06 07:00:00,"F",53,"Kippa Ring","QLD",16.66,"98cb904a78b94b348ad3210060b526f9","CUS-1005756958","153.09","-27.23","debit","Mon","09:45:52","09","August"
"692","authorized","0","ACC-3485804958","138.52","-35.01","SALES-POS","7dc2fa2c-0738-40fc-8f45-46b6cc140b2f","Jessica",16140.55,2018-08-06 07:00:00,"F",34,"Noarlunga Centre","SA",13.39,"ca57511831494b008e94092be29f2adc","CUS-1196156254","138.5","-35.14","debit","Mon","09:50:15","09","August"
"693","authorized","1","ACC-1334819143","145.13","-37.70","POS","bec58f68-5893-4cc9-a9fa-729feaccc665","Christopher",57959.46,2018-08-06 07:00:00,"M",33,"Collingwood","VIC",17.39,"70c455794c4749b5b0210401035254fc","CUS-3117610635","144.98","-37.81","debit","Mon","09:54:38","09","August"
"694","authorized","1","ACC-1683215619","138.67","-34.86","POS","53af1b0f-e692-4178-bdc6-51fc842ecc58","Barry",30.01,2018-08-06 07:00:00,"M",38,"Prospect","SA",13.59,"007e9ef218354c9091e45b4bb82044c2","CUS-1604596597","138.59","-34.89","debit","Mon","09:59:02","09","August"
"695","authorized","1","ACC-3481401842","115.74","-31.72","POS","dc0edf81-732c-425d-b76d-e815d16670c6","Tiffany",1340.64,2018-08-06 07:00:00,"F",25,"Australind","WA",14.7,"b3d58493af9d4f0bb4f605504b06d76b","CUS-1669695324","115.74","-33.28","debit","Mon","10:05:46","10","August"
"696","authorized","1","ACC-3536132544","144.93","-37.79","SALES-POS","9a7f1a91-761c-455b-8ca4-e2f46e8eb590","Heather",1298.8,2018-08-06 07:00:00,"F",41,"Taylors Lakes","VIC",14.24,"7309e42490784ea4945ea08cd3b58552","CUS-2348881191","144.78","-37.7","debit","Mon","10:13:11","10","August"
"697","authorized","1","ACC-1037050564","153.10","-27.66","POS","afb9be07-e9a1-4b39-a117-ca5c976455ff","Rhonda",1067.44,2018-08-06 07:00:00,"F",40,"Brisbane Airport","QLD",6.21,"4d0150b02315426384fdcb69b9d12f6f","CUS-1614226872","153.12","-27.39","debit","Mon","10:20:35","10","August"
"698","authorized","1","ACC-1037050564","153.10","-27.66","POS","45551396-cfd2-4998-bcdc-f9ec12206e8d","Rhonda",1021.48,2018-08-06 07:00:00,"F",40,"Mooloolah Valley","QLD",45.96,"598851726fa14435b069354fbe3117f5","CUS-1614226872","152.96","-26.76","debit","Mon","10:27:59","10","August"
"699","authorized","1","ACC-1438600314","138.69","-34.84","SALES-POS","09ddf497-5927-4d75-ac6b-db4d30cb4c4c","Maria",1753.44,2018-08-06 07:00:00,"F",35,"Glynde","SA",16.83,"3b44bbcd02614a2ea1fde5b2b7049d16","CUS-2650223890","138.65","-34.89","debit","Mon","10:35:24","10","August"
"700","authorized","1","ACC-80388494","144.97","-37.42","POS","86f6f266-ca2e-4a5e-b563-2a40bda8d2e0","Dustin",777.17,2018-08-06 07:00:00,"M",28,"Melbourne","VIC",46.36,"8ec9425a0f5745be8335243f47231068","CUS-1140341822","144.96","-37.82","debit","Mon","10:42:48","10","August"
"701","authorized","1","ACC-1037050564","153.10","-27.66","SALES-POS","e71b8df0-1ecb-486c-b3e3-a04a2c2deb43","Rhonda",986.67,2018-08-06 07:00:00,"F",40,"Keperra","QLD",34.81,"f478326e7e0446d9a16bccba0a227ff6","CUS-1614226872","152.95","-27.42","debit","Mon","10:57:37","10","August"
"702","posted",NA,"ACC-4065652575","115.81","-31.82","PAY/SALARY",NA,"Lucas",5835.11,2018-08-06 07:00:00,"M",21,NA,NA,3578.65,"5cd1e7f829d947a19d68cab7daa0d7fb","CUS-1117979751",NA,NA,"credit","Mon","11:00:00","11","August"
"703","posted",NA,"ACC-3233697971","151.04","-33.77","PAY/SALARY",NA,"Robin",1726.28,2018-08-06 07:00:00,"F",34,NA,NA,1711.39,"82706d8cafc5496f8339d762268115bb","CUS-1147642491",NA,NA,"credit","Mon","11:00:00","11","August"
"704","posted",NA,"ACC-3233697971","151.04","-33.77","PAYMENT",NA,"Robin",1680.28,2018-08-06 07:00:00,"F",34,NA,NA,46,"d30a45ee5617464f86d3f98ce9f76235","CUS-1147642491",NA,NA,"debit","Mon","11:00:00","11","August"
"705","posted",NA,"ACC-847145727","115.90","-31.92","PAYMENT",NA,"Michael",50141.87,2018-08-06 07:00:00,"M",19,NA,NA,37,"03f0f2084d4d4b8c83adff10927d218c","CUS-1609060617",NA,NA,"debit","Mon","11:00:00","11","August"
"706","posted",NA,"ACC-1037050564","153.10","-27.66","PAY/SALARY",NA,"Rhonda",1878.76,2018-08-06 07:00:00,"F",40,NA,NA,892.09,"de558a6e22b6402b948dcf24066ac595","CUS-1614226872",NA,NA,"credit","Mon","11:00:00","11","August"
"707","posted",NA,"ACC-240804743","121.48","-30.75","PAY/SALARY",NA,"Kenneth",4407.89,2018-08-06 07:00:00,"M",29,NA,NA,4405.3,"81643ac523fd46018a525723984c68c9","CUS-261674136",NA,NA,"credit","Mon","11:00:00","11","August"
"708","posted",NA,"ACC-38923874","151.27","-33.90","PAYMENT",NA,"Ryan",29986.77,2018-08-06 07:00:00,"M",38,NA,NA,42,"f0f62db4c2794d73a1ff84071a7e84a7","CUS-3249305314",NA,NA,"debit","Mon","11:00:00","11","August"
"709","posted",NA,"ACC-3879258709","143.83","-37.66","PAY/SALARY",NA,"Natasha",190299.56,2018-08-06 07:00:00,"F",40,NA,NA,4216.04,"dd10f0e6270548a8a7d38b1f5b3ed065","CUS-527400765",NA,NA,"credit","Mon","11:00:00","11","August"
"710","authorized","1","ACC-1608363396","151.22","-33.87","SALES-POS","c1933bcd-b776-4b7c-8b7c-e3ca0511d413","Robert",1474.54,2018-08-06 07:00:00,"M",20,"Penrith","NSW",16.75,"c2e35a2a2807481f8ea029d492e1511a","CUS-2688605418","150.68","-33.77","debit","Mon","11:16:35","11","August"
"711","authorized","0","ACC-1608363396","151.22","-33.87","POS","4274278d-fe8f-4bcc-ba89-6029e503fe2f","Robert",1459.35,2018-08-06 07:00:00,"M",20,"Wahroonga","NSW",15.19,"4d4654d4d3e6441d845215e040d86acb","CUS-2688605418","151.12","-33.72","debit","Mon","11:40:58","11","August"
"712","posted",NA,"ACC-588564840","151.27","-33.76","PAYMENT",NA,"Isaiah",7766.58,2018-08-06 07:00:00,"M",23,NA,NA,101,"13148ed9058c4f919c8ad04f0425d1a3","CUS-1462656821",NA,NA,"debit","Mon","12:00:00","12","August"
"713","posted",NA,"ACC-1438600314","138.69","-34.84","PAY/SALARY",NA,"Maria",2616.39,2018-08-06 07:00:00,"F",35,NA,NA,862.95,"e387b0b7f9c845dd8e1b9be6bccc4621","CUS-2650223890",NA,NA,"credit","Mon","12:00:00","12","August"
"714","authorized","1","ACC-3481401842","115.74","-31.72","SALES-POS","566e20e5-188d-4e5b-b858-4e487730d3da","Tiffany",1337.95,2018-08-06 07:00:00,"F",25,"South Bunbury","WA",2.69,"6cf3e1899db14f518e97cd0ff678e19d","CUS-1669695324","115.64","-33.34","debit","Mon","12:05:06","12","August"
"715","authorized","1","ACC-1243371644","150.90","-33.78","SALES-POS","4d0051b3-91be-4db7-b397-ac82ea844118","Gregory",523.15,2018-08-06 07:00:00,"M",42,"North Sydney","NSW",52.19,"9f22d6a6bbe54ef0a131f4ad38cccc6b","CUS-3904958894","151.21","-33.84","debit","Mon","12:28:22","12","August"
"716","authorized","1","ACC-1710017148","150.82","-34.01","POS","12bd9960-37f8-4485-ba9a-a312c4c9f4de","Michelle",1336.71,2018-08-06 07:00:00,"F",19,"Hurstville","NSW",29.54,"78a9d7ff1e564fe0b639942dc4d2b25f","CUS-883482547","151.11","-33.97","debit","Mon","12:51:37","12","August"
"717","posted",NA,"ACC-2650850707","148.16","-23.52","PAY/SALARY",NA,"Brian",106396.58,2018-08-06 07:00:00,"M",42,NA,NA,3231.26,"5ea14cdc1f634e5c9904442771f8d0fb","CUS-2819545904",NA,NA,"credit","Mon","13:00:00","13","August"
"718","posted",NA,"ACC-1496451953","145.16","-37.84","PAY/SALARY",NA,"Ricky",2664.6,2018-08-06 07:00:00,"M",43,NA,NA,2588.01,"3d41a4a9802941e19adaf2a6b36f7c94","CUS-3142625864",NA,NA,"credit","Mon","13:00:00","13","August"
"719","posted",NA,"ACC-2173390920","144.71","-37.58","PAY/SALARY",NA,"Luis",1402.71,2018-08-06 07:00:00,"M",27,NA,NA,1396.23,"a9724092d01d4587bf81a409c436ad9e","CUS-3180318393",NA,NA,"credit","Mon","13:00:00","13","August"
"720","posted",NA,"ACC-2615038700","145.35","-38.03","PAY/SALARY",NA,"Emily",29114.92,2018-08-06 07:00:00,"F",43,NA,NA,664.43,"221dbed8696b4ce9bd952cfa403330ef","CUS-3255104878",NA,NA,"credit","Mon","13:00:00","13","August"
"721","posted",NA,"ACC-4258502723","145.45","-37.74","PAY/SALARY",NA,"Kimberly",1483.02,2018-08-06 07:00:00,"F",24,NA,NA,1059.84,"413cb33293da4dac89e77bddf011dfdf","CUS-3378712515",NA,NA,"credit","Mon","13:00:00","13","August"
"722","posted",NA,"ACC-2249586092","115.98","-32.07","PAY/SALARY",NA,"Edward",5053.83,2018-08-06 07:00:00,"M",19,NA,NA,990.55,"975f3f94186245f0a38afde27da06654","CUS-443776336",NA,NA,"credit","Mon","13:00:00","13","August"
"723","authorized","1","ACC-2776252858","144.95","-37.76","SALES-POS","f1408890-303c-49ea-b5c8-5a6d47f98044","Kristin",784.27,2018-08-06 07:00:00,"F",43,"Heidelberg","VIC",15.95,"05d1f18ed2944f23979f11f9e5387e3c","CUS-4123612273","145.07","-37.76","debit","Mon","13:15:14","13","August"
"724","authorized","1","ACC-1598451071","153.41","-27.95","POS","d7160c68-7371-411c-aa52-9c0f39f5fff1","Diana",455.13,2018-08-06 07:00:00,"F",26,"Salisbury Downs","SA",33.82,"0c934978824040bc81bcb5a4cf4876cf","CUS-2487424745","138.63","-34.77","debit","Mon","13:39:02","13","August"
"725","posted",NA,"ACC-4065652575","115.81","-31.82","PAYMENT",NA,"Lucas",5795.11,2018-08-06 07:00:00,"M",21,NA,NA,40,"b2763f95135c4160b96a8f6c6cf0abb2","CUS-1117979751",NA,NA,"debit","Mon","14:00:00","14","August"
"726","posted",NA,"ACC-602667573","151.23","-33.96","PAY/SALARY",NA,"Michael",2454.56,2018-08-06 07:00:00,"M",40,NA,NA,2280.36,"1b28a60443b44ac6b3361023430c95d0","CUS-2031327464",NA,NA,"credit","Mon","14:00:00","14","August"
"727","posted",NA,"ACC-3827517394","151.12","-33.89","PAYMENT",NA,"Craig",29642.05,2018-08-06 07:00:00,"M",28,NA,NA,20,"834842e7036940489d2bd94c552121ef","CUS-2663907001",NA,NA,"debit","Mon","14:00:00","14","August"
"728","posted",NA,"ACC-3021093232","149.83","-29.47","PAY/SALARY",NA,"Melissa",1681.07,2018-08-06 07:00:00,"F",30,NA,NA,1636.72,"a0eba98b444945bda90764a7492b9e57","CUS-55310383",NA,NA,"credit","Mon","14:00:00","14","August"
"729","authorized","1","ACC-1243371644","150.90","-33.78","POS","c38d0948-0f40-4c37-994e-9f7fee3a844d","Gregory",496.81,2018-08-06 07:00:00,"M",42,"Thornleigh","NSW",26.34,"34c9ce5cf98c448d9dca986597ff914d","CUS-3904958894","151.08","-33.73","debit","Mon","14:02:59","14","August"
"730","posted",NA,"ACC-819621312","145.04","-37.85","INTER BANK",NA,"Michele",947.27,2018-08-06 07:00:00,"F",30,NA,NA,55,"72c588e9a22743d99a482de0dc2abd4e","CUS-1271030853",NA,NA,"debit","Mon","15:00:00","15","August"
"731","posted",NA,"ACC-3481401842","115.74","-31.72","PAYMENT",NA,"Tiffany",1177.95,2018-08-06 07:00:00,"F",25,NA,NA,160,"24b7282855cf4d90841b13bfdcdcff76","CUS-1669695324",NA,NA,"debit","Mon","15:00:00","15","August"
"732","posted",NA,"ACC-1650504218","145.01","-37.93","PAYMENT",NA,"Marissa",1874.08,2018-08-06 07:00:00,"F",23,NA,NA,22,"d214a84211064f9ea22bcb174084d2e9","CUS-2500783281",NA,NA,"debit","Mon","15:00:00","15","August"
"733","authorized","1","ACC-90814749","151.68","-32.98","SALES-POS","15388986-8d72-4006-aacb-2eacc4150ab3","Christopher",5728.67,2018-08-06 07:00:00,"M",35,"New Lambton Heights","NSW",9.51,"e312bcaa118e47669a14c8d7ca4efb19","CUS-1896554896","151.69","-32.92","debit","Mon","15:14:07","15","August"
"734","authorized","0","ACC-854938045","147.63","-22.84","SALES-POS","4bf11f3a-c3e4-4f41-b5a5-72f3337034fc","James",6523.89,2018-08-06 07:00:00,"M",28,"Newman","WA",12.11,"fdc1c3ee8c094292ac52c0fd651ba6c0","CUS-4023861240","118.97","-22.92","debit","Mon","15:33:43","15","August"
"735","authorized","0","ACC-1598451071","153.41","-27.95","POS","77aa0b0c-c684-4ae9-b387-8017dd022215","Diana",445.37,2018-08-06 07:00:00,"F",26,"Kingscliff","NSW",9.76,"913071e6b8254d648804c7ea5ffc0fb6","CUS-2487424745","153.58","-28.26","debit","Mon","15:53:19","15","August"
"736","authorized","1","ACC-1243371644","150.90","-33.78","POS","954d32f0-8a3e-4977-94b9-ea7fd1816e9f","Gregory",449.05,2018-08-06 07:00:00,"M",42,"Castle Hill","NSW",47.76,"4f486e46905e492699db9e761d61e078","CUS-3904958894","151.01","-33.73","debit","Mon","16:18:51","16","August"
"737","authorized","1","ACC-3827517394","151.12","-33.89","SALES-POS","145ebb98-1574-4fea-8869-e4b7e0ce02f8","Craig",29629.39,2018-08-06 07:00:00,"M",28,"Fairfield West","NSW",12.66,"2eb9f3af45ed4c55acb5755472996c58","CUS-2663907001","150.92","-33.87","debit","Mon","16:47:25","16","August"
"738","posted",NA,"ACC-3084464802","145.15","-37.76","PAYMENT",NA,"Susan",687.87,2018-08-06 07:00:00,"F",19,NA,NA,36,"066672003ec840be8287024ef2b3ec2f","CUS-1928710999",NA,NA,"debit","Mon","17:00:00","17","August"
"739","posted",NA,"ACC-2270192619","138.56","-35.27","PAY/SALARY",NA,"Darren",9637.69,2018-08-06 07:00:00,"M",20,NA,NA,3026.95,"c1d51fe6ac554d37b93d57dba64d6674","CUS-2110742437",NA,NA,"credit","Mon","17:00:00","17","August"
"740","posted",NA,"ACC-3827517394","151.12","-33.89","PAYMENT",NA,"Craig",29501.39,2018-08-06 07:00:00,"M",28,NA,NA,128,"c6c4dbbc5efe40658415ca5f8c58acac","CUS-2663907001",NA,NA,"debit","Mon","17:00:00","17","August"
"741","posted",NA,"ACC-4258502723","145.45","-37.74","PAYMENT",NA,"Kimberly",1430.02,2018-08-06 07:00:00,"F",24,NA,NA,53,"4f03bb436d8a4fa2b854a6a92e750f66","CUS-3378712515",NA,NA,"debit","Mon","17:00:00","17","August"
"742","posted",NA,"ACC-854938045","147.63","-22.84","PAY/SALARY",NA,"James",9062.57,2018-08-06 07:00:00,"M",28,NA,NA,2538.68,"4f1eda4e413e4a309ce8f72761008bef","CUS-4023861240",NA,NA,"credit","Mon","17:00:00","17","August"
"743","posted",NA,"ACC-1710017148","150.82","-34.01","PAY/SALARY",NA,"Michelle",5314.17,2018-08-06 07:00:00,"F",19,NA,NA,3977.46,"b9d1728e45d643fd9d6f9a38b0bf93ee","CUS-883482547",NA,NA,"credit","Mon","17:00:00","17","August"
"744","authorized","0","ACC-3317636250","153.02","-27.66","SALES-POS","f9023826-e226-4a52-a886-bedc6a0f03eb","Kenneth",2524.19,2018-08-06 07:00:00,"M",35,"Sydney","NSW",29.71,"61b7bb46497349f7b7c9b47a283653d0","CUS-2738291516","151.21","-33.87","debit","Mon","17:48:44","17","August"
"745","authorized","1","ACC-3689607373","115.79","-31.79","POS","178a5845-b81a-421a-893c-6705ba50aeaa","Virginia",1868.58,2018-08-06 07:00:00,"F",20,"Carey Park","WA",17.89,"05dbc22015fc4b4c8e5762c0a7d42480","CUS-127297539","115.65","-33.36","debit","Mon","18:22:04","18","August"
"746","authorized","1","ACC-3536132544","144.93","-37.79","POS","9b51932f-67a6-4b29-90f9-4b0740e640a3","Heather",1275.95,2018-08-06 07:00:00,"F",41,"Ferntree Gully","VIC",22.85,"4f447d4800d3479a94c79a05afadd806","CUS-2348881191","145.27","-37.88","debit","Mon","18:56:33","18","August"
"747","authorized","1","ACC-1037050564","153.10","-27.66","SALES-POS","b5585b6d-384e-43cb-823f-6de486160a0a","Rhonda",1865.6,2018-08-06 07:00:00,"F",40,"Park Ridge","QLD",13.16,"d00bf34dfc2b4896bec4aff739a0d74c","CUS-1614226872","153.04","-27.7","debit","Mon","19:37:29","19","August"
"748","posted",NA,"ACC-2920611728","144.96","-37.76","PAYMENT",NA,"Tyler",1797.27,2018-08-06 07:00:00,"M",69,NA,NA,64,"6f2c1fc8056d45c2be4ad8831ddf0931","CUS-1388323263",NA,NA,"debit","Mon","20:00:00","20","August"
"749","posted",NA,"ACC-2650850707","148.16","-23.52","PAYMENT",NA,"Brian",106363.58,2018-08-06 07:00:00,"M",42,NA,NA,33,"a3374eebbd5b45adba2a2796af22a0e1","CUS-2819545904",NA,NA,"debit","Mon","20:00:00","20","August"
"750","authorized","1","ACC-37709441","153.41","-28.01","SALES-POS","92b064b0-5bc8-48f9-9294-7145b058d4e6","Charles",6.49,2018-08-06 07:00:00,"M",18,"Pimpama","QLD",7.18,"81e6b8c735bd4afb892211f9e8d7ff62","CUS-3336454548","153.32","-27.82","debit","Mon","20:07:25","20","August"
"751","authorized","0","ACC-38923874","151.27","-33.90","SALES-POS","d3e3b875-f7bb-4cf7-8c37-da652056cb3e","Ryan",29969.33,2018-08-06 07:00:00,"M",38,"Blacktown","NSW",17.44,"ee979c6c4d41412dbea16cb310207fc2","CUS-3249305314","150.91","-33.77","debit","Mon","20:23:32","20","August"
"752","authorized","1","ACC-414431115","142.77","-37.06","SALES-POS","959694dd-5121-4e68-9d7f-ad35790519e3","Amy",1435.25,2018-08-06 07:00:00,"F",43,"Mansfield","VIC",26.89,"535681f0ff89436fa6bc73f365df3ecf","CUS-2599279756","146.09","-37.05","debit","Mon","20:39:40","20","August"
"753","authorized","1","ACC-2265520058","151.27","-33.85","SALES-POS","4f91a7dc-62cb-4abb-9d0e-3838684e33fc","Catherine",10.15,2018-08-06 07:00:00,"F",26,"Kingswood","NSW",8.3,"4c8e9058febe47988068215aa55a54b4","CUS-331942311","150.73","-33.77","debit","Mon","20:55:48","20","August"
"754","authorized","0","ACC-2988263882","145.18","-37.90","SALES-POS","9af334fc-dbb6-4a51-845e-3f41c7bc8331","Michael",2430.08,2018-08-06 07:00:00,"M",44,"Cheltenham","VIC",21.8,"56fbca669a5a4d82815ab2b320df36e8","CUS-1233833708","145.05","-37.96","debit","Mon","21:09:14","21","August"
"755","authorized","0","ACC-1788473090","145.06","-37.95","POS","ccdf7ece-401f-46e0-8600-3c00b3e6b9a6","Rachael",2063.89,2018-08-06 07:00:00,"F",21,"Wantirna","VIC",92.93,"d382608b1d1a4c80b6c42a401e73c7dd","CUS-134193016","145.23","-37.85","debit","Mon","21:21:44","21","August"
"756","authorized","1","ACC-1334819143","145.13","-37.70","POS","a74a9219-5b40-4cd0-aec0-5a47816fcc96","Christopher",57937.15,2018-08-06 07:00:00,"M",33,"Seaford","VIC",22.31,"c69ba35b016243e58d69555741923fcb","CUS-3117610635","145.16","-38.11","debit","Mon","21:34:14","21","August"
"757","authorized","1","ACC-3317636250","153.02","-27.66","SALES-POS","c9342e41-f513-47c1-9d7c-a54ca1963ef0","Kenneth",2479.1,2018-08-06 07:00:00,"M",35,"Kippa-Ring","QLD",45.09,"0ce414278e054c9f8b22299c54ae2b1c","CUS-2738291516","153.09","-27.23","debit","Mon","21:46:44","21","August"
"758","authorized","1","ACC-3536132544","144.93","-37.79","POS","fd56fb7c-7050-46f7-8da6-ced3f2a8f219","Heather",1239.13,2018-08-06 07:00:00,"F",41,"Balwyn North","VIC",36.82,"a98cc4c6f0734a89a3227ce7b7abd6e8","CUS-2348881191","145.06","-37.79","debit","Mon","21:59:14","21","August"
"759","posted",NA,"ACC-38923874","151.27","-33.90","PAYMENT",NA,"Ryan",29835.33,2018-08-06 07:00:00,"M",38,NA,NA,134,"a8b35957bdcc4b98b703207b4260fde3","CUS-3249305314",NA,NA,"debit","Mon","22:00:00","22","August"
"760","posted",NA,"ACC-2249586092","115.98","-32.07","PAYMENT",NA,"Edward",5022.83,2018-08-06 07:00:00,"M",19,NA,NA,31,"dc22505cd75b412988589ebf39a7810b","CUS-443776336",NA,NA,"debit","Mon","22:00:00","22","August"
"761","authorized","1","ACC-3100725361","145.73","-17.03","POS","814b74ef-67a5-472d-82f0-6c1dace99cf3","Ronald",1902.77,2018-08-06 07:00:00,"M",25,"Cobar","NSW",7.09,"742de3947b55488c825561368b923c6f","CUS-2178051368","145.84","-31.5","debit","Mon","22:53:53","22","August"
"762","posted",NA,"ACC-1217063613","147.61","-37.82","INTER BANK",NA,"Kimberly",14.97,2018-08-06 07:00:00,"F",27,NA,NA,20,"643701e7d40b4c97a1f091d7bea890be","CUS-1739931018",NA,NA,"debit","Mon","23:00:00","23","August"
"763","posted",NA,"ACC-2970114956","144.89","-37.69","PAYMENT",NA,"Robert",6647.49,2018-08-06 07:00:00,"M",26,NA,NA,61,"2497c1d1bb1c4f42abe7eca9d153bb28","CUS-880898248",NA,NA,"debit","Mon","23:00:00","23","August"
"764","authorized","1","ACC-2673069055","152.99","-27.49","POS","7644aebc-beec-40bd-aa31-28395d47d552","Richard",11102.53,2018-08-07 07:00:00,"M",24,"Port Macquarie","NSW",9.23,"f8cba1674ed444e0a44091823bf55f8a","CUS-51506836","152.89","-31.45","debit","Tue","00:13:38","00","August"
"765","authorized","1","ACC-1710017148","150.82","-34.01","POS","f218ca8d-dc6f-43d3-b3fe-94971bb76fc4","Michelle",5286.04,2018-08-07 07:00:00,"F",19,"Mcalinden","WA",28.13,"307cf646157d47719b79d5ae6181044c","CUS-883482547","116.32","-33.62","debit","Tue","00:59:05","00","August"
"766","authorized","1","ACC-2828321672","153.03","-27.51","SALES-POS","8bea91a6-d6b5-48ae-9550-7e04f054afad","Stephanie",66.53,2018-08-07 07:00:00,"F",53,"Kedron","QLD",33.7,"ddb1d7e4dccf47838cac4a26192d773c","CUS-1005756958","153.03","-27.41","debit","Tue","01:33:47","01","August"
"767","posted",NA,"ACC-1598451071","153.41","-27.95","INTER BANK",NA,"Diana",425.37,2018-08-07 07:00:00,"F",26,NA,NA,20,"f0575037a5444f11a7947933b5659b17","CUS-2487424745",NA,NA,"debit","Tue","02:00:00","02","August"
"768","posted",NA,"ACC-1903037542","153.05","-27.61","PHONE BANK",NA,"Jeffrey",1205.42,2018-08-07 07:00:00,"M",30,NA,NA,134,"e009b67935cd4ee9968f27b7c0d7f815","CUS-860700529",NA,NA,"debit","Tue","02:00:00","02","August"
"769","posted",NA,"ACC-2231965366","144.96","-37.84","INTER BANK",NA,"Linda",1305.05,2018-08-07 07:00:00,"F",35,NA,NA,17,"cd70b80ed5c343d08ff73c68f8aff8c6","CUS-2155701614",NA,NA,"debit","Tue","03:00:00","03","August"
"770","posted",NA,"ACC-240804743","121.48","-30.75","PHONE BANK",NA,"Kenneth",4364.89,2018-08-07 07:00:00,"M",29,NA,NA,43,"e617de0f0ee6430d8361d26c6cf0ec10","CUS-261674136",NA,NA,"debit","Tue","03:00:00","03","August"
"771","authorized","1","ACC-1443681913","150.92","-33.77","POS","35886395-d67b-48ab-9f4c-668eabb62e8c","Ryan",261.71,2018-08-07 07:00:00,"M",31,"Penrith","NSW",10.68,"dcad491ff28146179f88c387508d45c4","CUS-3129499595","150.68","-33.76","debit","Tue","03:59:59","03","August"
"772","posted",NA,"ACC-1788473090","145.06","-37.95","INTER BANK",NA,"Rachael",2043.89,2018-08-07 07:00:00,"F",21,NA,NA,20,"41657d3a27394b8db9fcdfb2d94e138a","CUS-134193016",NA,NA,"debit","Tue","04:00:00","04","August"
"773","posted",NA,"ACC-3827517394","151.12","-33.89","PAYMENT",NA,"Craig",29471.39,2018-08-07 07:00:00,"M",28,NA,NA,30,"6e3a8dfc597245269e7904f25fae8536","CUS-2663907001",NA,NA,"debit","Tue","04:00:00","04","August"
"774","authorized","1","ACC-1608363396","151.22","-33.87","SALES-POS","930eaba2-d053-421e-9a13-e6c349d4f679","Robert",1449.22,2018-08-07 07:00:00,"M",20,"Darlington","NSW",10.13,"93374988502149db855dd167ccdd4561","CUS-2688605418","151.19","-33.89","debit","Tue","04:58:49","04","August"
"775","posted",NA,"ACC-1890605467","143.88","-37.66","INTER BANK",NA,"Alexander",5545.25,2018-08-07 07:00:00,"M",38,NA,NA,42,"c5dcdfac54da441a97e627f3536b613c","CUS-1478398256",NA,NA,"debit","Tue","05:00:00","05","August"
"776","posted",NA,"ACC-958000567","130.90","-12.37","PAYMENT",NA,"Sandra",208.34,2018-08-07 07:00:00,"F",34,NA,NA,20,"3c3abc127e0a4be2930cda19b7341dfd","CUS-4142663097",NA,NA,"debit","Tue","05:00:00","05","August"
"777","posted",NA,"ACC-354106658","151.04","-33.80","PAYMENT",NA,"Christine",4194.53,2018-08-07 07:00:00,"F",39,NA,NA,21,"c6498dfb87314331a9f13f95c79cdb12","CUS-2376382098",NA,NA,"debit","Tue","06:00:00","06","August"
"778","posted",NA,"ACC-2270192619","138.56","-35.27","PAYMENT",NA,"Darren",9598.69,2018-08-07 07:00:00,"M",20,NA,NA,39,"3a4e3c0034da4fb9baf289aea7506174","CUS-2110742437",NA,NA,"debit","Tue","07:00:00","07","August"
"779","posted",NA,"ACC-4274272854","145.23","-37.86","PAYMENT",NA,"Timothy",2487.5,2018-08-07 07:00:00,"M",20,NA,NA,34,"a47dc07b42f140f9b0ce6e45c74ebb07","CUS-2484453271",NA,NA,"debit","Tue","07:00:00","07","August"
"780","posted",NA,"ACC-1598451071","153.41","-27.95","PAYMENT",NA,"Diana",389.37,2018-08-07 07:00:00,"F",26,NA,NA,36,"7ddd508e3cb34b2f963003ab43a0c585","CUS-2487424745",NA,NA,"debit","Tue","07:00:00","07","August"
"781","authorized","1","ACC-588564840","151.27","-33.76","POS","4f379cad-d380-4426-b39d-32132f77fe27","Isaiah",7242.68,2018-08-07 07:00:00,"M",23,"Sydney","NSW",523.9,"21f2a2f8fb7b456f8d0e82c44ed40d9f","CUS-1462656821","151.21","-33.87","debit","Tue","07:34:59","07","August"
"782","posted",NA,"ACC-2231965366","144.96","-37.84","PAYMENT",NA,"Linda",1269.05,2018-08-07 07:00:00,"F",35,NA,NA,36,"a39759c6388f4a138bee9fa64cbb09f5","CUS-2155701614",NA,NA,"debit","Tue","08:00:00","08","August"
"783","authorized","1","ACC-1598451071","153.41","-27.95","POS","430c23a4-b449-4225-8c79-d7f274810e6e","Diana",378.23,2018-08-07 07:00:00,"F",26,"Arundel","QLD",11.14,"d7e77760b4d74382bf4610142e1aa48b","CUS-2487424745","153.38","-27.93","debit","Tue","08:13:57","08","August"
"784","posted",NA,"ACC-3827517394","151.12","-33.89","INTER BANK",NA,"Craig",29442.39,2018-08-07 07:00:00,"M",28,NA,NA,29,"99607fc9460344399a7a1a290ba3fee5","CUS-2663907001",NA,NA,"debit","Tue","09:00:00","09","August"
"785","posted",NA,"ACC-1710017148","150.82","-34.01","PAYMENT",NA,"Michelle",5209.29,2018-08-07 07:00:00,"F",19,NA,NA,54,"e60c658ed5224ab0b9c7bc2feed3eed6","CUS-883482547",NA,NA,"debit","Tue","09:00:00","09","August"
"786","posted",NA,"ACC-1710017148","150.82","-34.01","PAYMENT",NA,"Michelle",5009.29,2018-08-07 07:00:00,"F",19,NA,NA,200,"7404f01d88a748a59b10806d9513f9a7","CUS-883482547",NA,NA,"debit","Tue","09:00:00","09","August"
"787","authorized","1","ACC-854938045","147.63","-22.84","SALES-POS","b34457a8-f092-422d-b39d-44828e15d69c","James",9056.22,2018-08-07 07:00:00,"M",28,"Newman","WA",6.35,"c0284613be284b389ec72e61d581eb55","CUS-4023861240","119.79","-22.98","debit","Tue","09:00:05","09","August"
"788","authorized","1","ACC-1443681913","150.92","-33.77","SALES-POS","4c322c8a-4f66-42c9-8d01-57a41d96756c","Ryan",239.86,2018-08-07 07:00:00,"M",31,"Allambie Heights","NSW",21.85,"4061712d2f9340b8a9bad7204ee08722","CUS-3129499595","151.24","-33.76","debit","Tue","09:04:17","09","August"
"789","authorized","0","ACC-2171593283","146.94","-36.04","POS","3864ffa9-f43a-40cc-84b6-bb4cf8abb286","Fernando",4120.92,2018-08-07 07:00:00,"M",19,"Bracknell","TAS",18.71,"5235df098104434dafaac34de3f26829","CUS-2317998716","146.94","-41.65","debit","Tue","09:08:29","09","August"
"790","authorized","1","ACC-3485804958","138.52","-35.01","SALES-POS","46b730a2-810c-4bf8-849b-ef1dc10d4ec5","Jessica",16115.62,2018-08-07 07:00:00,"F",34,"Gungahlin","ACT",24.93,"8158542166664e32a563408a01f5ee1b","CUS-1196156254","149.13","-35.18","debit","Tue","09:12:41","09","August"
"791","authorized","1","ACC-90814749","151.68","-32.98","SALES-POS","ab79479c-da5d-4a41-ae59-2c6355c917d2","Christopher",5697.08,2018-08-07 07:00:00,"M",35,"Toronto","NSW",31.59,"e373fe83888b48eeaa210e5ca39d1db4","CUS-1896554896","151.59","-33.01","debit","Tue","09:16:53","09","August"
"792","authorized","0","ACC-3541460373","145.00","-37.83","SALES-POS","b53bc667-bb5c-4901-9955-3c4401cc6c7c","Jeffrey",1701.65,2018-08-07 07:00:00,"M",24,"Bairnsdale","VIC",18.61,"aa4b2367705d4297a32f35b2ee9b200a","CUS-1433879684","147.6","-37.84","debit","Tue","09:21:05","09","August"
"793","authorized","1","ACC-1217063613","147.61","-37.82","POS","a39e17e7-8ca2-4a62-8ad7-6e7c841fc579","Kimberly",0.24,2018-08-07 07:00:00,"F",27,"Lara","VIC",14.73,"38a2377f941d4504a96a8d6541d897d6","CUS-1739931018","144.41","-38.02","debit","Tue","09:25:17","09","August"
"794","authorized","1","ACC-4281711154","144.98","-37.84","SALES-POS","8caa374e-b525-4314-82e2-b8a4d8828490","Eric",33108.1,2018-08-07 07:00:00,"M",42,"Carlton North","VIC",52,"e309f36d472e453883a00c706c705594","CUS-3151318058","144.98","-37.78","debit","Tue","09:29:29","09","August"
"795","authorized","1","ACC-3481401842","115.74","-31.72","POS","bf381ec0-df2c-4703-98d5-4436b2133ff6","Tiffany",1160.4,2018-08-07 07:00:00,"F",25,"Elsternwick","VIC",17.55,"870fa90ed06c41e3ab4606c804def983","CUS-1669695324","145","-37.88","debit","Tue","09:33:41","09","August"
"796","authorized","1","ACC-1037050564","153.10","-27.66","POS","ffaffe7f-3d95-4429-a3dd-96a8d6088863","Rhonda",1814.26,2018-08-07 07:00:00,"F",40,"Prahran","VIC",51.34,"98eb203781f646ae996cb72ec37719b9","CUS-1614226872","145","-37.85","debit","Tue","09:37:53","09","August"
"797","authorized","0","ACC-182446574","116.06","-32.00","SALES-POS","44576f00-435b-40e4-8b09-f28c74bbd6fb","Tonya",2636.86,2018-08-07 07:00:00,"F",27,"Innaloo","WA",23.46,"de4a700d10dc4fccacf3994e6e35fdf2","CUS-3026014945","115.8","-31.9","debit","Tue","09:46:18","09","August"
"798","authorized","1","ACC-3481401842","115.74","-31.72","SALES-POS","5d944e72-d87a-44e8-9f19-0331d7d8fad8","Tiffany",1147.6,2018-08-07 07:00:00,"F",25,"Mandurah","WA",12.8,"f8d0f70993b745ba95f77762bd42baff","CUS-1669695324","115.72","-32.53","debit","Tue","09:50:30","09","August"
"799","authorized","1","ACC-1037050564","153.10","-27.66","POS","42b9bd12-297b-4cae-a557-821c5c0c22b2","Rhonda",1805.08,2018-08-07 07:00:00,"F",40,"Crawley","WA",9.18,"e9a1a77ff08a41ef88cc935bfdc72fc6","CUS-1614226872","115.82","-31.98","debit","Tue","09:54:42","09","August"
"800","authorized","1","ACC-1710017148","150.82","-34.01","SALES-POS","067e0c0b-7256-4c1b-a298-aa324f1f97b7","Michelle",5263.29,2018-08-07 07:00:00,"F",19,"Yeppoon","QLD",22.75,"a40b622f86974cda81ce049b1dba564e","CUS-883482547","150.74","-23.13","debit","Tue","09:58:54","09","August"
"801","authorized","1","ACC-2970114956","144.89","-37.69","SALES-POS","469cd883-7db8-4e55-903a-12c6f509f400","Robert",6633.04,2018-08-07 07:00:00,"M",26,"Scoresby","VIC",14.45,"b91a92167682452a92ce696d6894c1ad","CUS-880898248","145.23","-37.9","debit","Tue","10:07:23","10","August"
"802","authorized","1","ACC-2828321672","153.03","-27.51","SALES-POS","0e983d91-5ce0-4c47-9463-8e9f9642b7b6","Stephanie",52.57,2018-08-07 07:00:00,"F",53,"Woolgoolga","NSW",13.96,"055d4ad23d784dfa9ff71b916d159847","CUS-1005756958","153.18","-30.11","debit","Tue","10:17:23","10","August"
"803","authorized","1","ACC-1516130869","130.84","-12.45","POS","1e69bf15-b6f1-461f-b6a2-139014b24462","Jessica",9.63,2018-08-07 07:00:00,"F",21,"Yarrawonga","NT",9.71,"6ee1bd93e0c64b76a1b41d585984a278","CUS-325142416","130.98","-12.47","debit","Tue","10:27:23","10","August"
"804","authorized","1","ACC-3541460373","145.00","-37.83","SALES-POS","f126f15e-30c2-456f-8b10-a28f9762e41d","Jeffrey",1569.46,2018-08-07 07:00:00,"M",24,"Brisbane City","QLD",132.19,"9c12844854e54180a04674dc2c088361","CUS-1433879684","153.02","-27.47","debit","Tue","10:37:23","10","August"
"805","authorized","1","ACC-182446574","116.06","-32.00","POS","c4c29ae3-f5a9-425d-a0a5-89a6bd2e1602","Tonya",2613.71,2018-08-07 07:00:00,"F",27,"Success","WA",23.15,"7e4faa2308eb47609086a312845db9a2","CUS-3026014945","115.86","-32.13","debit","Tue","10:47:23","10","August"
"806","authorized","1","ACC-1598451071","153.41","-27.95","POS","6a7723ac-8d34-4c11-a889-86425efdc1d5","Diana",370.38,2018-08-07 07:00:00,"F",26,"Ormeau","QLD",7.85,"64168ea78a73489d8a5c15d59a477c96","CUS-2487424745","153.24","-27.76","debit","Tue","10:57:23","10","August"
"807","posted",NA,"ACC-2231965366","144.96","-37.84","PAYMENT",NA,"Linda",1224.05,2018-08-07 07:00:00,"F",35,NA,NA,45,"a93fa5a46e2c4930a9210dfead0f561d","CUS-2155701614",NA,NA,"debit","Tue","11:00:00","11","August"
"808","posted",NA,"ACC-37709441","153.41","-28.01","PAY/SALARY",NA,"Charles",4138.72,2018-08-07 07:00:00,"M",18,NA,NA,4132.23,"9f00417dbb9a45cea772f8450136d614","CUS-3336454548",NA,NA,"credit","Tue","11:00:00","11","August"
"809","authorized","0","ACC-2890243754","153.32","-27.93","SALES-POS","1755f299-52e5-4489-a5ce-d86c236a351c","Joseph",957.37,2018-08-07 07:00:00,"M",37,"St Leonards","NSW",78.97,"5809bd636c2f42448ab020db99628b20","CUS-2695611575","151.19","-33.82","debit","Tue","11:06:32","11","August"
"810","authorized","1","ACC-90814749","151.68","-32.98","SALES-POS","ba23d4fd-81e8-4850-8e24-412e2e985541","Christopher",5690.18,2018-08-07 07:00:00,"M",35,"Fyshwick","ACT",6.9,"90b843e61e9544ffb2f93f67d9fd2827","CUS-1896554896","149.18","-35.32","debit","Tue","11:15:23","11","August"
"811","authorized","1","ACC-2014856841","144.99","-37.90","POS","735cb78a-1f49-4e16-8eba-ed2ee2b58b0c","Patrick",258285.94,2018-08-07 07:00:00,"M",46,"East Melbourne","VIC",2013.08,"1e98baadf0654ebcb8973876dec4e335","CUS-2370108457","144.98","-37.81","debit","Tue","11:24:14","11","August"
"812","authorized","1","ACC-90814749","151.68","-32.98","POS","5e4447f8-8083-40eb-b75f-f7e9a0583d3c","Christopher",5667.78,2018-08-07 07:00:00,"M",35,"Peterborough","SA",22.4,"595a58f9b33f4814a00a2e4263eeab18","CUS-1896554896","138.84","-32.97","debit","Tue","11:33:05","11","August"
"813","authorized","1","ACC-2305712452","138.61","-34.89","SALES-POS","b88cd541-59bf-4bb6-be5a-8a7e000dd472","Debra",31.37,2018-08-07 07:00:00,"F",18,"Stafford Heights","QLD",32.32,"4c7c2f6b6b594aa5a999cb7fb0b9014e","CUS-1842679196","153.01","-27.4","debit","Tue","11:41:56","11","August"
"814","authorized","1","ACC-1037050564","153.10","-27.66","POS","cfce0f5c-07c5-40fd-ac84-d8b1d701e12b","Rhonda",1783.86,2018-08-07 07:00:00,"F",40,"Indooroopilly","QLD",21.22,"db118cef61864cc7bc66bfb7786da132","CUS-1614226872","152.97","-27.5","debit","Tue","11:50:47","11","August"
"815","authorized","1","ACC-182446574","116.06","-32.00","POS","cec1a590-3bfa-476d-a9bb-3bb1b3b9b334","Tonya",2604.08,2018-08-07 07:00:00,"F",27,"Broken Hill","NSW",9.63,"d62c167b992c4b0dbcb36050fda8dcac","CUS-3026014945","141.46","-31.95","debit","Tue","11:59:38","11","August"
"816","posted",NA,"ACC-2231965366","144.96","-37.84","PAY/SALARY",NA,"Linda",3667.29,2018-08-07 07:00:00,"F",35,NA,NA,2443.24,"3723ca07d17d4f5d9484c5525028def1","CUS-2155701614",NA,NA,"credit","Tue","12:00:00","12","August"
"817","authorized","1","ACC-1608363396","151.22","-33.87","SALES-POS","c6ef8420-7cca-4837-b2c7-79c4a60c3835","Robert",1241.98,2018-08-07 07:00:00,"M",20,"Ryde","NSW",207.24,"97640796867b4302ab3077872f13d4fe","CUS-2688605418","151.11","-33.81","debit","Tue","12:20:25","12","August"
"818","authorized","1","ACC-1598451071","153.41","-27.95","SALES-POS","592ca063-02f5-437c-95e9-12818d48d3f7","Diana",360.95,2018-08-07 07:00:00,"F",26,"Byron Bay","NSW",9.43,"e324b43c055142d79013ecf1df4f3718","CUS-2487424745","153.61","-28.64","debit","Tue","12:41:42","12","August"
"819","posted",NA,"ACC-1443681913","150.92","-33.77","PAY/SALARY",NA,"Ryan",1236.1,2018-08-07 07:00:00,"M",31,NA,NA,996.24,"4fc46c1b66ea4c6a865be524c1a0355a","CUS-3129499595",NA,NA,"credit","Tue","13:00:00","13","August"
"820","authorized","1","ACC-1037050564","153.10","-27.66","POS","88d6b153-fb28-4ef9-b5ed-2a5cb822c177","Rhonda",1761.39,2018-08-07 07:00:00,"F",40,"Noosaville","QLD",22.47,"81fd769ce2694d02b73cb49027f78630","CUS-1614226872","153.07","-26.4","debit","Tue","13:03:02","13","August"
"821","authorized","0","ACC-1683215619","138.67","-34.86","POS","a8723533-422b-4b61-9c94-2332339a0b59","Barry",11.23,2018-08-07 07:00:00,"M",38,"Elizabeth","SA",18.78,"0bbdfa30af574f96afa4b5a36bc854a0","CUS-1604596597","138.67","-34.72","debit","Tue","13:24:46","13","August"
"822","authorized","1","ACC-1598451071","153.41","-27.95","POS","70a06eee-8c34-4bb2-a664-c962c5277930","Diana",355.4,2018-08-07 07:00:00,"F",26,"Palm Beach","QLD",5.55,"61896aa3b51842d9a7fc7c251e133efa","CUS-2487424745","153.47","-28.12","debit","Tue","13:46:31","13","August"
"823","posted",NA,"ACC-3485804958","138.52","-35.01","PAYMENT",NA,"Jessica",16076.62,2018-08-07 07:00:00,"F",34,NA,NA,39,"5408be71626d451ebe2c19de024d3d7a","CUS-1196156254",NA,NA,"debit","Tue","14:00:00","14","August"
"824","posted",NA,"ACC-2305712452","138.61","-34.89","PAY/SALARY",NA,"Debra",792.7,2018-08-07 07:00:00,"F",18,NA,NA,761.33,"66fd1e62b52546ff804cb12a2c058b86","CUS-1842679196",NA,NA,"credit","Tue","14:00:00","14","August"
"825","posted",NA,"ACC-3100725361","145.73","-17.03","PAYMENT",NA,"Ronald",1803.77,2018-08-07 07:00:00,"M",25,NA,NA,99,"12a68aada202471880aa4efd60e9ab42","CUS-2178051368",NA,NA,"debit","Tue","14:00:00","14","August"
"826","posted",NA,"ACC-1650504218","145.01","-37.93","INTER BANK",NA,"Marissa",1661.08,2018-08-07 07:00:00,"F",23,NA,NA,213,"4e07fc29d8f448ec8e1467f3bf127b2b","CUS-2500783281",NA,NA,"debit","Tue","14:00:00","14","August"
"827","posted",NA,"ACC-2173390920","144.71","-37.58","PAYMENT",NA,"Luis",1374.71,2018-08-07 07:00:00,"M",27,NA,NA,28,"4502482b5f6144c189d6c389562ce08c","CUS-3180318393",NA,NA,"debit","Tue","14:00:00","14","August"
"828","posted",NA,"ACC-1990648130","114.62","-28.80","PAY/SALARY",NA,"Kaitlyn",2507.96,2018-08-07 07:00:00,"F",21,NA,NA,1037.07,"b1377c1b408b4729a38cc96b4a528ca1","CUS-809013380",NA,NA,"credit","Tue","14:00:00","14","August"
"829","authorized","1","ACC-2890243754","153.32","-27.93","SALES-POS","3a12af3d-a155-4e6f-aaf0-24d4ad71a57d","Joseph",950.02,2018-08-07 07:00:00,"M",37,"East Lismore","NSW",7.35,"ef1ee1b3547c43639451dbff289ab3fb","CUS-2695611575","153.3","-28.82","debit","Tue","14:05:21","14","August"
"830","authorized","0","ACC-182446574","116.06","-32.00","SALES-POS","cc7d0bfd-af8f-4acf-8f86-e135efff15c0","Tonya",2596.82,2018-08-07 07:00:00,"F",27,"Nedlands","WA",7.26,"221a27afee3f4a7d972e9fef1817025f","CUS-3026014945","115.82","-31.97","debit","Tue","14:19:26","14","August"
"831","authorized","1","ACC-2828321672","153.03","-27.51","SALES-POS","f0f84efb-7f8f-4690-a526-800ecfaf2425","Stephanie",41.4,2018-08-07 07:00:00,"F",53,"Ripley","QLD",11.17,"82622984ad4f42749c8d4a996d8903f9","CUS-1005756958","152.78","-27.67","debit","Tue","14:33:31","14","August"
"832","authorized","1","ACC-2776252858","144.95","-37.76","POS","5339751c-b477-4416-a7f3-5dff4b79ee72","Kristin",768.16,2018-08-07 07:00:00,"F",43,"Deer Park","VIC",16.11,"602f7176b3214c0ea978ecaa0fd213e7","CUS-4123612273","144.76","-37.75","debit","Tue","14:47:36","14","August"
"833","posted",NA,"ACC-3481401842","115.74","-31.72","PAYMENT",NA,"Tiffany",1115.6,2018-08-07 07:00:00,"F",25,NA,NA,32,"148ae6595761474dbb5a14357086a076","CUS-1669695324",NA,NA,"debit","Tue","15:00:00","15","August"
"834","posted",NA,"ACC-2673069055","152.99","-27.49","PAY/SALARY",NA,"Richard",17127.02,2018-08-07 07:00:00,"M",24,NA,NA,6024.49,"b2fedeaf02a6485ba4cf3be69b56a80b","CUS-51506836",NA,NA,"credit","Tue","15:00:00","15","August"
"835","authorized","0","ACC-2776252858","144.95","-37.76","POS","36e40441-b1f1-4c05-ac66-25fcde8d5918","Kristin",734.9,2018-08-07 07:00:00,"F",43,"Maribyrnong","VIC",33.26,"bdb8c6a20a1a4d2b8cc9d001f5f88989","CUS-4123612273","144.89","-37.77","debit","Tue","15:01:00","15","August"
"836","authorized","0","ACC-2776252858","144.95","-37.76","SALES-POS","f8796207-ee07-40bc-9e06-3f4031bd4145","Kristin",179.13,2018-08-07 07:00:00,"F",43,"Doncaster","VIC",555.77,"41dfb5445e5b42e99168ffcf6626b051","CUS-4123612273","145.13","-37.79","debit","Tue","15:09:24","15","August"
"837","authorized","1","ACC-1598451071","153.41","-27.95","SALES-POS","462e0fdf-e5b3-4d45-ad35-a6d3accb1843","Diana",352.91,2018-08-07 07:00:00,"F",26,"Hope Island","QLD",2.49,"78c1b7a9b2e94b2e8a71ae535af09f9b","CUS-2487424745","153.34","-27.87","debit","Tue","15:26:13","15","August"
"838","authorized","1","ACC-1222300524","151.23","-33.94","POS","f6d24b03-5ca8-4cb3-83e2-73db22103a8a","Michael",0.25,2018-08-07 07:00:00,"M",38,"Rowville","VIC",5.46,"34055a1bc26942a69ee70eab55d29cd5","CUS-2142601169","145.25","-37.91","debit","Tue","15:34:37","15","August"
"839","authorized","1","ACC-1598451071","153.41","-27.95","POS","9e569918-b62e-4730-a005-63940408281d","Diana",341.64,2018-08-07 07:00:00,"F",26,"Mermaid Beach","QLD",11.27,"55a63f6a55de45db806f7cd6710dbb16","CUS-2487424745","153.44","-28.06","debit","Tue","15:43:01","15","August"
"840","authorized","1","ACC-2970114956","144.89","-37.69","SALES-POS","7994e667-5779-41e7-a469-20299af52afe","Robert",6623.52,2018-08-07 07:00:00,"M",26,"Point Cook","VIC",9.52,"ed28ef960a004e17870b3aa4f0681215","CUS-880898248","144.75","-37.9","debit","Tue","15:51:25","15","August"
"841","authorized","1","ACC-1973887809","115.78","-31.90","SALES-POS","67afad6e-2016-4422-a7a9-07911af7cc78","Antonio",396.47,2018-08-07 07:00:00,"M",26,"Duncraig","WA",11.77,"fa0e716ec4c9468ab786d0b85ad10dab","CUS-1646621553","115.79","-31.85","debit","Tue","15:59:49","15","August"
"842","posted",NA,"ACC-2828321672","153.03","-27.51","PAY/SALARY",NA,"Stephanie",1011.87,2018-08-07 07:00:00,"F",53,NA,NA,970.47,"33c2b30f5b064710a53a45ef89460e16","CUS-1005756958",NA,NA,"credit","Tue","16:00:00","16","August"
"843","posted",NA,"ACC-4281711154","144.98","-37.84","PAY/SALARY",NA,"Eric",34865.92,2018-08-07 07:00:00,"M",42,NA,NA,1757.82,"ae3cdd43c71b4d1b87ad77f1ccb564ba","CUS-3151318058",NA,NA,"credit","Tue","16:00:00","16","August"
"844","posted",NA,"ACC-3941181087","115.79","-31.94","PAYMENT",NA,"Paul",845.39,2018-08-07 07:00:00,"M",25,NA,NA,46,"7102804de8b34d53b7f13b57d60733b9","CUS-3989008654",NA,NA,"debit","Tue","16:00:00","16","August"
"845","authorized","1","ACC-3541460373","145.00","-37.83","POS","5f48db08-54c9-4e98-b110-e080d230e629","Jeffrey",1557.61,2018-08-07 07:00:00,"M",24,"Wantirna South","VIC",11.85,"52e22ace7d2d40f6837fbff2fdeb5c00","CUS-1433879684","145.22","-37.88","debit","Tue","16:22:47","16","August"
"846","authorized","1","ACC-2776252858","144.95","-37.76","POS","52caf85e-43d7-4bbe-a9b4-c4296ddfc28a","Kristin",149.66,2018-08-07 07:00:00,"F",43,"Mount Gambier","SA",29.47,"e7fdac06f8be4fc9a935e1d46b59de40","CUS-4123612273","140.77","-37.83","debit","Tue","16:46:02","16","August"
"847","posted",NA,"ACC-819621312","145.04","-37.85","PAYMENT",NA,"Michele",793.27,2018-08-07 07:00:00,"F",30,NA,NA,154,"9ac4ebc9efe5472fb5615e8fdf1055c2","CUS-1271030853",NA,NA,"debit","Tue","17:00:00","17","August"
"848","posted",NA,"ACC-2901672282","255.00","-573.00","INTER BANK",NA,"Daniel",2053.81,2018-08-07 07:00:00,"M",22,NA,NA,1854,"b242f97ab4984bb4936c4f5ed2336003","CUS-1617121891",NA,NA,"debit","Tue","17:00:00","17","August"
"849","posted",NA,"ACC-1279356312","144.79","-37.73","PAYMENT",NA,"Tyler",952.55,2018-08-07 07:00:00,"M",44,NA,NA,27,"ff96ae63e0bc4b18b65ca7f0a27804fb","CUS-1892177589",NA,NA,"debit","Tue","17:00:00","17","August"
"850","posted",NA,"ACC-1222300524","151.23","-33.94","PAY/SALARY",NA,"Michael",1002.38,2018-08-07 07:00:00,"M",38,NA,NA,1002.13,"add2ff36bbb94d2eabdbd5b41c78b501","CUS-2142601169",NA,NA,"credit","Tue","17:00:00","17","August"
"851","posted",NA,"ACC-3771436525","145.04","-37.92","PAY/SALARY",NA,"Derek",1628.18,2018-08-07 07:00:00,"M",20,NA,NA,1099.7,"fe9b2df65feb4872bf558c73147a6e76","CUS-3325710106",NA,NA,"credit","Tue","17:00:00","17","August"
"852","posted",NA,"ACC-3954677887","115.72","-32.28","PAY/SALARY",NA,"Ruth",1289.91,2018-08-07 07:00:00,"F",47,NA,NA,1272.47,"d29b9e5f070147da86a3d35614cd2453","CUS-3716701010",NA,NA,"credit","Tue","17:00:00","17","August"
"853","posted",NA,"ACC-1243371644","150.90","-33.78","INTER BANK",NA,"Gregory",429.05,2018-08-07 07:00:00,"M",42,NA,NA,20,"4f5cb51362d3467ea3313084ce030489","CUS-3904958894",NA,NA,"debit","Tue","17:00:00","17","August"
"854","posted",NA,"ACC-958000567","130.90","-12.37","PAY/SALARY",NA,"Sandra",3725.95,2018-08-07 07:00:00,"F",34,NA,NA,3517.61,"123943e86d6c44e9bafe6097034b44d9","CUS-4142663097",NA,NA,"credit","Tue","17:00:00","17","August"
"855","posted",NA,"ACC-2897221629","150.90","-34.37","PAY/SALARY",NA,"Scott",987.16,2018-08-07 07:00:00,"M",23,NA,NA,982.71,"78a5cf0943d34e4faf75732305550dce","CUS-511326734",NA,NA,"credit","Tue","17:00:00","17","August"
"856","authorized","1","ACC-2776252858","144.95","-37.76","SALES-POS","2d167481-2549-49f7-9c7b-ab304183cde7","Kristin",131.44,2018-08-07 07:00:00,"F",43,"Melbourne","VIC",18.22,"940a280f78a047bd91754bd51faff646","CUS-4123612273","144.96","-37.82","debit","Tue","17:07:41","17","August"
"857","authorized","1","ACC-1608363396","151.22","-33.87","SALES-POS","20f0ff72-de7b-4466-84f5-71a07a1cbf1e","Robert",1228.08,2018-08-07 07:00:00,"M",20,"Sydney","NSW",13.9,"c7d90824752d4ddfaca30bed1ed18ef1","CUS-2688605418","151.21","-33.87","debit","Tue","17:26:55","17","August"
"858","authorized","1","ACC-1990648130","114.62","-28.80","SALES-POS","a3b4ecda-8a9f-44fd-8ca5-e3a111ead890","Kaitlyn",2488.33,2018-08-07 07:00:00,"F",21,"Ballina","NSW",19.63,"c54b6f10360948998e80d7c66b3a3fae","CUS-809013380","153.56","-28.85","debit","Tue","17:46:09","17","August"
"859","posted",NA,"ACC-1344825761","151.09","-33.91","PAYMENT",NA,"Sarah",13412.19,2018-08-07 07:00:00,"F",46,NA,NA,45,"c7c80c20e6b84129805513bac7288ebd","CUS-1499065773",NA,NA,"debit","Tue","18:00:00","18","August"
"860","posted",NA,"ACC-38923874","151.27","-33.90","INTER BANK",NA,"Ryan",29806.33,2018-08-07 07:00:00,"M",38,NA,NA,29,"cb07e45d82f94b3687518a93ada0d423","CUS-3249305314",NA,NA,"debit","Tue","18:00:00","18","August"
"861","posted",NA,"ACC-3879258709","143.83","-37.66","PAYMENT",NA,"Natasha",190270.56,2018-08-07 07:00:00,"F",40,NA,NA,29,"dd19da8a3b2343f0a57e97306fe8ce31","CUS-527400765",NA,NA,"debit","Tue","18:00:00","18","August"
"862","authorized","1","ACC-1598451071","153.41","-27.95","SALES-POS","0981935d-e304-4561-a782-c1b92474fee7","Diana",333.24,2018-08-07 07:00:00,"F",26,"Southport","QLD",8.4,"420538400675468fa80db95861c14023","CUS-2487424745","153.4","-27.97","debit","Tue","18:09:19","18","August"
"863","authorized","1","ACC-1598451071","153.41","-27.95","SALES-POS","08a01651-1bce-4462-ae8f-28d4b8660ca1","Diana",329.98,2018-08-07 07:00:00,"F",26,"Palm Beach","QLD",3.26,"13f26af3b47846c38d95f65f0765b870","CUS-2487424745","153.47","-28.12","debit","Tue","19:10:12","19","August"
"864","authorized","1","ACC-2673069055","152.99","-27.49","POS","ff61dd5e-938a-4acb-a1fd-03d1d2fbba4e","Richard",17029.05,2018-08-07 07:00:00,"M",24,"Sydney","NSW",97.97,"05668e2dded141758fab7b864eb9fc92","CUS-51506836","151.21","-33.87","debit","Tue","19:31:29","19","August"
"865","authorized","0","ACC-1990648130","114.62","-28.80","SALES-POS","e38bfe8c-f1e6-4f72-9c59-beb19860a8b3","Kaitlyn",2468.31,2018-08-07 07:00:00,"F",21,"Leonora","WA",20.02,"4dc23e8c109b48c9a772e8b5019685b4","CUS-809013380","121.33","-28.88","debit","Tue","19:52:45","19","August"
"866","posted",NA,"ACC-1199531521","116.02","-31.87","PAYMENT",NA,"Billy",3428.32,2018-08-07 07:00:00,"M",52,NA,NA,20,"58f10fbb14b747cb8b6ec2afb5aa9a13","CUS-134833760",NA,NA,"debit","Tue","20:00:00","20","August"
"867","posted",NA,"ACC-1349834573","145.17","-37.84","PAYMENT",NA,"Matthew",6548.79,2018-08-07 07:00:00,"M",39,NA,NA,34,"924b58c05cb94f8386a164dea6212b85","CUS-1790886359",NA,NA,"debit","Tue","20:00:00","20","August"
"868","authorized","1","ACC-3481401842","115.74","-31.72","SALES-POS","3d184a6d-e776-457e-a21a-597d20e80794","Tiffany",1092.01,2018-08-07 07:00:00,"F",25,"The Vines","WA",23.59,"01a2bf8f70aa4c7abe5a9121e6b6424a","CUS-1669695324","116.01","-31.76","debit","Tue","20:16:55","20","August"
"869","authorized","1","ACC-2970114956","144.89","-37.69","SALES-POS","b04f283c-5807-4329-ad1d-a113d5f25bc1","Robert",5952.29,2018-08-07 07:00:00,"M",26,"Doncaster East","VIC",671.23,"d53774f347754c78be12b700741e482e","CUS-880898248","145.16","-37.79","debit","Tue","20:42:33","20","August"
"870","posted",NA,"ACC-3326339947","151.18","-33.80","PHONE BANK",NA,"Eric",2691.88,2018-08-07 07:00:00,"M",22,NA,NA,158,"df076f64071446d6923dc3e0d9d354bf","CUS-326006476",NA,NA,"debit","Tue","21:00:00","21","August"
"871","authorized","0","ACC-414431115","142.77","-37.06","POS","4f379cad-d380-4426-b39d-32132f77fe27","Amy",954.74,2018-08-07 07:00:00,"F",43,"Sydney","NSW",480.51,"a7cd308cd7d84e68b4f7c112cae4e9f9","CUS-2599279756","151.21","-33.87","debit","Tue","21:07:06","21","August"
"872","authorized","1","ACC-37709441","153.41","-28.01","POS","62a327c6-f9ec-41c7-bbdd-06c756f1c8b9","Charles",4135.85,2018-08-07 07:00:00,"M",18,"Main Beach","QLD",2.87,"24c07eaba29e41f793203a7c51358126","CUS-3336454548","153.43","-27.98","debit","Tue","21:51:33","21","August"
"873","posted",NA,"ACC-964839203","146.92","-36.07","PAYMENT",NA,"Michael",29239.62,2018-08-07 07:00:00,"M",21,NA,NA,135,"aa681333675548a490519504286651b0","CUS-2059096722",NA,NA,"debit","Tue","22:00:00","22","August"
"874","authorized","1","ACC-1990648130","114.62","-28.80","POS","a18ccfc9-fc63-45a7-b359-715d1732b712","Kaitlyn",2458.78,2018-08-07 07:00:00,"F",21,"Casino","NSW",9.53,"b1c8ca09d2f84966bc6d34300921c474","CUS-809013380","153.04","-28.87","debit","Tue","22:22:57","22","August"
"875","authorized","0","ACC-3485804958","138.52","-35.01","POS","b3fe6666-bfd0-4156-ac85-d275fd646c05","Jessica",15983.87,2018-08-07 07:00:00,"F",34,"Adelaide Airport","SA",92.75,"7fe687b092494af0ab75e28dba5d44ac","CUS-1196156254","138.52","-34.94","debit","Tue","22:59:59","22","August"
"876","posted",NA,"ACC-2901672282","255.00","-573.00","PAYMENT",NA,"Daniel",2013.81,2018-08-07 07:00:00,"M",22,NA,NA,40,"a6b265c698e147d99709b6e3b24f2e4b","CUS-1617121891",NA,NA,"debit","Tue","23:00:00","23","August"
"877","authorized","1","ACC-3100725361","145.73","-17.03","POS","a0e99864-5db3-4b56-9ce2-80c427467f98","Ronald",1776.93,2018-08-07 07:00:00,"M",25,"Drouin","VIC",26.84,"b3e2fa90e4be43dba5b3b7656647f356","CUS-2178051368","145.86","-38.14","debit","Tue","23:39:59","23","August"
"878","authorized","1","ACC-2890243754","153.32","-27.93","SALES-POS","86f6f266-ca2e-4a5e-b563-2a40bda8d2e0","Joseph",921.05,2018-08-08 07:00:00,"M",37,"Melbourne","VIC",28.97,"2d76faa8e0014ecfaf3589af3c4f4f17","CUS-2695611575","144.96","-37.82","debit","Wed","00:33:19","00","August"
"879","authorized","1","ACC-414431115","142.77","-37.06","POS","6ddddc40-5b69-4253-8a26-167999a8bf96","Amy",935.95,2018-08-08 07:00:00,"F",43,"Castlemaine","VIC",18.79,"d0468af832b84de48f4c4055e216ee9f","CUS-2599279756","144.22","-37.06","debit","Wed","01:14:59","01","August"
"880","authorized","0","ACC-854938045","147.63","-22.84","SALES-POS","d22c0bb7-5406-403f-a9bc-3e4d01f51df8","James",9027.66,2018-08-08 07:00:00,"M",28,"Auburn","NSW",28.56,"232b1fad733249e495e68887e90c3d70","CUS-4023861240","151.03","-33.85","debit","Wed","01:39:59","01","August"
"881","authorized","1","ACC-1990648130","114.62","-28.80","POS","94748d82-dcbf-48a1-b2b9-a27d41e4075b","Kaitlyn",2435.76,2018-08-08 07:00:00,"F",21,"Geraldton","WA",23.02,"ce36b29be1cd4e8b8fdd750854610eed","CUS-809013380","114.61","-28.77","debit","Wed","02:14:17","02","August"
"882","authorized","1","ACC-3317636250","153.02","-27.66","POS","1a2e2110-bbbd-4ab9-b1b7-0a13e0c06064","Kenneth",2448.38,2018-08-08 07:00:00,"M",35,"Woodridge","QLD",30.72,"cc5117aa6f7d4a2f858182b6f5347f84","CUS-2738291516","153.11","-27.62","debit","Wed","04:08:49","04","August"
"883","authorized","1","ACC-2528867619","138.58","-34.96","SALES-POS","ea247b5c-61ee-4106-988f-84c3036ce5e0","Abigail",1913.92,2018-08-08 07:00:00,"F",40,"South Nowra","NSW",42.66,"a916b60869c94bc69e95e212d4581718","CUS-2505971401","150.6","-34.92","debit","Wed","04:38:14","04","August"
"884","posted",NA,"ACC-1279356312","144.79","-37.73","PAYMENT",NA,"Tyler",796.55,2018-08-08 07:00:00,"M",44,NA,NA,156,"28ee36af6f514a0f808f0939e01f5189","CUS-1892177589",NA,NA,"debit","Wed","06:00:00","06","August"
"885","posted",NA,"ACC-602667573","151.23","-33.96","INTER BANK",NA,"Michael",2433.56,2018-08-08 07:00:00,"M",40,NA,NA,21,"fcdc7a297fca4b27b588d3fab99a8ea3","CUS-2031327464",NA,NA,"debit","Wed","06:00:00","06","August"
"886","posted",NA,"ACC-2171593283","146.94","-36.04","PAYMENT",NA,"Fernando",4093.92,2018-08-08 07:00:00,"M",19,NA,NA,27,"db2bf3989bdf4ce3a9dceb0338feaea4","CUS-2317998716",NA,NA,"debit","Wed","06:00:00","06","August"
"887","posted",NA,"ACC-2776252858","144.95","-37.76","PAYMENT",NA,"Kristin",102.44,2018-08-08 07:00:00,"F",43,NA,NA,29,"8baa3e3e68124bcdaf12f84c0cb10ffd","CUS-4123612273",NA,NA,"debit","Wed","06:00:00","06","August"
"888","authorized","1","ACC-1990648130","114.62","-28.80","SALES-POS","7233bf62-03fc-4889-861e-83c4bb3aff13","Kaitlyn",2407.71,2018-08-08 07:00:00,"F",21,"Casino","NSW",28.05,"890298448b2244cd8b587b7aca623d63","CUS-809013380","153.04","-28.86","debit","Wed","06:02:13","06","August"
"889","posted",NA,"ACC-588564840","151.27","-33.76","INTER BANK",NA,"Isaiah",7217.68,2018-08-08 07:00:00,"M",23,NA,NA,25,"93888b5c6d3d47f78c1587a172603259","CUS-1462656821",NA,NA,"debit","Wed","07:00:00","07","August"
"890","posted",NA,"ACC-1496451953","145.16","-37.84","INTER BANK",NA,"Ricky",2625.6,2018-08-08 07:00:00,"M",43,NA,NA,39,"ab364abb437345b091ce4acea375793a","CUS-3142625864",NA,NA,"debit","Wed","07:00:00","07","August"
"891","authorized","1","ACC-1710017148","150.82","-34.01","POS","33e2ced9-f864-4b39-9731-5de5f64bce83","Michelle",4891.7,2018-08-08 07:00:00,"F",19,"North Sydney","NSW",117.59,"74dbd1f478344acf816454c445667866","CUS-883482547","151.21","-33.84","debit","Wed","07:19:59","07","August"
"892","posted",NA,"ACC-1890605467","143.88","-37.66","PAYMENT",NA,"Alexander",5362.25,2018-08-08 07:00:00,"M",38,NA,NA,183,"d49a78d32eee4dfc8d561bd86f2853e7","CUS-1478398256",NA,NA,"debit","Wed","08:00:00","08","August"
"893","posted",NA,"ACC-2014856841","144.99","-37.90","INTER BANK",NA,"Patrick",258263.94,2018-08-08 07:00:00,"M",46,NA,NA,22,"a0afa890ba7e4910a19ef47b63192d47","CUS-2370108457",NA,NA,"debit","Wed","08:00:00","08","August"
"894","posted",NA,"ACC-4163822186","149.03","-34.97","PAYMENT",NA,"Karen",3852.05,2018-08-08 07:00:00,"F",26,NA,NA,55,"ee3948b898b14003bf4cb981bc98dcfe","CUS-2630892467",NA,NA,"debit","Wed","08:00:00","08","August"
"895","posted",NA,"ACC-3954677887","115.72","-32.28","PAYMENT",NA,"Ruth",1231.91,2018-08-08 07:00:00,"F",47,NA,NA,58,"6a66b1eacc3b459f9c4040daa6df2af8","CUS-3716701010",NA,NA,"debit","Wed","08:00:00","08","August"
"896","authorized","0","ACC-2970114956","144.89","-37.69","SALES-POS","08fa85a5-f949-47b2-9fd6-8fe2a7119e36","Robert",5944.75,2018-08-08 07:00:00,"M",26,"Hay","NSW",7.54,"fe796e8203ad4f228e9a03b2f264597b","CUS-880898248","144.84","-34.5","debit","Wed","08:10:11","08","August"
"897","authorized","1","ACC-4274272854","145.23","-37.86","SALES-POS","6102e64f-516d-4b51-bc28-87dbfe089f5c","Timothy",2468.94,2018-08-08 07:00:00,"M",20,"Southbank","VIC",18.56,"ab45a6368c4b42f59b340bd68280cca9","CUS-2484453271","144.97","-37.83","debit","Wed","08:19:59","08","August"
"898","authorized","1","ACC-4274272854","145.23","-37.86","SALES-POS","d1ec3755-236f-4953-9d15-9907643da39d","Timothy",2453.8,2018-08-08 07:00:00,"M",20,"Bairnsdale","VIC",15.14,"e9094df43bac428cb38f4504779e0d22","CUS-2484453271","147.63","-37.83","debit","Wed","08:29:48","08","August"
"899","authorized","1","ACC-2615038700","145.35","-38.03","POS","23d2ea4f-3755-4a82-a682-6fec8133be9b","Emily",29111.99,2018-08-08 07:00:00,"F",43,"Lara","VIC",2.93,"94d997785fd84f73adfa5ab74def4b4f","CUS-3255104878","144.41","-38.02","debit","Wed","08:39:36","08","August"
"900","authorized","1","ACC-2528867619","138.58","-34.96","SALES-POS","8927cdaf-73bc-49c2-ad75-0ebfbe983053","Abigail",1895.24,2018-08-08 07:00:00,"F",40,"Yass","NSW",18.68,"34ccea941f844b94be7aa894a14e6e8c","CUS-2505971401","148.91","-34.84","debit","Wed","08:49:24","08","August"
"901","authorized","0","ACC-1683215619","138.67","-34.86","SALES-POS","fcf4fe27-9b25-47cd-9d79-5107b1d6e526","Barry",3.1,2018-08-08 07:00:00,"M",38,"Shoalhaven Heads","NSW",8.13,"1ff544f193074d538c8263db41d90bd8","CUS-1604596597","150.74","-34.85","debit","Wed","08:59:12","08","August"
"902","posted",NA,"ACC-354106658","151.04","-33.80","INTER BANK",NA,"Christine",4169.53,2018-08-08 07:00:00,"F",39,NA,NA,25,"1f3910982d08493e9428710f11699d43","CUS-2376382098",NA,NA,"debit","Wed","09:00:00","09","August"
"903","posted",NA,"ACC-1443681913","150.92","-33.77","PAYMENT",NA,"Ryan",1200.1,2018-08-08 07:00:00,"M",31,NA,NA,36,"5bd4bb8396e34ce88ebfa26037ff047b","CUS-3129499595",NA,NA,"debit","Wed","09:00:00","09","August"
"904","posted",NA,"ACC-958000567","130.90","-12.37","PAYMENT",NA,"Sandra",3591.95,2018-08-08 07:00:00,"F",34,NA,NA,134,"da78e4626e65432593ee0db958fa2e1e","CUS-4142663097",NA,NA,"debit","Wed","09:00:00","09","August"
"905","authorized","0","ACC-414431115","142.77","-37.06","SALES-POS","6ddddc40-5b69-4253-8a26-167999a8bf96","Amy",917.04,2018-08-08 07:00:00,"F",43,"Castlemaine","VIC",18.91,"d7bd6e1d8227461aa9aaa7aa448da811","CUS-2599279756","144.22","-37.06","debit","Wed","09:03:41","09","August"
"906","authorized","1","ACC-3541460373","145.00","-37.83","POS","c0c9ed3a-fd36-4944-a3aa-9b3522ff4367","Jeffrey",1504.88,2018-08-08 07:00:00,"M",24,"Croydon","VIC",52.73,"9979949722c54d4bbfea2bbb9714d867","CUS-1433879684","145.27","-37.78","debit","Wed","09:07:42","09","August"
"907","authorized","1","ACC-2776252858","144.95","-37.76","SALES-POS","d61d7ca9-e029-4516-90a9-f3c5a37348f0","Kristin",83.7,2018-08-08 07:00:00,"F",43,"Lilydale","VIC",18.74,"2a67391aba9f4f2f93345ef4394679f7","CUS-4123612273","145.36","-37.76","debit","Wed","09:11:43","09","August"
"908","authorized","1","ACC-1652235822","144.89","-37.81","SALES-POS","3148f5c1-0e76-466e-9c35-bef02039f53c","Renee",18585.42,2018-08-08 07:00:00,"F",38,"Doncaster East","VIC",11.19,"d7e674baf34a4441874cdedee680446f","CUS-2206365095","145.16","-37.79","debit","Wed","09:15:44","09","August"
"909","authorized","0","ACC-3485804958","138.52","-35.01","POS","f3b432d7-4224-4216-9f69-972559838cba","Jessica",15915.31,2018-08-08 07:00:00,"F",34,"Sydney","NSW",68.56,"33886e75e1434f929686ef6c5a343a1c","CUS-1196156254","151.21","-33.87","debit","Wed","09:19:45","09","August"
"910","authorized","1","ACC-2673069055","152.99","-27.49","SALES-POS","07de2417-faaa-43c8-8003-80b190764eb4","Richard",17017.72,2018-08-08 07:00:00,"M",24,"Park Ridge","QLD",11.33,"78effef564a94615aeaa8b20fb8d7166","CUS-51506836","153.04","-27.7","debit","Wed","09:23:46","09","August"
"911","authorized","1","ACC-3689607373","115.79","-31.79","SALES-POS","41b90cfc-01e1-4771-8d3a-6914f8b165a9","Virginia",1857.01,2018-08-08 07:00:00,"F",20,"Broken Hill","NSW",11.57,"03de156b7c994f4b9d223c1c63c81166","CUS-127297539","141.46","-31.98","debit","Wed","09:27:47","09","August"
"912","authorized","1","ACC-1222300524","151.23","-33.94","POS","29110340-14ea-43b8-b60e-59c756b03fc3","Michael",994.98,2018-08-08 07:00:00,"M",38,"Bondi Beach","NSW",7.4,"1115b2ea0a1345fd9c4f541bc7784a1e","CUS-2142601169","151.27","-33.89","debit","Wed","09:31:48","09","August"
"913","authorized","1","ACC-414431115","142.77","-37.06","SALES-POS","aae46e80-4849-4373-abed-68c23ec8e54f","Amy",891.16,2018-08-08 07:00:00,"F",43,"Castlemaine","VIC",25.88,"3af702410ae84e9394a281683a49061b","CUS-2599279756","144.22","-37.06","debit","Wed","09:35:49","09","August"
"914","authorized","0","ACC-3100725361","145.73","-17.03","POS","cdbb3cb3-c8fd-43dd-8bbf-e66b9dfe9ecc","Ronald",1767.42,2018-08-08 07:00:00,"M",25,"Mount Sheridan","QLD",9.51,"8742f1a6b7ab4fc0af28b48ab282a5cc","CUS-2178051368","145.74","-16.99","debit","Wed","09:39:50","09","August"
"915","authorized","0","ACC-854938045","147.63","-22.84","POS","d57b8149-8eca-48e6-811d-e7317249725f","James",8990.46,2018-08-08 07:00:00,"M",28,"Ningaloo","WA",37.2,"7c7f98fff39f4827acb15a6e98b06d34","CUS-4023861240","113.83","-22.76","debit","Wed","09:43:51","09","August"
"916","authorized","1","ACC-2270192619","138.56","-35.27","SALES-POS","f7563074-d4a6-4652-bc3c-10159d5033cb","Darren",9592.93,2018-08-08 07:00:00,"M",20,"Lyons","ACT",5.76,"2307a3a3df4b4e66a8e21f0c7b41a2ec","CUS-2110742437","149.08","-35.34","debit","Wed","09:51:53","09","August"
"917","authorized","0","ACC-3881031190","149.19","-21.15","POS","d1fd252d-da95-466a-b81e-522494ec930d","Richard",1091.43,2018-08-08 07:00:00,"M",37,"Dairymans Plains","NSW",83.13,"b0528e3c55524eeb9c9a2d829c3515fd","CUS-3201519139","149.05","-36.25","debit","Wed","09:55:54","09","August"
"918","authorized","1","ACC-2673069055","152.99","-27.49","POS","bf2091e2-83f9-4ead-88c2-31cbd0e770b2","Richard",17012.5,2018-08-08 07:00:00,"M",24,"Gatton","QLD",5.22,"80d75293194242af9c277e6d799fb041","CUS-51506836","152.28","-27.56","debit","Wed","09:59:55","09","August"
"919","posted",NA,"ACC-1037050564","153.10","-27.66","PAYMENT",NA,"Rhonda",1729.39,2018-08-08 07:00:00,"F",40,NA,NA,32,"06c49b547a31416689b4d43291c7cba8","CUS-1614226872",NA,NA,"debit","Wed","10:00:00","10","August"
"920","posted",NA,"ACC-1799207998","150.68","-33.79","INTER BANK",NA,"Susan",1181.92,2018-08-08 07:00:00,"F",20,NA,NA,39,"9c7a4cbae36c4a4abdac8c61ea5c3734","CUS-164374203",NA,NA,"debit","Wed","10:00:00","10","August"
"921","posted",NA,"ACC-2107684084","145.03","-37.88","PAYMENT",NA,"Richard",2256.96,2018-08-08 07:00:00,"M",22,NA,NA,34,"f8f2cf3c623d47dfb2027a7f83036106","CUS-2283904812",NA,NA,"debit","Wed","10:00:00","10","August"
"922","posted",NA,"ACC-2173390920","144.71","-37.58","PAYMENT",NA,"Luis",1345.71,2018-08-08 07:00:00,"M",27,NA,NA,29,"949fe2a609cf4e438134e82f5146cfcd","CUS-3180318393",NA,NA,"debit","Wed","10:00:00","10","August"
"923","posted",NA,"ACC-966140392","147.08","-37.97","PAYMENT",NA,"Joseph",3091.59,2018-08-08 07:00:00,"M",21,NA,NA,30,"e8d7c7f6a0d745e2b552205d4147b887","CUS-537508723",NA,NA,"debit","Wed","10:00:00","10","August"
"924","authorized","1","ACC-1973887809","115.78","-31.90","POS","a83f2b24-784d-4b24-bcd7-bc5f03b1f0e2","Antonio",378.68,2018-08-08 07:00:00,"M",26,"Kinross","WA",17.79,"d7f4267c934d4ba8873ec47e8225320e","CUS-1646621553","115.74","-31.72","debit","Wed","10:15:18","10","August"
"925","authorized","1","ACC-1222300524","151.23","-33.94","SALES-POS","6823b519-3882-4889-97f2-ab54da53f0a7","Michael",977.88,2018-08-08 07:00:00,"M",38,"Bass Hill","NSW",17.1,"36778499c9fe4ec6b149e6a794265215","CUS-2142601169","151","-33.9","debit","Wed","10:30:56","10","August"
"926","authorized","1","ACC-1222300524","151.23","-33.94","SALES-POS","ee20c998-1621-488e-96ad-f8c1d8cb9799","Michael",953.14,2018-08-08 07:00:00,"M",38,"Marrickville","NSW",24.74,"70e5091f8e4a4975924985bca00d1edc","CUS-2142601169","151.15","-33.92","debit","Wed","10:46:33","10","August"
"927","posted",NA,"ACC-958000567","130.90","-12.37","PAYMENT",NA,"Sandra",3203.95,2018-08-08 07:00:00,"F",34,NA,NA,388,"a303c87223c84f36bf139f240e682505","CUS-4142663097",NA,NA,"debit","Wed","11:00:00","11","August"
"928","authorized","1","ACC-966140392","147.08","-37.97","POS","f41d81a6-48d8-4005-abdb-8364e540d4c9","Joseph",3073.42,2018-08-08 07:00:00,"M",21,"Carrum Downs","VIC",18.17,"0270c688e3594421b27d0fbe52ed9b0b","CUS-537508723","145.19","-38.12","debit","Wed","11:01:01","11","August"
"929","authorized","1","ACC-1998563091","149.03","-35.25","POS","80f556e8-cff2-4dad-bbb6-9f3f9672bb55","David",13128.15,2018-08-08 07:00:00,"M",42,"Surry Hills","NSW",45.5,"62cf79903db8419fbb02c2b9449db75f","CUS-3395687666","151.21","-33.89","debit","Wed","11:08:19","11","August"
"930","authorized","1","ACC-3771436525","145.04","-37.92","POS","0e6cc3d2-7109-4fb2-8440-fa69523e539b","Derek",1602.43,2018-08-08 07:00:00,"M",20,"Burwood","VIC",25.75,"cffd3edf213e4da6b3ff039e71f32550","CUS-3325710106","145.11","-37.85","debit","Wed","11:15:37","11","August"
"931","authorized","1","ACC-4274272854","145.23","-37.86","POS","c71c012b-861c-49f6-9fde-3c6c56a054f9","Timothy",2447.18,2018-08-08 07:00:00,"M",20,"Preston","VIC",6.62,"b622b64a5ade46bbaf8102262c5e99d7","CUS-2484453271","145.03","-37.74","debit","Wed","11:22:55","11","August"
"932","authorized","1","ACC-2828321672","153.03","-27.51","POS","6ad817d9-62c1-4ae0-b58e-250def5ff24f","Stephanie",973.25,2018-08-08 07:00:00,"F",53,"Kenmore","QLD",38.62,"da756d85584d432da8deaba3ad1d39f0","CUS-1005756958","152.95","-27.51","debit","Wed","11:30:13","11","August"
"933","authorized","1","ACC-4274272854","145.23","-37.86","POS","0294e5b5-4b58-4bb2-9e37-a343fe0730ca","Timothy",2426.93,2018-08-08 07:00:00,"M",20,"Corio","VIC",20.25,"4a065abfba984d439335a37d5d254869","CUS-2484453271","144.38","-38.06","debit","Wed","11:37:31","11","August"
"934","authorized","0","ACC-182446574","116.06","-32.00","POS","8903276f-a31e-4df4-9f40-9c8e62d69a87","Tonya",2572.58,2018-08-08 07:00:00,"F",27,"Armadale","WA",24.24,"674d298ac94e4c06846ce2bfa722ed08","CUS-3026014945","116.01","-32.15","debit","Wed","11:44:49","11","August"
"935","authorized","1","ACC-3100725361","145.73","-17.03","POS","e475c328-f4bb-4542-b036-e7ee08661afc","Ronald",1742.73,2018-08-08 07:00:00,"M",25,"Elliott","TAS",24.69,"7fe42cf1a40e4e2195175cf37946c755","CUS-2178051368","145.79","-41.08","debit","Wed","11:52:07","11","August"
"936","authorized","1","ACC-414431115","142.77","-37.06","SALES-POS","aae46e80-4849-4373-abed-68c23ec8e54f","Amy",866.53,2018-08-08 07:00:00,"F",43,"Castlemaine","VIC",24.63,"7e94d4ac51be4356bbaf9047c2786ca3","CUS-2599279756","144.22","-37.06","debit","Wed","11:59:24","11","August"
"937","posted",NA,"ACC-2901672282","255.00","-573.00","PAYMENT",NA,"Daniel",1907.81,2018-08-08 07:00:00,"M",22,NA,NA,106,"16e03909a85e49e98d5d9c222097c6c4","CUS-1617121891",NA,NA,"debit","Wed","12:00:00","12","August"
"938","posted",NA,"ACC-3084464802","145.15","-37.76","PAY/SALARY",NA,"Susan",3173.24,2018-08-08 07:00:00,"F",19,NA,NA,2485.37,"86d8278bf8f64d5f8e10bcf1be8a2f06","CUS-1928710999",NA,NA,"credit","Wed","12:00:00","12","August"
"939","posted",NA,"ACC-1650504218","145.01","-37.93","PAY/SALARY",NA,"Marissa",3287.56,2018-08-08 07:00:00,"F",23,NA,NA,1626.48,"3f88ba70530247e6a8489f627e7f7462","CUS-2500783281",NA,NA,"credit","Wed","12:00:00","12","August"
"940","posted",NA,"ACC-4163822186","149.03","-34.97","PAYMENT",NA,"Karen",3806.05,2018-08-08 07:00:00,"F",26,NA,NA,46,"04f8fa7df0ce45cdb83776a71299ba27","CUS-2630892467",NA,NA,"debit","Wed","12:00:00","12","August"
"941","posted",NA,"ACC-182446574","116.06","-32.00","INTER BANK",NA,"Tonya",2515.58,2018-08-08 07:00:00,"F",27,NA,NA,57,"53a8e67dcbbd43f5af96e05e6dbd5af3","CUS-3026014945",NA,NA,"debit","Wed","12:00:00","12","August"
"942","posted",NA,"ACC-3326339947","151.18","-33.80","PAY/SALARY",NA,"Eric",3675.24,2018-08-08 07:00:00,"M",22,NA,NA,983.36,"16eff28849484b3aa30ddfcabfedd0a7","CUS-326006476",NA,NA,"credit","Wed","12:00:00","12","August"
"943","posted",NA,"ACC-4258502723","145.45","-37.74","PAYMENT",NA,"Kimberly",1355.02,2018-08-08 07:00:00,"F",24,NA,NA,75,"409cfce52bac4e08b96f652ad0a385e0","CUS-3378712515",NA,NA,"debit","Wed","12:00:00","12","August"
"944","authorized","1","ACC-90814749","151.68","-32.98","SALES-POS","39057114-0e63-476e-9877-dea209de407d","Christopher",5583.57,2018-08-08 07:00:00,"M",35,"Trundle","NSW",84.21,"13dee8f825a148cb9ecc78794eaaa6e1","CUS-1896554896","147.71","-32.92","debit","Wed","12:35:33","12","August"
"945","authorized","1","ACC-3481401842","115.74","-31.72","SALES-POS","9181b2ac-7d26-41cf-bc36-4cf6c9be9a74","Tiffany",1072.46,2018-08-08 07:00:00,"F",25,"Joondalup","WA",19.55,"5dce148088f743efb1f2d126aa707d02","CUS-1669695324","115.77","-31.74","debit","Wed","12:54:04","12","August"
"946","posted",NA,"ACC-3100725361","145.73","-17.03","INTER BANK",NA,"Ronald",1716.73,2018-08-08 07:00:00,"M",25,NA,NA,26,"f9057eeceb894057a92671a3355fcfc1","CUS-2178051368",NA,NA,"debit","Wed","13:00:00","13","August"
"947","posted",NA,"ACC-1516130869","130.84","-12.45","PAY/SALARY",NA,"Jessica",2316.26,2018-08-08 07:00:00,"F",21,NA,NA,2306.63,"6370bebac3db42d3850b6c334d2460f1","CUS-325142416",NA,NA,"credit","Wed","13:00:00","13","August"
"948","posted",NA,"ACC-2776252858","144.95","-37.76","PAY/SALARY",NA,"Kristin",1151.74,2018-08-08 07:00:00,"F",43,NA,NA,1068.04,"1d59539c964b45d4b4ae0df3c2bd4edc","CUS-4123612273",NA,NA,"credit","Wed","13:00:00","13","August"
"949","authorized","1","ACC-3689607373","115.79","-31.79","SALES-POS","0573359a-48af-4d38-a1a0-00d115cb2654","Virginia",1852.91,2018-08-08 07:00:00,"F",20,"Taree","NSW",4.1,"282c90d4b4bf48caa197334e8da7d070","CUS-127297539","152.46","-31.91","debit","Wed","13:13:04","13","August"
"950","authorized","1","ACC-966140392","147.08","-37.97","POS","ca76c244-2b13-4760-8832-3d02d0ef8bae","Joseph",3066.16,2018-08-08 07:00:00,"M",21,"Surry Hills","NSW",7.26,"0a8f26177a014ac3801f69751d84b546","CUS-537508723","151.21","-33.88","debit","Wed","13:32:18","13","August"
"951","authorized","1","ACC-966140392","147.08","-37.97","POS","f138be59-da55-4761-b323-77ad782c8992","Joseph",3042.44,2018-08-08 07:00:00,"M",21,"Werribee","VIC",23.72,"0c83ef255cd8490e99801b949a78235e","CUS-537508723","144.67","-37.91","debit","Wed","13:51:32","13","August"
"952","posted",NA,"ACC-1598451071","153.41","-27.95","PAY/SALARY",NA,"Diana",1343.65,2018-08-08 07:00:00,"F",26,NA,NA,1013.67,"3fb647f098a642809f85f2f08c0e589b","CUS-2487424745",NA,NA,"credit","Wed","14:00:00","14","August"
"953","posted",NA,"ACC-240804743","121.48","-30.75","PAYMENT",NA,"Kenneth",4308.89,2018-08-08 07:00:00,"M",29,NA,NA,56,"7a70e5c62df249659bc3376dc37efe3d","CUS-261674136",NA,NA,"debit","Wed","14:00:00","14","August"
"954","authorized","1","ACC-3326339947","151.18","-33.80","SALES-POS","0417bb47-cff9-41f8-b34e-94f40fc9a260","Eric",3654.59,2018-08-08 07:00:00,"M",22,"Ryde","NSW",20.65,"57b1d73d5f274bf8b25a4f458af2dd13","CUS-326006476","151.11","-33.81","debit","Wed","14:05:23","14","August"
"955","authorized","1","ACC-3689607373","115.79","-31.79","SALES-POS","5ee09cfd-c05e-4489-8a4e-911c16c68f0c","Virginia",1839.04,2018-08-08 07:00:00,"F",20,"Cannington","WA",13.87,"a26ba645fae943a48f8825994f598c70","CUS-127297539","115.94","-32.02","debit","Wed","14:14:59","14","August"
"956","authorized","0","ACC-1199531521","116.02","-31.87","POS","028bc621-f7ce-4c0f-88e1-116a536b34f5","Billy",3376.37,2018-08-08 07:00:00,"M",52,"Lidcombe","NSW",51.95,"878ffeb37866431e9ef518453977a220","CUS-134833760","151.05","-33.86","debit","Wed","14:24:36","14","August"
"957","authorized","0","ACC-2970114956","144.89","-37.69","SALES-POS","66a0231a-2397-4bf1-ba73-5b8ec0b069b4","Robert",5930.29,2018-08-08 07:00:00,"M",26,"Malvern","VIC",14.46,"8bda112635114c9098e51e06f8be3038","CUS-880898248","145.03","-37.86","debit","Wed","14:34:13","14","August"
"958","authorized","1","ACC-2673069055","152.99","-27.49","POS","e7cebec6-f27d-443c-81eb-0ce04ffd9659","Richard",16993.23,2018-08-08 07:00:00,"M",24,"Greenbank","QLD",19.27,"c6a58460ea334362ae053c0e4a11571c","CUS-51506836","152.98","-27.74","debit","Wed","14:43:50","14","August"
"959","authorized","0","ACC-958000567","130.90","-12.37","POS","b288ac70-e73e-4cf7-a7a8-6eb003a221c0","Sandra",3150.43,2018-08-08 07:00:00,"F",34,"Zuccoli","NT",53.52,"09c0b5b26eed412e8e904a02a4bbd833","CUS-4142663097","131.01","-12.51","debit","Wed","14:53:27","14","August"
"960","posted",NA,"ACC-2305712452","138.61","-34.89","PAYMENT",NA,"Debra",756.7,2018-08-08 07:00:00,"F",18,NA,NA,36,"32a34fb31e7c4cf3bc8e099c6b097f8f","CUS-1842679196",NA,NA,"debit","Wed","15:00:00","15","August"
"961","posted",NA,"ACC-38923874","151.27","-33.90","PAYMENT",NA,"Ryan",29771.33,2018-08-08 07:00:00,"M",38,NA,NA,35,"f7e0e624563549cd9cba90ac28b626ca","CUS-3249305314",NA,NA,"debit","Wed","15:00:00","15","August"
"962","authorized","1","ACC-588564840","151.27","-33.76","POS","45e5d618-4430-47a8-b50f-24759c469e60","Isaiah",7195.3,2018-08-08 07:00:00,"M",23,"Potts Point","NSW",22.38,"c79523aeb57a435eae00321064f0d63d","CUS-1462656821","151.22","-33.87","debit","Wed","15:01:52","15","August"
"963","authorized","1","ACC-3541460373","145.00","-37.83","SALES-POS","c3eb7d47-28a1-42c1-9a27-d1f01e9c696f","Jeffrey",1476.9,2018-08-08 07:00:00,"M",24,"Ascot Vale","VIC",27.98,"7b7d9ff946d84b1a88d67479a3718631","CUS-1433879684","144.91","-37.78","debit","Wed","15:07:43","15","August"
"964","authorized","0","ACC-3741880913","150.50","-23.40","SALES-POS","6a8e369b-555b-4151-b281-e5e6309bfbbb","Ashley",4819.56,2018-08-08 07:00:00,"F",25,"Biloela","QLD",35.87,"3e3840fcd5614becb13409389768c007","CUS-1220154422","150.5","-24.41","debit","Wed","15:13:34","15","August"
"965","authorized","1","ACC-3326339947","151.18","-33.80","POS","c4fa85da-754a-405a-9f48-42cc063f6677","Eric",3636.94,2018-08-08 07:00:00,"M",22,"Glenmore Park","NSW",17.65,"3833000df6c542b7b1d3c05ce28c6c5f","CUS-326006476","150.67","-33.79","debit","Wed","15:19:24","15","August"
"966","authorized","1","ACC-3941181087","115.79","-31.94","POS","877d2a2b-a280-48d2-a5cd-8f834c611fe2","Paul",818.21,2018-08-08 07:00:00,"M",25,"Surry Hills","NSW",27.18,"e7c1807d55d04377a17cd245d0590fa3","CUS-3989008654","151.21","-33.89","debit","Wed","15:25:15","15","August"
"967","authorized","1","ACC-1710017148","150.82","-34.01","SALES-POS","79eed392-31bb-4f6b-b876-b25f95241251","Michelle",4869.26,2018-08-08 07:00:00,"F",19,"Caringbah","NSW",22.44,"7cd4e853979d45729055f313be5e8daa","CUS-883482547","151.12","-34.04","debit","Wed","15:31:06","15","August"
"968","authorized","1","ACC-1222300524","151.23","-33.94","POS","a6d5b5b4-593b-409e-87f2-5754b053cd62","Michael",942.02,2018-08-08 07:00:00,"M",38,"Mosman","NSW",11.12,"deb145847190481a9ab310fb58a42d61","CUS-2142601169","151.24","-33.83","debit","Wed","15:36:57","15","August"
"969","authorized","1","ACC-1222300524","151.23","-33.94","POS","3d42f4da-87cc-41d9-a2d0-f0fb9fc97f67","Michael",922.17,2018-08-08 07:00:00,"M",38,"North Rocks","NSW",19.85,"34c00ed142ff4ecf9b9e8c56eae0c152","CUS-2142601169","151.03","-33.77","debit","Wed","15:42:48","15","August"
"970","authorized","1","ACC-2171593283","146.94","-36.04","POS","63f0a68d-e19e-4637-b425-fcefa2d27229","Fernando",4051.95,2018-08-08 07:00:00,"M",19,"Mulgrave","VIC",41.97,"75327fbf9026418181a759bc85b3c7d8","CUS-2317998716","145.16","-37.91","debit","Wed","15:48:39","15","August"
"971","authorized","1","ACC-182446574","116.06","-32.00","SALES-POS","bd203b6a-c5d6-405b-8ecf-525851911ccc","Tonya",2503.71,2018-08-08 07:00:00,"F",27,"Cloverdale","WA",11.87,"e1e9982b080f41c2866caf09d13b2d62","CUS-3026014945","115.94","-31.96","debit","Wed","15:54:30","15","August"
"972","posted",NA,"ACC-4065652575","115.81","-31.82","PAYMENT",NA,"Lucas",5740.11,2018-08-08 07:00:00,"M",21,NA,NA,55,"96197b0a96954592aeb99e0e66e53436","CUS-1117979751",NA,NA,"debit","Wed","16:00:00","16","August"
"973","posted",NA,"ACC-1799207998","150.68","-33.79","PAYMENT",NA,"Susan",1146.92,2018-08-08 07:00:00,"F",20,NA,NA,35,"df931a197e0d4cbbae82e95dc550c4f1","CUS-164374203",NA,NA,"debit","Wed","16:00:00","16","August"
"974","posted",NA,"ACC-1973887809","115.78","-31.90","PAY/SALARY",NA,"Antonio",1477.59,2018-08-08 07:00:00,"M",26,NA,NA,1098.91,"76a69d307c6844cb89d55a5d8ac85248","CUS-1646621553",NA,NA,"credit","Wed","16:00:00","16","August"
"975","authorized","1","ACC-1598451071","153.41","-27.95","POS","df4c4458-6b98-4e47-b245-e5566889929f","Diana",1336.08,2018-08-08 07:00:00,"F",26,"Upper Coomera","QLD",7.57,"06e14931214a43f4aa5fc965ccaf20c3","CUS-2487424745","153.3","-27.85","debit","Wed","16:19:16","16","August"
"976","authorized","1","ACC-3881031190","149.19","-21.15","POS","5ff89e86-7943-46b9-a557-69da5ac35d9d","Richard",1046.84,2018-08-08 07:00:00,"M",37,"Lyons","ACT",44.59,"d6fb24f4b7a94d49b018534206875040","CUS-3201519139","149.08","-35.34","debit","Wed","16:37:27","16","August"
"977","authorized","1","ACC-2988263882","145.18","-37.90","SALES-POS","7fbd6363-a171-4ce6-ad92-c59fd7991396","Michael",2414.32,2018-08-08 07:00:00,"M",44,"Lidcombe","NSW",15.76,"aba4863607c343028579a5cf29560ea9","CUS-1233833708","151.06","-33.86","debit","Wed","16:55:38","16","August"
"978","posted",NA,"ACC-819621312","145.04","-37.85","PAY/SALARY",NA,"Michele",1951.42,2018-08-08 07:00:00,"F",30,NA,NA,1158.15,"d6bd2c15b9b84ab093d22bb63cff37c1","CUS-1271030853",NA,NA,"credit","Wed","17:00:00","17","August"
"979","posted",NA,"ACC-2920611728","144.96","-37.76","PAY/SALARY",NA,"Tyler",2840.39,2018-08-08 07:00:00,"M",69,NA,NA,1043.12,"c241dfaad46b451c9034ffc7b47651c5","CUS-1388323263",NA,NA,"credit","Wed","17:00:00","17","August"
"980","posted",NA,"ACC-2901672282","255.00","-573.00","PAYMENT",NA,"Daniel",1874.81,2018-08-08 07:00:00,"M",22,NA,NA,33,"f6d3df0693644ecabc3d795dfdbf77a4","CUS-1617121891",NA,NA,"debit","Wed","17:00:00","17","August"
"981","posted",NA,"ACC-1799207998","150.68","-33.79","PAY/SALARY",NA,"Susan",2542.41,2018-08-08 07:00:00,"F",20,NA,NA,1395.49,"7d3e6cb7dc2f44a38c4898964bcec1c0","CUS-164374203",NA,NA,"credit","Wed","17:00:00","17","August"
"982","posted",NA,"ACC-2171593283","146.94","-36.04","PAY/SALARY",NA,"Fernando",6691.71,2018-08-08 07:00:00,"M",19,NA,NA,2639.76,"abafeae1dd9949f0a75f65cdd265fce0","CUS-2317998716",NA,NA,"credit","Wed","17:00:00","17","August"
"983","posted",NA,"ACC-4163822186","149.03","-34.97","PAYMENT",NA,"Karen",3756.05,2018-08-08 07:00:00,"F",26,NA,NA,50,"b9828bbdb4b84ec1a325ce22adbe8135","CUS-2630892467",NA,NA,"debit","Wed","17:00:00","17","August"
"984","posted",NA,"ACC-3827517394","151.12","-33.89","PAYMENT",NA,"Craig",29284.39,2018-08-08 07:00:00,"M",28,NA,NA,158,"7af36f1d2a374540af3b01a73c1d938e","CUS-2663907001",NA,NA,"debit","Wed","17:00:00","17","August"
"985","authorized","0","ACC-1990648130","114.62","-28.80","POS","e38bfe8c-f1e6-4f72-9c59-beb19860a8b3","Kaitlyn",2387.78,2018-08-08 07:00:00,"F",21,"Leonora","WA",19.93,"6038dbf1af64457181a3b9ff647b0240","CUS-809013380","121.33","-28.88","debit","Wed","17:08:10","17","August"
"986","authorized","1","ACC-1222300524","151.23","-33.94","SALES-POS","fd1c9a34-9224-4338-9716-e8f10005b83a","Michael",908.81,2018-08-08 07:00:00,"M",38,"Alderley","QLD",13.36,"8fa4c7428c6b489a81c1f5c7e86c1286","CUS-2142601169","153","-27.43","debit","Wed","17:18:55","17","August"
"987","authorized","1","ACC-2528867619","138.58","-34.96","POS","d47efc0a-2443-47d0-ad6b-4379779d2e3e","Abigail",1850.22,2018-08-08 07:00:00,"F",40,"Albany","WA",45.02,"62439234cc7748d787db7678cd886c70","CUS-2505971401","117.89","-35.03","debit","Wed","17:29:40","17","August"
"988","authorized","1","ACC-1710017148","150.82","-34.01","SALES-POS","b8d3539f-ebde-46be-9577-7e18bd433af0","Michelle",4799.62,2018-08-08 07:00:00,"F",19,"Caringbah","NSW",69.64,"f448c8b384a34edd96a8e028c4068ca2","CUS-883482547","151.12","-34.04","debit","Wed","17:40:25","17","August"
"989","authorized","1","ACC-1710017148","150.82","-34.01","SALES-POS","0432fdb9-b5ab-4603-af0e-0965f41ed3a9","Michelle",4540.66,2018-08-08 07:00:00,"F",19,"Auburn","NSW",258.96,"bc967915729641d6869d3e2e8566f73c","CUS-883482547","151.03","-33.85","debit","Wed","17:51:10","17","August"
"990","posted",NA,"ACC-2153562714","116.00","-31.88","PAYMENT",NA,"Linda",675.97,2018-08-08 07:00:00,"F",24,NA,NA,46,"ae6b2cff9c5c41b8aedf1f7faeb94115","CUS-423725039",NA,NA,"debit","Wed","18:00:00","18","August"
"991","authorized","1","ACC-2305712452","138.61","-34.89","SALES-POS","3f1fe000-0009-4526-905b-8b96a64f8bd9","Debra",741.96,2018-08-08 07:00:00,"F",18,"Kilkenny","SA",14.74,"9052d6d4a2d4417ebe575ac170fa820b","CUS-1842679196","138.55","-34.88","debit","Wed","18:04:51","18","August"
"992","authorized","1","ACC-182446574","116.06","-32.00","SALES-POS","eb626c02-dcce-4c1b-9227-4866494b8c37","Tonya",2482.97,2018-08-08 07:00:00,"F",27,"Lesmurdie","WA",20.74,"998d9f0377764dca87edee6ad8a847b7","CUS-3026014945","116.05","-32.01","debit","Wed","18:31:53","18","August"
"993","authorized","1","ACC-1222300524","151.23","-33.94","SALES-POS","26543f15-1756-4fe0-9feb-33a15bee4e60","Michael",890.02,2018-08-08 07:00:00,"M",38,"Minchinbury","NSW",18.79,"b3100dc2495e4ae48691b91d43041819","CUS-2142601169","150.83","-33.78","debit","Wed","18:58:55","18","August"
"994","posted",NA,"ACC-1349834573","145.17","-37.84","PAYMENT",NA,"Matthew",6500.79,2018-08-08 07:00:00,"M",39,NA,NA,48,"6c967ddd3b1046c6a4bc39d838c031f8","CUS-1790886359",NA,NA,"debit","Wed","19:00:00","19","August"
"995","authorized","1","ACC-2270192619","138.56","-35.27","POS","9e5d4631-0079-4e80-8d7d-b28ba8a28ba7","Darren",9574.89,2018-08-08 07:00:00,"M",20,"Weston Creek","ACT",18.04,"67ba12fed7c640e9abe086e17f83bccc","CUS-2110742437","149.07","-35.3","debit","Wed","19:11:33","19","August"
"996","authorized","1","ACC-2970114956","144.89","-37.69","SALES-POS","c72f5ec0-d8f8-4db0-9425-87e98de8d82f","Robert",5917.12,2018-08-08 07:00:00,"M",26,"Bulla","VIC",13.17,"45df400483814c4a87641b54c8231ce9","CUS-880898248","144.81","-37.64","debit","Wed","19:23:36","19","August"
"997","authorized","1","ACC-1037050564","153.10","-27.66","POS","3ddd1aeb-7bc6-4db0-8f38-cdc6a09f1d2d","Rhonda",1684.96,2018-08-08 07:00:00,"F",40,"Southport","QLD",44.43,"24c76b76ee57411b8e41fbd85ff70047","CUS-1614226872","153.41","-27.98","debit","Wed","19:35:39","19","August"
"998","authorized","1","ACC-1243371644","150.90","-33.78","POS","991d0c98-f666-4767-a732-71ae71499c2a","Gregory",394.12,2018-08-08 07:00:00,"M",42,"Kiama","NSW",34.93,"9be2579704e14b9fa7f0aa9b2dd651d1","CUS-3904958894","150.85","-34.67","debit","Wed","19:59:45","19","August"
"999","posted",NA,"ACC-2171593283","146.94","-36.04","PAYMENT",NA,"Fernando",6674.71,2018-08-08 07:00:00,"M",19,NA,NA,17,"808f99f1168745eea9a45f3185130893","CUS-2317998716",NA,NA,"debit","Wed","20:00:00","20","August"
"1000","posted",NA,"ACC-1650504218","145.01","-37.93","PAYMENT",NA,"Marissa",3254.56,2018-08-08 07:00:00,"F",23,NA,NA,33,"d8378f92adff4ab29bbb8460f715abb8","CUS-2500783281",NA,NA,"debit","Wed","20:00:00","20","August"
"1001","posted",NA,"ACC-182446574","116.06","-32.00","INTER BANK",NA,"Tonya",2449.97,2018-08-08 07:00:00,"F",27,NA,NA,33,"646f7696d308490b90ead8a8f9c53295","CUS-3026014945",NA,NA,"debit","Wed","20:00:00","20","August"
"1002","posted",NA,"ACC-4281711154","144.98","-37.84","PHONE BANK",NA,"Eric",34829.92,2018-08-08 07:00:00,"M",42,NA,NA,36,"cc89cbf0e52048b2a26099fdf6a5fa73","CUS-3151318058",NA,NA,"debit","Wed","20:00:00","20","August"
"1003","posted",NA,"ACC-3326339947","151.18","-33.80","PAYMENT",NA,"Eric",3563.94,2018-08-08 07:00:00,"M",22,NA,NA,73,"5ba37490b6b8491b8f4043b5f6e8476b","CUS-326006476",NA,NA,"debit","Wed","20:00:00","20","August"
"1004","authorized","1","ACC-1349834573","145.17","-37.84","SALES-POS","2fc63504-5462-4673-8cf1-2614feb94cc4","Matthew",6479.27,2018-08-08 07:00:00,"M",39,"Doncaster","VIC",21.52,"b5cd0d2e5f34405abdaa3253d5312ae2","CUS-1790886359","145.13","-37.78","debit","Wed","20:27:13","20","August"
"1005","authorized","1","ACC-3771436525","145.04","-37.92","SALES-POS","af4a347d-be60-4f6e-86c2-5ea13ac4e064","Derek",1595.74,2018-08-08 07:00:00,"M",20,"South Yarra","VIC",6.69,"ef04fc76c46f4230b7a3c7b277aab12c","CUS-3325710106","144.98","-37.83","debit","Wed","20:54:59","20","August"
"1006","posted",NA,"ACC-3536132544","144.93","-37.79","INTER BANK",NA,"Heather",1196.13,2018-08-08 07:00:00,"F",41,NA,NA,43,"2fce8a0ea1ec4301b343c9d48649bc79","CUS-2348881191",NA,NA,"debit","Wed","21:00:00","21","August"
"1007","posted",NA,"ACC-2173390920","144.71","-37.58","PHONE BANK",NA,"Luis",1278.71,2018-08-08 07:00:00,"M",27,NA,NA,67,"4c1b72b6c66549738a351ba801cb44e3","CUS-3180318393",NA,NA,"debit","Wed","21:00:00","21","August"
"1008","authorized","1","ACC-2249586092","115.98","-32.07","POS","79d69c85-2e85-45fc-a4ae-537ec4b232bc","Edward",4294.99,2018-08-08 07:00:00,"M",19,"Pantapin","WA",727.84,"a573c2d0852447aba24a41c89de730b4","CUS-443776336","117.67","-32.03","debit","Wed","21:18:13","21","August"
"1009","authorized","1","ACC-2528867619","138.58","-34.96","POS","21960650-c56e-4411-bc06-56e9964daf8e","Abigail",1830.26,2018-08-08 07:00:00,"F",40,"Allenby Gardens","SA",19.96,"a6b80b62044441dca4ad8c94a108cfe6","CUS-2505971401","138.56","-34.89","debit","Wed","21:40:26","21","August"
"1010","posted",NA,"ACC-1710017148","150.82","-34.01","PAYMENT",NA,"Michelle",4507.66,2018-08-08 07:00:00,"F",19,NA,NA,33,"8dc5cbf4a07c49d3871e9e9e83bd72d6","CUS-883482547",NA,NA,"debit","Wed","22:00:00","22","August"
"1011","authorized","1","ACC-2270192619","138.56","-35.27","POS","af80e38b-8bb8-4f42-b72d-8bde88500420","Darren",9561.21,2018-08-08 07:00:00,"M",20,"Denmark","WA",13.68,"d4cfbbce31ef45a1910c391b72863b00","CUS-2110742437","117.23","-34.92","debit","Wed","22:03:19","22","August"
"1012","authorized","1","ACC-2249586092","115.98","-32.07","POS","1cc4e7aa-8d69-42eb-a045-63fd99e7b5d0","Edward",4286.27,2018-08-08 07:00:00,"M",19,"Beechboro","WA",8.72,"e6b52a0d5e0546c89facd7c6bcfb123c","CUS-443776336","115.93","-31.87","debit","Wed","22:31:06","22","August"
"1013","authorized","1","ACC-1990648130","114.62","-28.80","SALES-POS","82bd7507-7481-4aad-9ec0-5071d5ba1bf0","Kaitlyn",2367.1,2018-08-08 07:00:00,"F",21,"Moonyoonooka","WA",20.68,"31426f9d925a4c5e88ffcff9964987d3","CUS-809013380","114.7","-28.79","debit","Wed","22:58:53","22","August"
"1014","posted",NA,"ACC-1973887809","115.78","-31.90","PAYMENT",NA,"Antonio",1448.59,2018-08-08 07:00:00,"M",26,NA,NA,29,"5420826e26264138bccceda345bf35e9","CUS-1646621553",NA,NA,"debit","Wed","23:00:00","23","August"
"1015","posted",NA,"ACC-1349834573","145.17","-37.84","PAYMENT",NA,"Matthew",6447.27,2018-08-08 07:00:00,"M",39,NA,NA,32,"f752aa6c5bf34a79ae7d1fb453f48fa3","CUS-1790886359",NA,NA,"debit","Wed","23:00:00","23","August"
"1016","posted",NA,"ACC-240804743","121.48","-30.75","PAYMENT",NA,"Kenneth",4253.74,2018-08-08 07:00:00,"M",29,NA,NA,39,"5e5fa5ef65b44815a1be149d1a8cd951","CUS-261674136",NA,NA,"debit","Wed","23:00:00","23","August"
"1017","authorized","1","ACC-240804743","121.48","-30.75","SALES-POS","41aa5103-841a-4f87-8cd2-577fe3e2b269","Kenneth",4292.74,2018-08-08 07:00:00,"M",29,"Loganholme","QLD",16.15,"c66c757f75004b0fa16f027d1af584e2","CUS-261674136","152.87","-30.8","debit","Wed","23:24:36","23","August"
"1018","authorized","1","ACC-1222300524","151.23","-33.94","POS","0b987f8d-d345-4b1c-8113-b433631aae15","Michael",885.24,2018-08-08 07:00:00,"M",38,"Liverpool","NSW",4.78,"44e9a619eaa54ef38a77dc85970fda84","CUS-2142601169","150.92","-33.92","debit","Wed","23:50:15","23","August"
"1019","authorized","0","ACC-588564840","151.27","-33.76","SALES-POS","90c69f85-ffc3-4346-ace8-51207cf1d7b5","Isaiah",7170.15,2018-08-09 07:00:00,"M",23,"Schofields","NSW",25.15,"e407aa919d9a4abf80e51ad9467cfae6","CUS-1462656821","150.87","-33.7","debit","Thu","00:23:50","00","August"
"1020","authorized","1","ACC-1222300524","151.23","-33.94","POS","5dadf9a3-bbd8-4944-ad92-35347499359c","Michael",872.57,2018-08-09 07:00:00,"M",38,"Leichhardt","NSW",12.67,"52779d7b528f4b178d2784f483070050","CUS-2142601169","151.16","-33.89","debit","Thu","01:01:23","01","August"
"1021","authorized","1","ACC-2970114956","144.89","-37.69","POS","a0af2fdd-0f45-49a8-8426-50d7ff53146c","Robert",5884.84,2018-08-09 07:00:00,"M",26,"Brookvale","NSW",32.28,"a8730c85a7cd4aa9840cc09d50308f56","CUS-880898248","151.26","-33.76","debit","Thu","01:24:39","01","August"
"1022","authorized","1","ACC-1973887809","115.78","-31.90","SALES-POS","be73bd2e-9525-44c6-b67d-4edb05c92600","Antonio",1437,2018-08-09 07:00:00,"M",26,"Nedlands","WA",11.59,"a65e0b3498da4671857c24c208a3eb81","CUS-1646621553","115.81","-31.97","debit","Thu","01:47:54","01","August"
"1023","posted",NA,"ACC-1496451953","145.16","-37.84","INTER BANK",NA,"Ricky",2609.6,2018-08-09 07:00:00,"M",43,NA,NA,16,"d6ef071399c0428b8ed3fb3c54cd9c49","CUS-3142625864",NA,NA,"debit","Thu","02:00:00","02","August"
"1024","posted",NA,"ACC-1998563091","149.03","-35.25","INTER BANK",NA,"David",12969.15,2018-08-09 07:00:00,"M",42,NA,NA,159,"00a3d2d18cf54ce29b548a8040f3b19b","CUS-3395687666",NA,NA,"debit","Thu","02:00:00","02","August"
"1025","posted",NA,"ACC-1243371644","150.90","-33.78","PAYMENT",NA,"Gregory",303.12,2018-08-09 07:00:00,"M",42,NA,NA,91,"6529f1455f10442b8ce654a4e92e3f3f","CUS-3904958894",NA,NA,"debit","Thu","02:00:00","02","August"
"1026","posted",NA,"ACC-1523339231","115.83","-31.90","PAYMENT",NA,"Tim",54371.71,2018-08-09 07:00:00,"M",40,NA,NA,47,"c3301bd32b1a47698c138f8003e4db87","CUS-1816693151",NA,NA,"debit","Thu","03:00:00","03","August"
"1027","posted",NA,"ACC-2528867619","138.58","-34.96","INTER BANK",NA,"Abigail",1754.26,2018-08-09 07:00:00,"F",40,NA,NA,76,"947184c7f3eb47c8895a6b78c4e68358","CUS-2505971401",NA,NA,"debit","Thu","03:00:00","03","August"
"1028","posted",NA,"ACC-2890243754","153.32","-27.93","PAYMENT",NA,"Joseph",869.05,2018-08-09 07:00:00,"M",37,NA,NA,52,"cb3147c647f044738943e6cb98e14d22","CUS-2695611575",NA,NA,"debit","Thu","03:00:00","03","August"
"1029","posted",NA,"ACC-2270192619","138.56","-35.27","PAYMENT",NA,"Darren",9522.21,2018-08-09 07:00:00,"M",20,NA,NA,39,"fa5c4e7cc6624ffcad80536c4087c9cf","CUS-2110742437",NA,NA,"debit","Thu","04:00:00","04","August"
"1030","posted",NA,"ACC-3536132544","144.93","-37.79","PAYMENT",NA,"Heather",1174.13,2018-08-09 07:00:00,"F",41,NA,NA,22,"8aed7bc5980c4d479b0d49fb9e15b567","CUS-2348881191",NA,NA,"debit","Thu","04:00:00","04","August"
"1031","authorized","1","ACC-1344825761","151.09","-33.91","POS","49b7bafa-407e-4ea1-a896-000929736eb8","Sarah",13376.28,2018-08-09 07:00:00,"F",46,"North Ryde","NSW",35.91,"d504021d7e3f4327af429a63b602882b","CUS-1499065773","151.14","-33.79","debit","Thu","04:01:18","04","August"
"1032","authorized","1","ACC-3771436525","145.04","-37.92","SALES-POS","96589143-d9f3-4a5f-afad-5776e7eab217","Derek",1587.29,2018-08-09 07:00:00,"M",20,"West Melbourne","VIC",8.45,"557d0dae47a24e7cac724b3adc84e8a7","CUS-3325710106","144.93","-37.81","debit","Thu","04:23:02","04","August"
"1033","authorized","1","ACC-1037050564","153.10","-27.66","POS","464ff702-b989-4a5c-a815-6d3449cb6682","Rhonda",1671.68,2018-08-09 07:00:00,"F",40,"Beenleigh","QLD",13.28,"adba89418d2e421387a58aa112ddd565","CUS-1614226872","153.21","-27.72","debit","Thu","04:44:46","04","August"
"1034","posted",NA,"ACC-2171593283","146.94","-36.04","PAYMENT",NA,"Fernando",6641.71,2018-08-09 07:00:00,"M",19,NA,NA,33,"07200bb64b324396b39a71ceee1cbf28","CUS-2317998716",NA,NA,"debit","Thu","05:00:00","05","August"
"1035","posted",NA,"ACC-2890243754","153.32","-27.93","PAYMENT",NA,"Joseph",851.05,2018-08-09 07:00:00,"M",37,NA,NA,18,"082904810b004ca19917caa02add99de","CUS-2695611575",NA,NA,"debit","Thu","05:00:00","05","August"
"1036","authorized","1","ACC-1037050564","153.10","-27.66","POS","c5013ac7-720c-47a6-85db-12f7cc8ccc48","Rhonda",1662.62,2018-08-09 07:00:00,"F",40,"Mansfield","QLD",9.06,"40e2aee92ce146a09c4f60f497bb720f","CUS-1614226872","153.11","-27.54","debit","Thu","05:49:59","05","August"
"1037","posted",NA,"ACC-3481401842","115.74","-31.72","PAYMENT",NA,"Tiffany",1026.46,2018-08-09 07:00:00,"F",25,NA,NA,46,"38a16d9d38fd48aa9282ab3cfa2a3fa3","CUS-1669695324",NA,NA,"debit","Thu","06:00:00","06","August"
"1038","posted",NA,"ACC-211792489","138.63","-34.93","PAYMENT",NA,"Jacqueline",2861.06,2018-08-09 07:00:00,"F",30,NA,NA,47,"0b4c4ed41d274ffc9826323fbbc5501c","CUS-497688347",NA,NA,"debit","Thu","06:00:00","06","August"
"1039","posted",NA,"ACC-2231965366","144.96","-37.84","PAYMENT",NA,"Linda",3634.29,2018-08-09 07:00:00,"F",35,NA,NA,33,"f6c86a328a5a43b89a4ab8a2c9c6983b","CUS-2155701614",NA,NA,"debit","Thu","07:00:00","07","August"
"1040","posted",NA,"ACC-2259139624","144.66","-37.91","INTER BANK",NA,"Cindy",709.34,2018-08-09 07:00:00,"F",19,NA,NA,22,"5d1551f9160347c9a0d509e39d28bd44","CUS-3174332735",NA,NA,"debit","Thu","07:00:00","07","August"
"1041","authorized","0","ACC-414431115","142.77","-37.06","POS","c680aa56-8c8f-4c4f-9055-06cb5719f9cd","Amy",464.44,2018-08-09 07:00:00,"F",43,"Mansfield","VIC",402.09,"dcfdd244b0bd4ea491c4b16b557b8dda","CUS-2599279756","146.09","-37.05","debit","Thu","07:09:09","07","August"
"1042","authorized","0","ACC-80388494","144.97","-37.42","SALES-POS","3ee9f6f9-fa96-412f-99d5-938b72f749d1","Dustin",773.08,2018-08-09 07:00:00,"M",28,"Ringwood","VIC",4.09,"831886b5ce6f4496af6c3677d1b2e507","CUS-1140341822","145.23","-37.81","debit","Thu","07:50:49","07","August"
"1043","posted",NA,"ACC-2776252858","144.95","-37.76","PAYMENT",NA,"Kristin",498.39,2018-08-09 07:00:00,"F",43,NA,NA,43,"ba5ffb57e9d747b38236d1c10c59341e","CUS-4123612273",NA,NA,"debit","Thu","08:00:00","08","August"
"1044","authorized","1","ACC-1037050564","153.10","-27.66","POS","97538b72-9571-4cdc-b9cf-714b3abd297b","Rhonda",1637,2018-08-09 07:00:00,"F",40,"Fortitude Valley","QLD",25.62,"6239094c2170443da05fd4137a75fcc5","CUS-1614226872","153.04","-27.46","debit","Thu","08:05:54","08","August"
"1045","authorized","1","ACC-2776252858","144.95","-37.76","POS","39b7084c-a744-4a51-8a37-379b2f787840","Kristin",932.88,2018-08-09 07:00:00,"F",43,"Lilydale","VIC",218.86,"ab2ea373de914222b9bcdfed016f92f7","CUS-4123612273","145.34","-37.76","debit","Thu","08:13:29","08","August"
"1046","authorized","1","ACC-2776252858","144.95","-37.76","POS","a9991dc2-85d5-4139-aee5-c1563fa32de6","Kristin",876.06,2018-08-09 07:00:00,"F",43,"Doncaster","VIC",56.82,"bc3ae8e1dc71439bb03a597ea0275df5","CUS-4123612273","145.13","-37.79","debit","Thu","08:21:03","08","August"
"1047","authorized","1","ACC-2776252858","144.95","-37.76","POS","01e137c0-b908-42e5-a904-0eaf8f12326f","Kristin",559.76,2018-08-09 07:00:00,"F",43,"Doncaster East","VIC",316.3,"c8f3d4ac30d846d089334a4a5ba325d4","CUS-4123612273","145.17","-37.76","debit","Thu","08:28:38","08","August"
"1048","authorized","1","ACC-2776252858","144.95","-37.76","POS","e3567b45-cf99-414e-a58f-db379644d8c6","Kristin",541.39,2018-08-09 07:00:00,"F",43,"Doncaster East","VIC",18.37,"ed939782d3c544c5862479d58328002d","CUS-4123612273","145.17","-37.76","debit","Thu","08:36:12","08","August"
"1049","authorized","1","ACC-1652235822","144.89","-37.81","POS","0fad9ab3-9f39-461d-bc77-af7fb8bcd525","Renee",18561.29,2018-08-09 07:00:00,"F",38,"Richmond","VIC",24.13,"39c5856539d941d0928ec138ec7e18e2","CUS-2206365095","145","-37.82","debit","Thu","08:43:47","08","August"
"1050","authorized","1","ACC-1349834573","145.17","-37.84","POS","4be6a60b-6f12-4d9d-9bc1-3fa5b0bfc5d3","Matthew",6432.01,2018-08-09 07:00:00,"M",39,"Thornbury","VIC",15.26,"19530e0c6d7a42bfabd6bd5339621505","CUS-1790886359","145","-37.76","debit","Thu","08:51:21","08","August"
"1051","authorized","1","ACC-588564840","151.27","-33.76","POS","d31e7b0a-33e3-4c5b-86dd-0e2bd027fb19","Isaiah",7145.46,2018-08-09 07:00:00,"M",23,"Maroubra","NSW",24.69,"80ada0297ac0421e8f25586c3be36655","CUS-1462656821","151.25","-33.95","debit","Thu","08:58:56","08","August"
"1052","posted",NA,"ACC-3485804958","138.52","-35.01","PAYMENT",NA,"Jessica",15888.31,2018-08-09 07:00:00,"F",34,NA,NA,27,"6366ee504c524fa7a2f0246f9204ddaa","CUS-1196156254",NA,NA,"debit","Thu","09:00:00","09","August"
"1053","posted",NA,"ACC-1516130869","130.84","-12.45","INTER BANK",NA,"Jessica",2277.26,2018-08-09 07:00:00,"F",21,NA,NA,39,"a7d7b65861cc45ba89a2b63dc23a4d9b","CUS-325142416",NA,NA,"debit","Thu","09:00:00","09","August"
"1054","authorized","1","ACC-2776252858","144.95","-37.76","SALES-POS","0dfec121-872f-475c-bba9-2d3632e5945d","Kristin",476.97,2018-08-09 07:00:00,"F",43,"Lilydale","VIC",21.42,"0cfc83792f4c4c81a6f7b4414b11f95c","CUS-4123612273","145.35","-37.76","debit","Thu","09:04:05","09","August"
"1055","authorized","1","ACC-2970114956","144.89","-37.69","SALES-POS","ae25e03e-2770-49f2-b1e1-4474577c194f","Robert",5848.45,2018-08-09 07:00:00,"M",26,"Croydon","VIC",36.39,"afdbced00f634157a072e518a3ac20c7","CUS-880898248","145.27","-37.79","debit","Thu","09:08:51","09","August"
"1056","authorized","1","ACC-1990648130","114.62","-28.80","SALES-POS","c27e22fe-1781-4596-b7f0-9d57e2538fb8","Kaitlyn",2352.84,2018-08-09 07:00:00,"F",21,"Geraldton","WA",14.26,"c7c35df6589440be8b8863fe52380d80","CUS-809013380","114.61","-28.78","debit","Thu","09:13:37","09","August"
"1057","authorized","1","ACC-3541460373","145.00","-37.83","SALES-POS","0cba524f-3785-423b-8da3-a135eae74a43","Jeffrey",1470.82,2018-08-09 07:00:00,"M",24,"Melbourne","VIC",6.08,"4cc1398909664f1d8fb9c4f9d483855e","CUS-1433879684","144.95","-37.82","debit","Thu","09:18:22","09","August"
"1058","authorized","1","ACC-966140392","147.08","-37.97","SALES-POS","56144881-5000-45b0-a9ac-84f4d2165205","Joseph",3022.94,2018-08-09 07:00:00,"M",21,"Chelsea","VIC",19.5,"41f9554489474fd4a8794a9cd2f48df6","CUS-537508723","145.12","-38.05","debit","Thu","09:23:08","09","August"
"1059","authorized","1","ACC-966140392","147.08","-37.97","SALES-POS","53337b71-5833-4618-aa68-0a454e5e72b5","Joseph",2997.91,2018-08-09 07:00:00,"M",21,"Launceston","TAS",25.03,"e4f8d71734584eaeac7412e919b7c6ed","CUS-537508723","147.14","-41.44","debit","Thu","09:27:54","09","August"
"1060","authorized","1","ACC-1903037542","153.05","-27.61","SALES-POS","e505c28a-ce1d-4342-8877-04bce1f7faaf","Jeffrey",1165.88,2018-08-09 07:00:00,"M",30,"Caboolture South","QLD",39.54,"ca7943e5a5a34102b84cc1cdba445f63","CUS-860700529","152.95","-27.09","debit","Thu","09:37:25","09","August"
"1061","authorized","1","ACC-3481401842","115.74","-31.72","SALES-POS","9f94d567-a506-40a8-bc16-d6ac1356e552","Tiffany",1017.09,2018-08-09 07:00:00,"F",25,"Bibra Lake","WA",9.37,"7094f9c993194688afda63cafab04d40","CUS-1669695324","115.8","-32.1","debit","Thu","09:42:11","09","August"
"1062","authorized","0","ACC-1443681913","150.92","-33.77","POS","dafa1c3c-700e-4630-9f62-5b9860f94cfb","Ryan",1181.79,2018-08-09 07:00:00,"M",31,"Tamworth","NSW",18.31,"ef8c15b3f99a438ca5bb43e9c729ac32","CUS-3129499595","150.94","-31.1","debit","Thu","09:46:57","09","August"
"1063","authorized","1","ACC-1973887809","115.78","-31.90","SALES-POS","06fc41b9-a4a1-4ed1-9bbf-4a67e32a7a7c","Antonio",1400.69,2018-08-09 07:00:00,"M",26,"Rivervale","WA",36.31,"13dec4f8b36e4cf981041bd9412779ed","CUS-1646621553","115.91","-31.95","debit","Thu","09:51:42","09","August"
"1064","authorized","0","ACC-588564840","151.27","-33.76","POS","38874d3f-3836-4661-8b96-9bfd64f27180","Isaiah",7093.67,2018-08-09 07:00:00,"M",23,"KENSINGTON","NSW",51.79,"2aa2d00d7d4b43e4aead1c0b985cdb96","CUS-1462656821","151.22","-33.91","debit","Thu","09:56:28","09","August"
"1065","posted",NA,"ACC-1334819143","145.13","-37.70","PAYMENT",NA,"Christopher",57825.15,2018-08-09 07:00:00,"M",33,NA,NA,112,"22b8798ac45b408bb841277c845785a2","CUS-3117610635",NA,NA,"debit","Thu","10:00:00","10","August"
"1066","authorized","1","ACC-847145727","115.90","-31.92","POS","2b3794b3-88cf-4593-869f-fbb806ae6426","Michael",50133.21,2018-08-09 07:00:00,"M",19,"Perth Airport","WA",8.66,"3f191c038d9249f3a88a4593ea7fc133","CUS-1609060617","115.96","-31.93","debit","Thu","10:05:39","10","August"
"1067","authorized","0","ACC-2249586092","115.98","-32.07","SALES-POS","c58a3f2e-9497-4b01-89f6-69df34f7a557","Edward",4225.89,2018-08-09 07:00:00,"M",19,"Bibra Lake","WA",60.38,"933494df7e8b4509b0c3d04a860a5d50","CUS-443776336","115.81","-32.1","debit","Thu","10:27:23","10","August"
"1068","authorized","1","ACC-2890243754","153.32","-27.93","SALES-POS","c9aac2c8-cce7-42c4-b27b-292ff1c527de","Joseph",840.86,2018-08-09 07:00:00,"M",37,"Tallai","QLD",10.19,"3af4d14a0b9c4dbf83d9e9f807a53a04","CUS-2695611575","153.35","-28.07","debit","Thu","10:49:07","10","August"
"1069","posted",NA,"ACC-3541460373","145.00","-37.83","PAYMENT",NA,"Jeffrey",1413.9,2018-08-09 07:00:00,"M",24,NA,NA,41,"29ea9b97ffb6424bb4afda9aceacbb3e","CUS-1433879684",NA,NA,"debit","Thu","11:00:00","11","August"
"1070","posted",NA,"ACC-3536132544","144.93","-37.79","PAY/SALARY",NA,"Heather",3275.64,2018-08-09 07:00:00,"F",41,NA,NA,2101.51,"526abbf608a441ad905192afff3a71db","CUS-2348881191",NA,NA,"credit","Thu","11:00:00","11","August"
"1071","posted",NA,"ACC-4163822186","149.03","-34.97","PAY/SALARY",NA,"Karen",4676.76,2018-08-09 07:00:00,"F",26,NA,NA,920.71,"7519954e5f7c482c8890f880ab8328dc","CUS-2630892467",NA,NA,"credit","Thu","11:00:00","11","August"
"1072","posted",NA,"ACC-1608363396","151.22","-33.87","INTER BANK",NA,"Robert",1204.08,2018-08-09 07:00:00,"M",20,NA,NA,24,"c78cb75e5a214edeb0e00344f5d10377","CUS-2688605418",NA,NA,"debit","Thu","11:00:00","11","August"
"1073","posted",NA,"ACC-2259139624","144.66","-37.91","PAY/SALARY",NA,"Cindy",4386.28,2018-08-09 07:00:00,"F",19,NA,NA,3676.94,"fe4e25f654d14059b1e9eb45c4a2c0bb","CUS-3174332735",NA,NA,"credit","Thu","11:00:00","11","August"
"1074","posted",NA,"ACC-3954677887","115.72","-32.28","PAYMENT",NA,"Ruth",1185.91,2018-08-09 07:00:00,"F",47,NA,NA,46,"c98f82dddd1b404f9507f44ab16c664c","CUS-3716701010",NA,NA,"debit","Thu","11:00:00","11","August"
"1075","authorized","1","ACC-588564840","151.27","-33.76","SALES-POS","69c5ddca-4ad6-4b7c-b291-6943093c7563","Isaiah",7063.92,2018-08-09 07:00:00,"M",23,"Gordon","NSW",29.75,"6b1628893cab4e66b2637bc41ab89d26","CUS-1462656821","151.15","-33.76","debit","Thu","11:04:20","11","August"
"1076","authorized","1","ACC-1443681913","150.92","-33.77","POS","702f801d-f481-4dfd-8f01-e78a8a5fa9c4","Ryan",1170.88,2018-08-09 07:00:00,"M",31,"Fairy Meadow","NSW",10.91,"443fcf231c24419db2b04d069ef7cfb4","CUS-3129499595","150.89","-34.4","debit","Thu","11:13:02","11","August"
"1077","authorized","0","ACC-966140392","147.08","-37.97","POS","91287e52-e392-47c6-8f7c-b94c41f7626c","Joseph",2750.25,2018-08-09 07:00:00,"M",21,"Sydney","NSW",247.66,"a1e3a6aa22814f50bc1f9b4987647111","CUS-537508723","151.2","-33.86","debit","Thu","11:21:44","11","August"
"1078","authorized","1","ACC-3541460373","145.00","-37.83","SALES-POS","b0315440-bfc8-49db-8889-0b0991a3b7d8","Jeffrey",1454.9,2018-08-09 07:00:00,"M",24,"Sunshine","VIC",15.92,"64f42ec7a6574fd4b36bfa4a0a68ee0f","CUS-1433879684","144.84","-37.78","debit","Thu","11:30:26","11","August"
"1079","authorized","1","ACC-1037050564","153.10","-27.66","POS","33abec93-e352-440e-ae45-f52d37b4c291","Rhonda",1619.41,2018-08-09 07:00:00,"F",40,"Kearneys Spring","QLD",17.59,"62c43ce96a024efd90b183d3fe9ba6c5","CUS-1614226872","151.95","-27.59","debit","Thu","11:47:49","11","August"
"1080","authorized","1","ACC-1037050564","153.10","-27.66","SALES-POS","cd62798b-8895-4037-99f7-50c70d39abe0","Rhonda",1611.72,2018-08-09 07:00:00,"F",40,"Noosa Heads","QLD",7.69,"1b23a88c69524eae833bddca41b126cb","CUS-1614226872","153.09","-26.4","debit","Thu","11:56:31","11","August"
"1081","posted",NA,"ACC-721712940","145.09","-37.82","PAY/SALARY",NA,"Andrew",51237.54,2018-08-09 07:00:00,"M",78,NA,NA,782.42,"cfa832fa1b9f4f0faeefafe52e5715aa","CUS-1646183815",NA,NA,"credit","Thu","12:00:00","12","August"
"1082","posted",NA,"ACC-1279356312","144.79","-37.73","PAY/SALARY",NA,"Tyler",3683.89,2018-08-09 07:00:00,"M",44,NA,NA,2887.34,"f898c3159e774202a8967e81d9cf43ca","CUS-1892177589",NA,NA,"credit","Thu","12:00:00","12","August"
"1083","posted",NA,"ACC-3827517394","151.12","-33.89","PAYMENT",NA,"Craig",29136.39,2018-08-09 07:00:00,"M",28,NA,NA,148,"bb5e21335bb54c87b958529beb455590","CUS-2663907001",NA,NA,"debit","Thu","12:00:00","12","August"
"1084","posted",NA,"ACC-3317636250","153.02","-27.66","INTER BANK",NA,"Kenneth",2375.38,2018-08-09 07:00:00,"M",35,NA,NA,73,"87d2203fd4484eca9729f3fbdacc9ed6","CUS-2738291516",NA,NA,"debit","Thu","12:00:00","12","August"
"1085","posted",NA,"ACC-3879258709","143.83","-37.66","PHONE BANK",NA,"Natasha",190229.56,2018-08-09 07:00:00,"F",40,NA,NA,41,"80f14e25be6242aaa31298ea77713112","CUS-527400765",NA,NA,"debit","Thu","12:00:00","12","August"
"1086","posted",NA,"ACC-966140392","147.08","-37.97","PAYMENT",NA,"Joseph",2693.6,2018-08-09 07:00:00,"M",21,NA,NA,35,"bd282d20c6434d3db583df463a6e28e2","CUS-537508723",NA,NA,"debit","Thu","12:00:00","12","August"
"1087","authorized","1","ACC-966140392","147.08","-37.97","POS","861d1f14-dbd8-48cf-812b-28cd71caae62","Joseph",2728.6,2018-08-09 07:00:00,"M",21,"Prahran","VIC",21.65,"42e71949504a4709abb1027683a31976","CUS-537508723","144.99","-37.85","debit","Thu","12:28:34","12","August"
"1088","authorized","1","ACC-559365433","147.31","-42.88","SALES-POS","1a540ebf-3792-41c4-b91a-324b216dd58b","Mary",696.26,2018-08-09 07:00:00,"F",64,"Prospect Vale","TAS",9.4,"7978ba2a9c64407783370e97892198cb","CUS-1654129794","147.13","-41.48","debit","Thu","12:46:25","12","August"
"1089","posted",NA,"ACC-4274272854","145.23","-37.86","PAYMENT",NA,"Timothy",2411.93,2018-08-09 07:00:00,"M",20,NA,NA,15,"6944836fb83444fc9cfed8ec655d1242","CUS-2484453271",NA,NA,"debit","Thu","13:00:00","13","August"
"1090","posted",NA,"ACC-1243371644","150.90","-33.78","PAY/SALARY",NA,"Gregory",1984.7,2018-08-09 07:00:00,"M",42,NA,NA,1681.58,"84ae4cc4e20f4ab99a1022aebd5ab661","CUS-3904958894",NA,NA,"credit","Thu","13:00:00","13","August"
"1091","authorized","1","ACC-847145727","115.90","-31.92","SALES-POS","b4bc21d4-283c-4cc8-b8fb-719157b10613","Michael",50112.18,2018-08-09 07:00:00,"M",19,"Southern River","WA",21.03,"4d499b05f28c40de8007c163e7961785","CUS-1609060617","115.96","-32.13","debit","Thu","13:04:36","13","August"
"1092","authorized","0","ACC-1334819143","145.13","-37.70","SALES-POS","96f23b7a-2abb-4bdb-a0bb-62314d50ca73","Christopher",57740.39,2018-08-09 07:00:00,"M",33,"Longreach","QLD",84.76,"b0b9a477e96946bb8cb065a3335e34c9","CUS-3117610635","144.27","-23.44","debit","Thu","13:23:50","13","August"
"1093","authorized","1","ACC-90814749","151.68","-32.98","SALES-POS","910d238b-70e0-4ea3-914b-b83c39b44c9f","Christopher",5571.54,2018-08-09 07:00:00,"M",35,"Armidale","NSW",12.03,"838191a6ac924dc9b9582967a2a945e6","CUS-1896554896","151.68","-30.51","debit","Thu","13:43:04","13","August"
"1094","posted",NA,"ACC-1349834573","145.17","-37.84","PAYMENT",NA,"Matthew",6372.01,2018-08-09 07:00:00,"M",39,NA,NA,60,"261fdfba81b94b4bb5d9be39e0b2a450","CUS-1790886359",NA,NA,"debit","Thu","14:00:00","14","August"
"1095","posted",NA,"ACC-1608363396","151.22","-33.87","PAY/SALARY",NA,"Robert",3512.95,2018-08-09 07:00:00,"M",20,NA,NA,2320.3,"fe6fd0586a2846049f200b05e93ba834","CUS-2688605418",NA,NA,"credit","Thu","14:00:00","14","August"
"1096","posted",NA,"ACC-2674800293","144.96","-37.69","PAYMENT",NA,"Elizabeth",25518.87,2018-08-09 07:00:00,"F",50,NA,NA,171,"1e9ebe4d57f34703a740273ecaacf15d","CUS-2977593493",NA,NA,"debit","Thu","14:00:00","14","August"
"1097","posted",NA,"ACC-1424176027","151.08","-33.93","PAY/SALARY",NA,"Donald",2200.13,2018-08-09 07:00:00,"M",22,NA,NA,1928.97,"af797fa1790942a882d4b53da514731c","CUS-3431016847",NA,NA,"credit","Thu","14:00:00","14","August"
"1098","authorized","1","ACC-3536132544","144.93","-37.79","POS","496bc96a-4a77-47e6-ad1d-0782db826584","Heather",3236.68,2018-08-09 07:00:00,"F",41,"Melton West","VIC",38.96,"80a0e712f0a84ddc8e177a506b5ae5b5","CUS-2348881191","144.57","-37.69","debit","Thu","14:01:12","14","August"
"1099","authorized","1","ACC-2249586092","115.98","-32.07","POS","15166bc3-359c-42cc-8161-e17d276b050a","Edward",4213.97,2018-08-09 07:00:00,"M",19,"Perth","WA",11.92,"ade1e7bc58a74487a12af49134546c46","CUS-443776336","115.93","-31.96","debit","Thu","14:11:18","14","August"
"1100","authorized","0","ACC-1608363396","151.22","-33.87","POS","20c38ece-fa16-4810-afe4-cb995896fc02","Robert",1192.65,2018-08-09 07:00:00,"M",20,"Balgowlah","NSW",11.43,"e2b5fa6d63424336b9d3eb0206a32515","CUS-2688605418","151.26","-33.79","debit","Thu","14:21:24","14","August"
"1101","authorized","1","ACC-966140392","147.08","-37.97","SALES-POS","951254dc-11b5-41d3-ab9a-46a9e8f78897","Joseph",2663.73,2018-08-09 07:00:00,"M",21,"Mornington","VIC",29.87,"3b58c2601f964fd6846cddc4abe4a39c","CUS-537508723","145.04","-38.22","debit","Thu","14:31:30","14","August"
"1102","authorized","1","ACC-1222300524","151.23","-33.94","POS","9e416b5d-5d51-49ab-a38a-a55f33afadca","Michael",864.46,2018-08-09 07:00:00,"M",38,"Sydney","NSW",8.11,"663b374c5c3341eb82bd54b18f4f7805","CUS-2142601169","151.21","-33.87","debit","Thu","14:41:36","14","August"
"1103","authorized","1","ACC-3541460373","145.00","-37.83","POS","2b1f7db1-7170-4c35-80e3-8dc2635a87d7","Jeffrey",1399.51,2018-08-09 07:00:00,"M",24,"Bulleen","VIC",14.39,"1c918fcf7ef94c00939dd748ef76553d","CUS-1433879684","145.08","-37.76","debit","Thu","14:51:43","14","August"
"1104","posted",NA,"ACC-2988263882","145.18","-37.90","PAY/SALARY",NA,"Michael",3010.65,2018-08-09 07:00:00,"M",44,NA,NA,596.33,"fe11084092514eebba131d3472f0c3d7","CUS-1233833708",NA,NA,"credit","Thu","15:00:00","15","August"
"1105","posted",NA,"ACC-1037050564","153.10","-27.66","PAYMENT",NA,"Rhonda",1578.72,2018-08-09 07:00:00,"F",40,NA,NA,33,"5c94a6cf33b7476784c250ecdb5110fa","CUS-1614226872",NA,NA,"debit","Thu","15:00:00","15","August"
"1106","posted",NA,"ACC-2615038700","145.35","-38.03","PAYMENT",NA,"Emily",29010.99,2018-08-09 07:00:00,"F",43,NA,NA,101,"e61b527af84f487a870a198175b5ad75","CUS-3255104878",NA,NA,"debit","Thu","15:00:00","15","August"
"1107","authorized","1","ACC-2673069055","152.99","-27.49","SALES-POS","02e5bf74-cd2b-4b91-877e-eac5be9b0007","Richard",16980.86,2018-08-09 07:00:00,"M",24,"Caboolture","QLD",12.37,"bd666a2e88ca4b3f8dc1e1d7dcef0fc2","CUS-51506836","152.95","-27.08","debit","Thu","15:01:05","15","August"
"1108","authorized","0","ACC-1598451071","153.41","-27.95","POS","42aa7120-55a4-4f80-95b5-0a49f69ace7b","Diana",1330.27,2018-08-09 07:00:00,"F",26,"Southport","QLD",5.81,"900fa95f73ef43608ff7efdeefcaca8d","CUS-2487424745","153.4","-27.96","debit","Thu","15:07:11","15","August"
"1109","authorized","0","ACC-1334819143","145.13","-37.70","SALES-POS","1fffd4c3-b550-4c8f-a5ba-d73a5b4e0a2e","Christopher",57728.24,2018-08-09 07:00:00,"M",33,"Hamilton","VIC",12.15,"1f903f5aaed54944b89704711f676545","CUS-3117610635","142.03","-37.74","debit","Thu","15:13:17","15","August"
"1110","authorized","1","ACC-559365433","147.31","-42.88","POS","53e177aa-a74e-457b-81ba-c98c3fbf2765","Mary",680.9,2018-08-09 07:00:00,"F",64,"Bellerive","TAS",15.36,"e7409fb711e145449f5f459b51f4307a","CUS-1654129794","147.39","-42.88","debit","Thu","15:19:23","15","August"
"1111","authorized","0","ACC-1652235822","144.89","-37.81","SALES-POS","fa87be58-f484-4b31-84fa-ea1aad15bea3","Renee",18541.66,2018-08-09 07:00:00,"F",38,"Thornbury","VIC",19.63,"ae8edaf205ad428b9a6b850849bd29df","CUS-2206365095","145","-37.75","debit","Thu","15:25:29","15","August"
"1112","authorized","1","ACC-2528867619","138.58","-34.96","POS","b327cceb-f5ec-40d2-be18-d7315f2b8f54","Abigail",1735.38,2018-08-09 07:00:00,"F",40,"Salisbury","SA",18.88,"7d53d44b6b5045efb24dc2eb3584f554","CUS-2505971401","138.64","-34.76","debit","Thu","15:31:35","15","August"
"1113","authorized","1","ACC-1598451071","153.41","-27.95","SALES-POS","84a31a99-0d2e-43c6-aa6c-dbf46b9ebac0","Diana",1310.69,2018-08-09 07:00:00,"F",26,"Robina","QLD",19.58,"12ebaa4f00b94709b94741bff98c3ae9","CUS-2487424745","153.39","-28.08","debit","Thu","15:37:40","15","August"
"1114","authorized","1","ACC-4258502723","145.45","-37.74","SALES-POS","ddae4c76-a956-4cc2-8c55-2a954d6d5e10","Kimberly",1345.2,2018-08-09 07:00:00,"F",24,"Brunswick","VIC",9.82,"8bb2610dc61c4a178d5baa0453ec0193","CUS-3378712515","144.96","-37.78","debit","Thu","15:43:46","15","August"
"1115","authorized","1","ACC-602667573","151.23","-33.96","POS","d5cb98a1-2a78-4abd-8da5-378b2169f9cc","Michael",2382.25,2018-08-09 07:00:00,"M",40,"Ryde","NSW",51.31,"1fa35d8985cc454baa0ebe54b0ffc399","CUS-2031327464","151.11","-33.81","debit","Thu","15:49:52","15","August"
"1116","authorized","1","ACC-2249586092","115.98","-32.07","SALES-POS","4c90fdf3-5b7d-4fdc-b734-8bd894ed6a89","Edward",4204.58,2018-08-09 07:00:00,"M",19,"Ceduna","SA",9.39,"4147cb8a7db8414194d01e79ec145064","CUS-443776336","133.67","-32.12","debit","Thu","15:55:58","15","August"
"1117","posted",NA,"ACC-1598451071","153.41","-27.95","INTER BANK",NA,"Diana",1218.69,2018-08-09 07:00:00,"F",26,NA,NA,92,"c7fce5692d1a4395bad0bed9190450dc","CUS-2487424745",NA,NA,"debit","Thu","16:00:00","16","August"
"1118","posted",NA,"ACC-3881031190","149.19","-21.15","PAY/SALARY",NA,"Richard",1963.59,2018-08-09 07:00:00,"M",37,NA,NA,916.75,"e67de79c51304c5c90a7329c934e3951","CUS-3201519139",NA,NA,"credit","Thu","16:00:00","16","August"
"1119","authorized","1","ACC-966140392","147.08","-37.97","POS","38ffa834-11d6-461a-a748-bd3df9d4db57","Joseph",2652.49,2018-08-09 07:00:00,"M",21,"Wodonga","VIC",11.24,"f19e7107094049cfa59375b6c0a6ec43","CUS-537508723","146.88","-36.12","debit","Thu","16:05:45","16","August"
"1120","authorized","1","ACC-1652235822","144.89","-37.81","SALES-POS","865fe5b0-0e48-48e6-8e88-d74145d23706","Renee",18516.39,2018-08-09 07:00:00,"F",38,"Mount Waverley","VIC",25.27,"7d76f6c51649411eaaf43ad2f5972878","CUS-2206365095","145.15","-37.87","debit","Thu","16:22:42","16","August"
"1121","authorized","1","ACC-4258502723","145.45","-37.74","POS","c612fc22-c403-458a-be79-06259a01af00","Kimberly",1328.84,2018-08-09 07:00:00,"F",24,"Preston","VIC",16.36,"d998407276534dedbdfb24cbbae7c8cb","CUS-3378712515","145.03","-37.74","debit","Thu","16:39:39","16","August"
"1122","authorized","0","ACC-1652235822","144.89","-37.81","POS","cb8b537a-c5b7-47fb-a581-820a35d84899","Renee",18509.77,2018-08-09 07:00:00,"F",38,"Richmond","VIC",6.62,"fe1efe86e5774fe0bba124a4b1ad3dc6","CUS-2206365095","144.99","-37.83","debit","Thu","16:56:36","16","August"
"1123","posted",NA,"ACC-1279356312","144.79","-37.73","PAYMENT",NA,"Tyler",3668.89,2018-08-09 07:00:00,"M",44,NA,NA,15,"d0dadf720f6240d6a8bbb9ae6d817008","CUS-1892177589",NA,NA,"debit","Thu","17:00:00","17","August"
"1124","posted",NA,"ACC-2173390920","144.71","-37.58","PAYMENT",NA,"Luis",1249.71,2018-08-09 07:00:00,"M",27,NA,NA,29,"31e166e0c58447d0b5280b26ded5c0c9","CUS-3180318393",NA,NA,"debit","Thu","17:00:00","17","August"
"1125","posted",NA,"ACC-154431271","153.09","-27.48","PAY/SALARY",NA,"Lori",1546.67,2018-08-09 07:00:00,"F",18,NA,NA,1537.68,"e3d04e24400c474583e98f82f75c4869","CUS-3702001629",NA,NA,"credit","Thu","17:00:00","17","August"
"1126","posted",NA,"ACC-3941181087","115.79","-31.94","PAY/SALARY",NA,"Paul",3506.06,2018-08-09 07:00:00,"M",25,NA,NA,2687.85,"acf0440be17643a088a11d1fa7f048d2","CUS-3989008654",NA,NA,"credit","Thu","17:00:00","17","August"
"1127","posted",NA,"ACC-958000567","130.90","-12.37","PAYMENT",NA,"Sandra",3113.43,2018-08-09 07:00:00,"F",34,NA,NA,37,"461e41167a434a19b06cf29d851c1887","CUS-4142663097",NA,NA,"debit","Thu","17:00:00","17","August"
"1128","posted",NA,"ACC-53508546","150.62","-33.76","PAY/SALARY",NA,"Kimberly",1698.46,2018-08-09 07:00:00,"F",35,NA,NA,725.32,"83a9bb386c9d4dc588a62fa32dafebd2","CUS-72755508",NA,NA,"credit","Thu","17:00:00","17","August"
"1129","authorized","1","ACC-3485804958","138.52","-35.01","SALES-POS","42c81e8a-c3ce-4c8d-956f-b88dcb40dbe8","Jessica",15821.76,2018-08-09 07:00:00,"F",34,"Mira Mar","WA",66.55,"5b32aed826db4ad4b92c0a04237687c5","CUS-1196156254","117.89","-35.02","debit","Thu","17:08:47","17","August"
"1130","authorized","1","ACC-4065652575","115.81","-31.82","SALES-POS","7af25499-cfc0-43cd-a3ec-815220ff97fb","Lucas",5727.18,2018-08-09 07:00:00,"M",21,"Applecross","WA",12.93,"8ad73837703f40cfaa745eaa97d89158","CUS-1117979751","115.85","-32.01","debit","Thu","17:19:46","17","August"
"1131","authorized","1","ACC-2528867619","138.58","-34.96","POS","2a1bebdc-3f02-4cce-a261-81a8010a93fc","Abigail",1699.68,2018-08-09 07:00:00,"F",40,"Modbury","SA",35.7,"2966394a3e684adf95f9d205077200d5","CUS-2505971401","138.69","-34.83","debit","Thu","17:30:46","17","August"
"1132","authorized","1","ACC-1349834573","145.17","-37.84","SALES-POS","63721c0d-ef24-4c23-98d0-722561c938ac","Matthew",6357.7,2018-08-09 07:00:00,"M",39,"Maribyrnong","VIC",14.31,"35c5ae9b03514e658bc30540cee7545a","CUS-1790886359","144.89","-37.78","debit","Thu","17:41:45","17","August"
"1133","posted",NA,"ACC-588564840","151.27","-33.76","PAYMENT",NA,"Isaiah",7022.92,2018-08-09 07:00:00,"M",23,NA,NA,41,"8d95d11ddd0548669037f47b92b82813","CUS-1462656821",NA,NA,"debit","Thu","18:00:00","18","August"
"1134","posted",NA,"ACC-3879258709","143.83","-37.66","PAYMENT",NA,"Natasha",190208.56,2018-08-09 07:00:00,"F",40,NA,NA,21,"154080320bfe4357a71c67727cc024b5","CUS-527400765",NA,NA,"debit","Thu","18:00:00","18","August"
"1135","authorized","1","ACC-38923874","151.27","-33.90","SALES-POS","174192c8-c07d-461a-8d53-3062fe5151f5","Ryan",29743.02,2018-08-09 07:00:00,"M",38,"Sydney","NSW",28.31,"af236f0381144ede997169edb877e8fc","CUS-3249305314","151.21","-33.86","debit","Thu","18:08:05","18","August"
"1136","authorized","1","ACC-1516130869","130.84","-12.45","SALES-POS","8bcca9c1-e1e8-4d3c-961f-3d9b4c3e4e86","Jessica",2269.57,2018-08-09 07:00:00,"F",21,"Millner","NT",7.69,"b3faedfbb50c42029e30c3d1417f14b5","CUS-325142416","130.86","-12.39","debit","Thu","18:31:54","18","August"
"1137","authorized","1","ACC-3481401842","115.74","-31.72","SALES-POS","f1056208-ecfb-4fd6-bd39-e8127c2f92ba","Tiffany",975.99,2018-08-09 07:00:00,"F",25,"Carmel","WA",41.1,"bed9e15056cd4db9b857f74fcfefcc42","CUS-1669695324","116.07","-32.03","debit","Thu","18:55:42","18","August"
"1138","posted",NA,"ACC-1799207998","150.68","-33.79","INTER BANK",NA,"Susan",2427.41,2018-08-09 07:00:00,"F",20,NA,NA,115,"4fec3d223aae467c90e77de7e3c816ef","CUS-164374203",NA,NA,"debit","Thu","19:00:00","19","August"
"1139","posted",NA,"ACC-1222300524","151.23","-33.94","PAYMENT",NA,"Michael",803.7,2018-08-09 07:00:00,"M",38,NA,NA,50,"6cd050b5e92e4f7cb787a7ec57a01461","CUS-2142601169",NA,NA,"debit","Thu","19:00:00","19","August"
"1140","posted",NA,"ACC-2014856841","144.99","-37.90","PAYMENT",NA,"Patrick",258213.94,2018-08-09 07:00:00,"M",46,NA,NA,50,"1fe7326fa8a3430c97d5c8cb3fb3d87f","CUS-2370108457",NA,NA,"debit","Thu","19:00:00","19","August"
"1141","authorized","1","ACC-2673069055","152.99","-27.49","SALES-POS","8a98b3ba-f15c-43d6-b9a0-b7cc310e0dba","Richard",16969.35,2018-08-09 07:00:00,"M",24,"Wakerley","QLD",11.51,"f4003a86bc90419e90c71214beff09a7","CUS-51506836","153.17","-27.49","debit","Thu","19:08:22","19","August"
"1142","authorized","1","ACC-1222300524","151.23","-33.94","SALES-POS","aa5aa2e9-e9b4-46a6-a8ad-d723edc8e77d","Michael",853.7,2018-08-09 07:00:00,"M",38,"Green Valley","NSW",10.76,"c8cfc13ddc364a49b1fd916994205628","CUS-2142601169","150.87","-33.91","debit","Thu","19:18:34","19","August"
"1143","authorized","0","ACC-1598451071","153.41","-27.95","POS","c9aac2c8-cce7-42c4-b27b-292ff1c527de","Diana",1209.02,2018-08-09 07:00:00,"F",26,"Tallai","QLD",9.67,"22d54c5542b648f6b0a0fd9e73467bae","CUS-2487424745","153.35","-28.07","debit","Thu","19:28:46","19","August"
"1144","authorized","1","ACC-819621312","145.04","-37.85","POS","d5efc41e-bf89-4763-8a23-30c21cb91e80","Michele",1941.57,2018-08-09 07:00:00,"F",30,"Ringwood","VIC",9.85,"685ac817b285414cb1a701704121c86b","CUS-1271030853","145.23","-37.81","debit","Thu","19:49:11","19","August"
"1145","authorized","1","ACC-3481401842","115.74","-31.72","SALES-POS","d00d2c9a-883a-4564-806f-54b6533d5472","Tiffany",668.95,2018-08-09 07:00:00,"F",25,"Sydney","NSW",307.04,"a8f1277f73d748569a0143e905a504e4","CUS-1669695324","151.21","-33.87","debit","Thu","19:59:23","19","August"
"1146","posted",NA,"ACC-1279356312","144.79","-37.73","PAYMENT",NA,"Tyler",3627.89,2018-08-09 07:00:00,"M",44,NA,NA,41,"259520c2024d4de2ad66470d8feaaacf","CUS-1892177589",NA,NA,"debit","Thu","20:00:00","20","August"
"1147","authorized","1","ACC-2673069055","152.99","-27.49","POS","e7aa42db-d3e1-4bb8-9522-f05329c12e84","Richard",16958.5,2018-08-09 07:00:00,"M",24,"Wilsonton","QLD",10.85,"cf5349cb375e4f42914d2e8bdaf4fdee","CUS-51506836","151.93","-27.54","debit","Thu","20:16:29","20","August"
"1148","authorized","1","ACC-4274272854","145.23","-37.86","SALES-POS","f38a29b7-7468-4617-810b-9de0342575d6","Timothy",2393.79,2018-08-09 07:00:00,"M",20,"Melbourne","VIC",18.14,"ac8bc1c875da4c3cab2aa7bdb88a7f79","CUS-2484453271","144.96","-37.82","debit","Thu","20:34:02","20","August"
"1149","authorized","1","ACC-1598451071","153.41","-27.95","POS","f8ed9a68-00cf-41ea-9ea9-4458ae8451f2","Diana",1206.01,2018-08-09 07:00:00,"F",26,"Coomera","QLD",3.01,"fee0448b547a48ffbc2427b5faf6790a","CUS-2487424745","153.34","-27.85","debit","Thu","20:51:34","20","August"
"1150","posted",NA,"ACC-1523339231","115.83","-31.90","INTER BANK",NA,"Tim",54283.71,2018-08-09 07:00:00,"M",40,NA,NA,88,"df83d3498a3f4fdb91dce6fe785a5026","CUS-1816693151",NA,NA,"debit","Thu","21:00:00","21","August"
"1151","posted",NA,"ACC-854938045","147.63","-22.84","PHONE BANK",NA,"James",8932.46,2018-08-09 07:00:00,"M",28,NA,NA,58,"dcf3a1da511941efa502f372a297d9ae","CUS-4023861240",NA,NA,"debit","Thu","21:00:00","21","August"
"1152","authorized","1","ACC-3100725361","145.73","-17.03","POS","d2152b22-0e11-4f3c-ac81-4d2051b6d0f2","Ronald",1642.07,2018-08-09 07:00:00,"M",25,"Armidale","NSW",74.66,"34d2e86a1141415cac41ba46986db83f","CUS-2178051368","151.64","-30.49","debit","Thu","21:06:20","21","August"
"1153","authorized","1","ACC-2249586092","115.98","-32.07","POS","6f6848ab-1b4d-429a-a201-0a30830b0e33","Edward",4199.5,2018-08-09 07:00:00,"M",19,"Cottesloe","WA",5.08,"1747c8c9bce04807b17d811520c79432","CUS-443776336","115.75","-31.99","debit","Thu","21:18:32","21","August"
"1154","authorized","1","ACC-1598451071","153.41","-27.95","SALES-POS","3f3477b8-9140-472e-98b8-35d5f6137ee3","Diana",1201.98,2018-08-09 07:00:00,"F",26,"Brunswick Heads","NSW",4.03,"3d45e4cdbc5948369687500f45370d27","CUS-2487424745","153.53","-28.57","debit","Thu","21:30:43","21","August"
"1155","authorized","0","ACC-2776252858","144.95","-37.76","POS","f1a70067-5e7c-41b9-b493-ed17ef3ba4a4","Kristin",467.41,2018-08-09 07:00:00,"F",43,"Melbourne","VIC",9.56,"6e9d976f497847d1ac89d500dcdc5bbd","CUS-4123612273","144.96","-37.82","debit","Thu","21:42:55","21","August"
"1156","authorized","1","ACC-2776252858","144.95","-37.76","POS","d39ef731-28df-4327-af7a-8ef42b3d80ed","Kristin",451.9,2018-08-09 07:00:00,"F",43,"South Melbourne","VIC",15.51,"ff5077c2fe084b1a93cd8248bf930e46","CUS-4123612273","144.97","-37.83","debit","Thu","21:55:07","21","August"
"1157","posted",NA,"ACC-3741880913","150.50","-23.40","PAYMENT",NA,"Ashley",4787.56,2018-08-09 07:00:00,"F",25,NA,NA,32,"204eb76a76b749a89c89b3b849de2eb4","CUS-1220154422",NA,NA,"debit","Thu","22:00:00","22","August"
"1158","posted",NA,"ACC-1279356312","144.79","-37.73","PAYMENT",NA,"Tyler",3468.89,2018-08-09 07:00:00,"M",44,NA,NA,159,"4e9341530c684d7b86cf734196c36512","CUS-1892177589",NA,NA,"debit","Thu","22:00:00","22","August"
"1159","posted",NA,"ACC-90814749","151.68","-32.98","PAYMENT",NA,"Christopher",5535.54,2018-08-09 07:00:00,"M",35,NA,NA,36,"3171d5b12f2d484ba115b0a8a35b111d","CUS-1896554896",NA,NA,"debit","Thu","22:00:00","22","August"
"1160","posted",NA,"ACC-2650850707","148.16","-23.52","PAYMENT",NA,"Brian",106176.58,2018-08-09 07:00:00,"M",42,NA,NA,187,"b127dc9d5edf4f04ade88bd6a05ac0d9","CUS-2819545904",NA,NA,"debit","Thu","22:00:00","22","August"
"1161","authorized","1","ACC-2305712452","138.61","-34.89","SALES-POS","d425e815-9a0a-4a4a-b9b7-9394dc05f22c","Debra",731.36,2018-08-09 07:00:00,"F",18,"Albany","WA",10.6,"130716aa689a463eb3d80ed295c4436b","CUS-1842679196","117.88","-35.03","debit","Thu","22:12:14","22","August"
"1162","authorized","1","ACC-80388494","144.97","-37.42","SALES-POS","685828de-d4e5-44ce-b19b-d73d0ecd8da7","Dustin",741.82,2018-08-09 07:00:00,"M",28,"Tarneit","VIC",31.26,"a8bedbcc6555460194b63e43b0a27645","CUS-1140341822","144.71","-37.85","debit","Thu","22:32:39","22","August"
"1163","authorized","1","ACC-2776252858","144.95","-37.76","SALES-POS","f113f8ba-fb0a-4517-b231-7cda3ec8b3fb","Kristin",429.88,2018-08-09 07:00:00,"F",43,"Chirnside Park","VIC",22.02,"adad7c7f42484a1c8a7cb0868f0d2537","CUS-4123612273","145.3","-37.77","debit","Thu","22:53:03","22","August"
"1164","posted",NA,"ACC-354106658","151.04","-33.80","PAYMENT",NA,"Christine",4117.53,2018-08-09 07:00:00,"F",39,NA,NA,52,"c44ff710e6ad44b7b2ecfbb2aea6bf96","CUS-2376382098",NA,NA,"debit","Thu","23:00:00","23","August"
"1165","posted",NA,"ACC-1334819143","145.13","-37.70","INTER BANK",NA,"Christopher",57669.24,2018-08-09 07:00:00,"M",33,NA,NA,59,"75d9ee215d4243dca44df19726c5dd7c","CUS-3117610635",NA,NA,"debit","Thu","23:00:00","23","August"
"1166","authorized","1","ACC-2249586092","115.98","-32.07","SALES-POS","bcf73fb5-0ccd-42b7-8140-15d125625f91","Edward",4183.77,2018-08-09 07:00:00,"M",19,"Ardross","WA",15.73,"1e0e76ae17c247109dcbd8b77770d2b1","CUS-443776336","115.83","-32.02","debit","Thu","23:15:20","23","August"
"1167","authorized","1","ACC-182446574","116.06","-32.00","SALES-POS","428f9cbe-9d7a-41b8-af5b-a9fa0cf63866","Tonya",2433.45,2018-08-09 07:00:00,"F",27,"Coorabie","SA",16.52,"9d049acc04ad4df59e28284b91a9a7dc","CUS-3026014945","132.23","-31.79","debit","Thu","23:38:36","23","August"
"1168","authorized","1","ACC-38923874","151.27","-33.90","POS","c87911c3-8c90-4514-9766-a848e3146700","Ryan",29719.89,2018-08-10 07:00:00,"M",38,"North Turramurra","NSW",23.13,"c4e337b1fd4c4eadb3cfac22e1baed6c","CUS-3249305314","151.15","-33.71","debit","Fri","00:03:11","00","August"
"1169","authorized","1","ACC-1349834573","145.17","-37.84","SALES-POS","b53bc667-bb5c-4901-9955-3c4401cc6c7c","Matthew",6338.4,2018-08-10 07:00:00,"M",39,"Bairnsdale","VIC",19.3,"b3c0c7e7a0f54071a88a7b96f9bfce62","CUS-1790886359","147.6","-37.84","debit","Fri","00:43:11","00","August"
"1170","authorized","1","ACC-1598451071","153.41","-27.95","POS","0db41b51-10e9-49d0-b6bd-2bb840dd76a9","Diana",1197.96,2018-08-10 07:00:00,"F",26,"Coomera","QLD",4.02,"6c34778caf934f2c98d1e02320b685d9","CUS-2487424745","153.31","-27.86","debit","Fri","01:12:20","01","August"
"1171","authorized","1","ACC-1598451071","153.41","-27.95","SALES-POS","6ec8d30a-238b-4780-9ad5-b3522e4d5d06","Diana",1191.58,2018-08-10 07:00:00,"F",26,"Yatala","QLD",6.38,"e42df6266c784b349d44ff10f297b54b","CUS-2487424745","153.22","-27.74","debit","Fri","01:33:37","01","August"
"1172","authorized","1","ACC-4258502723","145.45","-37.74","SALES-POS","71238aec-2d2e-41c4-924a-a3fb2a3aefef","Kimberly",1286.35,2018-08-10 07:00:00,"F",24,"Yungaburra","QLD",42.49,"74c9e1e5e01644b49c8a286344e2d389","CUS-3378712515","145.58","-17.27","debit","Fri","01:54:53","01","August"
"1173","posted",NA,"ACC-4059612845","130.98","-12.49","PAYMENT",NA,"Jonathan",50115.66,2018-08-10 07:00:00,"M",38,NA,NA,77,"a4465a560910402182a9e557586ad564","CUS-495599312",NA,NA,"debit","Fri","02:00:00","02","August"
"1174","authorized","1","ACC-1598451071","153.41","-27.95","SALES-POS","1398e27b-ea17-4a5b-bc57-2bc2a8971e49","Diana",1182.18,2018-08-10 07:00:00,"F",26,"Logan Village","QLD",9.4,"d1823cff86ab429d9767fb895e44078b","CUS-2487424745","153.1","-27.8","debit","Fri","02:21:42","02","August"
"1175","posted",NA,"ACC-3485804958","138.52","-35.01","INTER BANK",NA,"Jessica",15652.76,2018-08-10 07:00:00,"F",34,NA,NA,169,"442e727b552e4eff840375f571393db8","CUS-1196156254",NA,NA,"debit","Fri","03:00:00","03","August"
"1176","posted",NA,"ACC-2673069055","152.99","-27.49","PAYMENT",NA,"Richard",16915.5,2018-08-10 07:00:00,"M",24,NA,NA,43,"0ab9f2bfebea4d20b2956d4b62d80b45","CUS-51506836",NA,NA,"debit","Fri","03:00:00","03","August"
"1177","posted",NA,"ACC-1496451953","145.16","-37.84","PAYMENT",NA,"Ricky",2586.6,2018-08-10 07:00:00,"M",43,NA,NA,23,"8dc0c774299c453ebec172ed3839c64c","CUS-3142625864",NA,NA,"debit","Fri","04:00:00","04","August"
"1178","posted",NA,"ACC-1710017148","150.82","-34.01","PAYMENT",NA,"Michelle",4467.66,2018-08-10 07:00:00,"F",19,NA,NA,40,"3c72a5d874874cd6b68c514d0d7878d4","CUS-883482547",NA,NA,"debit","Fri","04:00:00","04","August"
"1179","authorized","1","ACC-602667573","151.23","-33.96","SALES-POS","c6717cc7-5c1e-4779-b147-d59ecd7f3827","Michael",2333.2,2018-08-10 07:00:00,"M",40,"Parramatta","NSW",49.05,"88789c20996c469887cff5c908de3b4f","CUS-2031327464","151","-33.82","debit","Fri","04:09:38","04","August"
"1180","authorized","1","ACC-1222300524","151.23","-33.94","POS","343ea9db-c612-48e1-85c9-46bfc3311b67","Michael",699.57,2018-08-10 07:00:00,"M",38,"Hinchinbrook","NSW",104.13,"011dbc469fa74d2494afbb40777f0159","CUS-2142601169","150.86","-33.92","debit","Fri","04:27:29","04","August"
"1181","authorized","0","ACC-958000567","130.90","-12.37","SALES-POS","2b4c4504-09a4-4055-b52d-d410a85c4a78","Sandra",3084.52,2018-08-10 07:00:00,"F",34,"Yarrawonga","NT",28.91,"1ced53edb58e4dce86b24f29d7df2693","CUS-4142663097","130.99","-12.47","debit","Fri","04:45:21","04","August"
"1182","posted",NA,"ACC-3827517394","151.12","-33.89","PAYMENT",NA,"Craig",29071.39,2018-08-10 07:00:00,"M",28,NA,NA,65,"d044700081d241c299586b3d06391ed2","CUS-2663907001",NA,NA,"debit","Fri","05:00:00","05","August"
"1183","authorized","1","ACC-4274272854","145.23","-37.86","SALES-POS","1e53dd68-faec-440e-81c4-f18cb3eecd76","Timothy",2383.5,2018-08-10 07:00:00,"M",20,"Melbourne","VIC",10.29,"0bd3d40bad1c46bf92a08bddec13d469","CUS-2484453271","144.96","-37.82","debit","Fri","05:25:42","05","August"
"1184","posted",NA,"ACC-3941181087","115.79","-31.94","PAYMENT",NA,"Paul",3478.06,2018-08-10 07:00:00,"M",25,NA,NA,28,"f48d2636b7054b2598821ba3c503c0ea","CUS-3989008654",NA,NA,"debit","Fri","06:00:00","06","August"
"1185","posted",NA,"ACC-1990648130","114.62","-28.80","PAYMENT",NA,"Kaitlyn",2324.84,2018-08-10 07:00:00,"F",21,NA,NA,28,"f41afeef18d34325ae6a963c782e8924","CUS-809013380",NA,NA,"debit","Fri","06:00:00","06","August"
"1186","posted",NA,"ACC-1496451953","145.16","-37.84","PAYMENT",NA,"Ricky",2569.6,2018-08-10 07:00:00,"M",43,NA,NA,17,"4732f508d2c04e2f86af2dc9a5402f49","CUS-3142625864",NA,NA,"debit","Fri","07:00:00","07","August"
"1187","authorized","1","ACC-1037050564","153.10","-27.66","SALES-POS","29daf27d-ec46-4183-8e3f-5735ba4ccf3b","Rhonda",1569.45,2018-08-10 07:00:00,"F",40,"Saint Lucia","QLD",9.27,"d903c8b9ed444a778a7a47249940aab5","CUS-1614226872","153.02","-27.5","debit","Fri","07:31:51","07","August"
"1188","authorized","1","ACC-602667573","151.23","-33.96","SALES-POS","51ee6c01-47b5-4065-863f-44663035cac6","Michael",2313.11,2018-08-10 07:00:00,"M",40,"Carlton","VIC",20.09,"3069dc5933bc4db58048e1e6750f931a","CUS-2031327464","144.96","-37.8","debit","Fri","08:02:03","08","August"
"1189","authorized","1","ACC-182446574","116.06","-32.00","POS","7a696b6f-7586-4d4d-a2c6-e32904de84dd","Tonya",2406.65,2018-08-10 07:00:00,"F",27,"Ceduna","SA",26.8,"1893dfe26c2e48cb900b3a3cb11c28e6","CUS-3026014945","133.67","-32.13","debit","Fri","08:10:35","08","August"
"1190","authorized","1","ACC-4258502723","145.45","-37.74","SALES-POS","404dcd84-8176-476a-bd48-afe561bc1ce8","Kimberly",1273.98,2018-08-10 07:00:00,"F",24,"Melbourne Airport","VIC",12.37,"30459827f4c6477e8b760b7f69a6edee","CUS-3378712515","144.85","-37.67","debit","Fri","08:19:08","08","August"
"1191","authorized","1","ACC-2890243754","153.32","-27.93","POS","b9c7b802-1f1d-480c-9d0f-51f1a2b37af4","Joseph",834.47,2018-08-10 07:00:00,"M",37,"Yamba","NSW",6.39,"9337909b572e429282f71ee6263bbae5","CUS-2695611575","153.33","-29.43","debit","Fri","08:27:41","08","August"
"1192","authorized","1","ACC-1037050564","153.10","-27.66","SALES-POS","de0e0029-583d-49d2-868a-57fe34229723","Rhonda",1533.42,2018-08-10 07:00:00,"F",40,"Salisbury","QLD",36.03,"01818d6c534b40d295956a0c2eaf46af","CUS-1614226872","153.04","-27.55","debit","Fri","08:36:14","08","August"
"1193","authorized","1","ACC-602667573","151.23","-33.96","SALES-POS","add48011-b368-4229-bacd-63436e0bfa60","Michael",2302.35,2018-08-10 07:00:00,"M",40,"Chatswood","NSW",10.76,"0297e7313c9046ea9700f679b44c4f52","CUS-2031327464","151.18","-33.8","debit","Fri","08:44:47","08","August"
"1194","authorized","1","ACC-1037050564","153.10","-27.66","SALES-POS","258f989d-1dc6-4455-ba67-56409320899e","Rhonda",1491.31,2018-08-10 07:00:00,"F",40,"Indooroopilly","QLD",42.11,"313c932cc8654a9ab0ddac0685f53c3e","CUS-1614226872","152.97","-27.5","debit","Fri","09:01:32","09","August"
"1195","authorized","1","ACC-2249586092","115.98","-32.07","POS","e41622a4-37f4-47a4-805d-3bcfd60a905e","Edward",4170.9,2018-08-10 07:00:00,"M",19,"Cannington","WA",12.87,"0545bd5a83914c54b64e750ad4336a8b","CUS-443776336","115.94","-32.02","debit","Fri","09:08:35","09","August"
"1196","authorized","1","ACC-1523339231","115.83","-31.90","POS","09b806c9-d6e2-4029-b3dd-ff919952fae5","Tim",54246.37,2018-08-10 07:00:00,"M",40,"Armadale","WA",37.34,"06026b679cf34f349f2664097cf486c5","CUS-1816693151","116.02","-32.15","debit","Fri","09:15:38","09","August"
"1197","authorized","1","ACC-1349834573","145.17","-37.84","POS","8de53634-b8a5-4b4a-bbd8-0a79eab20e87","Matthew",6321.96,2018-08-10 07:00:00,"M",39,"South Wharf","VIC",16.44,"27a02982a20049d6a166ff545f3895b5","CUS-1790886359","144.95","-37.83","debit","Fri","09:22:40","09","August"
"1198","authorized","0","ACC-1037050564","153.10","-27.66","SALES-POS","e3e28ad9-50a4-4a33-b675-bb611d49b517","Rhonda",1449.85,2018-08-10 07:00:00,"F",40,"Kalbarri","WA",41.46,"a6cd24aabf5d41958c1929cee65c95f1","CUS-1614226872","114.17","-27.7","debit","Fri","09:29:43","09","August"
"1199","authorized","0","ACC-1438600314","138.69","-34.84","SALES-POS","7c51fea7-7fd7-4f1c-b64f-3e0377737868","Maria",2584.43,2018-08-10 07:00:00,"F",35,"Kiama","NSW",31.96,"af3a40c17e544500a7cd536d72381fa2","CUS-2650223890","150.85","-34.67","debit","Fri","09:36:45","09","August"
"1200","authorized","1","ACC-3536132544","144.93","-37.79","SALES-POS","a45c5479-9ad3-4f8a-ae04-e46013aec0c5","Heather",3220.39,2018-08-10 07:00:00,"F",41,"Gembrook","VIC",16.29,"553cdc746fea48de8fd84c523dbd0cc5","CUS-2348881191","145.55","-37.95","debit","Fri","09:43:48","09","August"
"1201","authorized","1","ACC-3741880913","150.50","-23.40","SALES-POS","7607ed87-a183-463a-be4e-ab846fc9744c","Ashley",4681.08,2018-08-10 07:00:00,"F",25,"Collingwood","VIC",106.48,"9eea738aab9949edb118080f47f4fa8a","CUS-1220154422","144.99","-37.81","debit","Fri","09:57:53","09","August"
"1202","posted",NA,"ACC-2528867619","138.58","-34.96","PAYMENT",NA,"Abigail",1619.68,2018-08-10 07:00:00,"F",40,NA,NA,80,"32227bc9ed8e4f9ab8f0e4244976dd31","CUS-2505971401",NA,NA,"debit","Fri","10:00:00","10","August"
"1203","posted",NA,"ACC-1334819143","145.13","-37.70","PAYMENT",NA,"Christopher",57619.24,2018-08-10 07:00:00,"M",33,NA,NA,50,"c16bf6bc917b41f8a39bd685df7312e0","CUS-3117610635",NA,NA,"debit","Fri","10:00:00","10","August"
"1204","authorized","0","ACC-1222300524","151.23","-33.94","POS","84335287-a509-4a8f-836a-f71fa050bf4d","Michael",673.76,2018-08-10 07:00:00,"M",38,"Richmond","VIC",25.81,"c485269a6b2449fc8243fb57371caf1e","CUS-2142601169","145","-37.83","debit","Fri","10:14:53","10","August"
"1205","authorized","0","ACC-3741880913","150.50","-23.40","POS","89ff4a05-ba92-4da5-9833-891dafbfafab","Ashley",4669.98,2018-08-10 07:00:00,"F",25,"Kangaroo Valley","NSW",11.1,"73ffd45898784513b8525b4f769b8cf9","CUS-1220154422","150.53","-34.74","debit","Fri","10:36:10","10","August"
"1206","authorized","0","ACC-1438600314","138.69","-34.84","POS","c8c5a63c-993b-4f10-9905-efc03c2be02c","Maria",2553.99,2018-08-10 07:00:00,"F",35,"Balwyn North","VIC",30.44,"a8916a96c34b41059e01fb0abcf7956d","CUS-2650223890","145.07","-37.79","debit","Fri","10:57:26","10","August"
"1207","posted",NA,"ACC-1788473090","145.06","-37.95","INTER BANK",NA,"Rachael",1977.89,2018-08-10 07:00:00,"F",21,NA,NA,66,"78a4f11404ec461ebff5eb06ca540ee1","CUS-134193016",NA,NA,"debit","Fri","11:00:00","11","August"
"1208","posted",NA,"ACC-3536132544","144.93","-37.79","PAYMENT",NA,"Heather",3153.3,2018-08-10 07:00:00,"F",41,NA,NA,33,"19b9546efb0643e398166f3b67cb2781","CUS-2348881191",NA,NA,"debit","Fri","11:00:00","11","August"
"1209","posted",NA,"ACC-414431115","142.77","-37.06","INTER BANK",NA,"Amy",446.44,2018-08-10 07:00:00,"F",43,NA,NA,18,"08d4487a89994a3bacd5879eb11fe3a6","CUS-2599279756",NA,NA,"debit","Fri","11:00:00","11","August"
"1210","posted",NA,"ACC-38923874","151.27","-33.90","PAY/SALARY",NA,"Ryan",31600.84,2018-08-10 07:00:00,"M",38,NA,NA,1880.95,"a923418069464173aa2f810a2dbd8096","CUS-3249305314",NA,NA,"credit","Fri","11:00:00","11","August"
"1211","authorized","1","ACC-2776252858","144.95","-37.76","POS","813e61e6-1586-49d6-bcd0-69ef27cfae36","Kristin",401.59,2018-08-10 07:00:00,"F",43,"Maribyrnong","VIC",28.29,"0324addabacc40088025903da69ffe39","CUS-4123612273","144.89","-37.77","debit","Fri","11:06:59","11","August"
"1212","authorized","1","ACC-182446574","116.06","-32.00","SALES-POS","1cd50a6b-6654-4371-b16d-30db7e692030","Tonya",2378.84,2018-08-10 07:00:00,"F",27,"Scarborough","WA",27.81,"a47a2f752ec94c4792669cacc9018b6a","CUS-3026014945","115.76","-31.89","debit","Fri","11:14:55","11","August"
"1213","authorized","1","ACC-2305712452","138.61","-34.89","SALES-POS","4ebc6c77-466d-4bc1-84cb-79098be0f2df","Debra",724.15,2018-08-10 07:00:00,"F",18,"Palm Beach","QLD",7.21,"1e9266cd0493481f99f3686a5d1f64d5","CUS-1842679196","153.47","-28.12","debit","Fri","11:22:51","11","August"
"1214","authorized","0","ACC-182446574","116.06","-32.00","SALES-POS","468874b6-36c3-4159-a16e-347654ab3553","Tonya",2370.35,2018-08-10 07:00:00,"F",27,"Hamilton Hill","WA",8.49,"6b76537987d44a0db3c50a4aee4cdcf2","CUS-3026014945","115.78","-32.08","debit","Fri","11:30:47","11","August"
"1215","authorized","1","ACC-602667573","151.23","-33.96","SALES-POS","41d47294-3574-44c1-bbed-0d44650b2832","Michael",2284.38,2018-08-10 07:00:00,"M",40,"Randwick","NSW",17.97,"c6ef5c47f86e4303bfec1d921be5b193","CUS-2031327464","151.24","-33.91","debit","Fri","11:38:43","11","August"
"1216","authorized","1","ACC-1222300524","151.23","-33.94","SALES-POS","a33597e2-742c-4bde-aa32-880e687454b2","Michael",630.26,2018-08-10 07:00:00,"M",38,"Chatswood","NSW",43.5,"1a7dab8c43b14c03aa800df0c44984de","CUS-2142601169","151.2","-33.79","debit","Fri","11:46:39","11","August"
"1217","authorized","1","ACC-3536132544","144.93","-37.79","POS","6e34ad31-2ef3-4b0b-be99-8b6f38dde842","Heather",3186.3,2018-08-10 07:00:00,"F",41,"Moorabbin","VIC",34.09,"590397c5cf6842368d48da07915703a4","CUS-2348881191","145.04","-37.93","debit","Fri","11:54:36","11","August"
"1218","posted",NA,"ACC-3485804958","138.52","-35.01","PAYMENT",NA,"Jessica",15636.76,2018-08-10 07:00:00,"F",34,NA,NA,16,"000de828c5ad48c9a129bd090b23d632","CUS-1196156254",NA,NA,"debit","Fri","12:00:00","12","August"
"1219","posted",NA,"ACC-3689607373","115.79","-31.79","PAY/SALARY",NA,"Virginia",2977.83,2018-08-10 07:00:00,"F",20,NA,NA,1138.79,"ebe40d784c0d4375affef16bad73e43f","CUS-127297539",NA,NA,"credit","Fri","12:00:00","12","August"
"1220","posted",NA,"ACC-2890243754","153.32","-27.93","PAY/SALARY",NA,"Joseph",1751.92,2018-08-10 07:00:00,"M",37,NA,NA,917.45,"76d5e5c4660e4eb1856700e6375adf04","CUS-2695611575",NA,NA,"credit","Fri","12:00:00","12","August"
"1221","authorized","1","ACC-182446574","116.06","-32.00","SALES-POS","f0f1080d-6b9b-4667-9e9f-49293bc413d3","Tonya",2347.59,2018-08-10 07:00:00,"F",27,"Byford","WA",22.76,"d32599a5fd904fd2aaa55b812a9785cc","CUS-3026014945","115.98","-32.21","debit","Fri","12:05:25","12","August"
"1222","authorized","1","ACC-1598451071","153.41","-27.95","POS","8d3e868f-f125-4bda-99d8-4a7dc760b94d","Diana",1173.35,2018-08-10 07:00:00,"F",26,"Reedy Creek","QLD",8.83,"5cc812fae6db4dd59b2681d1b75dd061","CUS-2487424745","153.41","-28.11","debit","Fri","12:22:22","12","August"
"1223","authorized","1","ACC-1243371644","150.90","-33.78","POS","d1228707-83b1-46f6-9083-9d997ea30e4d","Gregory",1949.79,2018-08-10 07:00:00,"M",42,"North Willoughby","NSW",34.91,"85682d8da31b4cc8abd9e2d744d15731","CUS-3904958894","151.2","-33.79","debit","Fri","12:39:19","12","August"
"1224","authorized","1","ACC-2249586092","115.98","-32.07","SALES-POS","0573359a-48af-4d38-a1a0-00d115cb2654","Edward",4167.75,2018-08-10 07:00:00,"M",19,"Taree","NSW",3.15,"85f8d20cc6c240ccbefd914b3d5e5124","CUS-443776336","152.46","-31.91","debit","Fri","12:56:16","12","August"
"1225","posted",NA,"ACC-559365433","147.31","-42.88","PAY/SALARY",NA,"Mary",1256.9,2018-08-10 07:00:00,"F",64,NA,NA,576,"8d9329c7dff0494e9d232fd01538f580","CUS-1654129794",NA,NA,"credit","Fri","13:00:00","13","August"
"1226","posted",NA,"ACC-3481401842","115.74","-31.72","PAY/SALARY",NA,"Tiffany",1894.28,2018-08-10 07:00:00,"F",25,NA,NA,1225.33,"5a5d11cc5cae4c74a3b8bab5520b066e","CUS-1669695324",NA,NA,"credit","Fri","13:00:00","13","August"
"1227","posted",NA,"ACC-3100725361","145.73","-17.03","INTER BANK",NA,"Ronald",1481.07,2018-08-10 07:00:00,"M",25,NA,NA,161,"dfc4447867014f16a7323583b0a1a7a8","CUS-2178051368",NA,NA,"debit","Fri","13:00:00","13","August"
"1228","posted",NA,"ACC-2528867619","138.58","-34.96","PAY/SALARY",NA,"Abigail",3566.25,2018-08-10 07:00:00,"F",40,NA,NA,1946.57,"8c0c8e7aeabd4865ba874093306dbac4","CUS-2505971401",NA,NA,"credit","Fri","13:00:00","13","August"
"1229","posted",NA,"ACC-1516130869","130.84","-12.45","PAYMENT",NA,"Jessica",2240.57,2018-08-10 07:00:00,"F",21,NA,NA,29,"1c1399ff24c34befa196912049505c1d","CUS-325142416",NA,NA,"debit","Fri","13:00:00","13","August"
"1230","authorized","1","ACC-1037050564","153.10","-27.66","SALES-POS","bb114176-22b5-4fc2-b6cb-3878142c3e20","Rhonda",1411.83,2018-08-10 07:00:00,"F",40,"Moonie","QLD",38.02,"2b406f7c4577456d91687eb70bf63181","CUS-1614226872","150.25","-27.76","debit","Fri","13:14:10","13","August"
"1231","authorized","1","ACC-1598451071","153.41","-27.95","POS","664250bc-4ca4-4fa3-9a6a-d55e1609e2e7","Diana",1168.01,2018-08-10 07:00:00,"F",26,"Southport","QLD",5.34,"ed1713aa549e40d69e7b65595e9f41da","CUS-2487424745","153.38","-27.96","debit","Fri","13:32:21","13","August"
"1232","authorized","1","ACC-3771436525","145.04","-37.92","SALES-POS","825813df-2fd4-4c13-9be5-e77abc299ae4","Derek",1563.02,2018-08-10 07:00:00,"M",20,"Springvale","VIC",24.27,"3ae916dfdc704f3e91d67404a584b7e2","CUS-3325710106","145.15","-37.95","debit","Fri","13:50:32","13","August"
"1233","posted",NA,"ACC-1344825761","151.09","-33.91","PAYMENT",NA,"Sarah",13354.28,2018-08-10 07:00:00,"F",46,NA,NA,22,"4a56ff61e417423aa12c175b3554c4c0","CUS-1499065773",NA,NA,"debit","Fri","14:00:00","14","August"
"1234","posted",NA,"ACC-1523339231","115.83","-31.90","PAYMENT",NA,"Tim",54206.37,2018-08-10 07:00:00,"M",40,NA,NA,40,"7b230d4a47d044c3978ac4123d7f0b50","CUS-1816693151",NA,NA,"debit","Fri","14:00:00","14","August"
"1235","posted",NA,"ACC-1443681913","150.92","-33.77","PAYMENT",NA,"Ryan",1096.88,2018-08-10 07:00:00,"M",31,NA,NA,74,"30a0ce6ce5f4422da8d1c54f5db57dd2","CUS-3129499595",NA,NA,"debit","Fri","14:00:00","14","August"
"1236","posted",NA,"ACC-574997646","150.79","-33.64","PAY/SALARY",NA,"Mackenzie",1954.67,2018-08-10 07:00:00,"F",18,NA,NA,1952.29,"f173979b334f436ca465925955b13fb3","CUS-586638664",NA,NA,"credit","Fri","14:00:00","14","August"
"1237","authorized","1","ACC-2890243754","153.32","-27.93","SALES-POS","8fb514c9-4014-4875-876a-1028d2fb3890","Joseph",1742.44,2018-08-10 07:00:00,"M",37,"Worongary","QLD",9.48,"2a61165d225e43dfa69d51f56233cad0","CUS-2695611575","153.35","-28.05","debit","Fri","14:04:10","14","August"
"1238","authorized","1","ACC-1438600314","138.69","-34.84","SALES-POS","86f838e5-2161-4e93-b259-43f5ff0db914","Maria",2497.32,2018-08-10 07:00:00,"F",35,"Nowra","NSW",56.67,"abbe0fc73ff948ac98289adef6e79024","CUS-2650223890","150.61","-34.89","debit","Fri","14:12:52","14","August"
"1239","authorized","0","ACC-2776252858","144.95","-37.76","POS","1d7c7609-e834-44f4-9d0c-6c542cf2be73","Kristin",354.66,2018-08-10 07:00:00,"F",43,"Doncaster East","VIC",46.93,"86cdd7fb516c4c78ad9594471101d757","CUS-4123612273","145.16","-37.79","debit","Fri","14:21:33","14","August"
"1240","authorized","1","ACC-2828321672","153.03","-27.51","SALES-POS","ca9fa256-5d60-4cfa-929f-829c89239474","Stephanie",860.56,2018-08-10 07:00:00,"F",53,"Loganholme","QLD",112.69,"d9fa23e4f4d04211bf41ea72eaf83d87","CUS-1005756958","153.18","-27.67","debit","Fri","14:30:15","14","August"
"1241","authorized","1","ACC-3481401842","115.74","-31.72","POS","58b71a01-cda5-4d0a-bd8e-95dfd1213e89","Tiffany",1865.5,2018-08-10 07:00:00,"F",25,"Pearsall","WA",28.78,"2686be814d244dfd9603e5e42cc01c1e","CUS-1669695324","115.83","-31.79","debit","Fri","14:38:57","14","August"
"1242","authorized","1","ACC-3481401842","115.74","-31.72","SALES-POS","78eee674-b201-4512-83c3-3a1f63dafc05","Tiffany",1839.81,2018-08-10 07:00:00,"F",25,"Girrawheen","WA",25.69,"7d8cc34a877a410bb5b5ebe7a9cf0d99","CUS-1669695324","115.84","-31.84","debit","Fri","14:47:39","14","August"
"1243","authorized","1","ACC-3481401842","115.74","-31.72","SALES-POS","93c12eba-91ab-4e03-aa21-977b5159e27a","Tiffany",1815.69,2018-08-10 07:00:00,"F",25,"Woodlands","WA",24.12,"019c971cefc240f5a51810dc64574566","CUS-1669695324","115.8","-31.9","debit","Fri","14:56:20","14","August"
"1244","posted",NA,"ACC-1890605467","143.88","-37.66","PAY/SALARY",NA,"Alexander",9011.76,2018-08-10 07:00:00,"M",38,NA,NA,3649.51,"42d5f43bf1a14443ac0d8e67d55db42a","CUS-1478398256",NA,NA,"credit","Fri","15:00:00","15","August"
"1245","posted",NA,"ACC-90814749","151.68","-32.98","PAY/SALARY",NA,"Christopher",7810.26,2018-08-10 07:00:00,"M",35,NA,NA,2308.67,"5d671d9b4a8f4fb8a13e1266ac9733a4","CUS-1896554896",NA,NA,"credit","Fri","15:00:00","15","August"
"1246","authorized","1","ACC-964839203","146.92","-36.07","POS","f702746f-5fa2-4abf-8d38-5b6c9ba13aee","Michael",29220.03,2018-08-10 07:00:00,"M",21,"Magnetic Island","QLD",19.59,"b7f2bfb6b7c54c25b7998fdcd828786a","CUS-2059096722","146.86","-19.12","debit","Fri","15:04:08","15","August"
"1247","authorized","1","ACC-2890243754","153.32","-27.93","SALES-POS","7e0fa6aa-b48a-4d55-afed-ff2034fda51c","Joseph",1700.96,2018-08-10 07:00:00,"M",37,"Northgate","QLD",41.48,"1d3f15ccbd8048a59455836b27f49243","CUS-2695611575","153.07","-27.39","debit","Fri","15:11:17","15","August"
"1248","authorized","1","ACC-3941181087","115.79","-31.94","SALES-POS","c0da52af-7294-4b01-95e2-45eaa184972d","Paul",3463.5,2018-08-10 07:00:00,"M",25,"Secret Harbour","WA",14.56,"ae0188a17e7c4b7793f1810073dfd977","CUS-3989008654","115.76","-32.41","debit","Fri","15:18:25","15","August"
"1249","authorized","0","ACC-38923874","151.27","-33.90","POS","4c46f1b0-3f1a-4daf-bf2c-2d0e1bab55ca","Ryan",31585.39,2018-08-10 07:00:00,"M",38,"Bankstown","NSW",15.45,"5c83257c40114b5f9fdbb8c3fa827506","CUS-3249305314","151.03","-33.92","debit","Fri","15:25:34","15","August"
"1250","authorized","1","ACC-1222300524","151.23","-33.94","SALES-POS","1d576c21-3e89-46b7-878d-042a6a982021","Michael",624.35,2018-08-10 07:00:00,"M",38,"Mosman","NSW",5.91,"26ce79d92335419fb32c079422889ae3","CUS-2142601169","151.24","-33.82","debit","Fri","15:32:42","15","August"
"1251","authorized","1","ACC-2920611728","144.96","-37.76","POS","de14dbcc-7d8b-4e71-9a26-4bd4d2da13c5","Tyler",2818.85,2018-08-10 07:00:00,"M",69,"Tarneit","VIC",21.54,"b507557a00f946c4bc34c7a5f520311b","CUS-1388323263","144.69","-37.85","debit","Fri","15:39:51","15","August"
"1252","authorized","1","ACC-90814749","151.68","-32.98","POS","d8843cbf-95eb-4bf7-b5e1-bcbfe3b02c22","Christopher",5501.59,2018-08-10 07:00:00,"M",35,"Whyalla Norrie","SA",33.95,"4d93fbd37a9a49fd815aa0d1682c7f8e","CUS-1896554896","137.54","-33.03","debit","Fri","15:46:59","15","August"
"1253","authorized","1","ACC-1222300524","151.23","-33.94","SALES-POS","e6d52b86-4c77-4486-b7fa-63785ef12b11","Michael",618.31,2018-08-10 07:00:00,"M",38,"Parramatta","NSW",6.04,"957828e8cea34138ae588bd404e445d4","CUS-2142601169","151","-33.81","debit","Fri","15:54:08","15","August"
"1254","posted",NA,"ACC-80388494","144.97","-37.42","PAY/SALARY",NA,"Dustin",2658.33,2018-08-10 07:00:00,"M",28,NA,NA,1916.51,"068a8f108221449a9e08f7753c2f7f19","CUS-1140341822",NA,NA,"credit","Fri","16:00:00","16","August"
"1255","posted",NA,"ACC-602667573","151.23","-33.96","PAYMENT",NA,"Michael",2243.38,2018-08-10 07:00:00,"M",40,NA,NA,41,"a8dd87c395ce4d439a2b3150bafd42e3","CUS-2031327464",NA,NA,"debit","Fri","16:00:00","16","August"
"1256","posted",NA,"ACC-964839203","146.92","-36.07","PAY/SALARY",NA,"Michael",30780.23,2018-08-10 07:00:00,"M",21,NA,NA,1560.2,"228d924501214204b0b1fb8cf116ac26","CUS-2059096722",NA,NA,"credit","Fri","16:00:00","16","August"
"1257","posted",NA,"ACC-3827517394","151.12","-33.89","PAYMENT",NA,"Craig",29028.39,2018-08-10 07:00:00,"M",28,NA,NA,43,"3e890a0f657f4c29a6842748c6f9a37f","CUS-2663907001",NA,NA,"debit","Fri","16:00:00","16","August"
"1258","posted",NA,"ACC-2153562714","116.00","-31.88","PAYMENT",NA,"Linda",648.97,2018-08-10 07:00:00,"F",24,NA,NA,27,"bbf326c566d84c44a0e9b93e92eec2af","CUS-423725039",NA,NA,"debit","Fri","16:00:00","16","August"
"1259","authorized","1","ACC-1222300524","151.23","-33.94","SALES-POS","7b65e1b5-1a06-4ed0-9da1-56c65f7cb53d","Michael",611.08,2018-08-10 07:00:00,"M",38,"Clinton","QLD",7.23,"8256a3b075574f59b4f9c8a2eeb2fcfb","CUS-2142601169","151.22","-23.88","debit","Fri","16:02:54","16","August"
"1260","authorized","1","ACC-3481401842","115.74","-31.72","POS","1dd691cc-4d60-4ef3-b8c0-7f0a911a93a3","Tiffany",1806.43,2018-08-10 07:00:00,"F",25,"Hillarys","WA",9.26,"9750b7ad5bae47fd98db78c85e4a56b5","CUS-1669695324","115.75","-31.8","debit","Fri","16:19:01","16","August"
"1261","authorized","1","ACC-3481401842","115.74","-31.72","POS","fb2273d1-12e6-418a-bd88-1dbcb1346404","Tiffany",1790.56,2018-08-10 07:00:00,"F",25,"Perth","WA",15.87,"27b1a50416cd487bbfaf751d026bd12f","CUS-1669695324","115.85","-31.95","debit","Fri","16:35:09","16","August"
"1262","authorized","1","ACC-2828321672","153.03","-27.51","POS","37cd09c5-f238-4d32-8a60-03755b38b744","Stephanie",848.73,2018-08-10 07:00:00,"F",53,"Mansfield","QLD",11.83,"d73274a064ee449bbc11eba68fe29eb8","CUS-1005756958","153.1","-27.53","debit","Fri","16:51:17","16","August"
"1263","posted",NA,"ACC-1344825761","151.09","-33.91","PAY/SALARY",NA,"Sarah",15824.73,2018-08-10 07:00:00,"F",46,NA,NA,2470.45,"39fd469b65184dfe913384df8f3089c8","CUS-1499065773",NA,NA,"credit","Fri","17:00:00","17","August"
"1264","posted",NA,"ACC-2014856841","144.99","-37.90","PAY/SALARY",NA,"Patrick",260393.9,2018-08-10 07:00:00,"M",46,NA,NA,2179.96,"dde605aacebe400fbd69520e2b9e8593","CUS-2370108457",NA,NA,"credit","Fri","17:00:00","17","August"
"1265","posted",NA,"ACC-3317636250","153.02","-27.66","PAY/SALARY",NA,"Kenneth",4920.14,2018-08-10 07:00:00,"M",35,NA,NA,2544.76,"6f063953997846e8a7b315a01f2bbf54","CUS-2738291516",NA,NA,"credit","Fri","17:00:00","17","August"
"1266","authorized","0","ACC-966140392","147.08","-37.97","POS","e109991a-933b-4769-8b19-1b2aef18e785","Joseph",2635.77,2018-08-10 07:00:00,"M",21,"Preston","VIC",16.72,"2cebdee22e894c41844974d8b7e3009f","CUS-537508723","145","-37.75","debit","Fri","17:04:44","17","August"
"1267","authorized","1","ACC-1652235822","144.89","-37.81","SALES-POS","8ec59b50-d959-4dfe-af86-b05c501de93c","Renee",18481.47,2018-08-10 07:00:00,"F",38,"Brighton","VIC",28.3,"035db15643df4151bd68ce9d33a7617f","CUS-2206365095","144.99","-37.91","debit","Fri","17:15:03","17","August"
"1268","authorized","1","ACC-3481401842","115.74","-31.72","SALES-POS","2f2c7f33-befc-4e29-86ba-bc73bdf30f20","Tiffany",1771.63,2018-08-10 07:00:00,"F",25,"Safety Bay","WA",18.93,"214e0f68ea6045d9a7be5cbaf8bded5f","CUS-1669695324","115.74","-32.3","debit","Fri","17:25:21","17","August"
"1269","authorized","1","ACC-154431271","153.09","-27.48","SALES-POS","41fc5874-e10a-4671-9312-78e561c69efa","Lori",1532.95,2018-08-10 07:00:00,"F",18,"Indooroopilly","QLD",13.72,"8e994ce3c721461dbe6396387d09faf0","CUS-3702001629","152.97","-27.5","debit","Fri","17:35:40","17","August"
"1270","authorized","0","ACC-1334819143","145.13","-37.70","POS","f6d24b03-5ca8-4cb3-83e2-73db22103a8a","Christopher",57609.98,2018-08-10 07:00:00,"M",33,"Rowville","VIC",9.26,"2c9b73c3545241dbaaf0ddf4f1c3833f","CUS-3117610635","145.25","-37.91","debit","Fri","17:45:58","17","August"
"1271","authorized","1","ACC-3481401842","115.74","-31.72","SALES-POS","0383dcca-7752-4cac-87c6-1ff493f0f136","Tiffany",1751.6,2018-08-10 07:00:00,"F",25,"Broken Hill","NSW",20.03,"57f36f1419734ed6871d7cab1f6baa21","CUS-1669695324","141.46","-31.95","debit","Fri","17:56:17","17","August"
"1272","posted",NA,"ACC-1788473090","145.06","-37.95","INTER BANK",NA,"Rachael",1944.89,2018-08-10 07:00:00,"F",21,NA,NA,33,"0559af182a9746b9b21d817b8401e2bc","CUS-134193016",NA,NA,"debit","Fri","18:00:00","18","August"
"1273","posted",NA,"ACC-3541460373","145.00","-37.83","PAYMENT",NA,"Jeffrey",1346.51,2018-08-10 07:00:00,"M",24,NA,NA,53,"c23963217e58425893574d39a0ef440d","CUS-1433879684",NA,NA,"debit","Fri","18:00:00","18","August"
"1274","posted",NA,"ACC-1973887809","115.78","-31.90","PAYMENT",NA,"Antonio",1201.69,2018-08-10 07:00:00,"M",26,NA,NA,199,"d5958dbb0754478ebf98e7d9b26bc195","CUS-1646621553",NA,NA,"debit","Fri","18:00:00","18","August"
"1275","posted",NA,"ACC-1652235822","144.89","-37.81","PAYMENT",NA,"Renee",18415.47,2018-08-10 07:00:00,"F",38,NA,NA,66,"dad81c2c16e743ab8a85bf4f8cf66f0c","CUS-2206365095",NA,NA,"debit","Fri","18:00:00","18","August"
"1276","authorized","1","ACC-1222300524","151.23","-33.94","POS","aaeed7be-046d-4e82-b71f-f28911441d2e","Michael",537.38,2018-08-10 07:00:00,"M",38,"Sydney","NSW",73.7,"16f1a5d4033f47e2b534dd4775a96a8e","CUS-2142601169","151.21","-33.87","debit","Fri","18:13:54","18","August"
"1277","authorized","1","ACC-182446574","116.06","-32.00","POS","57f9b86b-93ea-424e-8321-1a1bad8271b1","Tonya",2330.96,2018-08-10 07:00:00,"F",27,"Nedlands","WA",16.63,"f9142cc5129245d5a5bcf32f6452d784","CUS-3026014945","115.79","-31.98","debit","Fri","18:35:39","18","August"
"1278","authorized","1","ACC-154431271","153.09","-27.48","POS","f19bfb68-1a07-4eb1-aab3-ae3b8b4aedcc","Lori",1520.88,2018-08-10 07:00:00,"F",18,"Loganholme","QLD",12.07,"88bbee6ec2794d7082650720a5a05281","CUS-3702001629","153.21","-27.67","debit","Fri","18:57:23","18","August"
"1279","posted",NA,"ACC-3485804958","138.52","-35.01","PAYMENT",NA,"Jessica",15573.76,2018-08-10 07:00:00,"F",34,NA,NA,63,"7468a310039c4eddbab8e94cff3d7d85","CUS-1196156254",NA,NA,"debit","Fri","19:00:00","19","August"
"1280","posted",NA,"ACC-3689607373","115.79","-31.79","INTER BANK",NA,"Virginia",2922.83,2018-08-10 07:00:00,"F",20,NA,NA,55,"c5e0f2a1c0cc44caa8ff2f16dd51c92e","CUS-127297539",NA,NA,"debit","Fri","19:00:00","19","August"
"1281","posted",NA,"ACC-2171593283","146.94","-36.04","PAYMENT",NA,"Fernando",6601.71,2018-08-10 07:00:00,"M",19,NA,NA,40,"e3a3681fe4624e0b8f3755ccb1e48348","CUS-2317998716",NA,NA,"debit","Fri","19:00:00","19","August"
"1282","posted",NA,"ACC-1438600314","138.69","-34.84","PAYMENT",NA,"Maria",2452.32,2018-08-10 07:00:00,"F",35,NA,NA,45,"53ef324756c641a0a9be7400d28cff5a","CUS-2650223890",NA,NA,"debit","Fri","19:00:00","19","August"
"1283","authorized","0","ACC-182446574","116.06","-32.00","SALES-POS","4e38139b-8dcf-4969-9abc-d9393b008c19","Tonya",2300.81,2018-08-10 07:00:00,"F",27,"Cottesloe","WA",30.15,"75fb65cc10954976916b8c0291b0d019","CUS-3026014945","115.75","-31.99","debit","Fri","19:08:42","19","August"
"1284","authorized","1","ACC-3941181087","115.79","-31.94","POS","a25d7bfa-76a9-475d-9251-c73b1f14b4bc","Paul",3428.18,2018-08-10 07:00:00,"M",25,"Ultimo","NSW",35.32,"d99f01e17e0441cfb07473054fcb38dd","CUS-3989008654","151.2","-33.88","debit","Fri","19:18:36","19","August"
"1285","authorized","1","ACC-182446574","116.06","-32.00","SALES-POS","b2bfeb0c-0b50-493e-a1e4-bd6c571b22a6","Tonya",2272.26,2018-08-10 07:00:00,"F",27,"Melbourne","VIC",28.55,"d223b6d76080491e911886dcc0ac006c","CUS-3026014945","144.97","-37.81","debit","Fri","19:28:30","19","August"
"1286","authorized","1","ACC-3317636250","153.02","-27.66","SALES-POS","a90a2529-156f-4628-a5da-875a6e49b626","Kenneth",4876,2018-08-10 07:00:00,"M",35,"Kippa-Ring","QLD",44.14,"9620b8118cf04c6287f6802eb2186ac4","CUS-2738291516","153.09","-27.23","debit","Fri","19:38:24","19","August"
"1287","authorized","1","ACC-1598451071","153.41","-27.95","POS","ae5366f9-cc5a-4d42-afb4-24d070b3cb24","Diana",1161.42,2018-08-10 07:00:00,"F",26,"Yamba","NSW",6.59,"b6fdeb1b787b43d3ad8c6e57cf637b59","CUS-2487424745","153.33","-29.43","debit","Fri","19:48:19","19","August"
"1288","authorized","1","ACC-964839203","146.92","-36.07","SALES-POS","a0dcc65e-9de6-4862-8ab1-6b14a69a828a","Michael",30770.61,2018-08-10 07:00:00,"M",21,"Geelong","VIC",9.62,"58c190bfec3747e9836bdf934836d42e","CUS-2059096722","144.36","-38.15","debit","Fri","19:58:13","19","August"
"1289","posted",NA,"ACC-37709441","153.41","-28.01","PAYMENT",NA,"Charles",4108.85,2018-08-10 07:00:00,"M",18,NA,NA,27,"c5e6c3ff8c624a69b8ab5525ef674bbc","CUS-3336454548",NA,NA,"debit","Fri","20:00:00","20","August"
"1290","posted",NA,"ACC-854938045","147.63","-22.84","PAYMENT",NA,"James",8826.46,2018-08-10 07:00:00,"M",28,NA,NA,106,"0babdba2688143fead10c5bc6d2d1f5c","CUS-4023861240",NA,NA,"debit","Fri","20:00:00","20","August"
"1291","authorized","1","ACC-2920611728","144.96","-37.76","SALES-POS","775afd42-678a-418a-af51-70557fab5fb7","Tyler",2806.08,2018-08-10 07:00:00,"M",69,"Docklands","VIC",12.77,"5f4d82e5ed1b413da717912f40b1c213","CUS-1388323263","144.95","-37.81","debit","Fri","20:07:07","20","August"
"1292","authorized","1","ACC-1222300524","151.23","-33.94","POS","c05793a8-011a-4cee-bb28-54127559c420","Michael",488.25,2018-08-10 07:00:00,"M",38,"Sydney","NSW",49.13,"507134c6c4a54b959384ad52df7c6f11","CUS-2142601169","151.21","-33.87","debit","Fri","20:15:49","20","August"
"1293","authorized","1","ACC-3481401842","115.74","-31.72","SALES-POS","61dd6bc3-2a83-45b6-b009-fe576ac3359a","Tiffany",1735.76,2018-08-10 07:00:00,"F",25,"Madeley","WA",15.84,"4406183a62d349f9b582037f01b375d2","CUS-1669695324","115.82","-31.82","debit","Fri","20:24:31","20","August"
"1294","authorized","1","ACC-53508546","150.62","-33.76","SALES-POS","e6ab2ad0-2da6-42ef-bce3-f9668cb0af9a","Kimberly",1665.48,2018-08-10 07:00:00,"F",35,"Macquarie Park","NSW",32.98,"05c9efe3d3754f82a0033da9bbd14dab","CUS-72755508","151.13","-33.78","debit","Fri","20:33:13","20","August"
"1295","authorized","1","ACC-2615038700","145.35","-38.03","SALES-POS","c5801b5d-b99f-4d19-88a3-385b70722a0e","Emily",28985.1,2018-08-10 07:00:00,"F",43,"Mordialloc","VIC",25.89,"a08c525e81f4437c90760d2e337a45da","CUS-3255104878","145.09","-38.01","debit","Fri","20:41:54","20","August"
"1296","authorized","1","ACC-1243371644","150.90","-33.78","SALES-POS","253b63e9-4644-4eff-bfb2-12b5edb999ae","Gregory",1937.49,2018-08-10 07:00:00,"M",42,"Mascot","NSW",12.3,"8ac1d92fcf054eb2a93dc254dff1d3c7","CUS-3904958894","151.17","-33.93","debit","Fri","20:50:36","20","August"
"1297","authorized","1","ACC-1973887809","115.78","-31.90","POS","9e913dbb-fb5f-46d6-838f-8a4cc8ece867","Antonio",1185.66,2018-08-10 07:00:00,"M",26,"Jandakot","WA",16.03,"d63bc6ea82094b7fad94419088cf604f","CUS-1646621553","115.87","-32.13","debit","Fri","20:59:18","20","August"
"1298","posted",NA,"ACC-3689607373","115.79","-31.79","PAYMENT",NA,"Virginia",2853.83,2018-08-10 07:00:00,"F",20,NA,NA,69,"977eeff01dff46b79f977014328cef50","CUS-127297539",NA,NA,"debit","Fri","21:00:00","21","August"
"1299","posted",NA,"ACC-721712940","145.09","-37.82","PAYMENT",NA,"Andrew",51199.54,2018-08-10 07:00:00,"M",78,NA,NA,38,"345aec2b262a4ed4a285b14a7fa52aa7","CUS-1646183815",NA,NA,"debit","Fri","21:00:00","21","August"
"1300","posted",NA,"ACC-2171593283","146.94","-36.04","PAYMENT",NA,"Fernando",6551.71,2018-08-10 07:00:00,"M",19,NA,NA,50,"9aa36b52f7054babbafc3178fda7ef48","CUS-2317998716",NA,NA,"debit","Fri","21:00:00","21","August"
"1301","posted",NA,"ACC-1903037542","153.05","-27.61","PAYMENT",NA,"Jeffrey",1125.55,2018-08-10 07:00:00,"M",30,NA,NA,23,"1b15dbc5e0fd4d8b85345bbf0a63c0d5","CUS-860700529",NA,NA,"debit","Fri","21:00:00","21","August"
"1302","authorized","1","ACC-1903037542","153.05","-27.61","SALES-POS","dc8ec94b-c95b-4c04-8fe3-073c8893c04f","Jeffrey",1148.55,2018-08-10 07:00:00,"M",30,"Sunnybank","QLD",17.33,"38118234ede048e7839e3012c6fe5c75","CUS-860700529","153.06","-27.57","debit","Fri","21:05:32","21","August"
"1303","authorized","1","ACC-964839203","146.92","-36.07","POS","3f96e185-9525-4879-be2a-a1769b561b65","Michael",30722.71,2018-08-10 07:00:00,"M",21,"Tinamba","VIC",47.9,"7fc0675ffd50476290b66a0353541bc2","CUS-2059096722","146.89","-37.96","debit","Fri","21:11:33","21","August"
"1304","authorized","0","ACC-1598451071","153.41","-27.95","SALES-POS","3276a7a6-7fba-4312-a45d-5f2d27f6a55f","Diana",1152.27,2018-08-10 07:00:00,"F",26,"Southport","QLD",9.15,"37a7682616af461db27831026e7a82dc","CUS-2487424745","153.41","-27.98","debit","Fri","21:17:35","21","August"
"1305","authorized","1","ACC-1598451071","153.41","-27.95","POS","9da2c9c4-5b1b-4a83-88f2-97c81f21c562","Diana",1149.26,2018-08-10 07:00:00,"F",26,"Greenslopes","QLD",3.01,"96897b409f944dcc981211460dea2416","CUS-2487424745","153.05","-27.51","debit","Fri","21:23:36","21","August"
"1306","authorized","1","ACC-4258502723","145.45","-37.74","SALES-POS","e33da709-904b-47bb-a8b2-54bdc73debb5","Kimberly",1253.18,2018-08-10 07:00:00,"F",24,"Port Melbourne","VIC",20.8,"c4e1e4ea8ea3433bb5bf61d415dbb475","CUS-3378712515","144.91","-37.82","debit","Fri","21:29:38","21","August"
"1307","authorized","1","ACC-3485804958","138.52","-35.01","POS","5a3c0cad-eb95-43f2-9d62-c55f9d325ce9","Jessica",15562.46,2018-08-10 07:00:00,"F",34,"North Wagga Wagga","NSW",11.3,"edbae8ff638c48c6ab17fea3ed23a3d5","CUS-1196156254","147.38","-35.1","debit","Fri","21:35:39","21","August"
"1308","authorized","1","ACC-1598451071","153.41","-27.95","POS","dd29f230-3c0d-44c7-9267-83f10696bbd2","Diana",1140.35,2018-08-10 07:00:00,"F",26,"Beaudesert","QLD",8.91,"1d506a04f0004f6f8d079f29eb23c05a","CUS-2487424745","153","-27.99","debit","Fri","21:41:41","21","August"
"1309","authorized","1","ACC-1598451071","153.41","-27.95","SALES-POS","2e0d3b49-8348-4697-ad34-ecc1303494de","Diana",1133.45,2018-08-10 07:00:00,"F",26,"Main Beach","QLD",6.9,"69e923af03614ba68093a26670029d7b","CUS-2487424745","153.42","-27.98","debit","Fri","21:47:42","21","August"
"1310","authorized","1","ACC-1890605467","143.88","-37.66","POS","182844f5-6fd2-4aae-8a6b-fbbc105ee8e9","Alexander",8978.24,2018-08-10 07:00:00,"M",38,"Doncaster","VIC",33.52,"15a78e5c8b2f4826b9ce6ed958f7bdf2","CUS-1478398256","145.11","-37.78","debit","Fri","21:53:44","21","August"
"1311","authorized","1","ACC-1334819143","145.13","-37.70","POS","af951f2e-1850-4126-8b40-ad0d80ceeb06","Christopher",57587.06,2018-08-10 07:00:00,"M",33,"Sunshine","VIC",22.92,"6381a646da874f4ab725ac6d483efdd3","CUS-3117610635","144.83","-37.78","debit","Fri","21:59:45","21","August"
"1312","authorized","1","ACC-2970114956","144.89","-37.69","SALES-POS","13d33868-3a85-46f4-b5f0-73f2c148dc4c","Robert",5833.52,2018-08-10 07:00:00,"M",26,"Wyndham Vale","VIC",14.93,"cc4b566042974861b98d1d017250f69e","CUS-880898248","144.62","-37.89","debit","Fri","22:13:31","22","August"
"1313","authorized","0","ACC-1222300524","151.23","-33.94","POS","de440092-1855-4457-9f2f-746d3a78dfcd","Michael",477.88,2018-08-10 07:00:00,"M",38,"Wallaroo","SA",10.37,"da9fb048881e415aac7b1f350957b35b","CUS-2142601169","137.63","-33.93","debit","Fri","22:27:36","22","August"
"1314","authorized","1","ACC-2970114956","144.89","-37.69","SALES-POS","a3cf11b6-eee5-4b6a-8b32-61ceb8fa205d","Robert",5827.39,2018-08-10 07:00:00,"M",26,"Melbourne","VIC",6.13,"c254305b864d43999bd9f1f97a3ee95b","CUS-880898248","144.97","-37.81","debit","Fri","22:55:46","22","August"
"1315","posted",NA,"ACC-3541460373","145.00","-37.83","PAYMENT",NA,"Jeffrey",1305.51,2018-08-10 07:00:00,"M",24,NA,NA,41,"03e6baf3d37e45b79301fa091b7a2d47","CUS-1433879684",NA,NA,"debit","Fri","23:00:00","23","August"
"1316","authorized","1","ACC-2249586092","115.98","-32.07","POS","01a1edb2-3ed1-4743-961a-53249ee0b92e","Edward",4158.54,2018-08-10 07:00:00,"M",19,"Beeliar","WA",9.21,"a305cc48b461418e9056fad8053500c2","CUS-443776336","115.79","-32.14","debit","Fri","23:15:13","23","August"
"1317","authorized","1","ACC-1598451071","153.41","-27.95","POS","bc646123-57a9-4b89-9d9d-90f75c28e41e","Diana",1120.24,2018-08-10 07:00:00,"F",26,"Ormeau","QLD",13.21,"229b7f0814c54e17a46ffe20127bccdf","CUS-2487424745","153.24","-27.77","debit","Fri","23:36:57","23","August"
"1318","authorized","1","ACC-3485804958","138.52","-35.01","SALES-POS","37212bce-18ec-4012-9e07-dee0c160e5c5","Jessica",15540.62,2018-08-10 07:00:00,"F",34,"Stirling","SA",21.84,"7e24e58193ec4d60a215c637e97792f6","CUS-1196156254","138.72","-35.01","debit","Fri","23:58:41","23","August"
"1319","authorized","1","ACC-1903037542","153.05","-27.61","SALES-POS","5bc46134-38d5-48fe-9eef-ace058313ca8","Jeffrey",1103.62,2018-08-11 07:00:00,"M",30,"Alexandra Hills","QLD",21.93,"22eca262055742b1a44bb8c871d3535a","CUS-860700529","153.22","-27.52","debit","Sat","00:37:35","00","August"
"1320","authorized","1","ACC-182446574","116.06","-32.00","POS","b5dafea0-f033-4a58-9fdf-3dc6f0d9943f","Tonya",2242.3,2018-08-11 07:00:00,"F",27,"Dianella","WA",29.96,"e855d89bbff54c3aa606db2566d70fc3","CUS-3026014945","115.87","-31.88","debit","Sat","01:11:34","01","August"
"1321","authorized","1","ACC-1799207998","150.68","-33.79","SALES-POS","ab57442f-d8c9-4a52-b825-cc5c34180012","Susan",2405.55,2018-08-11 07:00:00,"F",20,"West Pennant Hills","NSW",21.86,"7677209730fa4130b7de030f6f8d0cf5","CUS-164374203","151.05","-33.75","debit","Sat","01:37:53","01","August"
"1322","posted",NA,"ACC-3481401842","115.74","-31.72","PAYMENT",NA,"Tiffany",1709.76,2018-08-11 07:00:00,"F",25,NA,NA,26,"47547f4205674745a840415803b67954","CUS-1669695324",NA,NA,"debit","Sat","02:00:00","02","August"
"1323","posted",NA,"ACC-37709441","153.41","-28.01","PAYMENT",NA,"Charles",3922.85,2018-08-11 07:00:00,"M",18,NA,NA,186,"ed74c40e142047068de5c04b37c75117","CUS-3336454548",NA,NA,"debit","Sat","02:00:00","02","August"
"1324","authorized","1","ACC-1903037542","153.05","-27.61","POS","a70b53f8-09ff-48e0-83af-560d1af7635c","Jeffrey",1098.48,2018-08-11 07:00:00,"M",30,"Brisbane City","QLD",5.14,"f9919f64b9ff42d89c9b58068f178054","CUS-860700529","153.03","-27.47","debit","Sat","02:03:24","02","August"
"1325","authorized","1","ACC-1222300524","151.23","-33.94","SALES-POS","174e837f-f0fb-497f-96ba-6bfd26e764cb","Michael",470.04,2018-08-11 07:00:00,"M",38,"Neutral Bay","NSW",7.84,"801306afd63d4362b85e2f810e00c7c6","CUS-2142601169","151.22","-33.84","debit","Sat","02:24:40","02","August"
"1326","authorized","1","ACC-1222300524","151.23","-33.94","POS","9fc40400-d1e4-4785-b009-711de7834ed6","Michael",452.43,2018-08-11 07:00:00,"M",38,"Casula","NSW",17.61,"95f27c56ccb442e6a91073fc486a13b6","CUS-2142601169","150.91","-33.95","debit","Sat","02:45:57","02","August"
"1327","authorized","1","ACC-1222300524","151.23","-33.94","POS","0eddf2c5-0432-4dba-afac-5bce83027625","Michael",434.52,2018-08-11 07:00:00,"M",38,"Kingsgrove","NSW",17.91,"1c08e303658e458ba18f91aec1084c83","CUS-2142601169","151.09","-33.94","debit","Sat","03:13:04","03","August"
"1328","authorized","1","ACC-2970114956","144.89","-37.69","POS","f12038bd-8665-4b3c-9c7e-759783d7ed90","Robert",5815.05,2018-08-11 07:00:00,"M",26,"Eaglemont","VIC",12.34,"66ce839e8b2b413e9f6d4ec781c1bfd2","CUS-880898248","145.05","-37.76","debit","Sat","03:51:32","03","August"
"1329","posted",NA,"ACC-964839203","146.92","-36.07","PAYMENT",NA,"Michael",30694.71,2018-08-11 07:00:00,"M",21,NA,NA,28,"bf21ceddccd44c78962fa004cee343dd","CUS-2059096722",NA,NA,"debit","Sat","04:00:00","04","August"
"1330","authorized","1","ACC-1903037542","153.05","-27.61","SALES-POS","b1d45593-2661-43bb-847a-7bd8f51e95d4","Jeffrey",1082.69,2018-08-11 07:00:00,"M",30,"Golden Beach","QLD",15.79,"efd30784a8934bc2b82b7413aca30379","CUS-860700529","153.11","-26.83","debit","Sat","04:13:55","04","August"
"1331","authorized","0","ACC-2890243754","153.32","-27.93","POS","563c469e-e997-4b33-be52-8e44c9bd8292","Joseph",1685.1,2018-08-11 07:00:00,"M",37,"Hope Island","QLD",15.86,"5c55676a05b94d3dabe4e73bba57b013","CUS-2695611575","153.35","-27.86","debit","Sat","04:49:38","04","August"
"1332","posted",NA,"ACC-1652235822","144.89","-37.81","PAYMENT",NA,"Renee",18370.47,2018-08-11 07:00:00,"F",38,NA,NA,45,"d1fd963608ca4cd194d7e6c14c599734","CUS-2206365095",NA,NA,"debit","Sat","05:00:00","05","August"
"1333","posted",NA,"ACC-1650504218","145.01","-37.93","PAYMENT",NA,"Marissa",3211.56,2018-08-11 07:00:00,"F",23,NA,NA,43,"7bfe277949ef4214bb81d70ab8e9b906","CUS-2500783281",NA,NA,"debit","Sat","05:00:00","05","August"
"1334","posted",NA,"ACC-1443681913","150.92","-33.77","PAYMENT",NA,"Ryan",969.88,2018-08-11 07:00:00,"M",31,NA,NA,127,"334724e784d54c6db0044ebc5c04b9df","CUS-3129499595",NA,NA,"debit","Sat","05:00:00","05","August"
"1335","posted",NA,"ACC-4281711154","144.98","-37.84","PAYMENT",NA,"Eric",34792.92,2018-08-11 07:00:00,"M",42,NA,NA,37,"e7026a0000ad48e9a4f0ea9a4932dd9e","CUS-3151318058",NA,NA,"debit","Sat","05:00:00","05","August"
"1336","posted",NA,"ACC-3741880913","150.50","-23.40","PAYMENT",NA,"Ashley",4538.98,2018-08-11 07:00:00,"F",25,NA,NA,131,"28f01a8c31f9436a877a99958c9baf36","CUS-1220154422",NA,NA,"debit","Sat","07:00:00","07","August"
"1337","posted",NA,"ACC-2231965366","144.96","-37.84","PAYMENT",NA,"Linda",3468.29,2018-08-11 07:00:00,"F",35,NA,NA,166,"ec9e736ed27049eca0b8e3e965436283","CUS-2155701614",NA,NA,"debit","Sat","07:00:00","07","August"
"1338","authorized","1","ACC-1334819143","145.13","-37.70","POS","a3224a1c-36f1-4640-9b17-3a566c71f5f5","Christopher",57546.63,2018-08-11 07:00:00,"M",33,"Sunshine","VIC",40.43,"3550f0fb06a44b79ad89457698715776","CUS-3117610635","144.83","-37.78","debit","Sat","07:03:07","07","August"
"1339","authorized","1","ACC-2920611728","144.96","-37.76","POS","c3eb7d47-28a1-42c1-9a27-d1f01e9c696f","Tyler",2772.9,2018-08-11 07:00:00,"M",69,"Ascot Vale","VIC",33.18,"68a81012f3ed496487dffa7050bad95b","CUS-1388323263","144.91","-37.78","debit","Sat","07:34:22","07","August"
"1340","authorized","1","ACC-1598451071","153.41","-27.95","SALES-POS","91a7806c-a87e-4187-adcf-466565f3c7a4","Diana",1113.93,2018-08-11 07:00:00,"F",26,"Mermaid Waters","QLD",6.31,"55569919eb9a476e96a2d99d085d4335","CUS-2487424745","153.41","-28.05","debit","Sat","08:02:48","08","August"
"1341","authorized","1","ACC-1424176027","151.08","-33.93","SALES-POS","955893db-32f0-4efb-9e1b-ecc690aa742f","Donald",2195.36,2018-08-11 07:00:00,"M",22,"Bondi Junction","NSW",4.77,"64274e8302a947bb90618ad3330ffd3c","CUS-3431016847","151.26","-33.89","debit","Sat","08:18:26","08","August"
"1342","authorized","1","ACC-2890243754","153.32","-27.93","SALES-POS","afd4176c-7426-4efe-947e-7e9f49af21c6","Joseph",1659.62,2018-08-11 07:00:00,"M",37,"Mudgeeraba","QLD",25.48,"870412b380aa44a58886f603ef651283","CUS-2695611575","153.36","-28.08","debit","Sat","08:34:03","08","August"
"1343","authorized","1","ACC-964839203","146.92","-36.07","SALES-POS","53cdff41-efba-4078-8259-29d7c12dba90","Michael",30653.36,2018-08-11 07:00:00,"M",21,"West End","QLD",41.35,"e7512456779547dfae15e765088da010","CUS-2059096722","146.79","-19.27","debit","Sat","08:49:41","08","August"
"1344","posted",NA,"ACC-819621312","145.04","-37.85","PAYMENT",NA,"Michele",1832.57,2018-08-11 07:00:00,"F",30,NA,NA,109,"99b81b790efe423cb7bab48e338ea5c8","CUS-1271030853",NA,NA,"debit","Sat","09:00:00","09","August"
"1345","authorized","1","ACC-182446574","116.06","-32.00","SALES-POS","9633dc31-66bc-4b99-b578-fba71694452c","Tonya",2173.33,2018-08-11 07:00:00,"F",27,"Rivervale","WA",68.97,"f2bd6176af454db9920cf44876b56118","CUS-3026014945","115.91","-31.96","debit","Sat","09:02:48","09","August"
"1346","authorized","1","ACC-2249586092","115.98","-32.07","POS","6c84c219-96ea-4c6f-9de5-0a28bcaec62f","Edward",4144.64,2018-08-11 07:00:00,"M",19,"Rainbow Flat","NSW",13.9,"0060f28a2ba44d6f8c0a0a9496d63335","CUS-443776336","152.47","-32.01","debit","Sat","09:11:04","09","August"
"1347","authorized","1","ACC-958000567","130.90","-12.37","POS","d4f3292b-5c68-4f47-9e0c-2661ab143e88","Sandra",3070.85,2018-08-11 07:00:00,"F",34,"Eaton","NT",13.67,"a06e65f7ad554b99b1d036fc00879191","CUS-4142663097","130.86","-12.4","debit","Sat","09:19:20","09","August"
"1348","authorized","1","ACC-1903037542","153.05","-27.61","POS","e1c910dc-258d-4953-b785-442403046677","Jeffrey",1062.96,2018-08-11 07:00:00,"M",30,"Kenmore","QLD",19.73,"adde1813ee484621860c8b9d1e0c5b34","CUS-860700529","152.94","-27.51","debit","Sat","09:27:36","09","August"
"1349","authorized","1","ACC-1222300524","151.23","-33.94","SALES-POS","f508fb74-e9e5-4f0a-bf9f-10b00516b565","Michael",415.63,2018-08-11 07:00:00,"M",38,"Moorebank","NSW",18.89,"7bf89883ab704e72a5762f3bca07ff17","CUS-2142601169","150.94","-33.94","debit","Sat","09:52:23","09","August"
"1350","posted",NA,"ACC-574997646","150.79","-33.64","PAYMENT",NA,"Mackenzie",1909.67,2018-08-11 07:00:00,"F",18,NA,NA,45,"025d07906b7a43c1852ce4ab21703cd3","CUS-586638664",NA,NA,"debit","Sat","10:00:00","10","August"
"1351","posted",NA,"ACC-1710017148","150.82","-34.01","PHONE BANK",NA,"Michelle",4211.66,2018-08-11 07:00:00,"F",19,NA,NA,256,"ac02a0b57adb413389cc1ad5795e9da3","CUS-883482547",NA,NA,"debit","Sat","10:00:00","10","August"
"1352","authorized","1","ACC-182446574","116.06","-32.00","POS","655d968f-8957-44c9-a141-3097cfaf012e","Tonya",2148.79,2018-08-11 07:00:00,"F",27,"Applecross","WA",24.54,"c11887140d974023a260f12aee57306e","CUS-3026014945","115.84","-32.01","debit","Sat","10:13:10","10","August"
"1353","authorized","1","ACC-3879258709","143.83","-37.66","SALES-POS","a9df8b81-7a28-42f0-9762-5480968141da","Natasha",190166.65,2018-08-11 07:00:00,"F",40,"Kealba","VIC",41.91,"61bf967da4ea4452a36e5377456bc3ca","CUS-527400765","144.83","-37.74","debit","Sat","10:25:21","10","August"
"1354","authorized","1","ACC-2249586092","115.98","-32.07","POS","f27c034d-70c3-4d77-af93-aaa894522ed8","Edward",4133.81,2018-08-11 07:00:00,"M",19,"Ellenbrook","WA",10.83,"ba6bcbee5de041d98a337e5659c54bce","CUS-443776336","115.97","-31.78","debit","Sat","10:37:33","10","August"
"1355","authorized","1","ACC-3771436525","145.04","-37.92","SALES-POS","31e3fdf2-a64a-4e3a-b920-ec535cd28855","Derek",1552.71,2018-08-11 07:00:00,"M",20,"Burwood East","VIC",10.31,"5d0d4d16e39b4bc7bc0d0bcd0ce39180","CUS-3325710106","145.15","-37.85","debit","Sat","10:49:45","10","August"
"1356","authorized","1","ACC-2828321672","153.03","-27.51","SALES-POS","6d55982d-a0af-4dee-a6b9-bcedff161d6e","Stephanie",621.91,2018-08-11 07:00:00,"F",53,"Petrie","QLD",226.82,"e78a5e856a754849bc256656002e6f7d","CUS-1005756958","152.98","-27.27","debit","Sat","11:01:16","11","August"
"1357","authorized","1","ACC-2920611728","144.96","-37.76","SALES-POS","8bb9e62d-0186-4d3c-9c17-ef186314a6b6","Tyler",2760.42,2018-08-11 07:00:00,"M",69,"Wantirna","VIC",12.48,"27994d87c89e482dada956ba16ca4b72","CUS-1388323263","145.23","-37.85","debit","Sat","11:09:12","11","August"
"1358","authorized","1","ACC-3771436525","145.04","-37.92","POS","4384864e-6e27-4b68-948e-1d5f0d60a38a","Derek",1531.41,2018-08-11 07:00:00,"M",20,"Ringwood","VIC",21.3,"d6eb2deff13d48f8b0772c2cbd208d32","CUS-3325710106","145.23","-37.81","debit","Sat","11:17:08","11","August"
"1359","authorized","1","ACC-3879258709","143.83","-37.66","SALES-POS","a61580ea-86e1-469c-84f6-b1e3bf8f81c5","Natasha",190137.75,2018-08-11 07:00:00,"F",40,"Croydon","VIC",28.9,"0027a2b02a7c4e6888e8662296971391","CUS-527400765","145.27","-37.78","debit","Sat","11:33:00","11","August"
"1360","authorized","1","ACC-2673069055","152.99","-27.49","POS","14f8c748-af9a-4332-8c45-6f39f4912968","Richard",16892.37,2018-08-11 07:00:00,"M",24,"Oakey","QLD",23.13,"b39b163dabe542d9a88c5bcce78a4acd","CUS-51506836","151.72","-27.45","debit","Sat","11:40:57","11","August"
"1361","authorized","1","ACC-211792489","138.63","-34.93","POS","ef64849c-4508-41c4-9e1e-271951107897","Jacqueline",2811.72,2018-08-11 07:00:00,"F",30,"West Lakes","SA",49.34,"1b4ec19e636f484fa72e990157332a18","CUS-497688347","138.49","-34.88","debit","Sat","11:48:53","11","August"
"1362","authorized","1","ACC-2681137560","151.11","-33.99","POS","1965f16b-c400-4611-8367-28a7203711cd","Nathaniel",1.02,2018-08-11 07:00:00,"M",31,"Rhodes","NSW",6.02,"87f022d08ad448e0ad1668e6bd1241c4","CUS-2083971310","151.09","-33.83","debit","Sat","11:56:49","11","August"
"1363","posted",NA,"ACC-1998563091","149.03","-35.25","PAYMENT",NA,"David",12924.15,2018-08-11 07:00:00,"M",42,NA,NA,45,"d9f29bf307274049bc97ca734d70a135","CUS-3395687666",NA,NA,"debit","Sat","12:00:00","12","August"
"1364","posted",NA,"ACC-1998563091","149.03","-35.25","PAYMENT",NA,"David",12808.15,2018-08-11 07:00:00,"M",42,NA,NA,116,"642e730b127648928210a6fc456dd73f","CUS-3395687666",NA,NA,"debit","Sat","12:00:00","12","August"
"1365","authorized","1","ACC-1037050564","153.10","-27.66","POS","7d0b5cc1-17ae-459e-a5b2-0c8e031dd242","Rhonda",1381.37,2018-08-11 07:00:00,"F",40,"Forest Glen","QLD",30.46,"f00d70154c3a4262818158cd7b29c8af","CUS-1614226872","153.02","-26.69","debit","Sat","12:10:20","12","August"
"1366","authorized","1","ACC-958000567","130.90","-12.37","POS","39d8e31d-aa6c-443e-b9de-9f0031c33578","Sandra",3027.54,2018-08-11 07:00:00,"F",34,"Pyrmont","NSW",43.31,"3d40c5c6a7254c6dab6b4ffe449794c0","CUS-4142663097","151.19","-33.86","debit","Sat","12:27:35","12","August"
"1367","authorized","0","ACC-3536132544","144.93","-37.79","SALES-POS","ed5bf651-1c4f-4e04-a68b-9513e3c3dd8f","Heather",3121.48,2018-08-11 07:00:00,"F",41,"Lakes Entrance","VIC",31.82,"2053ce5049b843a498493d35c64684ec","CUS-2348881191","147.99","-37.88","debit","Sat","12:44:49","12","August"
"1368","posted",NA,"ACC-1349834573","145.17","-37.84","PAYMENT",NA,"Matthew",6171.96,2018-08-11 07:00:00,"M",39,NA,NA,150,"f7f62400164844cc8374e2070f2ab6ce","CUS-1790886359",NA,NA,"debit","Sat","13:00:00","13","August"
"1369","posted",NA,"ACC-90814749","151.68","-32.98","INTER BANK",NA,"Christopher",7766.26,2018-08-11 07:00:00,"M",35,NA,NA,44,"32c13441a5f149a5a507aed7f9e973bf","CUS-1896554896",NA,NA,"debit","Sat","13:00:00","13","August"
"1370","authorized","1","ACC-4258502723","145.45","-37.74","SALES-POS","71238aec-2d2e-41c4-924a-a3fb2a3aefef","Kimberly",1209.27,2018-08-11 07:00:00,"F",24,"Yungaburra","QLD",43.91,"06104fed131b4d38a5fa9bbf7f7d2a88","CUS-3378712515","145.58","-17.27","debit","Sat","13:02:10","13","August"
"1371","authorized","1","ACC-2890243754","153.32","-27.93","POS","040172a4-15b7-406c-80e6-cd502f0852c4","Joseph",1616.85,2018-08-11 07:00:00,"M",37,"East Perth","WA",42.77,"decf307cd802473c891683c48fc65454","CUS-2695611575","115.88","-31.96","debit","Sat","13:20:21","13","August"
"1372","authorized","1","ACC-4065652575","115.81","-31.82","SALES-POS","9902c5c1-09c0-47e2-9cb5-6cb1df5607f4","Lucas",5683.84,2018-08-11 07:00:00,"M",21,"Northbridge","WA",43.34,"f36cf2d1e70545b496cd8729e3db1ade","CUS-1117979751","115.86","-31.95","debit","Sat","13:38:32","13","August"
"1373","authorized","0","ACC-2528867619","138.58","-34.96","POS","a722d174-679d-43b2-beb3-926e781a8cd1","Abigail",3549.13,2018-08-11 07:00:00,"F",40,"Nowra","NSW",17.12,"cb476a06dafb4379972a9110da27b80d","CUS-2505971401","150.6","-34.88","debit","Sat","13:56:43","13","August"
"1374","posted",NA,"ACC-37709441","153.41","-28.01","INTER BANK",NA,"Charles",3877.85,2018-08-11 07:00:00,"M",18,NA,NA,45,"f4e7cffc1db6403787e695dd08c6c375","CUS-3336454548",NA,NA,"debit","Sat","14:00:00","14","August"
"1375","authorized","1","ACC-1334819143","145.13","-37.70","POS","e9195c52-7050-454d-aa27-bad1ad4b4ee0","Christopher",57099.65,2018-08-11 07:00:00,"M",33,"Sydney","NSW",446.98,"dfed9f118fc34f0390c2ae5a13f03843","CUS-3117610635","151.21","-33.88","debit","Sat","14:06:09","14","August"
"1376","authorized","0","ACC-2674800293","144.96","-37.69","POS","8c0cf5d2-7b3b-4592-8b1c-8cf6f82a4901","Elizabeth",25486.46,2018-08-11 07:00:00,"F",50,"Moonee Ponds","VIC",32.41,"0d8046c1b9364479bbc67015f425973f","CUS-2977593493","144.92","-37.77","debit","Sat","14:13:41","14","August"
"1377","authorized","1","ACC-2270192619","138.56","-35.27","SALES-POS","57e114dc-f1d4-4d64-af4d-c8184d3b73b0","Darren",9497.23,2018-08-11 07:00:00,"M",20,"Mount Barker","SA",24.98,"4694fcf3c0b14940b74597a5e0d643b8","CUS-2110742437","138.87","-35.08","debit","Sat","14:21:12","14","August"
"1378","authorized","1","ACC-154431271","153.09","-27.48","POS","3bdc2db8-cc83-42a7-a69f-1220270a6a58","Lori",1511.12,2018-08-11 07:00:00,"F",18,"Redland Bay","QLD",9.76,"c16cd369d0bd4d65b7e71f4c7951cec5","CUS-3702001629","153.3","-27.61","debit","Sat","14:28:43","14","August"
"1379","authorized","1","ACC-211792489","138.63","-34.93","SALES-POS","d3b57603-2d50-4448-9694-413eb956b679","Jacqueline",2771.85,2018-08-11 07:00:00,"F",30,"West Beach","SA",39.87,"2454d8fba75e469791ecffeec031666b","CUS-497688347","138.52","-34.95","debit","Sat","14:36:14","14","August"
"1380","authorized","1","ACC-154431271","153.09","-27.48","SALES-POS","b6845148-ff2f-48c3-99bf-c87ba19f297a","Lori",1494.65,2018-08-11 07:00:00,"F",18,"East Brisbane","QLD",16.47,"012a36707f854907b7fd2450379d1f57","CUS-3702001629","153.04","-27.48","debit","Sat","14:43:45","14","August"
"1381","authorized","1","ACC-1598451071","153.41","-27.95","POS","a6f73114-758b-47d9-a7f1-cd084a2d74d6","Diana",1103.31,2018-08-11 07:00:00,"F",26,"Hope Island","QLD",10.62,"ee9d955a38e84e36910437560cdcce52","CUS-2487424745","153.35","-27.86","debit","Sat","14:51:16","14","August"
"1382","authorized","1","ACC-1598451071","153.41","-27.95","SALES-POS","803f3eb6-97e0-4d0f-961f-53168b5de7f5","Diana",1091.66,2018-08-11 07:00:00,"F",26,"Woongoolba","QLD",11.65,"dae34d2367c144a6a4a8af9d90e921f6","CUS-2487424745","153.33","-27.76","debit","Sat","14:58:47","14","August"
"1383","authorized","0","ACC-4258502723","145.45","-37.74","SALES-POS","76622c57-cef8-4670-a24f-34697adc465c","Kimberly",1190.29,2018-08-11 07:00:00,"F",24,"Yungaburra","QLD",18.98,"1018e913fe3743f7884732f56c787c06","CUS-3378712515","145.58","-17.27","debit","Sat","15:09:13","15","August"
"1384","authorized","1","ACC-1598451071","153.41","-27.95","SALES-POS","f75cba91-43f5-48cb-83ac-c4c2254e0028","Diana",1083.05,2018-08-11 07:00:00,"F",26,"Alstonville","NSW",8.61,"66af8d9f866244c187127002177b2747","CUS-2487424745","153.45","-28.85","debit","Sat","15:20:13","15","August"
"1385","authorized","0","ACC-1056639002","145.03","-37.91","POS","51b2dffe-13c9-4c52-ba4a-a31a41e8a5b5","Michael",42360.54,2018-08-11 07:00:00,"M",22,"South Yarra","VIC",38.7,"66c8dd15631843dc995ecf894eec425d","CUS-3462882033","145","-37.84","debit","Sat","15:31:12","15","August"
"1386","authorized","1","ACC-964839203","146.92","-36.07","SALES-POS","cfc126d0-1078-4166-9c7b-d82d0333001a","Michael",30635.81,2018-08-11 07:00:00,"M",21,"Rutherglen","VIC",17.55,"3b00b81c130643d587b2c7a7970a45d1","CUS-2059096722","146.46","-36.05","debit","Sat","15:42:11","15","August"
"1387","authorized","0","ACC-1523339231","115.83","-31.90","POS","58cd3120-ac03-4968-9c6d-0f3523469769","Tim",54127.55,2018-08-11 07:00:00,"M",40,"Old Bar","NSW",78.82,"d0690dd320644c2b8dd37a11f4f2c5e0","CUS-1816693151","152.58","-31.97","debit","Sat","15:53:11","15","August"
"1388","posted",NA,"ACC-2920611728","144.96","-37.76","PAYMENT",NA,"Tyler",2743.42,2018-08-11 07:00:00,"M",69,NA,NA,17,"e7a7fd230fff411c84f8684d3f64af38","CUS-1388323263",NA,NA,"debit","Sat","16:00:00","16","August"
"1389","posted",NA,"ACC-37709441","153.41","-28.01","PHONE BANK",NA,"Charles",3856.85,2018-08-11 07:00:00,"M",18,NA,NA,21,"f72178f672684d23a7f569f31fca36f3","CUS-3336454548",NA,NA,"debit","Sat","16:00:00","16","August"
"1390","authorized","1","ACC-964839203","146.92","-36.07","SALES-POS","a395aac1-6785-4e83-8a73-57c8c83612e3","Michael",30612.86,2018-08-11 07:00:00,"M",21,"Dover","TAS",22.95,"227cf6599aa240708687f8670c5fda1a","CUS-2059096722","147.02","-43.31","debit","Sat","16:06:13","16","August"
"1391","authorized","1","ACC-1903037542","153.05","-27.61","SALES-POS","6f5a7067-d4f4-4a97-b253-5b50879fcbf2","Jeffrey",1049.85,2018-08-11 07:00:00,"M",30,"Underwood","QLD",13.11,"9bb0cfba4b6540618fdad5ddea433bc9","CUS-860700529","153.11","-27.6","debit","Sat","16:22:37","16","August"
"1392","authorized","1","ACC-2828321672","153.03","-27.51","SALES-POS","76fa93da-71d6-4e07-b627-6bd794a91b5c","Stephanie",582.64,2018-08-11 07:00:00,"F",53,"Kingsgrove","NSW",39.27,"bf13ae2e83924fad932471b8a39ca391","CUS-1005756958","151.1","-33.94","debit","Sat","16:39:00","16","August"
"1393","authorized","1","ACC-1222300524","151.23","-33.94","SALES-POS","240ca90a-50e6-4e42-b644-1b64daf3162e","Michael",408.16,2018-08-11 07:00:00,"M",38,"Sydney","NSW",7.47,"f1abb715f54441d290a649c1995d5f8a","CUS-2142601169","151.19","-33.89","debit","Sat","16:55:24","16","August"
"1394","posted",NA,"ACC-3771436525","145.04","-37.92","PAYMENT",NA,"Derek",292.41,2018-08-11 07:00:00,"M",20,NA,NA,1239,"ded0fd964f0748d98b08ab852b88c5b9","CUS-3325710106",NA,NA,"debit","Sat","17:00:00","17","August"
"1395","posted",NA,"ACC-854938045","147.63","-22.84","PAYMENT",NA,"James",8777.46,2018-08-11 07:00:00,"M",28,NA,NA,49,"9f03eccd1f1a4250ace43709afb66c10","CUS-4023861240",NA,NA,"debit","Sat","17:00:00","17","August"
"1396","authorized","1","ACC-182446574","116.06","-32.00","POS","4a795fd2-a97a-4300-b7ba-454721ff265a","Tonya",2107.53,2018-08-11 07:00:00,"F",27,"South Perth","WA",41.26,"c119871bb2ce41d7a0caa36b028da4a3","CUS-3026014945","115.85","-31.97","debit","Sat","17:08:10","17","August"
"1397","authorized","1","ACC-2528867619","138.58","-34.96","POS","418f3602-0122-49c7-b9b2-66f77ad5bed2","Abigail",3536.61,2018-08-11 07:00:00,"F",40,"Nowra","NSW",12.52,"e708b00c82424c5d994eae8e9496e45d","CUS-2505971401","150.6","-34.88","debit","Sat","17:19:32","17","August"
"1398","authorized","1","ACC-964839203","146.92","-36.07","POS","6b0a8d80-9b7a-410e-823d-f9300e69d44d","Michael",30584.38,2018-08-11 07:00:00,"M",21,"Townsville City","QLD",28.48,"d00ff96a6e6a46b5af50e0d783812be7","CUS-2059096722","146.81","-19.27","debit","Sat","17:30:54","17","August"
"1399","authorized","1","ACC-2988263882","145.18","-37.90","POS","a8bd02e5-5456-4768-9b87-b35052118bdf","Michael",2998.56,2018-08-11 07:00:00,"M",44,"Footscray","VIC",12.09,"f612dd6faf7848eb8751617630063fa7","CUS-1233833708","144.9","-37.8","debit","Sat","17:42:16","17","August"
"1400","authorized","1","ACC-182446574","116.06","-32.00","SALES-POS","bdd85de6-7375-49ba-8d1a-a00dc57c3d11","Tonya",2080.44,2018-08-11 07:00:00,"F",27,"Aberdeen","NSW",27.09,"ad2b8f0d69e340999f5b347f96c8cb11","CUS-3026014945","150.89","-32.16","debit","Sat","17:53:38","17","August"
"1401","posted",NA,"ACC-958000567","130.90","-12.37","PAYMENT",NA,"Sandra",3010.54,2018-08-11 07:00:00,"F",34,NA,NA,17,"80c1fe7f28be4c859e7decba9a9b3385","CUS-4142663097",NA,NA,"debit","Sat","18:00:00","18","August"
"1402","authorized","1","ACC-854938045","147.63","-22.84","SALES-POS","64e6e6b9-088b-4855-acad-1210d5eb2f85","James",8760.62,2018-08-11 07:00:00,"M",28,"Richmond","TAS",16.84,"9183a012f022486dbeead8a5cf1a77e7","CUS-4023861240","147.44","-42.74","debit","Sat","18:09:46","18","August"
"1403","authorized","1","ACC-1037050564","153.10","-27.66","POS","cb979da4-882c-4a98-a0eb-8c219a7a86ed","Rhonda",1146.01,2018-08-11 07:00:00,"F",40,"Birtinya","QLD",235.36,"70d85fe66fbb4baf85e726a4e6e4eecd","CUS-1614226872","153.12","-26.74","debit","Sat","18:31:59","18","August"
"1404","authorized","0","ACC-1890605467","143.88","-37.66","POS","ced47f80-ffad-40a3-8470-2d305b336d48","Alexander",8949.2,2018-08-11 07:00:00,"M",38,"Ballarat Central","VIC",29.04,"3d58e680cb23481bb9b26598decf5cf9","CUS-1478398256","143.86","-37.56","debit","Sat","18:54:13","18","August"
"1405","posted",NA,"ACC-1424176027","151.08","-33.93","PAYMENT",NA,"Donald",2009.36,2018-08-11 07:00:00,"M",22,NA,NA,186,"36b141557d844f3282a70c54a18739c2","CUS-3431016847",NA,NA,"debit","Sat","19:00:00","19","August"
"1406","authorized","1","ACC-2615038700","145.35","-38.03","SALES-POS","20ce6128-7d1e-4e69-b6ae-570eb138e741","Emily",28968.87,2018-08-11 07:00:00,"F",43,"Pascoe Vale","VIC",16.23,"93e095543f674ffcb372cb86d64c465a","CUS-3255104878","144.93","-37.73","debit","Sat","19:08:07","19","August"
"1407","authorized","0","ACC-3317636250","153.02","-27.66","SALES-POS","fe6cc23e-fe99-490d-8186-efaa0c2ad029","Kenneth",4832.04,2018-08-11 07:00:00,"M",35,"Wacol","QLD",43.96,"1b5ba43d42634ad594be97f65793e1a7","CUS-2738291516","152.93","-27.59","debit","Sat","19:19:07","19","August"
"1408","authorized","1","ACC-2970114956","144.89","-37.69","SALES-POS","23065e38-2fed-49c2-b0e4-ef115a1ecde9","Robert",5808.52,2018-08-11 07:00:00,"M",26,"Hawthorn East","VIC",6.53,"85fc391ea8c34cf590bfb346a11dba04","CUS-880898248","145.05","-37.84","debit","Sat","19:30:06","19","August"
"1409","authorized","1","ACC-2615038700","145.35","-38.03","POS","4c7536b8-a973-48b5-8a37-343e2644660c","Emily",28961.71,2018-08-11 07:00:00,"F",43,"Mordialloc","VIC",7.16,"8458e2fe608e40759f5c2630e4c3bb17","CUS-3255104878","145.09","-38.01","debit","Sat","19:41:05","19","August"
"1410","authorized","0","ACC-958000567","130.90","-12.37","POS","bf3bc19d-ccf4-4117-af76-f1375d2a6e1b","Sandra",2976.81,2018-08-11 07:00:00,"F",34,"Marrara","NT",33.73,"e2450357fc994d9691b33f7b79050296","CUS-4142663097","130.9","-12.4","debit","Sat","19:52:05","19","August"
"1411","posted",NA,"ACC-1199531521","116.02","-31.87","INTER BANK",NA,"Billy",3231.37,2018-08-11 07:00:00,"M",52,NA,NA,145,"30c61f2a7c3b490f995fa2a5134ee19b","CUS-134833760",NA,NA,"debit","Sat","20:00:00","20","August"
"1412","posted",NA,"ACC-4258502723","145.45","-37.74","INTER BANK",NA,"Kimberly",1162.29,2018-08-11 07:00:00,"F",24,NA,NA,28,"b096c856c4e648ec9b1b621ed06a5102","CUS-3378712515",NA,NA,"debit","Sat","20:00:00","20","August"
"1413","authorized","0","ACC-2615038700","145.35","-38.03","SALES-POS","f126cc21-a244-467a-a580-a3225bc2775e","Emily",28946.97,2018-08-11 07:00:00,"F",43,"Point Wilson","VIC",14.74,"cbb91d9c4612430192195fec1509241b","CUS-3255104878","144.49","-38.01","debit","Sat","20:01:51","20","August"
"1414","authorized","1","ACC-2173390920","144.71","-37.58","SALES-POS","00a628aa-244d-4ab3-add4-95202d76fd98","Luis",1236.06,2018-08-11 07:00:00,"M",27,"Eltham","VIC",13.65,"186c67be36e4441bab1b44c39e2ce113","CUS-3180318393","145.14","-37.72","debit","Sat","20:08:31","20","August"
"1415","authorized","1","ACC-1222300524","151.23","-33.94","POS","6714d0be-9a69-4d2c-8d45-c8fc84df9eaa","Michael",397.01,2018-08-11 07:00:00,"M",38,"Melbourne","VIC",11.15,"1079428f62ac4d3f92cb178fe872374a","CUS-2142601169","144.97","-37.82","debit","Sat","20:15:11","20","August"
"1416","authorized","0","ACC-854938045","147.63","-22.84","POS","d57b8149-8eca-48e6-811d-e7317249725f","James",8724.71,2018-08-11 07:00:00,"M",28,"Ningaloo","WA",35.91,"a987252a6e3b4f549ab028bf8345f390","CUS-4023861240","113.83","-22.76","debit","Sat","20:21:51","20","August"
"1417","authorized","0","ACC-154431271","153.09","-27.48","SALES-POS","6606da46-c9be-4389-ba2d-0412c11694cf","Lori",1480.56,2018-08-11 07:00:00,"F",18,"Brisbane City","QLD",14.09,"ca40f28daec74269ad6829b59778aac8","CUS-3702001629","153.03","-27.47","debit","Sat","20:28:31","20","August"
"1418","authorized","1","ACC-1516130869","130.84","-12.45","POS","47681235-bdd7-48bc-9426-311f606178de","Jessica",2217.11,2018-08-11 07:00:00,"F",21,"Coconut Grove","NT",23.46,"6f4c351507f9431aa79dfe60a8a64891","CUS-325142416","130.86","-12.4","debit","Sat","20:35:11","20","August"
"1419","authorized","1","ACC-1222300524","151.23","-33.94","POS","8f2c36dd-9a99-4230-b00f-99bbb42b68ef","Michael",389.26,2018-08-11 07:00:00,"M",38,"Kadina","SA",7.75,"107294959b644db4bae6a9125f7e67a5","CUS-2142601169","137.71","-33.96","debit","Sat","20:41:51","20","August"
"1420","authorized","1","ACC-1903037542","153.05","-27.61","SALES-POS","5f3c6e39-87e3-4eae-aa20-6b178ed9329e","Jeffrey",1036.25,2018-08-11 07:00:00,"M",30,"Coolum Beach","QLD",13.6,"064b5ba9088d44a49e1e7d435e7b8609","CUS-860700529","153.09","-26.53","debit","Sat","20:48:31","20","August"
"1421","authorized","1","ACC-1890605467","143.88","-37.66","SALES-POS","c333767c-e932-46f7-a4ed-2b2c5edd1dae","Alexander",8909.17,2018-08-11 07:00:00,"M",38,"Lorne","VIC",40.03,"88897e5f737549079aa7245ff3aabb77","CUS-1478398256","143.97","-38.54","debit","Sat","20:55:11","20","August"
"1422","posted",NA,"ACC-1344825761","151.09","-33.91","PAYMENT",NA,"Sarah",15796.73,2018-08-11 07:00:00,"F",46,NA,NA,28,"836b908bdb8c4296b601ab117c343861","CUS-1499065773",NA,NA,"debit","Sat","21:00:00","21","August"
"1423","posted",NA,"ACC-854938045","147.63","-22.84","PAYMENT",NA,"James",8543.71,2018-08-11 07:00:00,"M",28,NA,NA,181,"e2c75d1e061d4c8b9a945b48ffbb73b4","CUS-4023861240",NA,NA,"debit","Sat","21:00:00","21","August"
"1424","authorized","1","ACC-1598451071","153.41","-27.95","SALES-POS","06beb97d-453e-40d1-bab2-0a60d374fbdd","Diana",1068.88,2018-08-11 07:00:00,"F",26,"Helensvale","QLD",14.17,"5ca017fe8f8b4364a9cb53bec5710110","CUS-2487424745","153.34","-27.93","debit","Sat","21:01:18","21","August"
"1425","authorized","1","ACC-1598451071","153.41","-27.95","POS","5257cedb-4dfe-4584-9352-73b88ba737f8","Diana",1049.24,2018-08-11 07:00:00,"F",26,"Willowbank","QLD",19.64,"bf4beb3992c2447db070a6ba8176f3b4","CUS-2487424745","152.67","-27.7","debit","Sat","21:05:57","21","August"
"1426","authorized","1","ACC-2970114956","144.89","-37.69","SALES-POS","76e726d9-9def-48ee-a330-1996e8d5fcf0","Robert",5791.55,2018-08-11 07:00:00,"M",26,"Vermont South","VIC",16.97,"3a7683b80bed442e85df8e7bc784eb83","CUS-880898248","145.18","-37.86","debit","Sat","21:10:36","21","August"
"1427","authorized","1","ACC-2173390920","144.71","-37.58","SALES-POS","c65eebe6-b185-4d6b-b774-91d2c415b510","Luis",1130.38,2018-08-11 07:00:00,"M",27,"Werribee","VIC",105.68,"7c133fbb852d4064948a00f7d35df409","CUS-3180318393","144.65","-37.9","debit","Sat","21:15:15","21","August"
"1428","authorized","0","ACC-414431115","142.77","-37.06","SALES-POS","badab24c-8962-483e-ad02-6635f839f1e6","Amy",428,2018-08-11 07:00:00,"F",43,"Castlemaine","VIC",18.44,"a78d3f9d12314931b37ec321a598ee7c","CUS-2599279756","144.21","-37.07","debit","Sat","21:19:54","21","August"
"1429","authorized","1","ACC-2674800293","144.96","-37.69","SALES-POS","f35dd9ce-355d-4b5d-90cb-f008170ee42d","Elizabeth",25460.53,2018-08-11 07:00:00,"F",50,"Craigieburn","VIC",25.93,"150a6cfd3adf44819f55309120e01528","CUS-2977593493","144.91","-37.59","debit","Sat","21:24:33","21","August"
"1430","authorized","0","ACC-414431115","142.77","-37.06","SALES-POS","106e1272-44ab-4dcb-a438-dd98e0071e51","Amy",402.29,2018-08-11 07:00:00,"F",43,"Eden","NSW",25.71,"89bf679b98fd4d02804d935ff89fce25","CUS-2599279756","149.9","-37.06","debit","Sat","21:29:12","21","August"
"1431","authorized","0","ACC-2305712452","138.61","-34.89","SALES-POS","7fbd6363-a171-4ce6-ad92-c59fd7991396","Debra",713.8,2018-08-11 07:00:00,"F",18,"Lidcombe","NSW",10.35,"48d61863e26740d5bc37a4490c588bc5","CUS-1842679196","151.06","-33.86","debit","Sat","21:33:51","21","August"
"1432","authorized","1","ACC-80388494","144.97","-37.42","POS","8593016a-c17c-4c8d-9180-ba8b307fe0b6","Dustin",2646.61,2018-08-11 07:00:00,"M",28,"Riddells Creek","VIC",11.72,"76807d61090f437eabc7278b9ae637f1","CUS-1140341822","144.68","-37.46","debit","Sat","21:38:30","21","August"
"1433","authorized","1","ACC-2528867619","138.58","-34.96","POS","9963311e-cb2a-4460-b155-826503cc2cee","Abigail",3520.42,2018-08-11 07:00:00,"F",40,"South Nowra","NSW",16.19,"0f4e5a2e903f44d3a9739e4302601794","CUS-2505971401","150.61","-34.92","debit","Sat","21:43:09","21","August"
"1434","authorized","1","ACC-4258502723","145.45","-37.74","POS","7441801c-f4c9-48cc-8a11-c3c4f8bab5a7","Kimberly",1158.07,2018-08-11 07:00:00,"F",24,"Saint Kilda","VIC",4.22,"0f5fe09af0314e78b3aaa935199832d1","CUS-3378712515","144.98","-37.87","debit","Sat","21:47:48","21","August"
"1435","authorized","1","ACC-2674800293","144.96","-37.69","SALES-POS","da0c98f6-0eae-424b-94b3-ef8969d2146d","Elizabeth",25423.56,2018-08-11 07:00:00,"F",50,"Sunshine","VIC",36.97,"c16d2697c2ac4e17aba05b077bab9046","CUS-2977593493","144.83","-37.78","debit","Sat","21:52:27","21","August"
"1436","authorized","1","ACC-414431115","142.77","-37.06","POS","badab24c-8962-483e-ad02-6635f839f1e6","Amy",380.57,2018-08-11 07:00:00,"F",43,"Castlemaine","VIC",21.72,"2e66cf80196b49e9a295e43418a419cc","CUS-2599279756","144.21","-37.07","debit","Sat","21:57:06","21","August"
"1437","posted",NA,"ACC-1799207998","150.68","-33.79","PAYMENT",NA,"Susan",2375.55,2018-08-11 07:00:00,"F",20,NA,NA,30,"93520d8bfa1140068983560cc4ec5f86","CUS-164374203",NA,NA,"debit","Sat","22:00:00","22","August"
"1438","posted",NA,"ACC-958000567","130.90","-12.37","PAYMENT",NA,"Sandra",2809.81,2018-08-11 07:00:00,"F",34,NA,NA,167,"6913aa761ed945be8657be82295ee981","CUS-4142663097",NA,NA,"debit","Sat","22:00:00","22","August"
"1439","authorized","1","ACC-1903037542","153.05","-27.61","SALES-POS","970c51b0-5709-4c2f-9643-7de2c6488f1a","Jeffrey",1021,2018-08-11 07:00:00,"M",30,"Ipswich","QLD",15.25,"358f41f70aeb42969a9e638dcb443609","CUS-860700529","152.76","-27.62","debit","Sat","22:05:21","22","August"
"1440","authorized","0","ACC-2270192619","138.56","-35.27","POS","4f333982-d8b3-400b-abee-a60dab451977","Darren",9475.58,2018-08-11 07:00:00,"M",20,"Woodcroft","SA",21.65,"9fa7d0d56545436689e0cd074bc54695","CUS-2110742437","138.55","-35.1","debit","Sat","22:19:26","22","August"
"1441","authorized","1","ACC-1222300524","151.23","-33.94","POS","0240783c-8903-4a0a-bc0e-5910e9d44efb","Michael",385.08,2018-08-11 07:00:00,"M",38,"Newtown","NSW",4.18,"9ee6c59da0e94f458f71f79ab397faa8","CUS-2142601169","151.18","-33.9","debit","Sat","22:33:31","22","August"
"1442","authorized","1","ACC-2674800293","144.96","-37.69","POS","5e5443db-feaa-4e0d-a77d-63b4bd34ad73","Elizabeth",25398.88,2018-08-11 07:00:00,"F",50,"Fingal","VIC",24.68,"7309e45c60694e4cbc81e5ee30a85c27","CUS-2977593493","144.85","-38.41","debit","Sat","22:47:36","22","August"
"1443","posted",NA,"ACC-2014856841","144.99","-37.90","PAYMENT",NA,"Patrick",260350.9,2018-08-11 07:00:00,"M",46,NA,NA,43,"117561a20c55480e9ec8cb0af3a06613","CUS-2370108457",NA,NA,"debit","Sat","23:00:00","23","August"
"1444","posted",NA,"ACC-3954677887","115.72","-32.28","PAYMENT",NA,"Ruth",1161.91,2018-08-11 07:00:00,"F",47,NA,NA,24,"ec40f0d4f9be46f18d93bf86971f38dc","CUS-3716701010",NA,NA,"debit","Sat","23:00:00","23","August"
"1445","authorized","0","ACC-2890243754","153.32","-27.93","SALES-POS","c8c21dd8-ec60-40b2-bded-8d7be0022c95","Joseph",1607.19,2018-08-11 07:00:00,"M",37,"Southport","QLD",9.66,"b0d4a9b6457f4d57993c0e8b63324e23","CUS-2695611575","153.41","-27.97","debit","Sat","23:01:38","23","August"
"1446","authorized","1","ACC-1598451071","153.41","-27.95","SALES-POS","b5710e25-2a62-4c66-ae67-230befcf698d","Diana",1042.73,2018-08-11 07:00:00,"F",26,"Palm Beach","QLD",6.51,"e6392f8fe90245ee9ae4c6599cd670b5","CUS-2487424745","153.46","-28.11","debit","Sat","23:15:20","23","August"
"1447","authorized","1","ACC-3100725361","145.73","-17.03","POS","907956c3-283d-4f7e-80f9-d944b5735c30","Ronald",1447.79,2018-08-11 07:00:00,"M",25,"Regents Park","NSW",33.28,"5f9e3dd67be64b31bc2b9c8dc0f2a0b4","CUS-2178051368","151.02","-33.88","debit","Sat","23:29:02","23","August"
"1448","authorized","1","ACC-1598451071","153.41","-27.95","SALES-POS","b16fad42-e29d-461c-9b88-207d0cbee2d8","Diana",1027.87,2018-08-11 07:00:00,"F",26,"Annerley","QLD",14.86,"96be4dcc8e994f61a86f475fc10e3427","CUS-2487424745","153.03","-27.51","debit","Sat","23:42:44","23","August"
"1449","authorized","1","ACC-1788473090","145.06","-37.95","SALES-POS","415420c9-e853-41de-8288-dcee1d4cc4ed","Rachael",1929.84,2018-08-11 07:00:00,"F",21,"East Melbourne","VIC",15.05,"bb7416f112a242e8bbc7111c4d6fc637","CUS-134193016","144.98","-37.81","debit","Sat","23:56:26","23","August"
"1450","authorized","1","ACC-3485804958","138.52","-35.01","POS","b106312e-39bf-48fb-bdd6-f0398e1a5b5f","Jessica",15488,2018-08-12 07:00:00,"F",34,"Toorak Gardens","SA",52.62,"1f46ff17b2774ab28b805d13509197d4","CUS-1196156254","138.64","-34.94","debit","Sun","00:43:31","00","August"
"1451","authorized","0","ACC-1903037542","153.05","-27.61","POS","bd73a145-2b2f-4e3c-921e-3439f305ca4a","Jeffrey",996.8,2018-08-12 07:00:00,"M",30,"Hillcrest","QLD",24.2,"677ba609064e45ccb373e30968b4d471","CUS-860700529","153.03","-27.67","debit","Sun","01:23:13","01","August"
"1452","authorized","0","ACC-958000567","130.90","-12.37","SALES-POS","9bed3107-0e9d-472f-ae9b-6805f268a591","Sandra",2798.97,2018-08-12 07:00:00,"F",34,"Thornleigh","NSW",10.84,"1015f2ab68bd4a3080f6fc5a1ec90704","CUS-4142663097","151.08","-33.73","debit","Sun","01:55:29","01","August"
"1453","posted",NA,"ACC-2107684084","145.03","-37.88","PAYMENT",NA,"Richard",2231.96,2018-08-12 07:00:00,"M",22,NA,NA,25,"79f6dc905b034648b2f0cf1f3da037fd","CUS-2283904812",NA,NA,"debit","Sun","02:00:00","02","August"
"1454","authorized","1","ACC-3326339947","151.18","-33.80","POS","a89d30ae-50f2-4ea9-b0a0-90ebd5bdc2bb","Eric",3534.3,2018-08-12 07:00:00,"M",22,"Erskine Park","NSW",29.64,"7b3b8d51f2de427b9b04a034a4006fc6","CUS-326006476","150.8","-33.81","debit","Sun","02:37:23","02","August"
"1455","posted",NA,"ACC-1056639002","145.03","-37.91","INTER BANK",NA,"Michael",42324.54,2018-08-12 07:00:00,"M",22,NA,NA,36,"6f307ad77cb34cfc919186111dedceef","CUS-3462882033",NA,NA,"debit","Sun","03:00:00","03","August"
"1456","authorized","1","ACC-2173390920","144.71","-37.58","POS","6032ef0f-941a-483b-a2e7-0db62878c59c","Luis",1113.7,2018-08-12 07:00:00,"M",27,"Epping North","VIC",16.68,"4d47e85ad2b74511aa2294d44eb1cbe1","CUS-3180318393","145.03","-37.63","debit","Sun","03:29:59","03","August"
"1457","posted",NA,"ACC-4258502723","145.45","-37.74","PAYMENT",NA,"Kimberly",1120.07,2018-08-12 07:00:00,"F",24,NA,NA,38,"07d350583da044dcb8718fa00789087c","CUS-3378712515",NA,NA,"debit","Sun","04:00:00","04","August"
"1458","authorized","1","ACC-182446574","116.06","-32.00","SALES-POS","ffa1638b-1de3-4d9c-a6dc-b5fe51d1a650","Tonya",2059.49,2018-08-12 07:00:00,"F",27,"Willetton","WA",20.95,"e9ede7b1d7a74748850040d88f43da10","CUS-3026014945","115.88","-32.04","debit","Sun","04:24:45","04","August"
"1459","posted",NA,"ACC-3485804958","138.52","-35.01","PAYMENT",NA,"Jessica",15457,2018-08-12 07:00:00,"F",34,NA,NA,31,"5f2c2a52ef444678a54842917ff28a12","CUS-1196156254",NA,NA,"debit","Sun","05:00:00","05","August"
"1460","posted",NA,"ACC-559365433","147.31","-42.88","PAYMENT",NA,"Mary",1226.9,2018-08-12 07:00:00,"F",64,NA,NA,30,"d61892a39b8940b38190397d4f597634","CUS-1654129794",NA,NA,"debit","Sun","05:00:00","05","August"
"1461","posted",NA,"ACC-588564840","151.27","-33.76","PAYMENT",NA,"Isaiah",6845.92,2018-08-12 07:00:00,"M",23,NA,NA,177,"f7fc9f6a15294325836d693ea98af5e4","CUS-1462656821",NA,NA,"debit","Sun","06:00:00","06","August"
"1462","posted",NA,"ACC-1523339231","115.83","-31.90","INTER BANK",NA,"Tim",54088.55,2018-08-12 07:00:00,"M",40,NA,NA,39,"6c41cc8c9daa43fc8c6c9cd6ddef3111","CUS-1816693151",NA,NA,"debit","Sun","06:00:00","06","August"
"1463","posted",NA,"ACC-3100725361","145.73","-17.03","PAYMENT",NA,"Ronald",1303.79,2018-08-12 07:00:00,"M",25,NA,NA,144,"aa8a924204de4137868e60be384a652e","CUS-2178051368",NA,NA,"debit","Sun","06:00:00","06","August"
"1464","posted",NA,"ACC-1496451953","145.16","-37.84","INTER BANK",NA,"Ricky",2423.6,2018-08-12 07:00:00,"M",43,NA,NA,146,"1b953106b79446ad9430c1125e526632","CUS-3142625864",NA,NA,"debit","Sun","06:00:00","06","August"
"1465","authorized","0","ACC-1903037542","153.05","-27.61","POS","1dbb9ca9-427e-4269-b6a3-570a6a67a33f","Jeffrey",973.4,2018-08-12 07:00:00,"M",30,"Everton Park","QLD",23.4,"81e042f598f543099771df23c28bd2f4","CUS-860700529","152.99","-27.41","debit","Sun","06:02:13","06","August"
"1466","posted",NA,"ACC-3771436525","145.04","-37.92","PAYMENT",NA,"Derek",243.41,2018-08-12 07:00:00,"M",20,NA,NA,49,"484284542630408fa2d896f353309e31","CUS-3325710106",NA,NA,"debit","Sun","07:00:00","07","August"
"1467","authorized","1","ACC-2673069055","152.99","-27.49","POS","2c947b40-d708-44b7-9ec0-1889e016aeac","Richard",16879.01,2018-08-12 07:00:00,"M",24,"Caboolture","QLD",13.36,"9a36bb6e5d6347f6934853dc593e8799","CUS-51506836","152.96","-27.08","debit","Sun","07:26:39","07","August"
"1468","posted",NA,"ACC-2107684084","145.03","-37.88","INTER BANK",NA,"Richard",2198.96,2018-08-12 07:00:00,"M",22,NA,NA,33,"9274878d4d2046188ea09cfbd2d79534","CUS-2283904812",NA,NA,"debit","Sun","08:00:00","08","August"
"1469","posted",NA,"ACC-2674800293","144.96","-37.69","PAYMENT",NA,"Elizabeth",25222.88,2018-08-12 07:00:00,"F",50,NA,NA,176,"887c28e34b8140e78a90044b0f924ab9","CUS-2977593493",NA,NA,"debit","Sun","08:00:00","08","August"
"1470","authorized","1","ACC-2828321672","153.03","-27.51","SALES-POS","4c04d1fa-e17c-47ee-8a1e-418fdab1d7a3","Stephanie",560.14,2018-08-12 07:00:00,"F",53,"Highfields","QLD",22.5,"e8486bde87f04c58adc3f750d3d65871","CUS-1005756958","151.95","-27.47","debit","Sun","08:12:29","08","August"
"1471","authorized","1","ACC-1222300524","151.23","-33.94","SALES-POS","d9d425e5-747b-4dd7-8fba-c386ba9aa68b","Michael",368.85,2018-08-12 07:00:00,"M",38,"Five Dock","NSW",16.23,"4eef6744992d44c1b36bfe5e18e7e10d","CUS-2142601169","151.11","-33.87","debit","Sun","08:43:44","08","August"
"1472","authorized","1","ACC-182446574","116.06","-32.00","SALES-POS","958e5157-eb40-48a4-a6dc-8e049cdbddb4","Tonya",2048.59,2018-08-12 07:00:00,"F",27,"East Victoria Park","WA",10.9,"e98b8a57747f469c8474ccfa4c5707a0","CUS-3026014945","115.9","-31.97","debit","Sun","09:02:28","09","August"
"1473","authorized","1","ACC-1056639002","145.03","-37.91","SALES-POS","e8d3e859-db04-4b1b-9e7c-0ae39f23ca67","Michael",42286.31,2018-08-12 07:00:00,"M",22,"Doncaster East","VIC",38.23,"1cbf1f0b66174b628b68b8c2c82fbe19","CUS-3462882033","145.16","-37.78","debit","Sun","09:07:37","09","August"
"1474","authorized","1","ACC-1199531521","116.02","-31.87","SALES-POS","913b04d1-6a23-4e54-b751-0e7ddd329d00","Billy",3202.65,2018-08-12 07:00:00,"M",52,"Karrinyup","WA",28.72,"42f88382addd489e92c9ff740d8b2ca9","CUS-134833760","115.78","-31.88","debit","Sun","09:12:47","09","August"
"1475","authorized","0","ACC-1222300524","151.23","-33.94","SALES-POS","05f675e8-7ccb-4a5a-8d29-c92ddc222db8","Michael",353.78,2018-08-12 07:00:00,"M",38,"Moorebank","NSW",15.07,"653c77a7ce9d4c1aa42bfafa81fa8153","CUS-2142601169","150.95","-33.93","debit","Sun","09:17:56","09","August"
"1476","authorized","1","ACC-2890243754","153.32","-27.93","SALES-POS","159ac681-903d-4c31-aa81-7ab4febe4375","Joseph",1598.4,2018-08-12 07:00:00,"M",37,"Robina","QLD",8.79,"3958507f0a1c485980eec69f2ee03195","CUS-2695611575","153.38","-28.08","debit","Sun","09:23:05","09","August"
"1477","authorized","1","ACC-3485804958","138.52","-35.01","SALES-POS","d47efc0a-2443-47d0-ad6b-4379779d2e3e","Jessica",15405.77,2018-08-12 07:00:00,"F",34,"Albany","WA",51.23,"96e0017b64ce4a0a821ddf979056100a","CUS-1196156254","117.89","-35.03","debit","Sun","09:28:14","09","August"
"1478","authorized","1","ACC-2828321672","153.03","-27.51","POS","d592c161-1bf7-4941-8bfc-30855ae32de9","Stephanie",533.73,2018-08-12 07:00:00,"F",53,"Morningside","QLD",26.41,"97e976c5ef874269b51ffe0fc2564df1","CUS-1005756958","153.07","-27.47","debit","Sun","09:33:24","09","August"
"1479","authorized","1","ACC-1222300524","151.23","-33.94","POS","87620d95-8b80-4280-b37f-06630416adf0","Michael",341.7,2018-08-12 07:00:00,"M",38,"Parramatta","NSW",12.08,"de89ca71ae054180862d6420d917488a","CUS-2142601169","151","-33.82","debit","Sun","09:38:33","09","August"
"1480","authorized","1","ACC-1598451071","153.41","-27.95","SALES-POS","d00d2c9a-883a-4564-806f-54b6533d5472","Diana",818.71,2018-08-12 07:00:00,"F",26,"Sydney","NSW",209.16,"9ae35a7ad1c448a48d675ef232ea07f7","CUS-2487424745","151.21","-33.87","debit","Sun","09:43:42","09","August"
"1481","authorized","1","ACC-2674800293","144.96","-37.69","POS","1f3e0229-44e6-4f73-9705-d2d52261a8a4","Elizabeth",25202.14,2018-08-12 07:00:00,"F",50,"Doncaster East","VIC",20.74,"9681851bdf1c4773a59d7e992e7abc8d","CUS-2977593493","145.16","-37.79","debit","Sun","09:48:51","09","August"
"1482","authorized","1","ACC-1222300524","151.23","-33.94","SALES-POS","4013a506-269f-4c00-8292-ac00faee2da2","Michael",314.8,2018-08-12 07:00:00,"M",38,"Croydon Park","NSW",26.9,"147924b95b7d4fa399295a189e41dd32","CUS-2142601169","151.11","-33.9","debit","Sun","09:54:01","09","August"
"1483","authorized","0","ACC-1903037542","153.05","-27.61","POS","eb2a1b6f-d154-4294-9c08-2e06303e7b23","Jeffrey",958.16,2018-08-12 07:00:00,"M",30,"Runcorn","QLD",15.24,"f33667714b47454fa854e044178df861","CUS-860700529","153.08","-27.59","debit","Sun","09:59:10","09","August"
"1484","posted",NA,"ACC-964839203","146.92","-36.07","PAYMENT",NA,"Michael",30542.38,2018-08-12 07:00:00,"M",21,NA,NA,42,"5ec2be74f5674555b2885bdb1db74904","CUS-2059096722",NA,NA,"debit","Sun","10:00:00","10","August"
"1485","authorized","0","ACC-1523339231","115.83","-31.90","SALES-POS","f725b6d4-5c60-4a59-be30-dcc1f3903f0e","Tim",54038.19,2018-08-12 07:00:00,"M",40,"Warnbro","WA",50.36,"5b314b1b240c49a9979fdad697df358e","CUS-1816693151","115.75","-32.33","debit","Sun","10:06:43","10","August"
"1486","authorized","1","ACC-414431115","142.77","-37.06","SALES-POS","106e1272-44ab-4dcb-a438-dd98e0071e51","Amy",354.22,2018-08-12 07:00:00,"F",43,"Eden","NSW",26.35,"61deea1993de4b5fa9c1eb6000619bfe","CUS-2599279756","149.9","-37.06","debit","Sun","10:14:43","10","August"
"1487","authorized","1","ACC-4274272854","145.23","-37.86","SALES-POS","003c0f9e-f622-4899-8c82-1fc01ca0b69f","Timothy",2371.68,2018-08-12 07:00:00,"M",20,"Fitzroy","VIC",11.82,"b26184ad18774624968bebe4bd4b5555","CUS-2484453271","144.98","-37.8","debit","Sun","10:22:43","10","August"
"1488","authorized","0","ACC-1903037542","153.05","-27.61","POS","6e7dd7ca-4409-4d43-9a0c-6f20f9c4b6f2","Jeffrey",949.59,2018-08-12 07:00:00,"M",30,"Port Macquarie","NSW",8.57,"e097d3af8d474c8091e33c937048d5e4","CUS-860700529","152.91","-31.43","debit","Sun","10:30:43","10","August"
"1489","authorized","1","ACC-4274272854","145.23","-37.86","POS","5fd8cf03-ac07-496c-b4b6-3e20b9f1162e","Timothy",2362.11,2018-08-12 07:00:00,"M",20,"Kew","VIC",9.57,"95fee5c08fa0480aa8089f39e022523c","CUS-2484453271","145.05","-37.81","debit","Sun","10:38:43","10","August"
"1490","authorized","1","ACC-1334819143","145.13","-37.70","POS","fa38d743-985d-4138-b7cd-09ff48b3742d","Christopher",57072.58,2018-08-12 07:00:00,"M",33,"Brisbane City","QLD",27.07,"4fb1936f69ca45b4bb0a4c5c7769acb3","CUS-3117610635","153.02","-27.46","debit","Sun","10:46:43","10","August"
"1491","authorized","1","ACC-2305712452","138.61","-34.89","SALES-POS","78ab2b76-4131-40df-89f1-aba4574144db","Debra",702.23,2018-08-12 07:00:00,"F",18,"Parkes","ACT",11.57,"3f2e27b21e994763844ebee819dcd4d5","CUS-1842679196","149.13","-35.3","debit","Sun","10:54:43","10","August"
"1492","posted",NA,"ACC-847145727","115.90","-31.92","PAYMENT",NA,"Michael",49979.18,2018-08-12 07:00:00,"M",19,NA,NA,133,"b11507f8352f4b90a49af1441aaae2c6","CUS-1609060617",NA,NA,"debit","Sun","11:00:00","11","August"
"1493","posted",NA,"ACC-3827517394","151.12","-33.89","PAYMENT",NA,"Craig",29000.39,2018-08-12 07:00:00,"M",28,NA,NA,28,"e4977d4685594d7f96d9dd314841c1fe","CUS-2663907001",NA,NA,"debit","Sun","11:00:00","11","August"
"1494","posted",NA,"ACC-1496451953","145.16","-37.84","INTER BANK",NA,"Ricky",2392.6,2018-08-12 07:00:00,"M",43,NA,NA,31,"31280fd330534afcaa72466c7a4895b4","CUS-3142625864",NA,NA,"debit","Sun","11:00:00","11","August"
"1495","posted",NA,"ACC-2615038700","145.35","-38.03","INTER BANK",NA,"Emily",28908.97,2018-08-12 07:00:00,"F",43,NA,NA,38,"d4561770124d487988ec99c936e43698","CUS-3255104878",NA,NA,"debit","Sun","11:00:00","11","August"
"1496","posted",NA,"ACC-854938045","147.63","-22.84","PAYMENT",NA,"James",8509.71,2018-08-12 07:00:00,"M",28,NA,NA,34,"ca1c7d8c7881455490baca95284e7076","CUS-4023861240",NA,NA,"debit","Sun","11:00:00","11","August"
"1497","authorized","1","ACC-1516130869","130.84","-12.45","POS","0be68ac2-b725-4f65-815c-7362b5435768","Jessica",2192.05,2018-08-12 07:00:00,"F",21,"Stuart Park","NT",25.06,"5a0c5a274924471aa1cbb2d405e3983b","CUS-325142416","130.84","-12.45","debit","Sun","11:04:11","11","August"
"1498","authorized","0","ACC-2890243754","153.32","-27.93","SALES-POS","6bbcd84f-2bd6-466b-9084-d0998fe887b2","Joseph",1492.93,2018-08-12 07:00:00,"M",37,"Collingwood","VIC",105.47,"824909582eec47c4bfd4fd059c4d85ea","CUS-2695611575","144.99","-37.8","debit","Sun","11:16:32","11","August"
"1499","authorized","1","ACC-1652235822","144.89","-37.81","POS","d7055f01-32a5-4e23-b538-94d643e0c57c","Renee",18340.76,2018-08-12 07:00:00,"F",38,"Bundoora","VIC",29.71,"22b4b305c915435ea00f5c7dd946be08","CUS-2206365095","145.07","-37.68","debit","Sun","11:41:14","11","August"
"1500","authorized","1","ACC-2890243754","153.32","-27.93","POS","aef30de1-c67e-4ab7-8577-2931a4bf3c7e","Joseph",1479.51,2018-08-12 07:00:00,"M",37,"Yowah","QLD",13.42,"9c0d6147e64a491abb554f8196300567","CUS-2695611575","144.64","-27.97","debit","Sun","11:53:34","11","August"
"1501","posted",NA,"ACC-414431115","142.77","-37.06","INTER BANK",NA,"Amy",175.22,2018-08-12 07:00:00,"F",43,NA,NA,179,"3653fd56409b41c3bd1b4d33a7509589","CUS-2599279756",NA,NA,"debit","Sun","12:00:00","12","August"
"1502","posted",NA,"ACC-2249586092","115.98","-32.07","PAYMENT",NA,"Edward",4096.81,2018-08-12 07:00:00,"M",19,NA,NA,37,"da8a6e6a5dc24d71a64a3586dce204bb","CUS-443776336",NA,NA,"debit","Sun","12:00:00","12","August"
"1503","authorized","1","ACC-1222300524","151.23","-33.94","POS","f1c4fbd8-97d4-47f2-8d03-cb82f24dc169","Michael",306.51,2018-08-12 07:00:00,"M",38,"West Gladstone","QLD",8.29,"2084a37af8d44564ba8ef946516eb3ac","CUS-2142601169","151.24","-23.87","debit","Sun","12:09:03","12","August"
"1504","authorized","1","ACC-1598451071","153.41","-27.95","SALES-POS","13a86f3d-9de1-4ab0-9700-e31af20b9133","Diana",813.83,2018-08-12 07:00:00,"F",26,"Coomera","QLD",4.88,"76f3bcee72384302b4665bd6e6082989","CUS-2487424745","153.33","-27.87","debit","Sun","12:27:55","12","August"
"1505","authorized","0","ACC-354106658","151.04","-33.80","POS","80cb859e-1566-4149-81c6-64919c4414cb","Christine",4091.17,2018-08-12 07:00:00,"F",39,"Miranda","NSW",26.36,"585f368750ba406d8432284b6563298d","CUS-2376382098","151.1","-34.03","debit","Sun","12:46:47","12","August"
"1506","authorized","1","ACC-1516130869","130.84","-12.45","SALES-POS","79ee5753-36ec-46cb-bcee-9f5dceda5e2e","Jessica",2164.9,2018-08-12 07:00:00,"F",21,"Yarrawonga","NT",27.15,"a1b93d01bb3e479eb1c74d7bd2eefdad","CUS-325142416","130.98","-12.47","debit","Sun","13:05:59","13","August"
"1507","authorized","1","ACC-1598451071","153.41","-27.95","SALES-POS","2eb7ecb2-f70e-4578-8bfe-59d6308596ba","Diana",803.96,2018-08-12 07:00:00,"F",26,"Brisbane City","QLD",9.87,"e909a6a4fefc4e2b8f7e4ecf8cb5f267","CUS-2487424745","153.03","-27.47","debit","Sun","13:25:59","13","August"
"1508","authorized","1","ACC-1222300524","151.23","-33.94","POS","ebf3ad3a-f6d5-48c5-bd49-a9ceb9fc0561","Michael",295.37,2018-08-12 07:00:00,"M",38,"Lakemba","NSW",11.14,"5619d7311fd343998dc4045dc53aafb2","CUS-2142601169","151.08","-33.92","debit","Sun","13:45:59","13","August"
"1509","posted",NA,"ACC-37709441","153.41","-28.01","INTER BANK",NA,"Charles",3816.85,2018-08-12 07:00:00,"M",18,NA,NA,40,"347243bb90224c2eb411edbaf0018c9c","CUS-3336454548",NA,NA,"debit","Sun","14:00:00","14","August"
"1510","authorized","0","ACC-1903037542","153.05","-27.61","POS","7a82bfa2-2088-4c68-acde-dababd8044b2","Jeffrey",942.86,2018-08-12 07:00:00,"M",30,"Ormeau","QLD",6.73,"475d1e159c964861a0e017924077bfd5","CUS-860700529","153.25","-27.79","debit","Sun","14:03:42","14","August"
"1511","authorized","1","ACC-1903037542","153.05","-27.61","SALES-POS","b7eaf093-d90a-41b2-bf03-a02990b56275","Jeffrey",929.16,2018-08-12 07:00:00,"M",30,"Brisbane City","QLD",13.7,"1fed877738d74fdeb6e9c3dd89584a86","CUS-860700529","153.02","-27.47","debit","Sun","14:16:02","14","August"
"1512","authorized","0","ACC-3100725361","145.73","-17.03","POS","37cd09c5-f238-4d32-8a60-03755b38b744","Ronald",1297.34,2018-08-12 07:00:00,"M",25,"Mansfield","QLD",6.45,"128bab997d3544e9922662cb81752071","CUS-2178051368","153.1","-27.53","debit","Sun","14:28:23","14","August"
"1513","authorized","1","ACC-1903037542","153.05","-27.61","SALES-POS","c2eb9048-90af-4a10-b65e-14a2e5e1a401","Jeffrey",897.85,2018-08-12 07:00:00,"M",30,"Manly","QLD",31.31,"1842722aebb547c4be4257872066a1bc","CUS-860700529","153.19","-27.45","debit","Sun","14:40:44","14","August"
"1514","authorized","1","ACC-966140392","147.08","-37.97","SALES-POS","1f710525-86cc-4923-ba90-6395e503cacc","Joseph",2583.87,2018-08-12 07:00:00,"M",21,"Morven","QLD",51.9,"2f1061e7d87348dc9d38aecd29221071","CUS-537508723","147.11","-26.42","debit","Sun","14:53:05","14","August"
"1515","posted",NA,"ACC-354106658","151.04","-33.80","PAYMENT",NA,"Christine",3982.17,2018-08-12 07:00:00,"F",39,NA,NA,109,"c51400225a504034820518acac3ef8e5","CUS-2376382098",NA,NA,"debit","Sun","15:00:00","15","August"
"1516","authorized","1","ACC-966140392","147.08","-37.97","POS","b6ff89a1-18dd-4d77-b807-47f511ed3fee","Joseph",2548.22,2018-08-12 07:00:00,"M",21,"Hampton Park","VIC",35.65,"75fe783e989544309e4d450af0e54da4","CUS-537508723","145.27","-38.03","debit","Sun","15:05:51","15","August"
"1517","authorized","1","ACC-2897221629","150.90","-34.37","POS","15d424a4-9e07-4397-9b44-5e51cf7f0445","Scott",955.77,2018-08-12 07:00:00,"M",23,"Alexandria","NSW",31.39,"f56309c6b4e54ac9a7b89a32a9845c81","CUS-511326734","151.19","-33.92","debit","Sun","15:32:31","15","August"
"1518","authorized","0","ACC-2673069055","152.99","-27.49","SALES-POS","7632200d-3c24-413d-b8b9-107a7bee6a4e","Richard",16869.58,2018-08-12 07:00:00,"M",24,"Carindale","QLD",9.43,"165aaf2b300d4a5da7556b86f1877268","CUS-51506836","153.1","-27.5","debit","Sun","15:45:51","15","August"
"1519","authorized","1","ACC-1652235822","144.89","-37.81","SALES-POS","ed8dc00e-8676-4e69-b0d9-d07a57cb57db","Renee",18316.1,2018-08-12 07:00:00,"F",38,"Mount Gambier","SA",24.66,"bbecd1fc77be44e7b676c1956e92b16d","CUS-2206365095","140.78","-37.83","debit","Sun","15:59:11","15","August"
"1520","posted",NA,"ACC-602667573","151.23","-33.96","PAYMENT",NA,"Michael",2158.38,2018-08-12 07:00:00,"M",40,NA,NA,85,"f28cc30640804c6cae054cb56f4f514f","CUS-2031327464",NA,NA,"debit","Sun","16:00:00","16","August"
"1521","posted",NA,"ACC-2014856841","144.99","-37.90","PAYMENT",NA,"Patrick",260160.9,2018-08-12 07:00:00,"M",46,NA,NA,190,"b3ee111d605043a0a3ca7cb7deba527b","CUS-2370108457",NA,NA,"debit","Sun","16:00:00","16","August"
"1522","authorized","1","ACC-1652235822","144.89","-37.81","POS","e47ba9b4-955d-49f3-b977-dc2977348d17","Renee",18309.37,2018-08-12 07:00:00,"F",38,"Melbourne","VIC",6.73,"93749ba0834f4d3aaccb1e093108b0e4","CUS-2206365095","144.96","-37.81","debit","Sun","16:19:11","16","August"
"1523","authorized","1","ACC-1598451071","153.41","-27.95","POS","be172563-5944-47ae-ad39-c01576a33450","Diana",797.95,2018-08-12 07:00:00,"F",26,"Melbourne","VIC",6.01,"a5b266c0900b453fbe71491650b88755","CUS-2487424745","144.97","-37.82","debit","Sun","16:39:35","16","August"
"1524","authorized","1","ACC-2259139624","144.66","-37.91","SALES-POS","ed5bf651-1c4f-4e04-a68b-9513e3c3dd8f","Cindy",4348.6,2018-08-12 07:00:00,"F",19,"Lakes Entrance","VIC",37.68,"ed9bde8dbc384b1d9caaacef3e6fffa7","CUS-3174332735","147.99","-37.88","debit","Sun","16:59:59","16","August"
"1525","posted",NA,"ACC-211792489","138.63","-34.93","PAYMENT",NA,"Jacqueline",2749.85,2018-08-12 07:00:00,"F",30,NA,NA,22,"d2d1662091a94e12a88ff18273e02567","CUS-497688347",NA,NA,"debit","Sun","17:00:00","17","August"
"1526","authorized","1","ACC-2673069055","152.99","-27.49","POS","e3cf89c5-875e-4d51-a835-ef0e3ecce6dd","Richard",16862.31,2018-08-12 07:00:00,"M",24,"Port Macquarie","NSW",7.27,"153e7390be0f4449b785df3ac19ef82f","CUS-51506836","152.91","-31.43","debit","Sun","17:18:10","17","August"
"1527","authorized","0","ACC-1652235822","144.89","-37.81","SALES-POS","7433e9fb-e8a6-428d-bee1-75430af5c2ae","Renee",18290.9,2018-08-12 07:00:00,"F",38,"Chirnside Park","VIC",18.47,"be8c91e12e684dd38e7f6133f63ea025","CUS-2206365095","145.31","-37.76","debit","Sun","17:36:21","17","August"
"1528","authorized","1","ACC-966140392","147.08","-37.97","SALES-POS","ac6175a9-eab7-4901-99d9-a3e5d46b16bb","Joseph",2531.21,2018-08-12 07:00:00,"M",21,"Mentone","VIC",17.01,"3f3f77027c474e8587264e0f8b77001e","CUS-537508723","145.07","-37.98","debit","Sun","17:54:32","17","August"
"1529","posted",NA,"ACC-3481401842","115.74","-31.72","INTER BANK",NA,"Tiffany",1585.76,2018-08-12 07:00:00,"F",25,NA,NA,124,"639db827c6d045c8bdb9135fc936a5dc","CUS-1669695324",NA,NA,"debit","Sun","18:00:00","18","August"
"1530","authorized","1","ACC-966140392","147.08","-37.97","POS","4c6dbe59-19c1-4fb7-8e1b-01ddd574619a","Joseph",2502.57,2018-08-12 07:00:00,"M",21,"Mckinnon","VIC",28.64,"c2048e42cc6942d3aef34df89ce07d16","CUS-537508723","145.03","-37.91","debit","Sun","18:18:55","18","August"
"1531","posted",NA,"ACC-1650504218","145.01","-37.93","PAYMENT",NA,"Marissa",3193.56,2018-08-12 07:00:00,"F",23,NA,NA,18,"aaff342cd25e4d0ba6839aecba155d7f","CUS-2500783281",NA,NA,"debit","Sun","19:00:00","19","August"
"1532","posted",NA,"ACC-37709441","153.41","-28.01","INTER BANK",NA,"Charles",3789.85,2018-08-12 07:00:00,"M",18,NA,NA,27,"61373dc70bfc4813b3ba77077178fa87","CUS-3336454548",NA,NA,"debit","Sun","19:00:00","19","August"
"1533","posted",NA,"ACC-2776252858","144.95","-37.76","PAYMENT",NA,"Kristin",176.66,2018-08-12 07:00:00,"F",43,NA,NA,178,"827e5f07de924c8fb8a8220d552acb97","CUS-4123612273",NA,NA,"debit","Sun","19:00:00","19","August"
"1534","authorized","1","ACC-3536132544","144.93","-37.79","POS","932b9301-65da-4718-aa78-679daba791fb","Heather",3097.82,2018-08-12 07:00:00,"F",41,"Doncaster","VIC",23.66,"92c6a4e56f534f9aa889c1fa4af81556","CUS-2348881191","145.13","-37.78","debit","Sun","19:43:30","19","August"
"1535","posted",NA,"ACC-240804743","121.48","-30.75","PAYMENT",NA,"Kenneth",4205.74,2018-08-12 07:00:00,"M",29,NA,NA,48,"3d27e8a8055244cda7cac82031b868d9","CUS-261674136",NA,NA,"debit","Sun","20:00:00","20","August"
"1536","posted",NA,"ACC-2897221629","150.90","-34.37","PAYMENT",NA,"Scott",913.77,2018-08-12 07:00:00,"M",23,NA,NA,42,"6c05db8cb95f453eaaf70d6693bd92b9","CUS-511326734",NA,NA,"debit","Sun","20:00:00","20","August"
"1537","authorized","1","ACC-414431115","142.77","-37.06","POS","df59f83b-b2e2-4625-85ba-58d31275e329","Amy",145.51,2018-08-12 07:00:00,"F",43,"Mansfield","VIC",29.71,"ff6b7a6484d84e2a90c845d4210c0941","CUS-2599279756","146.07","-37.05","debit","Sun","20:00:31","20","August"
"1538","authorized","1","ACC-2528867619","138.58","-34.96","SALES-POS","0a0b9723-63c1-4ac5-b679-7299fa3758bb","Abigail",3493.58,2018-08-12 07:00:00,"F",40,"Albany","WA",26.84,"b0e11a77d58c4147a316d5261ca9e273","CUS-2505971401","117.88","-35.03","debit","Sun","20:09:17","20","August"
"1539","authorized","1","ACC-3100725361","145.73","-17.03","SALES-POS","6f591854-1a34-48e3-b2a2-d17ff3019f5c","Ronald",1282.85,2018-08-12 07:00:00,"M",25,"Cairns City","QLD",14.49,"c82b5467d52047798cc8df5563e25ccc","CUS-2178051368","145.75","-16.88","debit","Sun","20:18:04","20","August"
"1540","authorized","1","ACC-2528867619","138.58","-34.96","POS","10a1d7f0-edd5-44db-b1df-26120c3fbb04","Abigail",3467.6,2018-08-12 07:00:00,"F",40,"Gungahlin","ACT",25.98,"ac0356567534496092a938db0d8b7892","CUS-2505971401","149.13","-35.18","debit","Sun","20:26:50","20","August"
"1541","authorized","1","ACC-3485804958","138.52","-35.01","SALES-POS","3e111141-2bd3-4035-b228-64c2e2092109","Jessica",15391.99,2018-08-12 07:00:00,"F",34,"Albany","WA",13.78,"a97375b16c194e418f7f2d73b4259de5","CUS-1196156254","117.88","-35.02","debit","Sun","20:35:36","20","August"
"1542","authorized","1","ACC-1598451071","153.41","-27.95","SALES-POS","9c7e1fd1-943f-4c33-ac5a-736c3b81e307","Diana",795.06,2018-08-12 07:00:00,"F",26,"Palm Beach","QLD",2.89,"a9a375f5f9ee466d9b3ec5f88a70333e","CUS-2487424745","153.47","-28.12","debit","Sun","20:53:09","20","August"
"1543","posted",NA,"ACC-154431271","153.09","-27.48","PAYMENT",NA,"Lori",1430.56,2018-08-12 07:00:00,"F",18,NA,NA,50,"3c2037cb9f3e4a3cba0192e243e22cc5","CUS-3702001629",NA,NA,"debit","Sun","21:00:00","21","August"
"1544","authorized","1","ACC-1598451071","153.41","-27.95","SALES-POS","9ebd2935-4904-4580-9d45-1c8122e30afc","Diana",751.15,2018-08-12 07:00:00,"F",26,"Pimpama","QLD",43.91,"f719c98a7c254fcc9890c5e41e7f927f","CUS-2487424745","153.32","-27.82","debit","Sun","21:01:24","21","August"
"1545","authorized","1","ACC-2673069055","152.99","-27.49","SALES-POS","7bd71991-b451-411e-8ec5-ab03fe2e4279","Richard",16847.9,2018-08-12 07:00:00,"M",24,"Sherwood","QLD",14.41,"d3934005cca048479ad00cd35fcfc359","CUS-51506836","152.98","-27.53","debit","Sun","21:07:49","21","August"
"1546","authorized","1","ACC-1222300524","151.23","-33.94","SALES-POS","04d91fae-917e-4815-be46-c4eb87b9add7","Michael",285.57,2018-08-12 07:00:00,"M",38,"Marrickville","NSW",9.8,"22b4d01045ba46cd881ab4c1fe09fe74","CUS-2142601169","151.16","-33.91","debit","Sun","21:14:13","21","August"
"1547","authorized","0","ACC-1652235822","144.89","-37.81","SALES-POS","4f28c3ab-53db-4053-a61d-6dc0bd5f0ff8","Renee",18281.26,2018-08-12 07:00:00,"F",38,"Chirnside Park","VIC",9.64,"010c5a159ac849d5b7a117ee613f3e8b","CUS-2206365095","145.31","-37.76","debit","Sun","21:20:38","21","August"
"1548","authorized","1","ACC-1608363396","151.22","-33.87","SALES-POS","561bf892-15a5-4bc7-b9c3-262df4acf0b1","Robert",3424.08,2018-08-12 07:00:00,"M",20,"Fairfield","NSW",88.87,"5b1dd5f65da14f5b9264858f06d171c8","CUS-2688605418","150.96","-33.87","debit","Sun","21:27:03","21","August"
"1549","authorized","1","ACC-1222300524","151.23","-33.94","SALES-POS","48b3eea8-ba57-4271-9b5d-ba3554f1b2ad","Michael",261.98,2018-08-12 07:00:00,"M",38,"Liverpool","NSW",23.59,"8aae79cb46834b259b688735af23e130","CUS-2142601169","150.92","-33.92","debit","Sun","21:33:27","21","August"
"1550","authorized","1","ACC-1598451071","153.41","-27.95","SALES-POS","b24fe67f-27b4-4336-9d7d-d931c55053d3","Diana",743.66,2018-08-12 07:00:00,"F",26,"Broadbeach Waters","QLD",7.49,"d6a346e3668741799d1e9ab429189c3b","CUS-2487424745","153.42","-28.03","debit","Sun","21:39:52","21","August"
"1551","authorized","0","ACC-1222300524","151.23","-33.94","POS","5c7008d4-2b8a-4232-bcf0-b42a300f9b0f","Michael",247.25,2018-08-12 07:00:00,"M",38,"Parramatta","NSW",14.73,"7ae0fc57f76341ed8dfcb26f69d19d3f","CUS-2142601169","151","-33.81","debit","Sun","21:46:16","21","August"
"1552","authorized","1","ACC-3100725361","145.73","-17.03","POS","a908bd17-47ad-499e-aedd-5129077ec30f","Ronald",1273.67,2018-08-12 07:00:00,"M",25,"Thornton","VIC",9.18,"ca5df87d75b4495ea0bf62d9c7a24d9d","CUS-2178051368","145.8","-37.26","debit","Sun","21:52:41","21","August"
"1553","authorized","1","ACC-1516130869","130.84","-12.45","SALES-POS","8689dbf3-5fc5-4fe4-aa1f-fd8416219660","Jessica",2151.32,2018-08-12 07:00:00,"F",21,"Darwin","NT",13.58,"b3cacbd55cd44579952402d5846b724b","CUS-325142416","130.84","-12.46","debit","Sun","21:59:06","21","August"
"1554","posted",NA,"ACC-602667573","151.23","-33.96","PAYMENT",NA,"Michael",2133.38,2018-08-12 07:00:00,"M",40,NA,NA,25,"da4e549315dc4870be634b71faf2cd4c","CUS-2031327464",NA,NA,"debit","Sun","22:00:00","22","August"
"1555","authorized","1","ACC-966140392","147.08","-37.97","SALES-POS","56144881-5000-45b0-a9ac-84f4d2165205","Joseph",2482.47,2018-08-12 07:00:00,"M",21,"Chelsea","VIC",20.1,"fc0c18b286ef4136b4e34a97a74032ac","CUS-537508723","145.12","-38.05","debit","Sun","22:16:13","22","August"
"1556","authorized","1","ACC-4274272854","145.23","-37.86","POS","d066992c-cfaf-4c4a-8d76-42844a72e355","Timothy",2346.27,2018-08-12 07:00:00,"M",20,"Altona Meadows","VIC",15.84,"8980f9651b2d43b896fe54a3f56a9b5b","CUS-2484453271","144.78","-37.87","debit","Sun","22:35:05","22","August"
"1557","authorized","1","ACC-3481401842","115.74","-31.72","POS","06bf749a-1db8-41fc-9f26-eb1683974516","Tiffany",1451.04,2018-08-12 07:00:00,"F",25,"Fortitude Valley","QLD",134.72,"f24c3ca495e34f139d470c13de91a3ee","CUS-1669695324","153.04","-27.45","debit","Sun","22:53:57","22","August"
"1558","authorized","0","ACC-4274272854","145.23","-37.86","SALES-POS","f1b609f1-d90b-41fe-97b1-8977c6c06d70","Timothy",2329.94,2018-08-12 07:00:00,"M",20,"Wyndham Vale","VIC",16.33,"c4bed06b7a6a462f88fc54321308bfc9","CUS-2484453271","144.59","-37.87","debit","Sun","23:25:11","23","August"
"1559","authorized","1","ACC-414431115","142.77","-37.06","SALES-POS","df59f83b-b2e2-4625-85ba-58d31275e329","Amy",115.38,2018-08-13 07:00:00,"F",43,"Mansfield","VIC",30.13,"148ac9724fc94ceeb7ac5933263764c9","CUS-2599279756","146.07","-37.05","debit","Mon","00:09:59","00","August"
"1560","authorized","0","ACC-966140392","147.08","-37.97","SALES-POS","6a61a773-11dd-4438-91dc-acffdc81bf59","Joseph",2472.46,2018-08-13 07:00:00,"M",21,"Lavington","NSW",10.01,"006f490ba5934da8865fd3979cb8d05d","CUS-537508723","146.93","-36.05","debit","Mon","01:53:50","01","August"
"1561","posted",NA,"ACC-3771436525","145.04","-37.92","PAYMENT",NA,"Derek",75.41,2018-08-13 07:00:00,"M",20,NA,NA,168,"df70913c4e8d4173bf8148958ab8c9ec","CUS-3325710106",NA,NA,"debit","Mon","02:00:00","02","August"
"1562","posted",NA,"ACC-1349834573","145.17","-37.84","INTER BANK",NA,"Matthew",6138.96,2018-08-13 07:00:00,"M",39,NA,NA,33,"0a7565dab7984d708fefbe2a58125127","CUS-1790886359",NA,NA,"debit","Mon","03:00:00","03","August"
"1563","posted",NA,"ACC-3084464802","145.15","-37.76","INTER BANK",NA,"Susan",3149.24,2018-08-13 07:00:00,"F",19,NA,NA,24,"f03aedf0aa2a4186b67dbbb664afcbb2","CUS-1928710999",NA,NA,"debit","Mon","03:00:00","03","August"
"1564","posted",NA,"ACC-819621312","145.04","-37.85","PAYMENT",NA,"Michele",1766.57,2018-08-13 07:00:00,"F",30,NA,NA,66,"aa33d7ebf9ee42a4a37e238c4ea0bf50","CUS-1271030853",NA,NA,"debit","Mon","04:00:00","04","August"
"1565","posted",NA,"ACC-2107684084","145.03","-37.88","PAYMENT",NA,"Richard",2164.96,2018-08-13 07:00:00,"M",22,NA,NA,34,"335df96f7983476a81385d6b73d1f83c","CUS-2283904812",NA,NA,"debit","Mon","05:00:00","05","August"
"1566","posted",NA,"ACC-559365433","147.31","-42.88","INTER BANK",NA,"Mary",1066.9,2018-08-13 07:00:00,"F",64,NA,NA,160,"206f31957d484f4f999b0b0163be8ed4","CUS-1654129794",NA,NA,"debit","Mon","06:00:00","06","August"
"1567","posted",NA,"ACC-1438600314","138.69","-34.84","PAYMENT",NA,"Maria",2417.32,2018-08-13 07:00:00,"F",35,NA,NA,35,"09a96554af2d41fbb6b6398369cccec5","CUS-2650223890",NA,NA,"debit","Mon","06:00:00","06","August"
"1568","posted",NA,"ACC-1608363396","151.22","-33.87","PAYMENT",NA,"Robert",3289.08,2018-08-13 07:00:00,"M",20,NA,NA,135,"4304f69e485c44d8b04e60da777a4c63","CUS-2688605418",NA,NA,"debit","Mon","06:00:00","06","August"
"1569","posted",NA,"ACC-1438600314","138.69","-34.84","PAYMENT",NA,"Maria",2297.32,2018-08-13 07:00:00,"F",35,NA,NA,120,"7ec38fa711914f99b129cb7b5fc14499","CUS-2650223890",NA,NA,"debit","Mon","07:00:00","07","August"
"1570","authorized","1","ACC-1222300524","151.23","-33.94","POS","6ffb6914-0de5-4322-b2ad-25bfad838eb7","Michael",245.15,2018-08-13 07:00:00,"M",38,"Lane Cove","NSW",2.1,"fc5675fbcc0c4266ba8653726c5ddf46","CUS-2142601169","151.17","-33.81","debit","Mon","07:35:33","07","August"
"1571","posted",NA,"ACC-3879258709","143.83","-37.66","INTER BANK",NA,"Natasha",190086.75,2018-08-13 07:00:00,"F",40,NA,NA,51,"8767bd14812246eaa726d20ee0f58e3f","CUS-527400765",NA,NA,"debit","Mon","08:00:00","08","August"
"1572","authorized","1","ACC-1199531521","116.02","-31.87","POS","c0fb68c6-935b-47ae-8594-e3da036d0f94","Billy",3175.5,2018-08-13 07:00:00,"M",52,"Gold Coast","QLD",27.15,"aa95da6fedc14f338fedefc3ccf1433a","CUS-134833760","153.36","-28","debit","Mon","08:20:31","08","August"
"1573","authorized","0","ACC-2897221629","150.90","-34.37","POS","783be575-8b6b-4823-be6a-35092df788fe","Scott",904.46,2018-08-13 07:00:00,"M",23,"Bella Vista","NSW",9.31,"c1ff6cdc31b54ddca823b706f8cf5a17","CUS-511326734","150.95","-33.73","debit","Mon","08:46:50","08","August"
"1574","posted",NA,"ACC-1650504218","145.01","-37.93","PAYMENT",NA,"Marissa",3039.56,2018-08-13 07:00:00,"F",23,NA,NA,154,"188a30b5ebf648a59b758c62bedc3f32","CUS-2500783281",NA,NA,"debit","Mon","09:00:00","09","August"
"1575","posted",NA,"ACC-1243371644","150.90","-33.78","PAYMENT",NA,"Gregory",1743.49,2018-08-13 07:00:00,"M",42,NA,NA,194,"1eb7c82786674064b2dd2834f3c39fd0","CUS-3904958894",NA,NA,"debit","Mon","09:00:00","09","August"
"1576","posted",NA,"ACC-2673069055","152.99","-27.49","INTER BANK",NA,"Richard",16808.9,2018-08-13 07:00:00,"M",24,NA,NA,39,"037f6182313f4f21af7033a8322a53ec","CUS-51506836",NA,NA,"debit","Mon","09:00:00","09","August"
"1577","authorized","1","ACC-3481401842","115.74","-31.72","POS","1d334244-2f5b-47f0-bee8-a3991b1828d5","Tiffany",1439.61,2018-08-13 07:00:00,"F",25,"Como","WA",11.43,"559290e4f2f64e858e60882503a2806b","CUS-1669695324","115.86","-31.99","debit","Mon","09:02:09","09","August"
"1578","authorized","1","ACC-966140392","147.08","-37.97","SALES-POS","248349a3-93c9-43bc-8fa6-0f8b69f351bd","Joseph",2461.14,2018-08-13 07:00:00,"M",21,"Waurn Ponds","VIC",11.32,"25fa29425f094c49bbbcb4cae0a964d8","CUS-537508723","144.32","-38.2","debit","Mon","09:06:29","09","August"
"1579","authorized","1","ACC-90814749","151.68","-32.98","SALES-POS","41d52afd-3bd3-4d29-bc43-93df414b0f1f","Christopher",7747.45,2018-08-13 07:00:00,"M",35,"Hexham","NSW",18.81,"cd131733b0ea452293c430aada02ec5d","CUS-1896554896","151.69","-32.85","debit","Mon","09:10:49","09","August"
"1580","authorized","1","ACC-2270192619","138.56","-35.27","SALES-POS","abfff73c-c3bc-4c4f-9186-97089567a434","Darren",9470.31,2018-08-13 07:00:00,"M",20,"Melba","ACT",5.27,"3424bdb434b34853963ab5c2d14d94f5","CUS-2110742437","149.05","-35.21","debit","Mon","09:15:09","09","August"
"1581","authorized","1","ACC-1222300524","151.23","-33.94","SALES-POS","2f8d2948-0840-4110-9132-7df7e7f3ee2d","Michael",237.74,2018-08-13 07:00:00,"M",38,"Mount Druitt","NSW",7.41,"9fbd74096cb54732885ff136ece717b7","CUS-2142601169","150.82","-33.77","debit","Mon","09:19:28","09","August"
"1582","authorized","1","ACC-1037050564","153.10","-27.66","SALES-POS","5536aa35-95c4-44d9-866b-fe3dbeec2446","Rhonda",1133.39,2018-08-13 07:00:00,"F",40,"Wynnum West","QLD",12.62,"6c4904d9d6f84656a8e4504280be9b00","CUS-1614226872","153.16","-27.46","debit","Mon","09:23:48","09","August"
"1583","authorized","1","ACC-966140392","147.08","-37.97","SALES-POS","cc0c026f-5ebb-4b23-b753-fb7a11f5c133","Joseph",2447.08,2018-08-13 07:00:00,"M",21,"Saint Kilda","VIC",14.06,"37ba1f8bea1f4471a57fcc15faeb37fd","CUS-537508723","144.98","-37.86","debit","Mon","09:28:08","09","August"
"1584","authorized","0","ACC-966140392","147.08","-37.97","SALES-POS","125e0d1e-b936-452d-93ad-b36eeb7cda80","Joseph",2436.33,2018-08-13 07:00:00,"M",21,"Belmont","VIC",10.75,"4b81567cef02445c8848de644d6814e9","CUS-537508723","144.34","-38.18","debit","Mon","09:32:28","09","August"
"1585","authorized","1","ACC-3536132544","144.93","-37.79","POS","a8538841-fa57-4618-b6f5-ae51662bffe5","Heather",3085.18,2018-08-13 07:00:00,"F",41,"Brunswick","VIC",12.64,"dddd77d6636c4b8497f088db92fa9073","CUS-2348881191","144.96","-37.77","debit","Mon","09:36:47","09","August"
"1586","authorized","1","ACC-1598451071","153.41","-27.95","POS","8450f2c4-45ce-41bc-aa05-25014aec43ee","Diana",729.2,2018-08-13 07:00:00,"F",26,"Helensvale","QLD",14.46,"48fbbc450d944adeb4209d9ea56860d4","CUS-2487424745","153.34","-27.91","debit","Mon","09:41:07","09","August"
"1587","authorized","1","ACC-2988263882","145.18","-37.90","SALES-POS","607e71c0-5ebc-4a78-9a71-906d68fcaa04","Michael",2972.71,2018-08-13 07:00:00,"M",44,"Forest Hill","VIC",25.85,"9d9002ff975040c5b5e16d474dad1dec","CUS-1233833708","145.17","-37.83","debit","Mon","09:45:27","09","August"
"1588","authorized","1","ACC-1516130869","130.84","-12.45","SALES-POS","3350174a-e801-4a9f-b8b8-aea6f075d792","Jessica",2117.78,2018-08-13 07:00:00,"F",21,"Ludmilla","NT",33.54,"0218710f42c0436cb7676ff753e76bed","CUS-325142416","130.86","-12.41","debit","Mon","09:49:47","09","August"
"1589","authorized","1","ACC-3100725361","145.73","-17.03","SALES-POS","814b74ef-67a5-472d-82f0-6c1dace99cf3","Ronald",1265.82,2018-08-13 07:00:00,"M",25,"Cobar","NSW",7.85,"9071980e300d4164a5831d8d55094c92","CUS-2178051368","145.84","-31.5","debit","Mon","09:54:06","09","August"
"1590","authorized","1","ACC-2173390920","144.71","-37.58","POS","f2dc53e7-1830-4e27-be3a-d7028446c121","Luis",1043.87,2018-08-13 07:00:00,"M",27,"Box Hill South","VIC",69.83,"8d29d4804af4428abe0c615f9232cd9f","CUS-3180318393","145.14","-37.83","debit","Mon","09:58:26","09","August"
"1591","posted",NA,"ACC-966140392","147.08","-37.97","PAYMENT",NA,"Joseph",2293.77,2018-08-13 07:00:00,"M",21,NA,NA,134,"bac9a5dbdbd24f8d83ddbfee480c700a","CUS-537508723",NA,NA,"debit","Mon","10:00:00","10","August"
"1592","authorized","1","ACC-966140392","147.08","-37.97","POS","9086ea81-45b4-474e-b4a8-c02122a8c889","Joseph",2427.77,2018-08-13 07:00:00,"M",21,"Western Junction","TAS",8.56,"7e90072ccadf47b0b48497cbbca86613","CUS-537508723","147.2","-41.54","debit","Mon","10:05:17","10","August"
"1593","authorized","1","ACC-1598451071","153.41","-27.95","POS","983a6731-95b8-4566-a5d4-540189ad384b","Diana",712.43,2018-08-13 07:00:00,"F",26,"Mudgeeraba","QLD",16.77,"be7c121ec6ee49b78722b91c63dfbee4","CUS-2487424745","153.35","-28.08","debit","Mon","10:13:33","10","August"
"1594","authorized","1","ACC-1598451071","153.41","-27.95","SALES-POS","f5ae2ba9-8ffc-4d9f-bb7f-4ef5439a096e","Diana",679.44,2018-08-13 07:00:00,"F",26,"Yatala","QLD",32.99,"6ef7df512f564caa924e5e96d7892a4b","CUS-2487424745","153.23","-27.76","debit","Mon","10:21:49","10","August"
"1595","authorized","1","ACC-1222300524","151.23","-33.94","POS","356f2efa-440f-4438-ad88-9415976f58f0","Michael",229.46,2018-08-13 07:00:00,"M",38,"Homebush West","NSW",8.28,"f7c5f102fb5c490daa7d8eec8513b48d","CUS-2142601169","151.07","-33.87","debit","Mon","10:30:04","10","August"
"1596","authorized","1","ACC-3233697971","151.04","-33.77","SALES-POS","3fc4f485-b90c-4029-8b7b-1eae6b668b4f","Robin",1640.51,2018-08-13 07:00:00,"F",34,"Muswellbrook South","NSW",39.77,"6fabd59f6e5d4a618a978910d60fed39","CUS-1147642491","150.9","-32.28","debit","Mon","10:38:20","10","August"
"1597","authorized","1","ACC-1598451071","153.41","-27.95","POS","16f75a10-939f-4d59-9eeb-fc87e424489c","Diana",667.83,2018-08-13 07:00:00,"F",26,"Broadbeach","QLD",11.61,"f4a6e510b0464d74a0a1c267b53614f6","CUS-2487424745","153.43","-28.03","debit","Mon","10:46:36","10","August"
"1598","authorized","1","ACC-3536132544","144.93","-37.79","POS","65e6eece-7402-414a-9b22-890a82ef8626","Heather",3073.89,2018-08-13 07:00:00,"F",41,"Melbourne","VIC",11.29,"89e63a72a9dd45afaf589561fbb76cd1","CUS-2348881191","144.96","-37.81","debit","Mon","10:54:52","10","August"
"1599","posted",NA,"ACC-3233697971","151.04","-33.77","PAY/SALARY",NA,"Robin",3351.9,2018-08-13 07:00:00,"F",34,NA,NA,1711.39,"10e7c5b7a5e7404fa5ce0152a5513111","CUS-1147642491",NA,NA,"credit","Mon","11:00:00","11","August"
"1600","posted",NA,"ACC-3233697971","151.04","-33.77","PAYMENT",NA,"Robin",3305.9,2018-08-13 07:00:00,"F",34,NA,NA,46,"287fcfdb2c6a4081a418209cbe298cd1","CUS-1147642491",NA,NA,"debit","Mon","11:00:00","11","August"
"1601","posted",NA,"ACC-3233697971","151.04","-33.77","PAYMENT",NA,"Robin",3226.9,2018-08-13 07:00:00,"F",34,NA,NA,79,"82a0454705c34862818e490eece0b081","CUS-1147642491",NA,NA,"debit","Mon","11:00:00","11","August"
"1602","posted",NA,"ACC-847145727","115.90","-31.92","PAYMENT",NA,"Michael",49942.18,2018-08-13 07:00:00,"M",19,NA,NA,37,"e2040db95d934b2596b2da1053296863","CUS-1609060617",NA,NA,"debit","Mon","11:00:00","11","August"
"1603","posted",NA,"ACC-1037050564","153.10","-27.66","PAY/SALARY",NA,"Rhonda",2025.48,2018-08-13 07:00:00,"F",40,NA,NA,892.09,"91082f097ab7414eae8ff699aa744ac7","CUS-1614226872",NA,NA,"credit","Mon","11:00:00","11","August"
"1604","posted",NA,"ACC-38923874","151.27","-33.90","PAYMENT",NA,"Ryan",31543.39,2018-08-13 07:00:00,"M",38,NA,NA,42,"ff93be94555d4c8186b587bcf6374547","CUS-3249305314",NA,NA,"debit","Mon","11:00:00","11","August"
"1605","posted",NA,"ACC-2265520058","151.27","-33.85","PAY/SALARY",NA,"Catherine",1853.29,2018-08-13 07:00:00,"F",26,NA,NA,1843.14,"10445868a8cc4e4e902adc255520d6db","CUS-331942311",NA,NA,"credit","Mon","11:00:00","11","August"
"1606","authorized","1","ACC-1598451071","153.41","-27.95","SALES-POS","86703c27-a871-4aab-ab19-5133e765c7dd","Diana",660.86,2018-08-13 07:00:00,"F",26,"Varsity Lakes","QLD",6.97,"c466176dcb414982bc67091055c4d1c2","CUS-2487424745","153.42","-28.09","debit","Mon","11:09:29","11","August"
"1607","authorized","1","ACC-4274272854","145.23","-37.86","POS","df53ac87-5ae2-4100-b92d-1e4684e83c49","Timothy",2314.25,2018-08-13 07:00:00,"M",20,"Hawthorn","VIC",15.69,"25d7065bafb9403582a707bfb0ce493d","CUS-2484453271","145.04","-37.82","debit","Mon","11:59:29","11","August"
"1608","posted",NA,"ACC-4274272854","145.23","-37.86","PAY/SALARY",NA,"Timothy",3955.08,2018-08-13 07:00:00,"M",20,NA,NA,1640.83,"cec50d338a5046fea8f2438993ba5c13","CUS-2484453271",NA,NA,"credit","Mon","12:00:00","12","August"
"1609","posted",NA,"ACC-2528867619","138.58","-34.96","PAYMENT",NA,"Abigail",3271.6,2018-08-13 07:00:00,"F",40,NA,NA,196,"7e695a563e4948e6bb979e9427c6f526","CUS-2505971401",NA,NA,"debit","Mon","12:00:00","12","August"
"1610","posted",NA,"ACC-1438600314","138.69","-34.84","PAY/SALARY",NA,"Maria",3160.27,2018-08-13 07:00:00,"F",35,NA,NA,862.95,"46411f95fa834298b4324ffb1581a57b","CUS-2650223890",NA,NA,"credit","Mon","12:00:00","12","August"
"1611","authorized","1","ACC-3481401842","115.74","-31.72","POS","5bef6f4d-3555-4b95-9419-bb8816864048","Tiffany",1427.39,2018-08-13 07:00:00,"F",25,"Ashburton","VIC",12.22,"a159c4d549c74aea85aab05f9a7c7989","CUS-1669695324","145.09","-37.86","debit","Mon","12:19:12","12","August"
"1612","authorized","1","ACC-3481401842","115.74","-31.72","SALES-POS","23c131de-6502-4ce9-8b0d-26e2582d37c0","Tiffany",1414.58,2018-08-13 07:00:00,"F",25,"Mandurah","WA",12.81,"c6b8eac4da004b51bed0e799642315e8","CUS-1669695324","115.73","-32.52","debit","Mon","12:38:49","12","August"
"1613","authorized","1","ACC-3100725361","145.73","-17.03","SALES-POS","f1741d09-69b2-4f5f-b1bd-6282476ef072","Ronald",1250.68,2018-08-13 07:00:00,"M",25,"Mareeba","QLD",15.14,"4c220aecc57c4222a09dbff69e394d3f","CUS-2178051368","145.43","-17.01","debit","Mon","12:58:25","12","August"
"1614","posted",NA,"ACC-2681137560","151.11","-33.99","PAY/SALARY",NA,"Nathaniel",2887.54,2018-08-13 07:00:00,"M",31,NA,NA,2886.52,"77b161f025244c5e9ad82a157fcf293b","CUS-2083971310",NA,NA,"credit","Mon","13:00:00","13","August"
"1615","posted",NA,"ACC-1496451953","145.16","-37.84","PAY/SALARY",NA,"Ricky",4980.61,2018-08-13 07:00:00,"M",43,NA,NA,2588.01,"a118bd4737ac4bd9a84f1fe1f0f252ae","CUS-3142625864",NA,NA,"credit","Mon","13:00:00","13","August"
"1616","posted",NA,"ACC-2173390920","144.71","-37.58","PAY/SALARY",NA,"Luis",2440.1,2018-08-13 07:00:00,"M",27,NA,NA,1396.23,"f2b79570548944c48f55b9f2ee9feac6","CUS-3180318393",NA,NA,"credit","Mon","13:00:00","13","August"
"1617","posted",NA,"ACC-2615038700","145.35","-38.03","PAY/SALARY",NA,"Emily",29573.4,2018-08-13 07:00:00,"F",43,NA,NA,664.43,"a8b946b318fa41509dad44e081a3fb7f","CUS-3255104878",NA,NA,"credit","Mon","13:00:00","13","August"
"1618","posted",NA,"ACC-4258502723","145.45","-37.74","PAY/SALARY",NA,"Kimberly",2179.91,2018-08-13 07:00:00,"F",24,NA,NA,1059.84,"58a6434c3c5042e493376afce6009331","CUS-3378712515",NA,NA,"credit","Mon","13:00:00","13","August"
"1619","posted",NA,"ACC-2249586092","115.98","-32.07","PAY/SALARY",NA,"Edward",5087.36,2018-08-13 07:00:00,"M",19,NA,NA,990.55,"bb21f590ac944842b5e5c318bf797e2e","CUS-443776336",NA,NA,"credit","Mon","13:00:00","13","August"
"1620","authorized","1","ACC-1222300524","151.23","-33.94","SALES-POS","596306e9-de9d-4ebb-8309-71088dafcf1d","Michael",130.53,2018-08-13 07:00:00,"M",38,"Bankstown","NSW",98.93,"87e7bdc08aa9496887dc8d8796e5c708","CUS-2142601169","151.04","-33.92","debit","Mon","13:22:26","13","August"
"1621","authorized","1","ACC-2970114956","144.89","-37.69","POS","e412ae01-abdb-434d-8016-10bba8b76c1a","Robert",5785.62,2018-08-13 07:00:00,"M",26,"Chirnside Park","VIC",5.93,"4b44087c15df4324968d6994c49824c0","CUS-880898248","145.31","-37.76","debit","Mon","13:46:49","13","August"
"1622","posted",NA,"ACC-4065652575","115.81","-31.82","PAYMENT",NA,"Lucas",5643.84,2018-08-13 07:00:00,"M",21,NA,NA,40,"550d0e9c780e4fb7bea94c219be9b494","CUS-1117979751",NA,NA,"debit","Mon","14:00:00","14","August"
"1623","posted",NA,"ACC-602667573","151.23","-33.96","PAY/SALARY",NA,"Michael",4413.74,2018-08-13 07:00:00,"M",40,NA,NA,2280.36,"f8aa1b40d0754848a48e99572c16d045","CUS-2031327464",NA,NA,"credit","Mon","14:00:00","14","August"
"1624","posted",NA,"ACC-3827517394","151.12","-33.89","PAYMENT",NA,"Craig",28980.39,2018-08-13 07:00:00,"M",28,NA,NA,20,"433253ecf2ce4610aaccd34f6fcd31b4","CUS-2663907001",NA,NA,"debit","Mon","14:00:00","14","August"
"1625","posted",NA,"ACC-3021093232","149.83","-29.47","PAY/SALARY",NA,"Melissa",3317.79,2018-08-13 07:00:00,"F",30,NA,NA,1636.72,"c622ae8fed24422fb4769272330ee01a","CUS-55310383",NA,NA,"credit","Mon","14:00:00","14","August"
"1626","authorized","0","ACC-2970114956","144.89","-37.69","POS","f9f244e9-3f3b-4a7a-ba03-e9c5fae5bac1","Robert",5779.82,2018-08-13 07:00:00,"M",26,"Saint Helena","VIC",5.8,"37d85e955e0c44dbb8cca212906264b1","CUS-880898248","145.14","-37.68","debit","Mon","14:11:47","14","August"
"1627","authorized","0","ACC-1903037542","153.05","-27.61","SALES-POS","9d51aada-0f7e-4664-aa5d-6119a888f759","Jeffrey",805.63,2018-08-13 07:00:00,"M",30,"Sydney","NSW",92.22,"6b9ac52f32fe496e9fcfde4279b4baf6","CUS-860700529","151.21","-33.87","debit","Mon","14:37:26","14","August"
"1628","posted",NA,"ACC-819621312","145.04","-37.85","INTER BANK",NA,"Michele",1711.57,2018-08-13 07:00:00,"F",30,NA,NA,55,"137c7fc4392b418c8945779def0b997a","CUS-1271030853",NA,NA,"debit","Mon","15:00:00","15","August"
"1629","posted",NA,"ACC-1650504218","145.01","-37.93","PAYMENT",NA,"Marissa",3017.56,2018-08-13 07:00:00,"F",23,NA,NA,22,"cc3a4b6936274400b62f833b72efbb30","CUS-2500783281",NA,NA,"debit","Mon","15:00:00","15","August"
"1630","authorized","0","ACC-1890605467","143.88","-37.66","POS","abe979df-9b1d-42a2-a04a-180eed06d77d","Alexander",8887.29,2018-08-13 07:00:00,"M",38,"Ballarat Central","VIC",21.88,"40f0411653ba4ba4a2bf3bf4e769dc3e","CUS-1478398256","143.85","-37.56","debit","Mon","15:02:26","15","August"
"1631","authorized","1","ACC-1334819143","145.13","-37.70","SALES-POS","ff61dd5e-938a-4acb-a1fd-03d1d2fbba4e","Christopher",56915.98,2018-08-13 07:00:00,"M",33,"Sydney","NSW",156.6,"bb13a963a62040428a8552d90804ffc1","CUS-3117610635","151.21","-33.87","debit","Mon","15:22:51","15","August"
"1632","authorized","1","ACC-2897221629","150.90","-34.37","SALES-POS","5c307474-227b-4344-b307-54ef0e0e8826","Scott",871.68,2018-08-13 07:00:00,"M",23,"Jamisontown","NSW",32.78,"23cdd8bba3d14e6baa3124d691d4c6a1","CUS-511326734","150.67","-33.77","debit","Mon","15:43:15","15","August"
"1633","authorized","0","ACC-1903037542","153.05","-27.61","SALES-POS","e9195c52-7050-454d-aa27-bad1ad4b4ee0","Jeffrey",529.38,2018-08-13 07:00:00,"M",30,"Sydney","NSW",276.25,"1c9827d6913a4338b70ff1e7e654df32","CUS-860700529","151.21","-33.88","debit","Mon","16:05:17","16","August"
"1634","authorized","0","ACC-3100725361","145.73","-17.03","SALES-POS","635f3dfb-bead-4f60-9a01-0acc24dc4f46","Ronald",1232.96,2018-08-13 07:00:00,"M",25,"Orange","NSW",17.72,"0ee4338f2b784f0abd905fb282c6d318","CUS-2178051368","149.1","-33.29","debit","Mon","16:34:42","16","August"
"1635","posted",NA,"ACC-847145727","115.90","-31.92","PAY/SALARY",NA,"Michael",52796.92,2018-08-13 07:00:00,"M",19,NA,NA,2854.74,"7b882ac44a6043c6a8c7ec0aa4d84207","CUS-1609060617",NA,NA,"credit","Mon","17:00:00","17","August"
"1636","posted",NA,"ACC-3084464802","145.15","-37.76","PAYMENT",NA,"Susan",3113.24,2018-08-13 07:00:00,"F",19,NA,NA,36,"abf0599af52140d390596cc9a7c2f209","CUS-1928710999",NA,NA,"debit","Mon","17:00:00","17","August"
"1637","posted",NA,"ACC-3827517394","151.12","-33.89","PAY/SALARY",NA,"Craig",33035.16,2018-08-13 07:00:00,"M",28,NA,NA,4054.77,"05f95c09b465486b8979293114ec6a8a","CUS-2663907001",NA,NA,"credit","Mon","17:00:00","17","August"
"1638","posted",NA,"ACC-4258502723","145.45","-37.74","PAYMENT",NA,"Kimberly",2126.91,2018-08-13 07:00:00,"F",24,NA,NA,53,"f753d58272ae4908850f080ad8d2c036","CUS-3378712515",NA,NA,"debit","Mon","17:00:00","17","August"
"1639","authorized","1","ACC-2305712452","138.61","-34.89","SALES-POS","8338b188-add5-4e2d-aa6c-4c17fd4f158f","Debra",683.82,2018-08-13 07:00:00,"F",18,"West Lakes","SA",18.41,"247afa681d1e44f9b259b7dbb7c0dc59","CUS-1842679196","138.49","-34.88","debit","Mon","17:04:30","17","August"
"1640","authorized","0","ACC-2890243754","153.32","-27.93","POS","c597a99d-4f04-4f19-ac71-84a31d77cbba","Joseph",1464.43,2018-08-13 07:00:00,"M",37,"Goonellabah","NSW",15.08,"1f18f23f98e045a1a0eb917a289f927d","CUS-2695611575","153.34","-28.81","debit","Mon","17:36:46","17","August"
"1641","authorized","1","ACC-2828321672","153.03","-27.51","POS","d397880f-8fb7-4dea-ad87-acb67828c476","Stephanie",520.65,2018-08-13 07:00:00,"F",53,"South Brisbane","QLD",13.08,"4475ebbe05d64026893a12bf37bcff67","CUS-1005756958","153.02","-27.48","debit","Mon","18:09:39","18","August"
"1642","authorized","0","ACC-3485804958","138.52","-35.01","SALES-POS","5a72f2e6-6ec1-49bf-be27-c9efd7eeb027","Jessica",15363.14,2018-08-13 07:00:00,"F",34,"Reynella","SA",28.85,"e2fab73e20194b66aa2a7cfa6505d16c","CUS-1196156254","138.54","-35.1","debit","Mon","18:44:08","18","August"
"1643","posted",NA,"ACC-1973887809","115.78","-31.90","PAYMENT",NA,"Antonio",1079.66,2018-08-13 07:00:00,"M",26,NA,NA,106,"3a22f59911084bc1a6423fb6642b1711","CUS-1646621553",NA,NA,"debit","Mon","19:00:00","19","August"
"1644","posted",NA,"ACC-37709441","153.41","-28.01","PAYMENT",NA,"Charles",3734.85,2018-08-13 07:00:00,"M",18,NA,NA,55,"117eec4ce1f146139714b3d1036f2eb8","CUS-3336454548",NA,NA,"debit","Mon","19:00:00","19","August"
"1645","authorized","1","ACC-1598451071","153.41","-27.95","POS","2923fb5b-08fe-468c-8c95-e8529b75f52c","Diana",618.86,2018-08-13 07:00:00,"F",26,"Ballina","NSW",42,"9efccee0adc740f185b8142ce9abb846","CUS-2487424745","153.56","-28.87","debit","Mon","19:22:29","19","August"
"1646","posted",NA,"ACC-2920611728","144.96","-37.76","PAYMENT",NA,"Tyler",2679.42,2018-08-13 07:00:00,"M",69,NA,NA,64,"b3315b5655e340088115b3965b200c70","CUS-1388323263",NA,NA,"debit","Mon","20:00:00","20","August"
"1647","posted",NA,"ACC-2650850707","148.16","-23.52","PAYMENT",NA,"Brian",106143.58,2018-08-13 07:00:00,"M",42,NA,NA,33,"1d94bb2b3c40444f8d8ba0540e178f5f","CUS-2819545904",NA,NA,"debit","Mon","20:00:00","20","August"
"1648","posted",NA,"ACC-154431271","153.09","-27.48","PAYMENT",NA,"Lori",1369.56,2018-08-13 07:00:00,"F",18,NA,NA,61,"f4b953befa2645d5a33eb7f87f535ce1","CUS-3702001629",NA,NA,"debit","Mon","20:00:00","20","August"
"1649","authorized","1","ACC-1903037542","153.05","-27.61","SALES-POS","ab60c859-f944-407c-b7ff-fd3a91c77ad2","Jeffrey",489.32,2018-08-13 07:00:00,"M",30,"North Lakes","QLD",40.06,"4a9fa2c528eb4126a9e64ca3ae958e31","CUS-860700529","153.02","-27.23","debit","Mon","20:01:35","20","August"
"1650","authorized","0","ACC-1598451071","153.41","-27.95","POS","9c722f27-2495-4ca1-a7ec-562652a3b98c","Diana",613.19,2018-08-13 07:00:00,"F",26,"Coombabah","QLD",5.67,"151bc7707d5d4c6aa4bda36b2e670fbe","CUS-2487424745","153.36","-27.92","debit","Mon","20:17:27","20","August"
"1651","authorized","1","ACC-1598451071","153.41","-27.95","POS","c8aad76d-c301-46ff-a583-3e25822ef861","Diana",601.95,2018-08-13 07:00:00,"F",26,"Palm Beach","QLD",11.24,"717bd033c77145078ea62480030fff8f","CUS-2487424745","153.45","-28.12","debit","Mon","20:33:19","20","August"
"1652","authorized","1","ACC-1516130869","130.84","-12.45","SALES-POS","5941cc0a-79e8-452f-a976-c4e9d2723ff9","Jessica",2110.25,2018-08-13 07:00:00,"F",21,"Darwin City","NT",7.53,"e2d22f93f110468fae21adff4c8015b2","CUS-325142416","130.84","-12.46","debit","Mon","20:49:12","20","August"
"1653","authorized","1","ACC-414431115","142.77","-37.06","SALES-POS","12199c94-c98a-454d-86c7-330b9d109260","Amy",38.84,2018-08-13 07:00:00,"F",43,"Newstead","QLD",76.54,"8603249c82b24c9ca70855aa0ea5f99e","CUS-2599279756","153.04","-27.45","debit","Mon","21:03:59","21","August"
"1654","authorized","0","ACC-1598451071","153.41","-27.95","SALES-POS","9e569918-b62e-4730-a005-63940408281d","Diana",589.31,2018-08-13 07:00:00,"F",26,"Mermaid Beach","QLD",12.64,"6a87adbdc73345f6a7bc7cba1d9aed8a","CUS-2487424745","153.44","-28.06","debit","Mon","21:16:29","21","August"
"1655","authorized","1","ACC-1598451071","153.41","-27.95","SALES-POS","e2064305-56ce-40e0-87fe-bdc819c3a026","Diana",585.76,2018-08-13 07:00:00,"F",26,"Southport","QLD",3.55,"d67c77c0956548b8a7b5f2a8e21db138","CUS-2487424745","153.41","-27.99","debit","Mon","21:41:29","21","August"
"1656","authorized","1","ACC-3536132544","144.93","-37.79","SALES-POS","dca69e7f-551f-49a1-baf6-732f61a230de","Heather",3031.11,2018-08-13 07:00:00,"F",41,"Nunawading","VIC",42.78,"f120aa91f635461bb69753da7690e225","CUS-2348881191","145.18","-37.82","debit","Mon","21:53:59","21","August"
"1657","posted",NA,"ACC-854938045","147.63","-22.84","PAYMENT",NA,"James",8425.71,2018-08-13 07:00:00,"M",28,NA,NA,84,"c2608d83a53f43a68bb50b5bfe767457","CUS-4023861240",NA,NA,"debit","Mon","22:00:00","22","August"
"1658","posted",NA,"ACC-2249586092","115.98","-32.07","PAYMENT",NA,"Edward",5056.36,2018-08-13 07:00:00,"M",19,NA,NA,31,"ba923cb7c967490bbc21e028d846ff3e","CUS-443776336",NA,NA,"debit","Mon","22:00:00","22","August"
"1659","authorized","1","ACC-1598451071","153.41","-27.95","SALES-POS","a5d2b1a8-57be-4f3b-90c5-6b0d08a6c5e9","Diana",579.32,2018-08-13 07:00:00,"F",26,"Main Beach","QLD",6.44,"4ecbc0b644c84676a9a9da4e2d72d921","CUS-2487424745","153.43","-27.98","debit","Mon","22:15:17","22","August"
"1660","authorized","1","ACC-2673069055","152.99","-27.49","SALES-POS","2fd21fb5-17b0-44d5-9f15-1e7eb76f859b","Richard",16786.83,2018-08-13 07:00:00,"M",24,"Saint Lucia","QLD",22.07,"bc7b121be11d40f7a9a44a9e5d697523","CUS-51506836","153.01","-27.5","debit","Mon","22:44:42","22","August"
"1661","posted",NA,"ACC-2970114956","144.89","-37.69","PAYMENT",NA,"Robert",5718.82,2018-08-13 07:00:00,"M",26,NA,NA,61,"fe630b1a722645c18115301c81f573e9","CUS-880898248",NA,NA,"debit","Mon","23:00:00","23","August"
"1662","authorized","1","ACC-2920611728","144.96","-37.76","SALES-POS","e1c47887-675b-48a7-9a4f-5f9fc51e6f0c","Tyler",2660.61,2018-08-13 07:00:00,"M",69,"Brighton","VIC",18.81,"f608808ac8034fdf836f696a0dac394e","CUS-1388323263","144.99","-37.91","debit","Mon","23:59:59","23","August"
"1663","authorized","1","ACC-854938045","147.63","-22.84","SALES-POS","a334a579-ab5a-4f27-99fd-434463233507","James",8395.93,2018-08-14 07:00:00,"M",28,"Carlton","VIC",29.78,"f666efa236994571b48c127f83abe0b9","CUS-4023861240","144.96","-37.8","debit","Tue","01:01:28","01","August"
"1664","authorized","1","ACC-3326339947","151.18","-33.80","POS","1721f0a6-7e7c-4eb0-98a8-63317be6be65","Eric",3508.28,2018-08-14 07:00:00,"M",22,"Carlingford","NSW",26.02,"711cb834816e480c8d32b0d749fa11fa","CUS-326006476","151.05","-33.78","debit","Tue","01:38:31","01","August"
"1665","posted",NA,"ACC-1598451071","153.41","-27.95","INTER BANK",NA,"Diana",559.32,2018-08-14 07:00:00,"F",26,NA,NA,20,"c73ec90c9fa14290915adb97f90664a5","CUS-2487424745",NA,NA,"debit","Tue","02:00:00","02","August"
"1666","posted",NA,"ACC-3233697971","151.04","-33.77","PAYMENT",NA,"Robin",3053.9,2018-08-14 07:00:00,"F",34,NA,NA,173,"a9604842afd34666a638450bb8984211","CUS-1147642491",NA,NA,"debit","Tue","03:00:00","03","August"
"1667","posted",NA,"ACC-2901672282","255.00","-573.00","PAYMENT",NA,"Daniel",1738.81,2018-08-14 07:00:00,"M",22,NA,NA,136,"4e6226b9878f4f919f5357b6cae1a1da","CUS-1617121891",NA,NA,"debit","Tue","03:00:00","03","August"
"1668","posted",NA,"ACC-2231965366","144.96","-37.84","INTER BANK",NA,"Linda",3451.29,2018-08-14 07:00:00,"F",35,NA,NA,17,"1701e36c561d47bebe67837b34f07464","CUS-2155701614",NA,NA,"debit","Tue","03:00:00","03","August"
"1669","posted",NA,"ACC-240804743","121.48","-30.75","PHONE BANK",NA,"Kenneth",4162.74,2018-08-14 07:00:00,"M",29,NA,NA,43,"851fbbd69b60413f8014317f7ba32ffc","CUS-261674136",NA,NA,"debit","Tue","03:00:00","03","August"
"1670","posted",NA,"ACC-211792489","138.63","-34.93","PAYMENT",NA,"Jacqueline",2600.85,2018-08-14 07:00:00,"F",30,NA,NA,149,"4d446dca31cf4e84b646be37d02c28df","CUS-497688347",NA,NA,"debit","Tue","03:00:00","03","August"
"1671","posted",NA,"ACC-1788473090","145.06","-37.95","INTER BANK",NA,"Rachael",1909.84,2018-08-14 07:00:00,"F",21,NA,NA,20,"63540c3be7234f18bcc7ae51d5709c2f","CUS-134193016",NA,NA,"debit","Tue","04:00:00","04","August"
"1672","posted",NA,"ACC-1438600314","138.69","-34.84","PAYMENT",NA,"Maria",2985.27,2018-08-14 07:00:00,"F",35,NA,NA,175,"8d1ac70f4cb94257923bc3a735d5844b","CUS-2650223890",NA,NA,"debit","Tue","04:00:00","04","August"
"1673","posted",NA,"ACC-3827517394","151.12","-33.89","PAYMENT",NA,"Craig",33005.16,2018-08-14 07:00:00,"M",28,NA,NA,30,"deffcc48929449c0b1a78babfa3e23ea","CUS-2663907001",NA,NA,"debit","Tue","04:00:00","04","August"
"1674","posted",NA,"ACC-1496451953","145.16","-37.84","PAYMENT",NA,"Ricky",4909.61,2018-08-14 07:00:00,"M",43,NA,NA,71,"a4b9ec6da3ae445b8035de2bb1cbdd81","CUS-3142625864",NA,NA,"debit","Tue","04:00:00","04","August"
"1675","authorized","1","ACC-3879258709","143.83","-37.66","SALES-POS","56e6e402-e7c4-4ac8-a287-59a04a1bdd93","Natasha",190016.02,2018-08-14 07:00:00,"F",40,"Lucas","VIC",70.73,"6c42333b16084f40bdd00ff964fd4b61","CUS-527400765","143.78","-37.54","debit","Tue","04:13:02","04","August"
"1676","authorized","1","ACC-2897221629","150.90","-34.37","POS","dfefa6cc-94ec-4d12-8583-e7d71a7fc8f4","Scott",863.94,2018-08-14 07:00:00,"M",23,"Silverwater","NSW",7.74,"c581c46d7f6c4372ad8042c98ddbebf4","CUS-511326734","151.04","-33.84","debit","Tue","04:56:31","04","August"
"1677","posted",NA,"ACC-1890605467","143.88","-37.66","INTER BANK",NA,"Alexander",8845.29,2018-08-14 07:00:00,"M",38,NA,NA,42,"e0ffbdc398e643b5b2e60dd07d4fce98","CUS-1478398256",NA,NA,"debit","Tue","05:00:00","05","August"
"1678","posted",NA,"ACC-958000567","130.90","-12.37","PAYMENT",NA,"Sandra",2778.97,2018-08-14 07:00:00,"F",34,NA,NA,20,"0a0ee5dd8bae4c16b8580e3c648f96b0","CUS-4142663097",NA,NA,"debit","Tue","05:00:00","05","August"
"1679","posted",NA,"ACC-354106658","151.04","-33.80","PAYMENT",NA,"Christine",3961.17,2018-08-14 07:00:00,"F",39,NA,NA,21,"e43b61ec005b49eeb406776ebd57c28c","CUS-2376382098",NA,NA,"debit","Tue","06:00:00","06","August"
"1680","posted",NA,"ACC-2270192619","138.56","-35.27","PAYMENT",NA,"Darren",9431.31,2018-08-14 07:00:00,"M",20,NA,NA,39,"f0f23b3f52a349a4a0fa3b7bdcc3c381","CUS-2110742437",NA,NA,"debit","Tue","07:00:00","07","August"
"1681","posted",NA,"ACC-4274272854","145.23","-37.86","PAYMENT",NA,"Timothy",3921.08,2018-08-14 07:00:00,"M",20,NA,NA,34,"7f283de5489248ee8f68b524b5b39c7b","CUS-2484453271",NA,NA,"debit","Tue","07:00:00","07","August"
"1682","posted",NA,"ACC-1598451071","153.41","-27.95","PAYMENT",NA,"Diana",523.32,2018-08-14 07:00:00,"F",26,NA,NA,36,"4e4bdd976ec349e8b825e8e8729f8f5d","CUS-2487424745",NA,NA,"debit","Tue","07:00:00","07","August"
"1683","authorized","1","ACC-966140392","147.08","-37.97","SALES-POS","5c7e5efa-4a1f-474c-9423-797540a56bc0","Joseph",2278.59,2018-08-14 07:00:00,"M",21,"Saint Albans","VIC",15.18,"5b785b0473fe4153a415a5d329468bb4","CUS-537508723","144.8","-37.74","debit","Tue","07:27:29","07","August"
"1684","posted",NA,"ACC-2231965366","144.96","-37.84","PAYMENT",NA,"Linda",3415.29,2018-08-14 07:00:00,"F",35,NA,NA,36,"b43aa722339546dba0f08fc9db8addea","CUS-2155701614",NA,NA,"debit","Tue","08:00:00","08","August"
"1685","authorized","1","ACC-182446574","116.06","-32.00","POS","d5d59058-2871-478d-9329-1ae2fd171cc9","Tonya",2026.13,2018-08-14 07:00:00,"F",27,"Jandakot","WA",22.46,"0ad8b7dad0f64a1ea2904aa096b48b1b","CUS-3026014945","115.87","-32.09","debit","Tue","08:08:25","08","August"
"1686","authorized","1","ACC-2897221629","150.90","-34.37","SALES-POS","f521141e-006c-4aa9-a589-9994ff20e55a","Scott",841.07,2018-08-14 07:00:00,"M",23,"Old Toongabbie","NSW",22.87,"2aefa413dc1741b282178d1c0ea4c773","CUS-511326734","150.97","-33.79","debit","Tue","08:25:57","08","August"
"1687","authorized","1","ACC-966140392","147.08","-37.97","POS","cd6c7273-2edc-4b22-8dd9-032915e86916","Joseph",2252.19,2018-08-14 07:00:00,"M",21,"Seaford","VIC",26.4,"d4efc224340549f6a66290bdb3088baa","CUS-537508723","145.13","-38.09","debit","Tue","08:43:30","08","August"
"1688","posted",NA,"ACC-3827517394","151.12","-33.89","INTER BANK",NA,"Craig",32976.16,2018-08-14 07:00:00,"M",28,NA,NA,29,"ef70be433e9c43478600647e00a655c4","CUS-2663907001",NA,NA,"debit","Tue","09:00:00","09","August"
"1689","posted",NA,"ACC-1710017148","150.82","-34.01","PAYMENT",NA,"Michelle",4157.66,2018-08-14 07:00:00,"F",19,NA,NA,54,"c9ba1b6d62414daeb8b6c08d7e9f9f6b","CUS-883482547",NA,NA,"debit","Tue","09:00:00","09","August"
"1690","authorized","1","ACC-2173390920","144.71","-37.58","POS","9a7ddd5a-70d5-4c22-bdf4-d2faa8cae8fe","Luis",2406.73,2018-08-14 07:00:00,"M",27,"Craigieburn","VIC",33.37,"9815f29f949848f991a9b535910b9744","CUS-3180318393","144.91","-37.59","debit","Tue","09:00:15","09","August"
"1691","authorized","1","ACC-966140392","147.08","-37.97","POS","3c74a77d-4845-47e4-a9eb-719adc4fb045","Joseph",2242.53,2018-08-14 07:00:00,"M",21,"Langwarrin","VIC",9.66,"d2707a22198441199d5465640ceb4419","CUS-537508723","145.2","-38.15","debit","Tue","09:04:36","09","August"
"1692","authorized","1","ACC-2265520058","151.27","-33.85","POS","a41ea38b-0b76-482e-86fc-9e2e48cd148d","Catherine",1845.73,2018-08-14 07:00:00,"F",26,"Katoomba","NSW",7.56,"099b126f2d5c4b4ca8fced8d88ae6a79","CUS-331942311","150.31","-33.72","debit","Tue","09:08:57","09","August"
"1693","authorized","1","ACC-4258502723","145.45","-37.74","POS","24d7bc70-27a9-44a6-a5cf-e7c91412ee44","Kimberly",2111.96,2018-08-14 07:00:00,"F",24,"Fitzroy","VIC",14.95,"b0d3c5dfc62f47bea9ef6bacf71ce4bb","CUS-3378712515","144.98","-37.81","debit","Tue","09:13:18","09","August"
"1694","authorized","1","ACC-2173390920","144.71","-37.58","SALES-POS","88e9a384-ca78-4520-8e67-2ecf34555d1f","Luis",2357.85,2018-08-14 07:00:00,"M",27,"Mill Park","VIC",48.88,"a2020c47216041c7b2cb8ee2b58fee6e","CUS-3180318393","145.07","-37.65","debit","Tue","09:17:39","09","August"
"1695","authorized","1","ACC-354106658","151.04","-33.80","SALES-POS","5be22823-81f9-478a-9608-b932473ed1b4","Christine",3676.25,2018-08-14 07:00:00,"F",39,"Barangaroo","NSW",284.92,"e1f6216f8d2c4ca79c913982a79b4b65","CUS-2376382098","151.2","-33.87","debit","Tue","09:21:59","09","August"
"1696","authorized","1","ACC-3481401842","115.74","-31.72","POS","5e31c726-667e-4b0a-afd1-ab3148311757","Tiffany",1407.55,2018-08-14 07:00:00,"F",25,"Clarkson","WA",7.03,"bb605510e55e4c8eb29e62d90a469d4e","CUS-1669695324","115.73","-31.69","debit","Tue","09:26:20","09","August"
"1697","authorized","1","ACC-3326339947","151.18","-33.80","POS","91982bed-cf7f-4a5e-a483-04a4770a54fb","Eric",3492.36,2018-08-14 07:00:00,"M",22,"Beaconsfield","NSW",15.92,"44bab76757374cb3a52b9872f6c08884","CUS-326006476","151.2","-33.91","debit","Tue","09:30:41","09","August"
"1698","authorized","0","ACC-1349834573","145.17","-37.84","POS","583b5c19-f8a4-4559-bfbd-81bc6264759c","Matthew",6107.81,2018-08-14 07:00:00,"M",39,"Newport","VIC",31.15,"17bcc2610ec94967b65aeff5ab4ebcbf","CUS-1790886359","144.87","-37.85","debit","Tue","09:35:02","09","August"
"1699","authorized","1","ACC-1598451071","153.41","-27.95","SALES-POS","a01f26fd-0a90-4522-9206-687a8091125c","Diana",508.23,2018-08-14 07:00:00,"F",26,"Labrador","QLD",15.09,"34ee211ea4e04e52a7f0e62e4b107dec","CUS-2487424745","153.4","-27.94","debit","Tue","09:39:23","09","August"
"1700","authorized","1","ACC-414431115","142.77","-37.06","POS","3ca72510-6f2b-4705-8ec3-e09d10afab20","Amy",25.97,2018-08-14 07:00:00,"F",43,"Castlemaine","VIC",12.87,"979f5e85039e41a2a067004fc512248e","CUS-2599279756","144.22","-37.07","debit","Tue","09:43:44","09","August"
"1701","authorized","1","ACC-3879258709","143.83","-37.66","SALES-POS","35b7dcfe-3f60-4c25-a8e3-2891c0170a02","Natasha",189986.01,2018-08-14 07:00:00,"F",40,"Nangwarry","SA",30.01,"12d00ee4bec540debbf96e77abf57263","CUS-527400765","140.81","-37.54","debit","Tue","09:48:05","09","August"
"1702","authorized","1","ACC-1516130869","130.84","-12.45","POS","b86174d0-b408-4142-80e6-8fabd82663b1","Jessica",2102.16,2018-08-14 07:00:00,"F",21,"Ludmilla","NT",8.09,"1a3a0218a06a460cb6c27432a3864992","CUS-325142416","130.86","-12.41","debit","Tue","09:52:26","09","August"
"1703","authorized","0","ACC-1598451071","153.41","-27.95","SALES-POS","a7df322f-dfe8-48cc-855b-c0659f039b92","Diana",497.67,2018-08-14 07:00:00,"F",26,"Southport","QLD",10.56,"2d43fb0ddbe1461b85bb0e9c95709c64","CUS-2487424745","153.41","-27.97","debit","Tue","09:56:46","09","August"
"1704","posted",NA,"ACC-1890605467","143.88","-37.66","PAYMENT",NA,"Alexander",8291.29,2018-08-14 07:00:00,"M",38,NA,NA,554,"a205a1dd70b14c528739352561e8b5e8","CUS-1478398256",NA,NA,"debit","Tue","10:00:00","10","August"
"1705","authorized","0","ACC-1799207998","150.68","-33.79","POS","3baea83f-fd89-4630-bb0f-26360ea65796","Susan",2306.06,2018-08-14 07:00:00,"F",20,"Auburn","NSW",69.49,"49fdced5439045f8b6b646bf611300e8","CUS-164374203","151.02","-33.84","debit","Tue","10:02:35","10","August"
"1706","authorized","1","ACC-2305712452","138.61","-34.89","POS","41704e57-9232-45e2-92a3-985dd62e356c","Debra",570.58,2018-08-14 07:00:00,"F",18,"Darwin City","NT",113.24,"594ca2dde0eb49478795c381e897e0fd","CUS-1842679196","130.84","-12.46","debit","Tue","10:12:35","10","August"
"1707","authorized","1","ACC-3481401842","115.74","-31.72","SALES-POS","8e83c95f-f8d1-44c1-8cc1-a06fc34b5482","Tiffany",1393.73,2018-08-14 07:00:00,"F",25,"Annerley","QLD",13.82,"26857d48f05c4dcab1d89267483325a9","CUS-1669695324","153.03","-27.5","debit","Tue","10:22:35","10","August"
"1708","authorized","1","ACC-2901672282","255.00","-573.00","SALES-POS","939bffd8-e25b-48c5-b847-c0533eb188a3","Daniel",1678.42,2018-08-14 07:00:00,"M",22,"Sydney","NSW",60.39,"601836ad7feb49c4895ba89d8128efd1","CUS-1617121891","151.21","-33.87","debit","Tue","10:32:35","10","August"
"1709","authorized","1","ACC-1334819143","145.13","-37.70","SALES-POS","def7d3ad-50ef-48e1-a75e-fce2a91b7774","Christopher",56884.03,2018-08-14 07:00:00,"M",33,"Brunswick","VIC",31.95,"b83ae87ac00a46319cacfcdd317dcf78","CUS-3117610635","144.96","-37.77","debit","Tue","10:42:35","10","August"
"1710","authorized","1","ACC-1799207998","150.68","-33.79","SALES-POS","e2127bee-c4e8-479e-a98a-431a66653546","Susan",2296.26,2018-08-14 07:00:00,"F",20,"Wentworthville","NSW",9.8,"266b3e09bcf145b099f4f5bfc8a4ae1e","CUS-164374203","150.97","-33.82","debit","Tue","10:52:35","10","August"
"1711","posted",NA,"ACC-3233697971","151.04","-33.77","PAYMENT",NA,"Robin",2893.9,2018-08-14 07:00:00,"F",34,NA,NA,160,"a42dc0ae7d554a748f6d59970b36aa58","CUS-1147642491",NA,NA,"debit","Tue","11:00:00","11","August"
"1712","posted",NA,"ACC-2231965366","144.96","-37.84","PAYMENT",NA,"Linda",3370.29,2018-08-14 07:00:00,"F",35,NA,NA,45,"594bd2a10d004760b2386bfc0f7533d2","CUS-2155701614",NA,NA,"debit","Tue","11:00:00","11","August"
"1713","authorized","1","ACC-3481401842","115.74","-31.72","SALES-POS","5c8ce00d-de54-4328-8eaf-43eb0098264e","Tiffany",1207.95,2018-08-14 07:00:00,"F",25,"Osborne Park","WA",185.78,"17323b4a9e9e40c4a72990222207aa97","CUS-1669695324","115.82","-31.91","debit","Tue","11:02:15","11","August"
"1714","authorized","1","ACC-2920611728","144.96","-37.76","POS","424e95f4-f020-4f98-9cdc-b80178f01e1d","Tyler",2648.68,2018-08-14 07:00:00,"M",69,"Templestowe Lower","VIC",11.93,"7370fbfeac9e4b3d8eb063f6fc6eec53","CUS-1388323263","145.11","-37.77","debit","Tue","11:10:57","11","August"
"1715","authorized","1","ACC-1334819143","145.13","-37.70","SALES-POS","e241b15a-e08e-4c7c-acd3-d11a720316b3","Christopher",56839.54,2018-08-14 07:00:00,"M",33,"Taylors Lakes","VIC",44.49,"847dd1603cfc41e4a4286544665fd3a8","CUS-3117610635","144.78","-37.7","debit","Tue","11:19:39","11","August"
"1716","authorized","1","ACC-3771436525","145.04","-37.92","SALES-POS","61adfa09-d7b9-4301-b95b-9cbf6dc34d01","Derek",54.87,2018-08-14 07:00:00,"M",20,"Sale","VIC",20.54,"8bcd2c6c2c51422fa29d17954972cd6c","CUS-3325710106","147.07","-38.1","debit","Tue","11:28:20","11","August"
"1717","authorized","0","ACC-2249586092","115.98","-32.07","SALES-POS","bd19a059-abcb-4c59-83f4-ca0a07c93d4d","Edward",5054.84,2018-08-14 07:00:00,"M",19,"Mascot","NSW",1.52,"baae4f8d96ab454d8224fb3efae374ab","CUS-443776336","151.19","-33.93","debit","Tue","11:37:02","11","August"
"1718","authorized","1","ACC-2828321672","153.03","-27.51","SALES-POS","f3e1f057-7924-4195-aa29-a7706688c4e1","Stephanie",445.4,2018-08-14 07:00:00,"F",53,"Spring Hill","QLD",75.25,"c013ae34b2b84e2d8f75fe5c3bbe196c","CUS-1005756958","153.03","-27.46","debit","Tue","11:45:44","11","August"
"1719","authorized","1","ACC-854938045","147.63","-22.84","POS","38c1492f-bb0b-4735-9cf5-55c96f75311e","James",8383.2,2018-08-14 07:00:00,"M",28,"Newman","WA",12.73,"ac03e84ac0b145faa89ae0ed768d2492","CUS-4023861240","119.99","-22.91","debit","Tue","11:54:26","11","August"
"1720","posted",NA,"ACC-2231965366","144.96","-37.84","PAY/SALARY",NA,"Linda",5813.53,2018-08-14 07:00:00,"F",35,NA,NA,2443.24,"261b77f3fcd64bfabf1083900bdc79dc","CUS-2155701614",NA,NA,"credit","Tue","12:00:00","12","August"
"1721","posted",NA,"ACC-1334819143","145.13","-37.70","PAY/SALARY",NA,"Christopher",59558.05,2018-08-14 07:00:00,"M",33,NA,NA,2718.51,"6fa554ff89ee46a38db9e8bd8abc354d","CUS-3117610635",NA,NA,"credit","Tue","12:00:00","12","August"
"1722","authorized","0","ACC-1598451071","153.41","-27.95","SALES-POS","52a3362e-2540-4d25-ae5d-f63e0e1db0c9","Diana",426.55,2018-08-14 07:00:00,"F",26,"Kenmore","QLD",71.12,"d1d45afbd30547228bb9d3bf409b7122","CUS-2487424745","152.95","-27.51","debit","Tue","12:07:39","12","August"
"1723","authorized","1","ACC-414431115","142.77","-37.06","SALES-POS","3ca72510-6f2b-4705-8ec3-e09d10afab20","Amy",12.54,2018-08-14 07:00:00,"F",43,"Castlemaine","VIC",13.43,"ee6d8dec26724313b1094e6481cc4022","CUS-2599279756","144.22","-37.07","debit","Tue","12:28:56","12","August"
"1724","authorized","0","ACC-2920611728","144.96","-37.76","POS","d39ef731-28df-4327-af7a-8ef42b3d80ed","Tyler",2632.12,2018-08-14 07:00:00,"M",69,"South Melbourne","VIC",16.56,"0970fa7eeb2841e2a9f0e1b15396a606","CUS-1388323263","144.97","-37.83","debit","Tue","12:50:12","12","August"
"1725","posted",NA,"ACC-1443681913","150.92","-33.77","PAY/SALARY",NA,"Ryan",1966.12,2018-08-14 07:00:00,"M",31,NA,NA,996.24,"78790b5dedee4ceeba66ac74e265371c","CUS-3129499595",NA,NA,"credit","Tue","13:00:00","13","August"
"1726","posted",NA,"ACC-1998563091","149.03","-35.25","PAY/SALARY",NA,"David",14565.96,2018-08-14 07:00:00,"M",42,NA,NA,1757.81,"ae9bbd51de854da0b2b2a9308f768ddb","CUS-3395687666",NA,NA,"credit","Tue","13:00:00","13","August"
"1727","authorized","1","ACC-1037050564","153.10","-27.66","POS","58f50c7e-ab42-4a15-8b69-bd0c14c692ea","Rhonda",1974.44,2018-08-14 07:00:00,"F",40,"Victoria Point","QLD",51.04,"9209437b7fdb43c386e0da24aaa01b97","CUS-1614226872","153.28","-27.59","debit","Tue","13:11:59","13","August"
"1728","authorized","1","ACC-1788473090","145.06","-37.95","SALES-POS","03dba15f-f8bd-4b33-8aec-31f3b8a8a7f8","Rachael",1884.97,2018-08-14 07:00:00,"F",21,"Forest Hill","VIC",24.87,"8cae9be956db44f5b64cc5b5f8a9a995","CUS-134193016","145.16","-37.84","debit","Tue","13:34:13","13","August"
"1729","authorized","0","ACC-2828321672","153.03","-27.51","POS","f0e7431c-0605-4143-9ad2-c789c164b49d","Stephanie",428.23,2018-08-14 07:00:00,"F",53,"Eagleby","QLD",17.17,"b95b14cbb7c14d71b6fce7a3c2eda499","CUS-1005756958","153.2","-27.7","debit","Tue","13:56:26","13","August"
"1730","posted",NA,"ACC-3485804958","138.52","-35.01","PAYMENT",NA,"Jessica",15315.74,2018-08-14 07:00:00,"F",34,NA,NA,39,"ae717a5d5e2a4cb189d4ec6412c15701","CUS-1196156254",NA,NA,"debit","Tue","14:00:00","14","August"
"1731","posted",NA,"ACC-2305712452","138.61","-34.89","PAY/SALARY",NA,"Debra",1331.91,2018-08-14 07:00:00,"F",18,NA,NA,761.33,"22a5df109b624ffc9b3b1606128a0899","CUS-1842679196",NA,NA,"credit","Tue","14:00:00","14","August"
"1732","posted",NA,"ACC-2173390920","144.71","-37.58","PAYMENT",NA,"Luis",2329.85,2018-08-14 07:00:00,"M",27,NA,NA,28,"bffc8c86901c45b9987db37d7ef722cd","CUS-3180318393",NA,NA,"debit","Tue","14:00:00","14","August"
"1733","posted",NA,"ACC-1990648130","114.62","-28.80","PAY/SALARY",NA,"Kaitlyn",3357.61,2018-08-14 07:00:00,"F",21,NA,NA,1037.07,"6f9ab08a03db4e3888b0023984ced9f0","CUS-809013380",NA,NA,"credit","Tue","14:00:00","14","August"
"1734","authorized","1","ACC-3485804958","138.52","-35.01","SALES-POS","f70e3d19-b8b3-44d1-8367-61ebb2453125","Jessica",15354.74,2018-08-14 07:00:00,"F",34,"Adelaide","SA",8.4,"e1ff784816d84a7eb62d2f9f54057426","CUS-1196156254","138.6","-34.93","debit","Tue","14:11:59","14","August"
"1735","authorized","1","ACC-1334819143","145.13","-37.70","POS","0460f0ca-8482-469a-98be-fab7407a14e3","Christopher",59527.39,2018-08-14 07:00:00,"M",33,"Cranbourne","VIC",30.66,"e6ddf51319e54480b9ad1266ead1d9a5","CUS-3117610635","145.28","-38.11","debit","Tue","14:26:17","14","August"
"1736","authorized","1","ACC-1990648130","114.62","-28.80","SALES-POS","ad13c1e4-8623-4c29-90b1-c7a885c9e19c","Kaitlyn",2320.54,2018-08-14 07:00:00,"F",21,"Ballina","NSW",4.3,"62eda5518b844ee892fa093561d4ef00","CUS-809013380","153.55","-28.85","debit","Tue","14:40:34","14","August"
"1737","authorized","0","ACC-4258502723","145.45","-37.74","SALES-POS","1f9e633b-7dd0-4101-ab75-39b94806fbc8","Kimberly",2092.85,2018-08-14 07:00:00,"F",24,"Atherton","QLD",19.11,"6243880137014afc810f9412ade964a3","CUS-3378712515","145.48","-17.26","debit","Tue","14:54:51","14","August"
"1738","posted",NA,"ACC-3481401842","115.74","-31.72","PAYMENT",NA,"Tiffany",1175.95,2018-08-14 07:00:00,"F",25,NA,NA,32,"1932f070803c42718400a6bd32501eee","CUS-1669695324",NA,NA,"debit","Tue","15:00:00","15","August"
"1739","authorized","1","ACC-847145727","115.90","-31.92","SALES-POS","912c1695-41e4-408e-828b-1afe812d48fa","Michael",52783.71,2018-08-14 07:00:00,"M",19,"Perth","WA",13.21,"a012b18af88948118f6f709a1e25a163","CUS-1609060617","116.17","-31.9","debit","Tue","15:05:52","15","August"
"1740","authorized","1","ACC-182446574","116.06","-32.00","POS","0f87c224-7ca0-4b59-b160-d064713a5fe6","Tonya",2017.82,2018-08-14 07:00:00,"F",27,"North Beach","WA",8.31,"60b3e835c5df48e8b0f75c6edecd4a4d","CUS-3026014945","115.76","-31.86","debit","Tue","15:15:02","15","August"
"1741","authorized","1","ACC-2970114956","144.89","-37.69","POS","d887d414-368c-4332-a219-a9a33c87628a","Robert",5711.68,2018-08-14 07:00:00,"M",26,"Wollert","VIC",7.14,"eace84d84db64755a7d54e28b72acd15","CUS-880898248","145.03","-37.62","debit","Tue","15:24:13","15","August"
"1742","authorized","1","ACC-1990648130","114.62","-28.80","POS","d3c9f487-ef5b-43c8-83cf-4887f26f3a40","Kaitlyn",3338.15,2018-08-14 07:00:00,"F",21,"Lismore","NSW",19.46,"3b127a35b8b2494bbc433395a84d3583","CUS-809013380","153.28","-28.8","debit","Tue","15:33:23","15","August"
"1743","authorized","1","ACC-1990648130","114.62","-28.80","SALES-POS","e38bfe8c-f1e6-4f72-9c59-beb19860a8b3","Kaitlyn",3317.55,2018-08-14 07:00:00,"F",21,"Leonora","WA",20.6,"977ab812574a44a09f3bdac6b20ab34d","CUS-809013380","121.33","-28.88","debit","Tue","15:42:34","15","August"
"1744","authorized","1","ACC-3485804958","138.52","-35.01","POS","d5e0135b-d063-45f0-9696-81ece6091c26","Jessica",15296.12,2018-08-14 07:00:00,"F",34,"Mount Clarence","WA",19.62,"f041c3f8802f4ee4b5c8736c4d0a5b2c","CUS-1196156254","117.91","-35.03","debit","Tue","15:51:44","15","August"
"1745","posted",NA,"ACC-2828321672","153.03","-27.51","PAY/SALARY",NA,"Stephanie",1398.7,2018-08-14 07:00:00,"F",53,NA,NA,970.47,"deaff82de78840f08a035e5404ce5e29","CUS-1005756958",NA,NA,"credit","Tue","16:00:00","16","August"
"1746","posted",NA,"ACC-3941181087","115.79","-31.94","PAYMENT",NA,"Paul",3382.18,2018-08-14 07:00:00,"M",25,NA,NA,46,"111d9b894d164e3e98d830222d02aa30","CUS-3989008654",NA,NA,"debit","Tue","16:00:00","16","August"
"1747","authorized","1","ACC-2681137560","151.11","-33.99","SALES-POS","1d7df048-b03b-4455-b00b-f6cc926cc0b1","Nathaniel",2878.79,2018-08-14 07:00:00,"M",31,"Bondi Beach","NSW",8.75,"b6d02b6775f2474c837ccd1d8474bf6e","CUS-2083971310","151.27","-33.89","debit","Tue","16:02:19","16","August"
"1748","authorized","1","ACC-3084464802","145.15","-37.76","SALES-POS","9037452d-e11c-48c9-a708-4667be7ed5d5","Susan",3097.7,2018-08-14 07:00:00,"F",19,"Brunswick East","VIC",15.54,"5579896ceb3b4df58d865d53acfbc727","CUS-1928710999","144.97","-37.78","debit","Tue","16:25:34","16","August"
"1749","authorized","0","ACC-2920611728","144.96","-37.76","POS","d3fd832b-36b0-461f-aeca-2b154a4b18ad","Tyler",2612.82,2018-08-14 07:00:00,"M",69,"Northcote","VIC",19.3,"a9a15ad8bf1947c99691347389462835","CUS-1388323263","145","-37.76","debit","Tue","16:48:50","16","August"
"1750","posted",NA,"ACC-1279356312","144.79","-37.73","PAYMENT",NA,"Tyler",3441.89,2018-08-14 07:00:00,"M",44,NA,NA,27,"311f78567b2e43e4b34176bd5f722fb7","CUS-1892177589",NA,NA,"debit","Tue","17:00:00","17","August"
"1751","posted",NA,"ACC-1222300524","151.23","-33.94","PAY/SALARY",NA,"Michael",1132.66,2018-08-14 07:00:00,"M",38,NA,NA,1002.13,"6217095136fc488fa19ba8c1a716e8f9","CUS-2142601169",NA,NA,"credit","Tue","17:00:00","17","August"
"1752","posted",NA,"ACC-1652235822","144.89","-37.81","PAY/SALARY",NA,"Renee",19822.38,2018-08-14 07:00:00,"F",38,NA,NA,1541.12,"20d2648065e54e6a84ed1b760c5c969f","CUS-2206365095",NA,NA,"credit","Tue","17:00:00","17","August"
"1753","posted",NA,"ACC-3771436525","145.04","-37.92","PAY/SALARY",NA,"Derek",1154.57,2018-08-14 07:00:00,"M",20,NA,NA,1099.7,"ddd53b5c8e6d4f58acea7157c4be5794","CUS-3325710106",NA,NA,"credit","Tue","17:00:00","17","August"
"1754","posted",NA,"ACC-3954677887","115.72","-32.28","PAY/SALARY",NA,"Ruth",2434.38,2018-08-14 07:00:00,"F",47,NA,NA,1272.47,"78ee022d7f07475fadd4e6810b96f560","CUS-3716701010",NA,NA,"credit","Tue","17:00:00","17","August"
"1755","posted",NA,"ACC-1243371644","150.90","-33.78","INTER BANK",NA,"Gregory",1723.49,2018-08-14 07:00:00,"M",42,NA,NA,20,"76a06c2818db4c37854f3bafd2ea3d7d","CUS-3904958894",NA,NA,"debit","Tue","17:00:00","17","August"
"1756","posted",NA,"ACC-2897221629","150.90","-34.37","PAY/SALARY",NA,"Scott",1823.78,2018-08-14 07:00:00,"M",23,NA,NA,982.71,"9cc3a5b1b4c34354b8a17122b9d1b528","CUS-511326734",NA,NA,"credit","Tue","17:00:00","17","August"
"1757","authorized","1","ACC-4258502723","145.45","-37.74","POS","adaa514b-cd95-498f-bfb1-cde0b49d96f5","Kimberly",2085.82,2018-08-14 07:00:00,"F",24,"Shepparton","VIC",7.03,"956627b18aef4942be096f1384af08cd","CUS-3378712515","145.4","-36.35","debit","Tue","17:08:31","17","August"
"1758","authorized","0","ACC-1037050564","153.10","-27.66","POS","d1c66cfe-1569-4918-bbb2-ca9f76a14e08","Rhonda",1960.64,2018-08-14 07:00:00,"F",40,"Sydney","NSW",13.8,"467d017c67c84ba2876470aa4c93c8f5","CUS-1614226872","151.2","-33.87","debit","Tue","17:41:18","17","August"
"1759","authorized","1","ACC-182446574","116.06","-32.00","POS","d0a5e33c-4a72-49db-b9bd-67e9f45453c2","Tonya",2010.96,2018-08-14 07:00:00,"F",27,"Gloucester","NSW",6.86,"9e8c6fcab89f431a9c83440bac1d461c","CUS-3026014945","151.96","-32.01","debit","Tue","17:57:42","17","August"
"1760","posted",NA,"ACC-1344825761","151.09","-33.91","PAYMENT",NA,"Sarah",15751.73,2018-08-14 07:00:00,"F",46,NA,NA,45,"f2cb762a3c1a42a09e711c602639732e","CUS-1499065773",NA,NA,"debit","Tue","18:00:00","18","August"
"1761","posted",NA,"ACC-38923874","151.27","-33.90","INTER BANK",NA,"Ryan",31514.39,2018-08-14 07:00:00,"M",38,NA,NA,29,"2efe1d116adb44bfadd4c2034fdc839a","CUS-3249305314",NA,NA,"debit","Tue","18:00:00","18","August"
"1762","posted",NA,"ACC-3879258709","143.83","-37.66","PAYMENT",NA,"Natasha",189957.01,2018-08-14 07:00:00,"F",40,NA,NA,29,"2519e2039b24413b8c9dbbfc0ce405fb","CUS-527400765",NA,NA,"debit","Tue","18:00:00","18","August"
"1763","authorized","1","ACC-2528867619","138.58","-34.96","SALES-POS","22641e3c-8ec3-4703-b34e-32626d61c4f1","Abigail",3265.55,2018-08-14 07:00:00,"F",40,"Cumberland Park","SA",6.05,"909c0b84f5584ee9ab1e4e78b7291111","CUS-2505971401","138.59","-34.97","debit","Tue","18:28:39","18","August"
"1764","posted",NA,"ACC-2970114956","144.89","-37.69","PAYMENT",NA,"Robert",5562.68,2018-08-14 07:00:00,"M",26,NA,NA,149,"fbb9135a89f547abafd053c470427b7b","CUS-880898248",NA,NA,"debit","Tue","19:00:00","19","August"
"1765","authorized","1","ACC-1523339231","115.83","-31.90","SALES-POS","d4911018-03cd-4457-9d9d-f2877fe6d955","Tim",53956.42,2018-08-14 07:00:00,"M",40,"Sydney","NSW",81.77,"1d50f18932424d439be0e69c712351c8","CUS-1816693151","151.21","-33.87","debit","Tue","19:01:21","19","August"
"1766","authorized","1","ACC-1334819143","145.13","-37.70","POS","949af94c-4d8c-4e36-92df-c99a68fe1cf8","Christopher",59494.1,2018-08-14 07:00:00,"M",33,"Eltham","VIC",33.29,"84e11483fb72413f8567983d3bc73416","CUS-3117610635","145.17","-37.7","debit","Tue","19:46:49","19","August"
"1767","posted",NA,"ACC-1199531521","116.02","-31.87","PAYMENT",NA,"Billy",3155.5,2018-08-14 07:00:00,"M",52,NA,NA,20,"245f5c913ea447c99ff11841b169bcc9","CUS-134833760",NA,NA,"debit","Tue","20:00:00","20","August"
"1768","posted",NA,"ACC-1349834573","145.17","-37.84","PAYMENT",NA,"Matthew",6073.81,2018-08-14 07:00:00,"M",39,NA,NA,34,"0f442ce72f59462eb0f290002accc232","CUS-1790886359",NA,NA,"debit","Tue","20:00:00","20","August"
"1769","posted",NA,"ACC-1903037542","153.05","-27.61","INTER BANK",NA,"Jeffrey",411.32,2018-08-14 07:00:00,"M",30,NA,NA,78,"77d8d6dbe4c743749fa8c2f3e58ce8de","CUS-860700529",NA,NA,"debit","Tue","20:00:00","20","August"
"1770","authorized","0","ACC-90814749","151.68","-32.98","POS","5e4447f8-8083-40eb-b75f-f7e9a0583d3c","Christopher",7727.78,2018-08-14 07:00:00,"M",35,"Peterborough","SA",19.67,"e28b73e0866d45b8891af87773e88bd8","CUS-1896554896","138.84","-32.97","debit","Tue","20:10:29","20","August"
"1771","authorized","0","ACC-1334819143","145.13","-37.70","SALES-POS","423556ec-70b1-47b0-b3ca-93bb99cdb18f","Christopher",59342.13,2018-08-14 07:00:00,"M",33,"Mount Gambier","SA",151.97,"afebe8cc15434750bfe332cfb570669a","CUS-3117610635","140.79","-37.81","debit","Tue","20:35:29","20","August"
"1772","authorized","0","ACC-3879258709","143.83","-37.66","POS","7c9bbad5-5476-4344-b5f5-31b6231783b1","Natasha",189869.21,2018-08-14 07:00:00,"F",40,"Collingwood","VIC",87.8,"bacc25d7fcf6456eba5572618341153d","CUS-527400765","144.98","-37.8","debit","Tue","21:00:26","21","August"
"1773","authorized","1","ACC-854938045","147.63","-22.84","POS","feff3b43-5ed6-4920-bedb-04ef1401ff84","James",8352.76,2018-08-14 07:00:00,"M",28,"Bairnsdale","VIC",30.44,"03996f2d9f57485a834cc50e8f4610ed","CUS-4023861240","147.6","-37.84","debit","Tue","21:22:39","21","August"
"1774","authorized","0","ACC-2173390920","144.71","-37.58","SALES-POS","a6769e7b-1c80-4f24-a874-7efc4ccd47bc","Luis",2306.44,2018-08-14 07:00:00,"M",27,"Craigieburn","VIC",23.41,"9f18a71e571d41a8a863a056fe389469","CUS-3180318393","144.91","-37.61","debit","Tue","21:44:53","21","August"
"1775","authorized","1","ACC-80388494","144.97","-37.42","SALES-POS","b058eafd-52f8-4de8-8caa-5cac0144173a","Dustin",2638.42,2018-08-14 07:00:00,"M",28,"Perth","WA",8.19,"326edeed4c674d4095eb5b4c654c2613","CUS-1140341822","115.88","-31.94","debit","Tue","22:11:25","22","August"
"1776","authorized","1","ACC-1349834573","145.17","-37.84","SALES-POS","0b8fab23-d4fd-45e7-acac-555c96e0b1c7","Matthew",5894.15,2018-08-14 07:00:00,"M",39,"Sydney","NSW",179.66,"ddc576820e3c4bb5af0f4c4fd16e8bc3","CUS-1790886359","151.2","-33.87","debit","Tue","22:47:08","22","August"
"1777","posted",NA,"ACC-2901672282","255.00","-573.00","PAYMENT",NA,"Daniel",1638.42,2018-08-14 07:00:00,"M",22,NA,NA,40,"080b8c2f5dc547caa7c27037b41af875","CUS-1617121891",NA,NA,"debit","Tue","23:00:00","23","August"
"1778","posted",NA,"ACC-3084464802","145.15","-37.76","PAYMENT",NA,"Susan",2974.7,2018-08-14 07:00:00,"F",19,NA,NA,123,"7f41642112f14481b0d09517ebf824eb","CUS-1928710999",NA,NA,"debit","Tue","23:00:00","23","August"
"1779","authorized","1","ACC-3481401842","115.74","-31.72","SALES-POS","61dd6bc3-2a83-45b6-b009-fe576ac3359a","Tiffany",1160.39,2018-08-14 07:00:00,"F",25,"Madeley","WA",15.56,"717cebc6b2d24d8b88c4e35f2e9d2376","CUS-1669695324","115.82","-31.82","debit","Tue","23:23:42","23","August"
"1780","authorized","1","ACC-1608363396","151.22","-33.87","SALES-POS","ef365880-ada2-4e64-967a-e00c9d55b129","Robert",3275.84,2018-08-15 07:00:00,"M",20,"Mount Druitt","NSW",13.24,"0233378dd985497da45dd38332b6a287","CUS-2688605418","150.81","-33.77","debit","Wed","00:01:14","00","August"
"1781","authorized","1","ACC-2650850707","148.16","-23.52","POS","395894a9-69a5-47d6-8d07-4cf67cc10024","Brian",106080.59,2018-08-15 07:00:00,"M",42,"Bowen","QLD",62.99,"1856fa35d4ff4c05b8ed48836da3c769","CUS-2819545904","148.24","-20","debit","Wed","01:24:05","01","August"
"1782","authorized","0","ACC-2650850707","148.16","-23.52","POS","cf5ce0ba-0001-498e-9bb8-f534bcbc96d6","Brian",106049.41,2018-08-15 07:00:00,"M",42,"Kalapa","QLD",31.18,"67f5516d9e0a4287b40a428771cfcaf9","CUS-2819545904","150.28","-23.49","debit","Wed","01:46:49","01","August"
"1783","authorized","1","ACC-1516130869","130.84","-12.45","POS","b3dcb937-e42f-4219-84ba-1c82495e97c3","Jessica",2086.38,2018-08-15 07:00:00,"F",21,"Casuarina","NT",15.78,"61bbb8b0e0dd4ab79bbdd2641318c4a4","CUS-325142416","130.88","-12.37","debit","Wed","02:41:59","02","August"
"1784","authorized","1","ACC-1037050564","153.10","-27.66","POS","5445f8d0-51b8-49e4-b142-c82cfece661d","Rhonda",1919.82,2018-08-15 07:00:00,"F",40,"Stafford","QLD",40.82,"bab554d9fa8847439ccbeb1445294b05","CUS-1614226872","153.01","-27.41","debit","Wed","04:23:01","04","August"
"1785","authorized","0","ACC-2650850707","148.16","-23.52","POS","a23aa978-bd00-4654-80cb-2b6ab00e13df","Brian",105941.99,2018-08-15 07:00:00,"M",42,"Parkes","NSW",107.42,"659e5694c18c4f95816e49789908c16f","CUS-2819545904","148.17","-33.14","debit","Wed","04:53:19","04","August"
"1786","posted",NA,"ACC-602667573","151.23","-33.96","INTER BANK",NA,"Michael",4392.74,2018-08-15 07:00:00,"M",40,NA,NA,21,"95d6433a0c5645c49e32f03420c95aa3","CUS-2031327464",NA,NA,"debit","Wed","06:00:00","06","August"
"1787","posted",NA,"ACC-2171593283","146.94","-36.04","PAYMENT",NA,"Fernando",6524.71,2018-08-15 07:00:00,"M",19,NA,NA,27,"472c34c9949a4f3b9b258b025a1da16a","CUS-2317998716",NA,NA,"debit","Wed","06:00:00","06","August"
"1788","posted",NA,"ACC-3941181087","115.79","-31.94","PAYMENT",NA,"Paul",3210.18,2018-08-15 07:00:00,"M",25,NA,NA,172,"6a6250d6c08d461e8e7849a4c8e64c03","CUS-3989008654",NA,NA,"debit","Wed","06:00:00","06","August"
"1789","posted",NA,"ACC-2776252858","144.95","-37.76","PAYMENT",NA,"Kristin",147.66,2018-08-15 07:00:00,"F",43,NA,NA,29,"ccf1a90b4f254cc9bac621b700595f67","CUS-4123612273",NA,NA,"debit","Wed","06:00:00","06","August"
"1790","posted",NA,"ACC-4059612845","130.98","-12.49","INTER BANK",NA,"Jonathan",49920.66,2018-08-15 07:00:00,"M",38,NA,NA,195,"49dd43ec7c564bbab9187c2e6dd46136","CUS-495599312",NA,NA,"debit","Wed","06:00:00","06","August"
"1791","posted",NA,"ACC-588564840","151.27","-33.76","INTER BANK",NA,"Isaiah",6820.92,2018-08-15 07:00:00,"M",23,NA,NA,25,"dcaef71f8c4049a484f6c319dac9e9d0","CUS-1462656821",NA,NA,"debit","Wed","07:00:00","07","August"
"1792","posted",NA,"ACC-1496451953","145.16","-37.84","INTER BANK",NA,"Ricky",4870.61,2018-08-15 07:00:00,"M",43,NA,NA,39,"15092acb97e24cc1802b1c743972b903","CUS-3142625864",NA,NA,"debit","Wed","07:00:00","07","August"
"1793","authorized","1","ACC-2650850707","148.16","-23.52","SALES-POS","19935a6d-45b3-4311-a6ec-ac73c61ecc7e","Brian",105851.99,2018-08-15 07:00:00,"M",42,"Emerald","QLD",90,"13424466c90545018f8beb77b99b4dc2","CUS-2819545904","148.16","-23.53","debit","Wed","07:38:27","07","August"
"1794","posted",NA,"ACC-3689607373","115.79","-31.79","INTER BANK",NA,"Virginia",2746.83,2018-08-15 07:00:00,"F",20,NA,NA,107,"06ca71219ed44b4580c24968e9c7ea71","CUS-127297539",NA,NA,"debit","Wed","08:00:00","08","August"
"1795","posted",NA,"ACC-2014856841","144.99","-37.90","INTER BANK",NA,"Patrick",260138.9,2018-08-15 07:00:00,"M",46,NA,NA,22,"a38011973e054449b314e746fa6dcc3c","CUS-2370108457",NA,NA,"debit","Wed","08:00:00","08","August"
"1796","posted",NA,"ACC-4163822186","149.03","-34.97","PAYMENT",NA,"Karen",4621.76,2018-08-15 07:00:00,"F",26,NA,NA,55,"8281c45fb71d48faa728cc053baa3e7c","CUS-2630892467",NA,NA,"debit","Wed","08:00:00","08","August"
"1797","posted",NA,"ACC-3954677887","115.72","-32.28","PAYMENT",NA,"Ruth",2376.38,2018-08-15 07:00:00,"F",47,NA,NA,58,"a1f22eab4bf34e19ba98ef5010e5edab","CUS-3716701010",NA,NA,"debit","Wed","08:00:00","08","August"
"1798","authorized","1","ACC-2528867619","138.58","-34.96","SALES-POS","ef9d0697-ac13-46b3-bc0d-4859d0ba7504","Abigail",3246.65,2018-08-15 07:00:00,"F",40,"Mitcham","SA",18.9,"db92b251c1ee4592b8fe8d317089246b","CUS-2505971401","138.61","-34.97","debit","Wed","08:04:16","08","August"
"1799","authorized","1","ACC-1516130869","130.84","-12.45","SALES-POS","2b4c4504-09a4-4055-b52d-d410a85c4a78","Jessica",2072.11,2018-08-15 07:00:00,"F",21,"Yarrawonga","NT",14.27,"2015af3367d14846862e965375f0c12b","CUS-325142416","130.99","-12.47","debit","Wed","08:23:41","08","August"
"1800","authorized","1","ACC-3084464802","145.15","-37.76","POS","eba5d2b2-cef3-42e4-94b0-419de48453a4","Susan",2894.58,2018-08-15 07:00:00,"F",19,"Cheltenham","VIC",80.12,"e9bfd93e2d7d42ef8a5923d17e1c9cd1","CUS-1928710999","145.05","-37.96","debit","Wed","08:33:23","08","August"
"1801","authorized","1","ACC-1608363396","151.22","-33.87","POS","459b7f58-9ff1-4ff7-b626-d60d14833ec4","Robert",2992.53,2018-08-15 07:00:00,"M",20,"Rosebery","NSW",283.31,"301a9fd3a6e248bc9072426f94f6095f","CUS-2688605418","151.2","-33.92","debit","Wed","08:52:48","08","August"
"1802","posted",NA,"ACC-354106658","151.04","-33.80","INTER BANK",NA,"Christine",3651.25,2018-08-15 07:00:00,"F",39,NA,NA,25,"33c3d423b01a4338a6c44fe102534e3d","CUS-2376382098",NA,NA,"debit","Wed","09:00:00","09","August"
"1803","posted",NA,"ACC-1443681913","150.92","-33.77","PAYMENT",NA,"Ryan",1930.12,2018-08-15 07:00:00,"M",31,NA,NA,36,"b7e326415a4d466ab285f14ee7b24ff5","CUS-3129499595",NA,NA,"debit","Wed","09:00:00","09","August"
"1804","authorized","1","ACC-2673069055","152.99","-27.49","SALES-POS","3b4cef6e-7b92-41cb-92cb-2602d25486b6","Richard",16766.39,2018-08-15 07:00:00,"M",24,"Hawthorn","VIC",20.44,"b842520fa506404684cc3b2fc4d5e9b0","CUS-51506836","145.03","-37.82","debit","Wed","09:01:03","09","August"
"1805","authorized","1","ACC-2259139624","144.66","-37.91","SALES-POS","0f835327-2bae-4b60-be44-7e9a1a1f2b0d","Cindy",4306.76,2018-08-15 07:00:00,"F",19,"Hampton East","VIC",41.84,"8c18427ef8cf46f18d71307fc79a2392","CUS-3174332735","145.03","-37.93","debit","Wed","09:05:06","09","August"
"1806","authorized","1","ACC-80388494","144.97","-37.42","POS","ac754056-ada8-4e02-a367-e4887140f24e","Dustin",2576.87,2018-08-15 07:00:00,"M",28,"Melbourne","VIC",61.55,"cebf733249dc4c178b3efee2e3655e6c","CUS-1140341822","144.97","-37.81","debit","Wed","09:09:08","09","August"
"1807","authorized","0","ACC-1799207998","150.68","-33.79","POS","8508a948-34d5-4d04-a9aa-416aa46bd0cc","Susan",2253.73,2018-08-15 07:00:00,"F",20,"Brookvale","NSW",42.53,"4c87f837c5de45499a0efe90d8fae9e1","CUS-164374203","151.27","-33.77","debit","Wed","09:13:11","09","August"
"1808","authorized","1","ACC-3084464802","145.15","-37.76","SALES-POS","683e2ebd-865e-490d-98d2-18e77c9615e1","Susan",2886.49,2018-08-15 07:00:00,"F",19,"Lilydale","VIC",8.09,"127a3b4c007848b8972746682d134e8b","CUS-1928710999","145.35","-37.76","debit","Wed","09:17:14","09","August"
"1809","authorized","0","ACC-80388494","144.97","-37.42","SALES-POS","d1c6546c-e9e3-433f-9f62-d955f805a852","Dustin",2561.52,2018-08-15 07:00:00,"M",28,"Doncaster","VIC",15.35,"0e3574ca3b274914b3d383eb09865d18","CUS-1140341822","145.12","-37.78","debit","Wed","09:25:20","09","August"
"1810","authorized","0","ACC-1516130869","130.84","-12.45","POS","f94d1922-da2c-4a2a-8c60-dcfb4362fa2a","Jessica",2070.4,2018-08-15 07:00:00,"F",21,"Rosebery","NT",1.71,"fc37eefa68054fd5b6711be6022b0dd9","CUS-325142416","130.99","-12.51","debit","Wed","09:29:23","09","August"
"1811","authorized","1","ACC-240804743","121.48","-30.75","SALES-POS","d6191103-722d-4593-b4e2-b6d4bf7a40b5","Kenneth",4132.98,2018-08-15 07:00:00,"M",29,"Sydney","NSW",29.76,"54927574a3e6440d89c48a0945774a21","CUS-261674136","151.2","-33.86","debit","Wed","09:33:26","09","August"
"1812","authorized","1","ACC-240804743","121.48","-30.75","SALES-POS","e28c426d-cbef-4e2d-aa06-1ba0b6b1902f","Kenneth",4116.7,2018-08-15 07:00:00,"M",29,"Boggabri","NSW",16.28,"aefc1c877e6b45f297a4ca27542b8ca3","CUS-261674136","150.04","-30.7","debit","Wed","09:41:32","09","August"
"1813","authorized","1","ACC-1056639002","145.03","-37.91","SALES-POS","43a4a2f1-7bf2-478a-aac9-163b2eb0f90b","Michael",42269.53,2018-08-15 07:00:00,"M",22,"Dandenong South","VIC",16.78,"328ad77cccf742a3aa19b8d43acace73","CUS-3462882033","145.19","-38.01","debit","Wed","09:45:35","09","August"
"1814","authorized","1","ACC-3481401842","115.74","-31.72","SALES-POS","b5d118eb-8230-43c1-afc0-c91060a2666a","Tiffany",1148.02,2018-08-15 07:00:00,"F",25,"Gilgandra","NSW",12.37,"4968bbf02fa549a88107b2523c645c29","CUS-1669695324","148.66","-31.71","debit","Wed","09:49:38","09","August"
"1815","authorized","1","ACC-1424176027","151.08","-33.93","POS","f4cfc3c1-9926-47ad-b094-d912f325ae3f","Donald",1953.6,2018-08-15 07:00:00,"M",22,"Sydney","NSW",55.76,"228cc14b93694fbeb9a073df9b1a6813","CUS-3431016847","151.21","-33.87","debit","Wed","09:53:41","09","August"
"1816","posted",NA,"ACC-1037050564","153.10","-27.66","PAYMENT",NA,"Rhonda",1887.82,2018-08-15 07:00:00,"F",40,NA,NA,32,"52735a4178d94ded94755ef40f4a9b33","CUS-1614226872",NA,NA,"debit","Wed","10:00:00","10","August"
"1817","posted",NA,"ACC-1799207998","150.68","-33.79","INTER BANK",NA,"Susan",2199.01,2018-08-15 07:00:00,"F",20,NA,NA,39,"a120f8c9d35a4c63b69de490480564cd","CUS-164374203",NA,NA,"debit","Wed","10:00:00","10","August"
"1818","posted",NA,"ACC-2107684084","145.03","-37.88","PAYMENT",NA,"Richard",2130.96,2018-08-15 07:00:00,"M",22,NA,NA,34,"ceade67a11c142e6a92d2e088a5942dd","CUS-2283904812",NA,NA,"debit","Wed","10:00:00","10","August"
"1819","posted",NA,"ACC-1496451953","145.16","-37.84","PAYMENT",NA,"Ricky",4720.61,2018-08-15 07:00:00,"M",43,NA,NA,150,"f7f1bb65461d43ad887d0689a48b3f1a","CUS-3142625864",NA,NA,"debit","Wed","10:00:00","10","August"
"1820","posted",NA,"ACC-2173390920","144.71","-37.58","PAYMENT",NA,"Luis",2277.44,2018-08-15 07:00:00,"M",27,NA,NA,29,"555f2a2f746648efb3290df82312ceab","CUS-3180318393",NA,NA,"debit","Wed","10:00:00","10","August"
"1821","posted",NA,"ACC-966140392","147.08","-37.97","PAYMENT",NA,"Joseph",2212.53,2018-08-15 07:00:00,"M",21,NA,NA,30,"0618623dc04e42b48811069960057dbb","CUS-537508723",NA,NA,"debit","Wed","10:00:00","10","August"
"1822","authorized","1","ACC-559365433","147.31","-42.88","POS","99e95a31-ad49-4a0d-8470-36809376a834","Mary",1036.66,2018-08-15 07:00:00,"F",64,"Claremont","TAS",30.24,"ad4432c4ff804763ae1bcf1b2635eaaf","CUS-1654129794","147.26","-42.8","debit","Wed","10:05:51","10","August"
"1823","authorized","1","ACC-4258502723","145.45","-37.74","POS","625ce358-1e06-419b-a6cf-b7a8a56ca554","Kimberly",2076.66,2018-08-15 07:00:00,"F",24,"Doncaster","VIC",9.16,"c0985d24a5b14e7c9ed6bfc2a88940bc","CUS-3378712515","145.12","-37.77","debit","Wed","10:19:11","10","August"
"1824","authorized","0","ACC-2897221629","150.90","-34.37","SALES-POS","ae55cc4d-87ed-47cc-9f9e-ea993cb640d9","Scott",1817.37,2018-08-15 07:00:00,"M",23,"Merrylands","NSW",6.41,"eb816ed24e1546ffa85b1bc03dd8a5a6","CUS-511326734","150.99","-33.83","debit","Wed","10:32:31","10","August"
"1825","authorized","1","ACC-854938045","147.63","-22.84","SALES-POS","23c674b9-cfb9-4597-9014-674cde7a4e0f","James",8289.92,2018-08-15 07:00:00,"M",28,"Cambridge","TAS",62.84,"bd7d6350cb9745f8ae216afcfb84c2c5","CUS-4023861240","147.42","-42.8","debit","Wed","10:45:51","10","August"
"1826","authorized","1","ACC-1799207998","150.68","-33.79","POS","73903428-2d9a-4549-868a-2049e3e6aea4","Susan",2238.01,2018-08-15 07:00:00,"F",20,"Melbourne","VIC",15.72,"f9f22dc17139421895f6b70ac39eccca","CUS-164374203","144.97","-37.81","debit","Wed","10:59:11","10","August"
"1827","posted",NA,"ACC-588564840","151.27","-33.76","PAY/SALARY",NA,"Isaiah",10724.87,2018-08-15 07:00:00,"M",23,NA,NA,3903.95,"a0ba656db7c5441dbb782f4bbc6755ac","CUS-1462656821",NA,NA,"credit","Wed","11:00:00","11","August"
"1828","authorized","0","ACC-80388494","144.97","-37.42","SALES-POS","fb4000b1-3358-4664-80ef-9cf4706c2381","Dustin",2553.93,2018-08-15 07:00:00,"M",28,"Fitzroy","VIC",7.59,"bfb91e55641d47f6a5e904e947fad849","CUS-1140341822","144.98","-37.8","debit","Wed","11:06:37","11","August"
"1829","authorized","0","ACC-1056639002","145.03","-37.91","POS","238774cb-e57c-4054-815a-be7606a52038","Michael",42253.28,2018-08-15 07:00:00,"M",22,"Mount Gambier","SA",16.25,"978b89143ca543fa9dfa5073bae6dcba","CUS-3462882033","140.78","-37.83","debit","Wed","11:13:39","11","August"
"1830","authorized","1","ACC-1799207998","150.68","-33.79","SALES-POS","bc7aa050-b9e0-4ea7-b829-5dfc4a3eae80","Susan",2178.37,2018-08-15 07:00:00,"F",20,"Ryde","NSW",20.64,"229c0a405c934be3a1181126280a8d7d","CUS-164374203","151.11","-33.81","debit","Wed","11:20:42","11","August"
"1831","authorized","1","ACC-1516130869","130.84","-12.45","POS","61334d6d-b25d-4c6c-9145-029b9a988c70","Jessica",2063.16,2018-08-15 07:00:00,"F",21,"Palmerston City","NT",7.24,"c1afa162fade4093b9baed75e233be08","CUS-325142416","130.99","-12.48","debit","Wed","11:27:44","11","August"
"1832","authorized","1","ACC-2305712452","138.61","-34.89","SALES-POS","631c424b-3610-478b-bc31-b60b7b5248f0","Debra",1292.6,2018-08-15 07:00:00,"F",18,"Wagga Wagga","NSW",39.31,"75f99904f5f24fc29a71f172075c76db","CUS-1842679196","147.34","-35.12","debit","Wed","11:34:47","11","August"
"1833","authorized","1","ACC-1056639002","145.03","-37.91","POS","0c4bd181-32b2-4b81-8cbc-5f17b0ea5a20","Michael",42149.67,2018-08-15 07:00:00,"M",22,"Sydney","NSW",103.61,"6962b64d25714a0f9c70cedaa92f7b2d","CUS-3462882033","151.2","-33.87","debit","Wed","11:41:49","11","August"
"1834","authorized","1","ACC-80388494","144.97","-37.42","SALES-POS","fe0cf915-6b9f-4a2d-aa8f-ae168826fa5c","Dustin",2532.01,2018-08-15 07:00:00,"M",28,"Penola","SA",21.92,"9ddf1b395bd8464e9f3b17cec510586c","CUS-1140341822","140.84","-37.38","debit","Wed","11:48:52","11","August"
"1835","authorized","1","ACC-3481401842","115.74","-31.72","POS","165332da-96c4-4df6-b327-5c9ba6953102","Tiffany",1136.9,2018-08-15 07:00:00,"F",25,"Mindarie","WA",11.12,"589595fce9b544c192063bf30e72dd68","CUS-1669695324","115.71","-31.69","debit","Wed","11:55:54","11","August"
"1836","posted",NA,"ACC-1650504218","145.01","-37.93","PAY/SALARY",NA,"Marissa",4644.04,2018-08-15 07:00:00,"F",23,NA,NA,1626.48,"c33dccc92e1c41ef8580b1112c00d83c","CUS-2500783281",NA,NA,"credit","Wed","12:00:00","12","August"
"1837","posted",NA,"ACC-4163822186","149.03","-34.97","PAYMENT",NA,"Karen",4575.76,2018-08-15 07:00:00,"F",26,NA,NA,46,"e338409e7c0f4ef7935d2c2d5cdd5954","CUS-2630892467",NA,NA,"debit","Wed","12:00:00","12","August"
"1838","posted",NA,"ACC-182446574","116.06","-32.00","INTER BANK",NA,"Tonya",1953.96,2018-08-15 07:00:00,"F",27,NA,NA,57,"72aca8ec345f4641b6c843a35eee4b51","CUS-3026014945",NA,NA,"debit","Wed","12:00:00","12","August"
"1839","posted",NA,"ACC-3326339947","151.18","-33.80","PAY/SALARY",NA,"Eric",4475.72,2018-08-15 07:00:00,"M",22,NA,NA,983.36,"7c8c2d66d4ee4f758d6e0b155266ff17","CUS-326006476",NA,NA,"credit","Wed","12:00:00","12","August"
"1840","authorized","1","ACC-1799207998","150.68","-33.79","SALES-POS","73e5a846-dc10-409c-bb35-6e414b770ab5","Susan",2162.51,2018-08-15 07:00:00,"F",20,"North Sydney","NSW",15.86,"7a67a4f82af0482a9817dec717045219","CUS-164374203","151.21","-33.84","debit","Wed","12:07:29","12","August"
"1841","authorized","1","ACC-3481401842","115.74","-31.72","POS","73cd9c7c-db2c-42e7-9a9a-7af1c41f9883","Tiffany",1120.92,2018-08-15 07:00:00,"F",25,"Osborne Park","WA",15.98,"9bc3eade99b3455da2f8eeb92d00b2f4","CUS-1669695324","115.81","-31.9","debit","Wed","12:25:21","12","August"
"1842","authorized","1","ACC-1424176027","151.08","-33.93","SALES-POS","c091541c-c2cc-4657-a44d-8ce2611f2951","Donald",1943.72,2018-08-15 07:00:00,"M",22,"Botany","NSW",9.88,"6c1785a25d82451097990c98c0cb840b","CUS-3431016847","151.2","-33.94","debit","Wed","12:43:12","12","August"
"1843","posted",NA,"ACC-3541460373","145.00","-37.83","PAY/SALARY",NA,"Jeffrey",2713.59,2018-08-15 07:00:00,"M",24,NA,NA,1408.08,"5c5359548fa44145bde8bd98f5c8aff6","CUS-1433879684",NA,NA,"credit","Wed","13:00:00","13","August"
"1844","posted",NA,"ACC-3100725361","145.73","-17.03","INTER BANK",NA,"Ronald",1206.96,2018-08-15 07:00:00,"M",25,NA,NA,26,"b37be6bf4ec54779944e1012440136a2","CUS-2178051368",NA,NA,"debit","Wed","13:00:00","13","August"
"1845","posted",NA,"ACC-2776252858","144.95","-37.76","PAY/SALARY",NA,"Kristin",1215.7,2018-08-15 07:00:00,"F",43,NA,NA,1068.04,"73cf2b1668554a12878429e0b347ca94","CUS-4123612273",NA,NA,"credit","Wed","13:00:00","13","August"
"1846","authorized","1","ACC-1056639002","145.03","-37.91","SALES-POS","9f8b5e65-e1a3-4406-beef-c96ed9d6de31","Michael",42094.12,2018-08-15 07:00:00,"M",22,"Bundoora","VIC",55.55,"fe533eeefb124d94919ab212e7027b94","CUS-3462882033","145.07","-37.68","debit","Wed","13:01:07","13","August"
"1847","authorized","1","ACC-53508546","150.62","-33.76","SALES-POS","0abbf261-6fff-4d67-be32-444cba7d2099","Kimberly",1624.48,2018-08-15 07:00:00,"F",35,"Asquith","NSW",41,"bc127ca6a743482e89a74437e1258ecb","CUS-72755508","151.11","-33.69","debit","Wed","13:19:59","13","August"
"1848","authorized","1","ACC-2249586092","115.98","-32.07","SALES-POS","d60f76ae-00eb-42a8-bc8c-86e25f707aed","Edward",5038.9,2018-08-15 07:00:00,"M",19,"Coolbellup","WA",15.94,"17e1c07084bd42f18f479e3081e5bc71","CUS-443776336","115.81","-32.08","debit","Wed","13:38:52","13","August"
"1849","authorized","1","ACC-3879258709","143.83","-37.66","POS","7dd64d5b-fe30-4a81-be18-03b2cf47faf1","Natasha",189829.05,2018-08-15 07:00:00,"F",40,"Fortitude Valley","QLD",40.16,"72d6c325b7ab49918d239ebc632e9819","CUS-527400765","153.03","-27.45","debit","Wed","13:57:44","13","August"
"1850","posted",NA,"ACC-1598451071","153.41","-27.95","PAY/SALARY",NA,"Diana",1440.22,2018-08-15 07:00:00,"F",26,NA,NA,1013.67,"bdff41213228441e998c82d263983cc7","CUS-2487424745",NA,NA,"credit","Wed","14:00:00","14","August"
"1851","posted",NA,"ACC-240804743","121.48","-30.75","PAYMENT",NA,"Kenneth",4060.7,2018-08-15 07:00:00,"M",29,NA,NA,56,"b1f36c08f83647afbfbd9064b5610914","CUS-261674136",NA,NA,"debit","Wed","14:00:00","14","August"
"1852","authorized","1","ACC-1523339231","115.83","-31.90","SALES-POS","34063d0b-561b-4506-9086-90f1f7b5d9b7","Tim",53937.24,2018-08-15 07:00:00,"M",40,"Jandakot","WA",19.18,"6c0a93c6c1b64236a0740558d5f17188","CUS-1816693151","115.87","-32.13","debit","Wed","14:08:13","14","August"
"1853","authorized","1","ACC-4258502723","145.45","-37.74","POS","ee7ab545-152d-45fb-b117-e98a0a6f04d7","Kimberly",1989.39,2018-08-15 07:00:00,"F",24,"Canberra","ACT",87.27,"c8f0871aa5e44144919767b05a0825de","CUS-3378712515","149.13","-35.28","debit","Wed","14:17:34","14","August"
"1854","authorized","1","ACC-966140392","147.08","-37.97","POS","b729d4db-f4f3-46a3-8524-cb985f538617","Joseph",2178.59,2018-08-15 07:00:00,"M",21,"Brunswick","VIC",33.94,"c39ff03c1b8c41f4a05a2a03e2f5f9c0","CUS-537508723","144.95","-37.77","debit","Wed","14:26:54","14","August"
"1855","authorized","1","ACC-1056639002","145.03","-37.91","POS","7ce6fb22-ab24-4035-87e9-f1281c6f8ac4","Michael",42065.08,2018-08-15 07:00:00,"M",22,"Elsternwick","VIC",29.04,"a211e9b96420460da9dded66a44a64b3","CUS-3462882033","145","-37.88","debit","Wed","14:36:15","14","August"
"1856","authorized","0","ACC-1424176027","151.08","-33.93","POS","20f3ff9a-d1e4-45f3-82ee-9cae00f3c2fc","Donald",1928.13,2018-08-15 07:00:00,"M",22,"Auburn","NSW",15.59,"160f4a8a99644829b1320179b2cae086","CUS-3431016847","151.03","-33.85","debit","Wed","14:45:36","14","August"
"1857","authorized","1","ACC-1903037542","153.05","-27.61","SALES-POS","1126bc54-6a39-446f-8d97-4c5f711ab224","Jeffrey",402.4,2018-08-15 07:00:00,"M",30,"Brisbane City","QLD",8.92,"51ccea98ace14cc68adfb9f30662b313","CUS-860700529","153.03","-27.47","debit","Wed","14:54:57","14","August"
"1858","posted",NA,"ACC-2305712452","138.61","-34.89","PAYMENT",NA,"Debra",1256.6,2018-08-15 07:00:00,"F",18,NA,NA,36,"329c198d3e574f3480833ea9b1c6ae57","CUS-1842679196",NA,NA,"debit","Wed","15:00:00","15","August"
"1859","posted",NA,"ACC-354106658","151.04","-33.80","PAY/SALARY",NA,"Christine",8754.76,2018-08-15 07:00:00,"F",39,NA,NA,5103.51,"41ce67e6c8a4474385fd1646963b6758","CUS-2376382098",NA,NA,"credit","Wed","15:00:00","15","August"
"1860","posted",NA,"ACC-240804743","121.48","-30.75","PAYMENT",NA,"Kenneth",3922.7,2018-08-15 07:00:00,"M",29,NA,NA,138,"b78aeea5cdfd4fdfa249066de866687d","CUS-261674136",NA,NA,"debit","Wed","15:00:00","15","August"
"1861","posted",NA,"ACC-38923874","151.27","-33.90","PAYMENT",NA,"Ryan",31479.39,2018-08-15 07:00:00,"M",38,NA,NA,35,"e97a317cba6f44d49c2b4a0a0e284e0b","CUS-3249305314",NA,NA,"debit","Wed","15:00:00","15","August"
"1862","authorized","0","ACC-3100725361","145.73","-17.03","POS","5b53791d-fd26-4b42-88a7-efe061595618","Ronald",1143.45,2018-08-15 07:00:00,"M",25,"Melbourne","VIC",63.51,"118dcfae8d0749358558d0be432fdc81","CUS-2178051368","144.96","-37.82","debit","Wed","15:02:48","15","August"
"1863","authorized","0","ACC-602667573","151.23","-33.96","POS","261c71f5-4ed6-4661-b95d-84855a34227d","Michael",4184.19,2018-08-15 07:00:00,"M",40,"Bankstown","NSW",208.55,"18c2a8b5719e4e2295bddd08d563b56e","CUS-2031327464","151.03","-33.92","debit","Wed","15:08:54","15","August"
"1864","authorized","0","ACC-414431115","142.77","-37.06","SALES-POS","0f5a03c0-3990-4e63-9549-e25eeb604815","Amy",4.4,2018-08-15 07:00:00,"F",43,"Maryborough","VIC",8.14,"d72076bbecc84aa2a0a1a94d8962b802","CUS-2599279756","143.74","-37.05","debit","Wed","15:14:59","15","August"
"1865","authorized","1","ACC-3233697971","151.04","-33.77","POS","968914e4-3ece-4a56-b95a-27666afedeb3","Robin",2848.05,2018-08-15 07:00:00,"F",34,"Coogee","NSW",45.85,"bc1ea2d2e98d4f90b9086efd976f040d","CUS-1147642491","151.25","-33.92","debit","Wed","15:21:05","15","August"
"1866","authorized","1","ACC-1710017148","150.82","-34.01","SALES-POS","50b966cd-5400-41dc-8dcd-dbc2fd97cc92","Michelle",4129.5,2018-08-15 07:00:00,"F",19,"Margaret River","WA",28.16,"89f0192499264cd795a1d7a3f47ba76f","CUS-883482547","115.08","-33.95","debit","Wed","15:27:11","15","August"
"1867","authorized","0","ACC-602667573","151.23","-33.96","SALES-POS","08f4f809-fafc-4123-8a7d-a0ab650b27cd","Michael",4162.11,2018-08-15 07:00:00,"M",40,"Ryde","NSW",22.08,"a4fbe9e7cb0c41299b425a9efbde14da","CUS-2031327464","151.12","-33.79","debit","Wed","15:33:17","15","August"
"1868","authorized","1","ACC-1496451953","145.16","-37.84","SALES-POS","98b850d7-13b8-4a3b-9369-b4c10322002b","Ricky",4642.77,2018-08-15 07:00:00,"M",43,"Mount Gambier","SA",77.84,"1f7acc90090f4d80a4d56172cc5f0ac0","CUS-3142625864","140.77","-37.83","debit","Wed","15:39:23","15","August"
"1869","authorized","1","ACC-3084464802","145.15","-37.76","POS","4c2bef46-6b43-4b1b-be8f-240c86b8035c","Susan",2856.91,2018-08-15 07:00:00,"F",19,"Knoxfield","VIC",29.58,"f747b0a72c6245acbbf4d8d45dedc6fe","CUS-1928710999","145.26","-37.88","debit","Wed","15:45:29","15","August"
"1870","authorized","1","ACC-1598451071","153.41","-27.95","POS","78706e2c-6904-4f24-a43d-9bc9b2c49e4b","Diana",1432.52,2018-08-15 07:00:00,"F",26,"Paradise Point","QLD",7.7,"9fae6be988924ddab741e823bb7115b2","CUS-2487424745","153.39","-27.89","debit","Wed","15:51:35","15","August"
"1871","authorized","0","ACC-1598451071","153.41","-27.95","POS","e2f60095-8c17-4069-bbcd-a9256238b34f","Diana",1424.81,2018-08-15 07:00:00,"F",26,"Ashmore","QLD",7.71,"81ff5fe0b6bc4dd98c51563f7e4edc19","CUS-2487424745","153.38","-27.99","debit","Wed","15:57:40","15","August"
"1872","posted",NA,"ACC-4065652575","115.81","-31.82","PAYMENT",NA,"Lucas",5588.84,2018-08-15 07:00:00,"M",21,NA,NA,55,"cd721f6bf95449b4869c44ca166845aa","CUS-1117979751",NA,NA,"debit","Wed","16:00:00","16","August"
"1873","posted",NA,"ACC-3485804958","138.52","-35.01","PAY/SALARY",NA,"Jessica",19199.85,2018-08-15 07:00:00,"F",34,NA,NA,3903.73,"91b6c25e46824d76871d03c626dac3f1","CUS-1196156254",NA,NA,"credit","Wed","16:00:00","16","August"
"1874","posted",NA,"ACC-1799207998","150.68","-33.79","PAYMENT",NA,"Susan",2127.51,2018-08-15 07:00:00,"F",20,NA,NA,35,"8d9dd79577ac40f7892181bb848c953b","CUS-164374203",NA,NA,"debit","Wed","16:00:00","16","August"
"1875","posted",NA,"ACC-1973887809","115.78","-31.90","PAY/SALARY",NA,"Antonio",2178.57,2018-08-15 07:00:00,"M",26,NA,NA,1098.91,"d994adeb38fe444d9cf77d9ea37efff7","CUS-1646621553",NA,NA,"credit","Wed","16:00:00","16","August"
"1876","posted",NA,"ACC-154431271","153.09","-27.48","PAYMENT",NA,"Lori",1235.56,2018-08-15 07:00:00,"F",18,NA,NA,134,"aa93a31860af4824a71748dc50d8613a","CUS-3702001629",NA,NA,"debit","Wed","16:00:00","16","August"
"1877","posted",NA,"ACC-4059612845","130.98","-12.49","PAY/SALARY",NA,"Jonathan",52568.04,2018-08-15 07:00:00,"M",38,NA,NA,2647.38,"941f60ad16bc42b2a53cefb0c70432ce","CUS-495599312",NA,NA,"credit","Wed","16:00:00","16","August"
"1878","authorized","1","ACC-1710017148","150.82","-34.01","SALES-POS","5ef086e6-3b62-4a1e-967e-1d6c733b554b","Michelle",4120.63,2018-08-15 07:00:00,"F",19,"Chatswood","NSW",8.87,"d87b70ccd2634cb2871e76793a042bbd","CUS-883482547","151.18","-33.8","debit","Wed","16:10:19","16","August"
"1879","authorized","1","ACC-1598451071","153.41","-27.95","POS","b06e1ff9-4b61-4cec-b78a-eae9c8e2bb70","Diana",1407.06,2018-08-15 07:00:00,"F",26,"Oxenford","QLD",17.75,"94ef1baddcd24aadae980f5df7a122f4","CUS-2487424745","153.31","-27.89","debit","Wed","16:26:59","16","August"
"1880","authorized","1","ACC-966140392","147.08","-37.97","POS","c30b53dc-f76d-4850-af12-824fc0976589","Joseph",2168.9,2018-08-15 07:00:00,"M",21,"Keysborough","VIC",9.69,"7163b31555964feeb06c890ade49d9a2","CUS-537508723","145.16","-38.01","debit","Wed","16:43:39","16","August"
"1881","posted",NA,"ACC-819621312","145.04","-37.85","PAY/SALARY",NA,"Michele",2869.72,2018-08-15 07:00:00,"F",30,NA,NA,1158.15,"1a3f9d04937b4569a0bd71a4aa8c4cde","CUS-1271030853",NA,NA,"credit","Wed","17:00:00","17","August"
"1882","posted",NA,"ACC-2920611728","144.96","-37.76","PAY/SALARY",NA,"Tyler",3655.94,2018-08-15 07:00:00,"M",69,NA,NA,1043.12,"4d8daaacc4264d6d92b2ea759cc80364","CUS-1388323263",NA,NA,"credit","Wed","17:00:00","17","August"
"1883","posted",NA,"ACC-2901672282","255.00","-573.00","PAYMENT",NA,"Daniel",1605.42,2018-08-15 07:00:00,"M",22,NA,NA,33,"115c15f7f3a248b386a56b8942c69793","CUS-1617121891",NA,NA,"debit","Wed","17:00:00","17","August"
"1884","posted",NA,"ACC-1799207998","150.68","-33.79","PAY/SALARY",NA,"Susan",3523,2018-08-15 07:00:00,"F",20,NA,NA,1395.49,"e79a43af900a40008f5d23aa947fd67f","CUS-164374203",NA,NA,"credit","Wed","17:00:00","17","August"
"1885","posted",NA,"ACC-1349834573","145.17","-37.84","PAY/SALARY",NA,"Matthew",8965.29,2018-08-15 07:00:00,"M",39,NA,NA,3071.14,"ebb87a468a524e20b6bcff34bd7482bf","CUS-1790886359",NA,NA,"credit","Wed","17:00:00","17","August"
"1886","posted",NA,"ACC-4163822186","149.03","-34.97","PAYMENT",NA,"Karen",4525.76,2018-08-15 07:00:00,"F",26,NA,NA,50,"cd375df8e66c469095b3c3e8609bed8c","CUS-2630892467",NA,NA,"debit","Wed","17:00:00","17","August"
"1887","authorized","1","ACC-53508546","150.62","-33.76","SALES-POS","f8a06431-170e-406c-bcae-9f705557f9a8","Kimberly",1602.21,2018-08-15 07:00:00,"F",35,"Ryde","NSW",22.27,"1da1b2c419ed4e2fbe147157c31fea1f","CUS-72755508","151.11","-33.81","debit","Wed","17:00:12","17","August"
"1888","authorized","1","ACC-354106658","151.04","-33.80","POS","29d82c94-2c19-43d1-be59-3f99921059e1","Christine",8720.61,2018-08-15 07:00:00,"F",39,"Cremorne","NSW",34.15,"33957e411abf44f7936852ce713b213a","CUS-2376382098","151.23","-33.83","debit","Wed","17:10:37","17","August"
"1889","authorized","1","ACC-1424176027","151.08","-33.93","SALES-POS","62eb2c20-ff3d-43ae-ae2d-925a05c39f02","Donald",1913.67,2018-08-15 07:00:00,"M",22,"Mascot","NSW",14.46,"0525c0ace11542d49e7a156e4cbffc4b","CUS-3431016847","151.19","-33.94","debit","Wed","17:21:02","17","August"
"1890","authorized","0","ACC-3021093232","149.83","-29.47","SALES-POS","0c1ffe7f-8a0e-4d5f-b91d-78577b9b40a2","Melissa",3294.52,2018-08-15 07:00:00,"F",30,"Bega","NSW",23.27,"6fb34694154a4855bab0eacec13c6b8d","CUS-55310383","149.84","-36.67","debit","Wed","17:31:27","17","August"
"1891","authorized","1","ACC-240804743","121.48","-30.75","POS","f126f15e-30c2-456f-8b10-a28f9762e41d","Kenneth",3833.37,2018-08-15 07:00:00,"M",29,"Brisbane City","QLD",89.33,"12fc8ee4898e49abba59d2fac632547b","CUS-261674136","153.02","-27.47","debit","Wed","17:41:52","17","August"
"1892","authorized","1","ACC-1598451071","153.41","-27.95","POS","e3a92a7a-0c39-4461-8899-25fb8a3843c2","Diana",1379.87,2018-08-15 07:00:00,"F",26,"Ultimo","NSW",27.19,"d441d051c1ca49fda4e9b0873e730836","CUS-2487424745","151.19","-33.88","debit","Wed","17:52:17","17","August"
"1893","posted",NA,"ACC-1279356312","144.79","-37.73","INTER BANK",NA,"Tyler",3277.89,2018-08-15 07:00:00,"M",44,NA,NA,164,"deafe767838044ec8eadd452b824ed0a","CUS-1892177589",NA,NA,"debit","Wed","18:00:00","18","August"
"1894","posted",NA,"ACC-2153562714","116.00","-31.88","PAYMENT",NA,"Linda",602.97,2018-08-15 07:00:00,"F",24,NA,NA,46,"61f13a4b16be49038aaa14b9ddbe4068","CUS-423725039",NA,NA,"debit","Wed","18:00:00","18","August"
"1895","authorized","1","ACC-2897221629","150.90","-34.37","POS","fe257a32-9aaf-4689-a309-23d952424071","Scott",1785.05,2018-08-15 07:00:00,"M",23,"Melbourne","VIC",32.32,"1a3c9278f14e4814a1a65e3d868f7d20","CUS-511326734","144.96","-37.82","debit","Wed","18:06:29","18","August"
"1896","authorized","1","ACC-2528867619","138.58","-34.96","SALES-POS","a9628aa8-2286-4201-88f6-28f2ae0c12b0","Abigail",3165.83,2018-08-15 07:00:00,"F",40,"Aldgate","SA",80.82,"65f3bfb675694f44b45689b8a528e82d","CUS-2505971401","138.74","-35.01","debit","Wed","18:31:29","18","August"
"1897","authorized","1","ACC-602667573","151.23","-33.96","POS","16f0ab84-0c98-415c-8314-a72bd05cced1","Michael",4144.69,2018-08-15 07:00:00,"M",40,"Macquarie Park","NSW",17.42,"1aa0fe0e66de4ee5a52479ff8149399b","CUS-2031327464","151.12","-33.78","debit","Wed","18:56:29","18","August"
"1898","posted",NA,"ACC-1349834573","145.17","-37.84","PAYMENT",NA,"Matthew",8917.29,2018-08-15 07:00:00,"M",39,NA,NA,48,"294dab45a60e438597fdd28fa11e793c","CUS-1790886359",NA,NA,"debit","Wed","19:00:00","19","August"
"1899","authorized","1","ACC-966140392","147.08","-37.97","POS","a83cc4b9-cc95-4f83-b47a-d3a67eb87967","Joseph",2152.72,2018-08-15 07:00:00,"M",21,"Forest Hill","VIC",16.18,"8c4869c61af0480793c244041398e501","CUS-537508723","145.17","-37.84","debit","Wed","19:08:57","19","August"
"1900","authorized","1","ACC-1903037542","153.05","-27.61","POS","1dfcf039-ccaa-4974-bdd0-ca6e348eb2eb","Jeffrey",376.91,2018-08-15 07:00:00,"M",30,"Ormeau","QLD",25.49,"7ed8638eaeaa4ea9b52b93d525ab2365","CUS-860700529","153.25","-27.78","debit","Wed","19:19:22","19","August"
"1901","authorized","1","ACC-3771436525","145.04","-37.92","POS","4d218962-62cb-45d1-89a2-b1a49c02a8d8","Derek",1138.16,2018-08-15 07:00:00,"M",20,"Balwyn North","VIC",16.41,"4d18993d279d4aa7b3034a40d713b225","CUS-3325710106","145.09","-37.79","debit","Wed","19:29:47","19","August"
"1902","authorized","1","ACC-1334819143","145.13","-37.70","POS","c6879eaa-1cb9-4057-aa12-47d2d4c3ac4e","Christopher",59323.66,2018-08-15 07:00:00,"M",33,"Brunswick","VIC",18.47,"7f1856fec69e421d961a2058a9f31481","CUS-3117610635","144.96","-37.77","debit","Wed","19:40:12","19","August"
"1903","authorized","1","ACC-1056639002","145.03","-37.91","SALES-POS","d3a6299c-38b6-44d7-9dda-0aea7c6476f9","Michael",42039.38,2018-08-15 07:00:00,"M",22,"Mount Gambier","SA",25.7,"db90613d727940f485e0d4edf66f8fe4","CUS-3462882033","140.78","-37.83","debit","Wed","19:50:37","19","August"
"1904","posted",NA,"ACC-2171593283","146.94","-36.04","PAYMENT",NA,"Fernando",6507.71,2018-08-15 07:00:00,"M",19,NA,NA,17,"2218fee467394469ac58eed92a197e0d","CUS-2317998716",NA,NA,"debit","Wed","20:00:00","20","August"
"1905","posted",NA,"ACC-1650504218","145.01","-37.93","PAYMENT",NA,"Marissa",4611.04,2018-08-15 07:00:00,"F",23,NA,NA,33,"597b5a0cbf6b45eaab1785f8c11060c2","CUS-2500783281",NA,NA,"debit","Wed","20:00:00","20","August"
"1906","posted",NA,"ACC-182446574","116.06","-32.00","INTER BANK",NA,"Tonya",1920.96,2018-08-15 07:00:00,"F",27,NA,NA,33,"dcd2f60612864d469fe2d6dbc904b958","CUS-3026014945",NA,NA,"debit","Wed","20:00:00","20","August"
"1907","posted",NA,"ACC-4281711154","144.98","-37.84","PHONE BANK",NA,"Eric",34756.92,2018-08-15 07:00:00,"M",42,NA,NA,36,"5de62163cf0246a78c994e47beb3a7b9","CUS-3151318058",NA,NA,"debit","Wed","20:00:00","20","August"
"1908","authorized","0","ACC-1799207998","150.68","-33.79","SALES-POS","7c7472f6-c302-4cf0-85d6-4acbf48ddb06","Susan",3512.5,2018-08-15 07:00:00,"F",20,"Mcmahons Point","NSW",10.5,"0d3dafcd540a4d1aac63428f7f75c4b2","CUS-164374203","151.2","-33.85","debit","Wed","20:02:33","20","August"
"1909","authorized","0","ACC-854938045","147.63","-22.84","POS","812dd3a5-ff7d-4ddb-b08d-578e7ea2449d","James",8244.38,2018-08-15 07:00:00,"M",28,"Roxburgh Park","VIC",45.54,"1c1cb0c194634a488ca927fdcfaacbf3","CUS-4023861240","144.93","-37.64","debit","Wed","20:28:12","20","August"
"1910","authorized","1","ACC-1903037542","153.05","-27.61","SALES-POS","5831d0ea-140f-49e1-afce-f64cf7dde078","Jeffrey",346.58,2018-08-15 07:00:00,"M",30,"Pialba","QLD",30.33,"69fb36a36ddd403695d5da90e8d2513a","CUS-860700529","152.84","-25.28","debit","Wed","20:53:50","20","August"
"1911","posted",NA,"ACC-3536132544","144.93","-37.79","INTER BANK",NA,"Heather",2988.11,2018-08-15 07:00:00,"F",41,NA,NA,43,"c552e0a633ed40cc9ab41993bd1a668c","CUS-2348881191",NA,NA,"debit","Wed","21:00:00","21","August"
"1912","posted",NA,"ACC-2173390920","144.71","-37.58","PHONE BANK",NA,"Luis",2210.44,2018-08-15 07:00:00,"M",27,NA,NA,67,"64bc212641884be699fc27e9332010c6","CUS-3180318393",NA,NA,"debit","Wed","21:00:00","21","August"
"1913","authorized","1","ACC-1608363396","151.22","-33.87","POS","5f830402-b690-4812-9b9b-480bc58bed08","Robert",2978.64,2018-08-15 07:00:00,"M",20,"Granville","NSW",13.89,"2615bf9aead34129a0cb2667762f84b5","CUS-2688605418","151","-33.84","debit","Wed","21:34:30","21","August"
"1914","posted",NA,"ACC-1710017148","150.82","-34.01","PAYMENT",NA,"Michelle",4087.63,2018-08-15 07:00:00,"F",19,NA,NA,33,"1f4b41fdd74340619ec8b6ff3772ce80","CUS-883482547",NA,NA,"debit","Wed","22:00:00","22","August"
"1915","authorized","1","ACC-211792489","138.63","-34.93","SALES-POS","416a7cbf-3853-43f0-b8d6-dfd20f0b4301","Jacqueline",2574.36,2018-08-15 07:00:00,"F",30,"Glen Osmond","SA",26.49,"66bf39e2b4374639a929f5b1828cdf90","CUS-497688347","138.64","-34.96","debit","Wed","22:20:35","22","August"
"1916","authorized","0","ACC-2528867619","138.58","-34.96","SALES-POS","bf78c4a2-a256-4e77-a17d-e889a47ac204","Abigail",3159.78,2018-08-15 07:00:00,"F",40,"Mclaren Vale","SA",6.05,"5af01fa3cd964906b4e024991c470887","CUS-2505971401","138.54","-35.22","debit","Wed","22:49:59","22","August"
"1917","posted",NA,"ACC-1973887809","115.78","-31.90","PAYMENT",NA,"Antonio",2149.57,2018-08-15 07:00:00,"M",26,NA,NA,29,"0b2df3b4ba1549c39a87771aaf014311","CUS-1646621553",NA,NA,"debit","Wed","23:00:00","23","August"
"1918","posted",NA,"ACC-1349834573","145.17","-37.84","PAYMENT",NA,"Matthew",8885.29,2018-08-15 07:00:00,"M",39,NA,NA,32,"20a1f3901f7f4e8cbe1a024e5ecc40b6","CUS-1790886359",NA,NA,"debit","Wed","23:00:00","23","August"
"1919","posted",NA,"ACC-354106658","151.04","-33.80","PAYMENT",NA,"Christine",8583.61,2018-08-15 07:00:00,"F",39,NA,NA,137,"7b59389278b049c0b3cd6a2210404eb2","CUS-2376382098",NA,NA,"debit","Wed","23:00:00","23","August"
"1920","posted",NA,"ACC-240804743","121.48","-30.75","PAYMENT",NA,"Kenneth",3794.37,2018-08-15 07:00:00,"M",29,NA,NA,39,"fa1f5c3b9eff46279c6c877436526f4a","CUS-261674136",NA,NA,"debit","Wed","23:00:00","23","August"
"1921","authorized","1","ACC-4258502723","145.45","-37.74","SALES-POS","2b50255f-71be-4cb4-acd7-1bf1ad15391c","Kimberly",1980.01,2018-08-15 07:00:00,"F",24,"Melbourne Airport","VIC",9.38,"6b73b530d57543e79e9b9ba014039120","CUS-3378712515","144.85","-37.67","debit","Wed","23:14:20","23","August"
"1922","authorized","1","ACC-1334819143","145.13","-37.70","POS","769a3b32-c71d-4e07-8ff9-539b579324f5","Christopher",59310.63,2018-08-15 07:00:00,"M",33,"Northcote","VIC",13.03,"39f96e7e99ea4ad691fbebe004035e1d","CUS-3117610635","145","-37.77","debit","Wed","23:36:05","23","August"
"1923","authorized","1","ACC-966140392","147.08","-37.97","POS","072aacff-7e3c-499e-b00a-052a6ee882f7","Joseph",2140.26,2018-08-15 07:00:00,"M",21,"Bridgewater","TAS",12.46,"07179500885c41fda1318c4f43f69b0f","CUS-537508723","147.23","-42.74","debit","Wed","23:57:49","23","August"
"1924","authorized","1","ACC-602667573","151.23","-33.96","SALES-POS","7136175d-4f8a-466f-83fd-36705ceb8cf6","Michael",4134.44,2018-08-17 07:00:00,"M",40,"Kensington","NSW",10.25,"b3111c17a96347c6949081ce303419cf","CUS-2031327464","151.23","-33.92","debit","Fri","00:01:14","00","August"
"1925","authorized","0","ACC-2615038700","145.35","-38.03","SALES-POS","c287e5be-17a3-49ad-80ef-3bd295033671","Emily",29470.71,2018-08-17 07:00:00,"F",43,"Golden Point","VIC",64.5,"e8a510baaa0646b2987c4d3bcf76fb5a","CUS-3255104878","143.87","-37.58","debit","Fri","00:22:04","00","August"
"1926","authorized","1","ACC-3536132544","144.93","-37.79","SALES-POS","bce20df2-d87c-40b3-b4b3-0b01d1e7a902","Heather",2882.75,2018-08-17 07:00:00,"F",41,"Sebastopol","VIC",45.63,"5a2c2dbe2c76486a82fdad847bc1fc46","CUS-2348881191","143.84","-37.6","debit","Fri","00:42:54","00","August"
"1927","authorized","1","ACC-1598451071","153.41","-27.95","SALES-POS","b41dff2b-f395-418f-a84c-373dcb9f10de","Diana",1256.01,2018-08-17 07:00:00,"F",26,"Kingscliff","NSW",35.91,"a45eaf1a5de04eaa9f6cc4d93c5cc47a","CUS-2487424745","153.58","-28.26","debit","Fri","01:03:12","01","August"
"1928","authorized","1","ACC-1598451071","153.41","-27.95","POS","10a7f6e6-cf60-4c99-8021-004293e7509f","Diana",1250.89,2018-08-17 07:00:00,"F",26,"Coorparoo","QLD",5.12,"e7fe8f38e72143289e28c417b1b72a4b","CUS-2487424745","153.06","-27.49","debit","Fri","01:21:04","01","August"
"1929","authorized","1","ACC-3326339947","151.18","-33.80","SALES-POS","d960a5aa-a4e2-48a6-bb42-0c30df5ab69f","Eric",4398.81,2018-08-17 07:00:00,"M",22,"Balgowlah","NSW",17.94,"35ae7d59a0a244ea95b8f57e15754085","CUS-326006476","151.26","-33.79","debit","Fri","01:38:55","01","August"
"1930","authorized","1","ACC-3326339947","151.18","-33.80","POS","b462d997-f440-4b25-8da9-a02bdc53d4f1","Eric",4381.85,2018-08-17 07:00:00,"M",22,"Chatswood","NSW",16.96,"b4a8efd50b1c44e2b59fb53f2aaa12f8","CUS-326006476","151.19","-33.79","debit","Fri","01:56:47","01","August"
"1931","posted",NA,"ACC-602667573","151.23","-33.96","INTER BANK",NA,"Michael",4037.44,2018-08-17 07:00:00,"M",40,NA,NA,97,"2c9e9f93521540819ad45625e8c3bddb","CUS-2031327464",NA,NA,"debit","Fri","02:00:00","02","August"
"1932","posted",NA,"ACC-2681137560","151.11","-33.99","PAYMENT",NA,"Nathaniel",2804.79,2018-08-17 07:00:00,"M",31,NA,NA,74,"250a2f35219249159a7efd5f5eaf576d","CUS-2083971310",NA,NA,"debit","Fri","02:00:00","02","August"
"1933","posted",NA,"ACC-4258502723","145.45","-37.74","INTER BANK",NA,"Kimberly",1780.15,2018-08-17 07:00:00,"F",24,NA,NA,102,"97d88b4b03f64ecea8fed4affa84d03a","CUS-3378712515",NA,NA,"debit","Fri","02:00:00","02","August"
"1934","posted",NA,"ACC-2673069055","152.99","-27.49","PAYMENT",NA,"Richard",16707.14,2018-08-17 07:00:00,"M",24,NA,NA,43,"806fd6f7503d48e58c175c357f799439","CUS-51506836",NA,NA,"debit","Fri","03:00:00","03","August"
"1935","authorized","1","ACC-588564840","151.27","-33.76","POS","011c51e1-953f-4600-87b6-9414d0675422","Isaiah",10378.28,2018-08-17 07:00:00,"M",23,"Randwick","NSW",47.49,"878f1040d50a44febccdd1d6a06103c9","CUS-1462656821","151.25","-33.91","debit","Fri","03:02:29","03","August"
"1936","posted",NA,"ACC-1496451953","145.16","-37.84","PAYMENT",NA,"Ricky",4586.26,2018-08-17 07:00:00,"M",43,NA,NA,23,"7fc00b16baa34ab99fb14e4a5b09120a","CUS-3142625864",NA,NA,"debit","Fri","04:00:00","04","August"
"1937","posted",NA,"ACC-1710017148","150.82","-34.01","PAYMENT",NA,"Michelle",4047.63,2018-08-17 07:00:00,"F",19,NA,NA,40,"234187365dc1446fb3fe9f0d3a2bea45","CUS-883482547",NA,NA,"debit","Fri","04:00:00","04","August"
"1938","authorized","1","ACC-3485804958","138.52","-35.01","POS","5a3c0cad-eb95-43f2-9d62-c55f9d325ce9","Jessica",18921.91,2018-08-17 07:00:00,"F",34,"North Wagga Wagga","NSW",12.49,"da06d2fe483147b7a8e2f12cef1e9963","CUS-1196156254","147.38","-35.1","debit","Fri","04:01:51","04","August"
"1939","authorized","1","ACC-2673069055","152.99","-27.49","SALES-POS","8f35974b-2a49-4519-9635-d9c716b1991d","Richard",16698.22,2018-08-17 07:00:00,"M",24,"Brisbane Airport","QLD",8.92,"7b77512fa7a8420a8dd3a5ca48db3aee","CUS-51506836","153.12","-27.38","debit","Fri","04:25:06","04","August"
"1940","authorized","0","ACC-211792489","138.63","-34.93","SALES-POS","935836d0-4b82-4fd8-82fc-4857007610a3","Jacqueline",2456.46,2018-08-17 07:00:00,"F",30,"Nowra","NSW",38.94,"e45b35fbdb6f4ddca9c7c3452f66bbde","CUS-497688347","150.6","-34.88","debit","Fri","04:48:22","04","August"
"1941","posted",NA,"ACC-3827517394","151.12","-33.89","PAYMENT",NA,"Craig",32911.16,2018-08-17 07:00:00,"M",28,NA,NA,65,"0d73bb10ab8e44cc85e376ed54ad7366","CUS-2663907001",NA,NA,"debit","Fri","05:00:00","05","August"
"1942","authorized","1","ACC-602667573","151.23","-33.96","SALES-POS","47d798c2-0259-4648-93cd-6f173464cf93","Michael",4020.15,2018-08-17 07:00:00,"M",40,"Potts Point","NSW",17.29,"39906b9c20a74af0b89d146c586bab66","CUS-2031327464","151.22","-33.87","debit","Fri","05:21:44","05","August"
"1943","posted",NA,"ACC-2988263882","145.18","-37.90","PAYMENT",NA,"Michael",3372.04,2018-08-17 07:00:00,"M",44,NA,NA,197,"9813b324e4834965a6b9cd9c1b2e66eb","CUS-1233833708",NA,NA,"debit","Fri","06:00:00","06","August"
"1944","posted",NA,"ACC-3941181087","115.79","-31.94","PAYMENT",NA,"Paul",3182.18,2018-08-17 07:00:00,"M",25,NA,NA,28,"64148e44016e490d9f5d83cf4cabfb37","CUS-3989008654",NA,NA,"debit","Fri","06:00:00","06","August"
"1945","posted",NA,"ACC-1990648130","114.62","-28.80","PAYMENT",NA,"Kaitlyn",3289.55,2018-08-17 07:00:00,"F",21,NA,NA,28,"8b8925b743dc4768a6465bf8ffaede2d","CUS-809013380",NA,NA,"debit","Fri","06:00:00","06","August"
"1946","authorized","0","ACC-588564840","151.27","-33.76","SALES-POS","4bc0e750-4818-4aec-af42-3be72ef0de7b","Isaiah",10363.1,2018-08-17 07:00:00,"M",23,"Penrith","NSW",15.18,"6b7300833ad742c5a5bbe65ee011244f","CUS-1462656821","150.69","-33.75","debit","Fri","06:05:42","06","August"
"1947","authorized","1","ACC-2970114956","144.89","-37.69","POS","2c7c42ec-73a2-479e-8e2c-0f84cba09a76","Robert",6858.54,2018-08-17 07:00:00,"M",26,"Ivanhoe","VIC",16.55,"ea6e7e0c89ae46cbb6d272e7fbc01ff6","CUS-880898248","145.04","-37.77","debit","Fri","06:53:19","06","August"
"1948","posted",NA,"ACC-588564840","151.27","-33.76","PAYMENT",NA,"Isaiah",10266.1,2018-08-17 07:00:00,"M",23,NA,NA,97,"3c9441e24dc64df49812593d3c4d2d0f","CUS-1462656821",NA,NA,"debit","Fri","07:00:00","07","August"
"1949","posted",NA,"ACC-847145727","115.90","-31.92","PAYMENT",NA,"Michael",52632.71,2018-08-17 07:00:00,"M",19,NA,NA,151,"6954104f31f446a39a580507a9e9faa2","CUS-1609060617",NA,NA,"debit","Fri","07:00:00","07","August"
"1950","posted",NA,"ACC-1496451953","145.16","-37.84","PAYMENT",NA,"Ricky",4525.86,2018-08-17 07:00:00,"M",43,NA,NA,17,"bc35f07c2c064e61bddaa523e32554a3","CUS-3142625864",NA,NA,"debit","Fri","07:00:00","07","August"
"1951","authorized","1","ACC-1496451953","145.16","-37.84","SALES-POS","9eee8fac-e82d-4df1-b380-066ed55f7782","Ricky",4542.86,2018-08-17 07:00:00,"M",43,"Ferntree Gully","VIC",43.4,"4d55e8bca5c14afc8ab94a207c2c38ef","CUS-3142625864","145.28","-37.88","debit","Fri","07:29:39","07","August"
"1952","authorized","1","ACC-2897221629","150.90","-34.37","SALES-POS","46a04124-f584-48d8-a1b9-b37f0baefc3e","Scott",1632.34,2018-08-17 07:00:00,"M",23,"Crookwell","NSW",16.08,"ebaa2a8b735849209db5e4c0aaa8aa2a","CUS-511326734","149.47","-34.46","debit","Fri","08:01:07","08","August"
"1953","authorized","1","ACC-1598451071","153.41","-27.95","POS","664250bc-4ca4-4fa3-9a6a-d55e1609e2e7","Diana",1245.75,2018-08-17 07:00:00,"F",26,"Southport","QLD",5.14,"a234a7450ef54d869222e8a968027ed1","CUS-2487424745","153.38","-27.96","debit","Fri","08:19:48","08","August"
"1954","authorized","1","ACC-4258502723","145.45","-37.74","SALES-POS","198c2a0c-3eb7-4e5c-9c0e-5e9b4ff99a90","Kimberly",1763.06,2018-08-17 07:00:00,"F",24,"Millicent","SA",17.09,"e22ddadaf974433fb487cd257f6efd5d","CUS-3378712515","140.31","-37.6","debit","Fri","08:29:09","08","August"
"1955","authorized","1","ACC-3326339947","151.18","-33.80","SALES-POS","53b7b6f1-1698-4028-a38c-e0eb2cb8ef1c","Eric",4346.47,2018-08-17 07:00:00,"M",22,"Blacktown","NSW",35.38,"a0cf882e52c043919a46786ed9a3cda5","CUS-326006476","150.91","-33.78","debit","Fri","08:38:30","08","August"
"1956","authorized","1","ACC-2970114956","144.89","-37.69","POS","1aba8377-fcb4-429a-a91b-e2321d39934c","Robert",6838.89,2018-08-17 07:00:00,"M",26,"Box Hill South","VIC",19.65,"bf375cc8f3e848b1ac3619a52dab731f","CUS-880898248","145.13","-37.84","debit","Fri","08:47:51","08","August"
"1957","authorized","1","ACC-1496451953","145.16","-37.84","SALES-POS","c023a991-ed3c-42d9-8064-7a5c9d9fdc26","Ricky",4483.08,2018-08-17 07:00:00,"M",43,"Myrniong","VIC",42.78,"56efd343fa7549e29043d225e3589b75","CUS-3142625864","144.34","-37.62","debit","Fri","08:57:11","08","August"
"1958","authorized","1","ACC-3771436525","145.04","-37.92","SALES-POS","bfbd3275-116a-4319-bab3-4901b7bae8e8","Derek",1092.84,2018-08-17 07:00:00,"M",20,"Dandenong North","VIC",8.61,"4c80273c585344778c8720f1e76675e9","CUS-3325710106","145.21","-37.94","debit","Fri","09:04:29","09","August"
"1959","authorized","1","ACC-2828321672","153.03","-27.51","POS","1d5fcc47-f73b-4e3c-b111-56221a1b3384","Stephanie",1229.61,2018-08-17 07:00:00,"F",53,"Riverhills","QLD",45.43,"a1fac8b5908f4125973f657d95c8ef84","CUS-1005756958","152.91","-27.56","debit","Fri","09:10:53","09","August"
"1960","authorized","1","ACC-559365433","147.31","-42.88","SALES-POS","a3f93fa7-660c-4ae2-9388-e3061750582d","Mary",964.22,2018-08-17 07:00:00,"F",64,"Forest Hill","NSW",17.19,"b54280a715fe4d1992b86e6ee517f3cf","CUS-1654129794","147.47","-35.15","debit","Fri","09:17:18","09","August"
"1961","authorized","0","ACC-2901672282","255.00","-573.00","SALES-POS","efbb9b50-63af-4660-bb5c-37e05fca9f3f","Daniel",1540.5,2018-08-17 07:00:00,"M",22,"Morayfield","QLD",17.42,"796df7dabcb445a48e21428e22c7e8ce","CUS-1617121891","152.95","-27.12","debit","Fri","09:23:43","09","August"
"1962","authorized","1","ACC-2897221629","150.90","-34.37","POS","445529ac-db9b-4fce-a4e4-a389e6d09f91","Scott",1618.51,2018-08-17 07:00:00,"M",23,"Austral","NSW",13.83,"68050b3744b5479bb86616d602247e3d","CUS-511326734","150.8","-33.91","debit","Fri","09:30:07","09","August"
"1963","authorized","0","ACC-1799207998","150.68","-33.79","POS","0d338c2f-cf2d-4f14-ae19-e9f79c5f90aa","Susan",3429.33,2018-08-17 07:00:00,"F",20,"Manly","NSW",10.81,"d8657302ecdb4545a70fad0f1ac56a27","CUS-164374203","151.28","-33.8","debit","Fri","09:36:32","09","August"
"1964","authorized","1","ACC-1496451953","145.16","-37.84","POS","944d7ebc-3594-4022-a560-a7436d4f4d15","Ricky",4413.84,2018-08-17 07:00:00,"M",43,"Brunswick","VIC",69.24,"e75bfbac76204122ab5ea3c519460474","CUS-3142625864","144.96","-37.77","debit","Fri","09:42:56","09","August"
"1965","authorized","1","ACC-3485804958","138.52","-35.01","POS","a27c7ed1-6b31-438f-a536-6e18852c7dbf","Jessica",18918.25,2018-08-17 07:00:00,"F",34,"Oaklands Park","SA",3.66,"fe1b74201be7420c8193a47498f312e0","CUS-1196156254","138.54","-35.02","debit","Fri","09:49:21","09","August"
"1966","authorized","1","ACC-588564840","151.27","-33.76","POS","2ad77476-1279-414b-9793-7744c8c19306","Isaiah",10251.86,2018-08-17 07:00:00,"M",23,"Surry Hills","NSW",14.24,"e3e2af743caa4529ab19ced8f8c0cac5","CUS-1462656821","151.21","-33.89","debit","Fri","09:55:46","09","August"
"1967","posted",NA,"ACC-1334819143","145.13","-37.70","PAYMENT",NA,"Christopher",59064.23,2018-08-17 07:00:00,"M",33,NA,NA,50,"2408222330bb41e3b7722ad3c59142f3","CUS-3117610635",NA,NA,"debit","Fri","10:00:00","10","August"
"1968","authorized","1","ACC-4258502723","145.45","-37.74","SALES-POS","2bbe7254-003f-4845-8b74-2dcc6baa3fc0","Kimberly",1733.72,2018-08-17 07:00:00,"F",24,"Box Hill North","VIC",29.34,"18439b1abc2e475ab07c1723790ef6bc","CUS-3378712515","145.14","-37.81","debit","Fri","10:06:47","10","August"
"1969","authorized","1","ACC-588564840","151.27","-33.76","SALES-POS","84335287-a509-4a8f-836a-f71fa050bf4d","Isaiah",10207.37,2018-08-17 07:00:00,"M",23,"Richmond","VIC",44.49,"3c4d312e80624744baa6fa726dc50635","CUS-1462656821","145","-37.83","debit","Fri","10:26:47","10","August"
"1970","authorized","1","ACC-354106658","151.04","-33.80","POS","9d3c52cd-6479-45c6-b550-c99c23112624","Christine",8460.57,2018-08-17 07:00:00,"F",39,"Kadina","SA",27.29,"4f90123a59204692a97b55165b637412","CUS-2376382098","137.71","-33.96","debit","Fri","10:46:47","10","August"
"1971","posted",NA,"ACC-1788473090","145.06","-37.95","INTER BANK",NA,"Rachael",1806.69,2018-08-17 07:00:00,"F",21,NA,NA,66,"ff187642d9ec45718e18851e1604786a","CUS-134193016",NA,NA,"debit","Fri","11:00:00","11","August"
"1972","posted",NA,"ACC-3536132544","144.93","-37.79","PAYMENT",NA,"Heather",2849.75,2018-08-17 07:00:00,"F",41,NA,NA,33,"9ff93b35ee4241709e3ed9835850198f","CUS-2348881191",NA,NA,"debit","Fri","11:00:00","11","August"
"1973","posted",NA,"ACC-414431115","142.77","-37.06","INTER BANK",NA,"Amy",1616.76,2018-08-17 07:00:00,"F",43,NA,NA,18,"4c3c544fa93c401bb109a91d31be366f","CUS-2599279756",NA,NA,"debit","Fri","11:00:00","11","August"
"1974","posted",NA,"ACC-38923874","151.27","-33.90","PAY/SALARY",NA,"Ryan",33238.34,2018-08-17 07:00:00,"M",38,NA,NA,1880.95,"8ece5fac2fb3406f94ecdb2cef634a5a","CUS-3249305314",NA,NA,"credit","Fri","11:00:00","11","August"
"1975","authorized","0","ACC-1799207998","150.68","-33.79","SALES-POS","d7effe6e-ecfb-464b-aab6-6bb1390ffe97","Susan",3397.57,2018-08-17 07:00:00,"F",20,"Chatswood","NSW",31.76,"e66aef210fa34f82a0a889b1d2c79b07","CUS-164374203","151.18","-33.8","debit","Fri","11:02:29","11","August"
"1976","authorized","1","ACC-182446574","116.06","-32.00","SALES-POS","5d340b94-d239-4bab-934e-28015baadb08","Tonya",1899.2,2018-08-17 07:00:00,"F",27,"Taree","NSW",21.76,"b9331c8e1041479ea87e0b16abfa7aea","CUS-3026014945","152.46","-31.91","debit","Fri","11:09:51","11","August"
"1977","authorized","1","ACC-3317636250","153.02","-27.66","SALES-POS","1636b21a-186b-4139-b6f0-14495992bed4","Kenneth",4757.04,2018-08-17 07:00:00,"M",35,"Dunwich","QLD",75,"4540be2d198946409edd22152986ad1f","CUS-2738291516","153.4","-27.5","debit","Fri","11:17:12","11","August"
"1978","authorized","1","ACC-211792489","138.63","-34.93","SALES-POS","20fab51c-fa45-4c52-9b15-8fa53c9fecd7","Jacqueline",2412.86,2018-08-17 07:00:00,"F",30,"Belconnen","ACT",43.6,"eab87dddaa804f828f8b2f611e7204fb","CUS-497688347","149.06","-35.24","debit","Fri","11:24:33","11","August"
"1979","authorized","0","ACC-2153562714","116.00","-31.88","SALES-POS","6cf56f91-9c53-4cfa-b945-000628ec0508","Linda",594.03,2018-08-17 07:00:00,"F",24,"Murdoch","WA",8.94,"35d5b0296a624f3084798ad049f2512f","CUS-423725039","115.83","-32.07","debit","Fri","11:31:54","11","August"
"1980","authorized","1","ACC-588564840","151.27","-33.76","SALES-POS","fa43d725-c2db-4cd7-ad02-330a82df07d8","Isaiah",10182.11,2018-08-17 07:00:00,"M",23,"Bankstown","NSW",25.26,"f5fb5b432d974723bcfb5e252a346946","CUS-1462656821","151.04","-33.92","debit","Fri","11:39:15","11","August"
"1981","authorized","1","ACC-2673069055","152.99","-27.49","POS","7a3a3af1-2664-4373-b806-a3e579e95194","Richard",16666.09,2018-08-17 07:00:00,"M",24,"Maroochydore","QLD",32.13,"bcf08d63ec1444ad947926c1da114f63","CUS-51506836","153.1","-26.66","debit","Fri","11:46:37","11","August"
"1982","authorized","0","ACC-964839203","146.92","-36.07","POS","1f67fe13-88de-4730-a94c-3ccd989930a2","Michael",30487.4,2018-08-17 07:00:00,"M",21,"Melbourne","VIC",54.98,"4a4e62a9b27c4ae79dd49976e07d0188","CUS-2059096722","144.97","-37.81","debit","Fri","11:53:58","11","August"
"1983","posted",NA,"ACC-3485804958","138.52","-35.01","PAYMENT",NA,"Jessica",18902.25,2018-08-17 07:00:00,"F",34,NA,NA,16,"282a9645c6c74f5b9a0583ae1e43b0d6","CUS-1196156254",NA,NA,"debit","Fri","12:00:00","12","August"
"1984","posted",NA,"ACC-3689607373","115.79","-31.79","PAY/SALARY",NA,"Virginia",3885.62,2018-08-17 07:00:00,"F",20,NA,NA,1138.79,"78abc2ea1c7b471e9e7bb1e5e0c87e3e","CUS-127297539",NA,NA,"credit","Fri","12:00:00","12","August"
"1985","posted",NA,"ACC-2890243754","153.32","-27.93","PAY/SALARY",NA,"Joseph",2173.88,2018-08-17 07:00:00,"M",37,NA,NA,917.45,"96e7b205c91d4764937b8961e98b18c1","CUS-2695611575",NA,NA,"credit","Fri","12:00:00","12","August"
"1986","authorized","1","ACC-1990648130","114.62","-28.80","POS","9d225e05-23d6-4e29-acc8-8c09e251c22c","Kaitlyn",3281.49,2018-08-17 07:00:00,"F",21,"Goonellabah","NSW",8.06,"76736b797b5142c5913eb26de5099fb1","CUS-809013380","153.33","-28.82","debit","Fri","12:03:03","12","August"
"1987","authorized","1","ACC-588564840","151.27","-33.76","SALES-POS","8f271d41-1e27-4514-9cec-4d1290f729eb","Isaiah",10164.84,2018-08-17 07:00:00,"M",23,"Busby","NSW",17.27,"53b3ea210f4747a2849a53d48110310c","CUS-1462656821","150.88","-33.92","debit","Fri","12:19:59","12","August"
"1988","authorized","1","ACC-1990648130","114.62","-28.80","POS","20f49fac-03e1-43fb-a497-d2463bc779a5","Kaitlyn",3274.21,2018-08-17 07:00:00,"F",21,"Laverton","WA",7.28,"1a4f3d8ed901455093bd4894be5ff562","CUS-809013380","122.05","-28.76","debit","Fri","12:36:56","12","August"
"1989","authorized","1","ACC-4258502723","145.45","-37.74","SALES-POS","f4ae589f-2e4c-4329-acec-19a947c4c73b","Kimberly",1719.41,2018-08-17 07:00:00,"F",24,"Bacchus Marsh","VIC",14.31,"2f3e7e27e60a4506bf31f7cc8c3e391f","CUS-3378712515","144.44","-37.68","debit","Fri","12:53:53","12","August"
"1990","posted",NA,"ACC-1788473090","145.06","-37.95","PAY/SALARY",NA,"Rachael",3830.37,2018-08-17 07:00:00,"F",21,NA,NA,2023.68,"ca932331b54d4cb4ac3659ad2ab18294","CUS-134193016",NA,NA,"credit","Fri","13:00:00","13","August"
"1991","posted",NA,"ACC-1199531521","116.02","-31.87","PAY/SALARY",NA,"Billy",6941.28,2018-08-17 07:00:00,"M",52,NA,NA,3785.78,"c6ec65bc1f0f43109ba71d095afb7d34","CUS-134833760",NA,NA,"credit","Fri","13:00:00","13","August"
"1992","posted",NA,"ACC-559365433","147.31","-42.88","PAY/SALARY",NA,"Mary",1540.22,2018-08-17 07:00:00,"F",64,NA,NA,576,"2b436f657bce4ce0b44a1583fea06a58","CUS-1654129794",NA,NA,"credit","Fri","13:00:00","13","August"
"1993","posted",NA,"ACC-3481401842","115.74","-31.72","PAY/SALARY",NA,"Tiffany",2300.25,2018-08-17 07:00:00,"F",25,NA,NA,1225.33,"93d2f3f2acf546158512b5ddcdb769ed","CUS-1669695324",NA,NA,"credit","Fri","13:00:00","13","August"
"1994","posted",NA,"ACC-354106658","151.04","-33.80","PHONE BANK",NA,"Christine",8283.57,2018-08-17 07:00:00,"F",39,NA,NA,177,"7d68ca2d0ae3492080795a46a709df34","CUS-2376382098",NA,NA,"debit","Fri","13:00:00","13","August"
"1995","posted",NA,"ACC-2528867619","138.58","-34.96","PAY/SALARY",NA,"Abigail",5075.31,2018-08-17 07:00:00,"F",40,NA,NA,1946.57,"26795b712fa142b58a636d823b5e0191","CUS-2505971401",NA,NA,"credit","Fri","13:00:00","13","August"
"1996","posted",NA,"ACC-1516130869","130.84","-12.45","PAYMENT",NA,"Jessica",1995.16,2018-08-17 07:00:00,"F",21,NA,NA,29,"cd776b6766d2431c9511b64cd7d8255a","CUS-325142416",NA,NA,"debit","Fri","13:00:00","13","August"
"1997","posted",NA,"ACC-4059612845","130.98","-12.49","PAYMENT",NA,"Jonathan",52337.69,2018-08-17 07:00:00,"M",38,NA,NA,178,"d70482067b38434c849bfb25bfad4921","CUS-495599312",NA,NA,"debit","Fri","13:00:00","13","August"
"1998","authorized","1","ACC-588564840","151.27","-33.76","SALES-POS","725a8e6a-b84b-4de0-95ec-b877ab323fee","Isaiah",10107.49,2018-08-17 07:00:00,"M",23,"Camberwell","VIC",57.35,"7ee2f884c5f143849eed2da75938d498","CUS-1462656821","145.07","-37.85","debit","Fri","13:11:25","13","August"
"1999","authorized","1","ACC-3485804958","138.52","-35.01","SALES-POS","2a87bd94-e8d2-4e41-9e05-d0d99505d414","Jessica",18885.74,2018-08-17 07:00:00,"F",34,"Albany","WA",16.51,"d4a2de315bc444fea13cb363e52a1bbb","CUS-1196156254","117.88","-35.02","debit","Fri","13:29:17","13","August"
"2000","authorized","1","ACC-964839203","146.92","-36.07","POS","4cedbd15-1d1e-4a81-b568-afcd252b24a0","Michael",30470.77,2018-08-17 07:00:00,"M",21,"Blind Bight","VIC",16.63,"90e9feacb22c4e9190bf677d92ac801e","CUS-2059096722","145.34","-38.21","debit","Fri","13:47:08","13","August"
"2001","posted",NA,"ACC-1344825761","151.09","-33.91","PAYMENT",NA,"Sarah",15729.73,2018-08-17 07:00:00,"F",46,NA,NA,22,"4d250222351c4fdb90f7a3085f881276","CUS-1499065773",NA,NA,"debit","Fri","14:00:00","14","August"
"2002","posted",NA,"ACC-1523339231","115.83","-31.90","PAYMENT",NA,"Tim",53850.24,2018-08-17 07:00:00,"M",40,NA,NA,40,"d6d58578ead54a47a81c4ada2077ed4e","CUS-1816693151",NA,NA,"debit","Fri","14:00:00","14","August"
"2003","posted",NA,"ACC-2674800293","144.96","-37.69","PAY/SALARY",NA,"Elizabeth",26639.12,2018-08-17 07:00:00,"F",50,NA,NA,1436.98,"72abab20f77041459f01494e95899b82","CUS-2977593493",NA,NA,"credit","Fri","14:00:00","14","August"
"2004","posted",NA,"ACC-1243371644","150.90","-33.78","PAYMENT",NA,"Gregory",1593.49,2018-08-17 07:00:00,"M",42,NA,NA,130,"a4c9fc56da8a4c93b43a6f6749b4bf93","CUS-3904958894",NA,NA,"debit","Fri","14:00:00","14","August"
"2005","authorized","1","ACC-1990648130","114.62","-28.80","POS","20f49fac-03e1-43fb-a497-d2463bc779a5","Kaitlyn",3267.84,2018-08-17 07:00:00,"F",21,"Laverton","WA",6.37,"3cd1a0c06eab4216bca9dbc47cefaa49","CUS-809013380","122.05","-28.76","debit","Fri","14:02:18","14","August"
"2006","authorized","1","ACC-3317636250","153.02","-27.66","POS","8527fb30-cc8e-415a-9008-9a30c9739cb1","Kenneth",4754.41,2018-08-17 07:00:00,"M",35,"Graceville","QLD",2.63,"d29369ee32b64386a48bfcd13fb661aa","CUS-2738291516","152.98","-27.52","debit","Fri","14:10:34","14","August"
"2007","authorized","1","ACC-53508546","150.62","-33.76","SALES-POS","187bc0a4-053a-414d-9ff3-af7d49ef536d","Kimberly",2099.47,2018-08-17 07:00:00,"F",35,"Sydney","NSW",228.06,"ca2d78c4735840a4b0ebab1b03433295","CUS-72755508","151.21","-33.87","debit","Fri","14:18:50","14","August"
"2008","authorized","1","ACC-354106658","151.04","-33.80","SALES-POS","6354fdd7-4032-4c81-b13a-bf4bd916bb2d","Christine",8254.16,2018-08-17 07:00:00,"F",39,"Brookvale","NSW",29.41,"ef68aff5b9f24eb1a390f87038905b6e","CUS-2376382098","151.28","-33.76","debit","Fri","14:27:06","14","August"
"2009","authorized","1","ACC-3100725361","145.73","-17.03","POS","690cc41c-767b-485d-86cd-eb79f4020a03","Ronald",1096.33,2018-08-17 07:00:00,"M",25,"Cairns North","QLD",6.4,"fe2a66e0896448a0be8b4076b4351891","CUS-2178051368","145.76","-16.9","debit","Fri","14:35:22","14","August"
"2010","authorized","1","ACC-3771436525","145.04","-37.92","SALES-POS","bcc8035c-6300-4953-b19d-ca2ec063162b","Derek",991.28,2018-08-17 07:00:00,"M",20,"South Melbourne","VIC",101.56,"93596b14ad1a4172865b4719885ead98","CUS-3325710106","144.96","-37.84","debit","Fri","14:43:38","14","August"
"2011","authorized","1","ACC-1890605467","143.88","-37.66","POS","4d613acf-1427-4196-9015-db1aeecd287a","Alexander",8282.84,2018-08-17 07:00:00,"M",38,"Craigieburn","VIC",8.45,"330af2dd99c842a184e80c2d83c9d249","CUS-1478398256","144.94","-37.6","debit","Fri","14:51:54","14","August"
"2012","posted",NA,"ACC-1683215619","138.67","-34.86","PAY/SALARY",NA,"Barry",2503.1,2018-08-17 07:00:00,"M",38,NA,NA,2500,"04919fcea7f94f67a0110b4fe9e566d2","CUS-1604596597",NA,NA,"credit","Fri","15:00:00","15","August"
"2013","posted",NA,"ACC-1683215619","138.67","-34.86","PAY/SALARY",NA,"Barry",5003.1,2018-08-17 07:00:00,"M",38,NA,NA,2500,"c0d8288597cd4e42adfec1a5e161e68b","CUS-1604596597",NA,NA,"credit","Fri","15:00:00","15","August"
"2014","posted",NA,"ACC-1799207998","150.68","-33.79","INTER BANK",NA,"Susan",3306.57,2018-08-17 07:00:00,"F",20,NA,NA,91,"c5a357b9cf18486b97920d273c42b6dd","CUS-164374203",NA,NA,"debit","Fri","15:00:00","15","August"
"2015","posted",NA,"ACC-182446574","116.06","-32.00","PAY/SALARY",NA,"Tonya",4739.35,2018-08-17 07:00:00,"F",27,NA,NA,2840.15,"b186a7531fc54e3cb9bc8b93f50be214","CUS-3026014945",NA,NA,"credit","Fri","15:00:00","15","August"
"2016","posted",NA,"ACC-958000567","130.90","-12.37","INTER BANK",NA,"Sandra",2383.08,2018-08-17 07:00:00,"F",34,NA,NA,110,"d0be858b97054646851d535242f65c60","CUS-4142663097",NA,NA,"debit","Fri","15:00:00","15","August"
"2017","authorized","0","ACC-3233697971","151.04","-33.77","POS","4890e28b-05ec-44f2-9ab0-bb2e7348c756","Robin",2664.75,2018-08-17 07:00:00,"F",34,"Bankstown","NSW",40.3,"be50d882ecbb47b78cac1f21dff063cf","CUS-1147642491","151.04","-33.92","debit","Fri","15:00:09","15","August"
"2018","authorized","1","ACC-2153562714","116.00","-31.88","POS","faf8ddf3-25d6-4ee2-9254-158c65a13232","Linda",552.13,2018-08-17 07:00:00,"F",24,"Mirrabooka","WA",41.9,"66af750f7c2f479ca1a5db48ce9db398","CUS-423725039","115.86","-31.87","debit","Fri","15:08:21","15","August"
"2019","authorized","1","ACC-3771436525","145.04","-37.92","SALES-POS","dbc85115-6239-4bf2-8379-ece6d7a66ac9","Derek",895.61,2018-08-17 07:00:00,"M",20,"South Melbourne","VIC",95.67,"def3148668104b75ba1c3964db3341b3","CUS-3325710106","144.97","-37.84","debit","Fri","15:16:33","15","August"
"2020","authorized","1","ACC-2615038700","145.35","-38.03","POS","812729f9-ab3a-4762-8d25-b9e678d96abc","Emily",29442.36,2018-08-17 07:00:00,"F",43,"Sunbury","VIC",28.35,"93942931bb83485e9b6a93e404a6b266","CUS-3255104878","144.71","-37.58","debit","Fri","15:24:45","15","August"
"2021","authorized","1","ACC-3771436525","145.04","-37.92","SALES-POS","c51ef0f5-d6ef-4b80-8217-cd059aee74e1","Derek",697.11,2018-08-17 07:00:00,"M",20,"Sydney","NSW",198.5,"490d71dace6a421bae8bfa6203070553","CUS-3325710106","151.2","-33.87","debit","Fri","15:32:57","15","August"
"2022","authorized","1","ACC-154431271","153.09","-27.48","SALES-POS","0b8fab23-d4fd-45e7-acac-555c96e0b1c7","Lori",1101.54,2018-08-17 07:00:00,"F",18,"Sydney","NSW",134.02,"b859e736dbc34b4090f9ff6ea61b0c94","CUS-3702001629","151.2","-33.87","debit","Fri","15:41:08","15","August"
"2023","authorized","1","ACC-1608363396","151.22","-33.87","POS","3c5792dc-ccd0-4761-b8b1-8904406a002b","Robert",2942.01,2018-08-17 07:00:00,"M",20,"Brookvale","NSW",12.63,"24c95528da1e4a9e8d129a4600723dea","CUS-2688605418","151.27","-33.77","debit","Fri","15:49:20","15","August"
"2024","authorized","1","ACC-2249586092","115.98","-32.07","SALES-POS","cd049966-32f3-49df-8a55-1f9809d05e80","Edward",4994.31,2018-08-17 07:00:00,"M",19,"Upper Swan","WA",10.86,"83bb2b24163c4ed69bab7f1e81d2ddcb","CUS-443776336","116.03","-31.77","debit","Fri","15:57:32","15","August"
"2025","posted",NA,"ACC-3741880913","150.50","-23.40","PAY/SALARY",NA,"Ashley",6095.16,2018-08-17 07:00:00,"F",25,NA,NA,2282.36,"d7709442d6f84d2a8c2b95d1083f0590","CUS-1220154422",NA,NA,"credit","Fri","16:00:00","16","August"
"2026","posted",NA,"ACC-602667573","151.23","-33.96","PAYMENT",NA,"Michael",3979.15,2018-08-17 07:00:00,"M",40,NA,NA,41,"0fe27d6ba6b14f07bce79958c80123f3","CUS-2031327464",NA,NA,"debit","Fri","16:00:00","16","August"
"2027","posted",NA,"ACC-964839203","146.92","-36.07","PAY/SALARY",NA,"Michael",32030.97,2018-08-17 07:00:00,"M",21,NA,NA,1560.2,"18cacc0fd615408c89248ae23a3545c4","CUS-2059096722",NA,NA,"credit","Fri","16:00:00","16","August"
"2028","posted",NA,"ACC-3827517394","151.12","-33.89","PAYMENT",NA,"Craig",32868.16,2018-08-17 07:00:00,"M",28,NA,NA,43,"e11ccc37f8d04357b7a104bce86746bc","CUS-2663907001",NA,NA,"debit","Fri","16:00:00","16","August"
"2029","posted",NA,"ACC-2153562714","116.00","-31.88","PAYMENT",NA,"Linda",525.13,2018-08-17 07:00:00,"F",24,NA,NA,27,"ef84290a05a947d5b53c602a7bfa3403","CUS-423725039",NA,NA,"debit","Fri","16:00:00","16","August"
"2030","authorized","1","ACC-154431271","153.09","-27.48","POS","965846ff-f4cb-4aff-b0c7-72b2e3cb7762","Lori",1060.24,2018-08-17 07:00:00,"F",18,"Harlaxton","QLD",41.3,"4d7c8d7d4e8e4dd2a2b6b7e0da601835","CUS-3702001629","151.95","-27.54","debit","Fri","16:11:06","16","August"
"2031","authorized","0","ACC-2920611728","144.96","-37.76","SALES-POS","04a5df97-f0a8-4003-a9ea-50191babbdb0","Tyler",3530.18,2018-08-17 07:00:00,"M",69,"Collingwood","VIC",23.36,"11cc75b7efce4ac5bc0955d38fe3afeb","CUS-1388323263","144.98","-37.81","debit","Fri","16:26:59","16","August"
"2032","authorized","1","ACC-2270192619","138.56","-35.27","SALES-POS","17d7f8e6-549e-467e-8c93-64cbe5d289d0","Darren",9274.18,2018-08-17 07:00:00,"M",20,"Evatt","ACT",22.12,"b11a738f38e14df6bf8401a10430147f","CUS-2110742437","149.07","-35.21","debit","Fri","16:42:51","16","August"
"2033","authorized","0","ACC-1683215619","138.67","-34.86","SALES-POS","8459ed02-90ac-4396-9c96-2e342816d45c","Barry",4972.16,2018-08-17 07:00:00,"M",38,"West Lakes","SA",30.94,"0e91dc5bb7054cb9934f19d9280a7c6f","CUS-1604596597","138.49","-34.88","debit","Fri","16:58:43","16","August"
"2034","posted",NA,"ACC-3233697971","151.04","-33.77","PAYMENT",NA,"Robin",2505.75,2018-08-17 07:00:00,"F",34,NA,NA,159,"c796d888614149ee8eb907bce8223092","CUS-1147642491",NA,NA,"debit","Fri","17:00:00","17","August"
"2035","posted",NA,"ACC-2901672282","255.00","-573.00","PAY/SALARY",NA,"Daniel",4869.27,2018-08-17 07:00:00,"M",22,NA,NA,3328.77,"07a631732ae34014b0ae59978e3ea821","CUS-1617121891",NA,NA,"credit","Fri","17:00:00","17","August"
"2036","posted",NA,"ACC-3827517394","151.12","-33.89","PAYMENT",NA,"Craig",32785.16,2018-08-17 07:00:00,"M",28,NA,NA,83,"c3d199e8de114353b6d1b0341833c053","CUS-2663907001",NA,NA,"debit","Fri","17:00:00","17","August"
"2037","posted",NA,"ACC-3317636250","153.02","-27.66","PAY/SALARY",NA,"Kenneth",7299.17,2018-08-17 07:00:00,"M",35,NA,NA,2544.76,"e06412851d0240f9bad6af84e6942463","CUS-2738291516",NA,NA,"credit","Fri","17:00:00","17","August"
"2038","posted",NA,"ACC-966140392","147.08","-37.97","PAY/SALARY",NA,"Joseph",3384.03,2018-08-17 07:00:00,"M",21,NA,NA,2572.91,"323c1ea370fb442b9ec745b099854e98","CUS-537508723",NA,NA,"credit","Fri","17:00:00","17","August"
"2039","authorized","1","ACC-1683215619","138.67","-34.86","SALES-POS","1f8079f6-0f6c-4cec-8a73-393287dbca00","Barry",4958.42,2018-08-17 07:00:00,"M",38,"Findon","SA",13.74,"f789fb8f56c74e61a8e6f7c3f8ae863b","CUS-1604596597","138.53","-34.9","debit","Fri","17:09:23","17","August"
"2040","authorized","1","ACC-154431271","153.09","-27.48","POS","1ba5132e-e112-4048-9313-a8af0efeedec","Lori",926.93,2018-08-17 07:00:00,"F",18,"Hobart","TAS",133.31,"958c6b9803d443b3958cc1e2da72abbf","CUS-3702001629","147.33","-42.88","debit","Fri","17:19:35","17","August"
"2041","authorized","1","ACC-2615038700","145.35","-38.03","SALES-POS","b8e909a7-ce93-4615-872e-16a365897290","Emily",29438.15,2018-08-17 07:00:00,"F",43,"Essendon Fields","VIC",4.21,"2540630a82344e6c91a288266468daf0","CUS-3255104878","144.89","-37.73","debit","Fri","17:29:47","17","August"
"2042","authorized","1","ACC-1990648130","114.62","-28.80","POS","d3c9f487-ef5b-43c8-83cf-4887f26f3a40","Kaitlyn",3249.5,2018-08-17 07:00:00,"F",21,"Lismore","NSW",18.34,"780448634a1541ec84aee7a847054c82","CUS-809013380","153.28","-28.8","debit","Fri","17:39:59","17","August"
"2043","authorized","1","ACC-211792489","138.63","-34.93","POS","416a7cbf-3853-43f0-b8d6-dfd20f0b4301","Jacqueline",2388.23,2018-08-17 07:00:00,"F",30,"Glen Osmond","SA",24.63,"ae94ae7654f04dedb6cfa1256af55793","CUS-497688347","138.64","-34.96","debit","Fri","17:50:12","17","August"
"2044","posted",NA,"ACC-1788473090","145.06","-37.95","INTER BANK",NA,"Rachael",3797.37,2018-08-17 07:00:00,"F",21,NA,NA,33,"4cd46287059249bf9345a08f210fbc59","CUS-134193016",NA,NA,"debit","Fri","18:00:00","18","August"
"2045","posted",NA,"ACC-3541460373","145.00","-37.83","PAYMENT",NA,"Jeffrey",2619.59,2018-08-17 07:00:00,"M",24,NA,NA,53,"c9041ec0bcc34622bc93e47cffd229e6","CUS-1433879684",NA,NA,"debit","Fri","18:00:00","18","August"
"2046","posted",NA,"ACC-964839203","146.92","-36.07","PAYMENT",NA,"Michael",31853.97,2018-08-17 07:00:00,"M",21,NA,NA,177,"77e47672ca18416daed01578fa383d1a","CUS-2059096722",NA,NA,"debit","Fri","18:00:00","18","August"
"2047","posted",NA,"ACC-1652235822","144.89","-37.81","PAYMENT",NA,"Renee",19756.38,2018-08-17 07:00:00,"F",38,NA,NA,66,"bda8c0723a69462aa9e0f95a6a0f4c2d","CUS-2206365095",NA,NA,"debit","Fri","18:00:00","18","August"
"2048","authorized","1","ACC-3021093232","149.83","-29.47","SALES-POS","5de37acb-2c49-4023-9a6c-c460d60d3574","Melissa",2970.06,2018-08-17 07:00:00,"F",30,"Yamba","NSW",26.21,"c21034a805c94850a791315ef151c823","CUS-55310383","153.33","-29.43","debit","Fri","18:00:51","18","August"
"2049","authorized","1","ACC-1903037542","153.05","-27.61","SALES-POS","6a75ccfd-d953-4f7a-b8a2-73cbb358e86d","Jeffrey",1965.13,2018-08-17 07:00:00,"M",30,"Paddington","QLD",8.06,"a740943cccf74ff38c0c3cce5b38c009","CUS-860700529","153.01","-27.46","debit","Fri","18:43:24","18","August"
"2050","posted",NA,"ACC-3485804958","138.52","-35.01","PAYMENT",NA,"Jessica",18805.43,2018-08-17 07:00:00,"F",34,NA,NA,63,"5e2760a1629b4b7db6d7d14ddf39567b","CUS-1196156254",NA,NA,"debit","Fri","19:00:00","19","August"
"2051","posted",NA,"ACC-819621312","145.04","-37.85","PAYMENT",NA,"Michele",2771.72,2018-08-17 07:00:00,"F",30,NA,NA,98,"4a9f070ac58649cda31e022f94607d34","CUS-1271030853",NA,NA,"debit","Fri","19:00:00","19","August"
"2052","posted",NA,"ACC-3689607373","115.79","-31.79","INTER BANK",NA,"Virginia",3830.62,2018-08-17 07:00:00,"F",20,NA,NA,55,"cfb15e8cba6941539b64d8c56491947c","CUS-127297539",NA,NA,"debit","Fri","19:00:00","19","August"
"2053","posted",NA,"ACC-2171593283","146.94","-36.04","PAYMENT",NA,"Fernando",6434.71,2018-08-17 07:00:00,"M",19,NA,NA,40,"325209f9003e4edd8eb1834006b51d12","CUS-2317998716",NA,NA,"debit","Fri","19:00:00","19","August"
"2054","posted",NA,"ACC-1438600314","138.69","-34.84","PAYMENT",NA,"Maria",2940.27,2018-08-17 07:00:00,"F",35,NA,NA,45,"ac52e20ee1374aa0b51f9d82deaf87f1","CUS-2650223890",NA,NA,"debit","Fri","19:00:00","19","August"
"2055","authorized","1","ACC-1890605467","143.88","-37.66","SALES-POS","95064b95-235e-43e6-9964-aae0157ba5a4","Alexander",8271.36,2018-08-17 07:00:00,"M",38,"Eltham","VIC",11.48,"35d281ca0ce7450ca5ab6d66066dfaf3","CUS-1478398256","145.14","-37.72","debit","Fri","19:02:02","19","August"
"2056","authorized","1","ACC-182446574","116.06","-32.00","SALES-POS","3e2442b6-9e5c-4c09-9782-a7139d4bfe49","Tonya",4724.56,2018-08-17 07:00:00,"F",27,"Belmont","WA",14.79,"beec6e40d91b4e1cb3afe60775ceda46","CUS-3026014945","115.93","-31.96","debit","Fri","19:11:17","19","August"
"2057","authorized","1","ACC-1903037542","153.05","-27.61","POS","0b92c9b2-0029-4ceb-b77f-25444aa10c5a","Jeffrey",1952.7,2018-08-17 07:00:00,"M",30,"Toowong","QLD",12.43,"a5c36a6b9aa44e6ebdd92201d44e8cdb","CUS-860700529","152.99","-27.49","debit","Fri","19:20:33","19","August"
"2058","authorized","1","ACC-3771436525","145.04","-37.92","SALES-POS","7a8bd56c-d50b-4b51-8bcb-cf09dc3b124e","Derek",679.41,2018-08-17 07:00:00,"M",20,"Maribyrnong","VIC",17.7,"77c39acfcf8c4eea83440961a81ce8a7","CUS-3325710106","144.89","-37.77","debit","Fri","19:29:48","19","August"
"2059","authorized","1","ACC-354106658","151.04","-33.80","SALES-POS","5cd13a16-b6cc-46d3-b5c4-18e4f10114ac","Christine",8187.68,2018-08-17 07:00:00,"F",39,"Busselton","WA",66.48,"50647a4026af427a982e58b40f583b40","CUS-2376382098","115.35","-33.67","debit","Fri","19:39:04","19","August"
"2060","authorized","1","ACC-3485804958","138.52","-35.01","POS","86cd6e04-59b1-4604-8a73-3dcd291edc0a","Jessica",18868.43,2018-08-17 07:00:00,"F",34,"Melrose Park","SA",17.31,"d6d40d8256c746aea47d9e400bc7cff5","CUS-1196156254","138.58","-34.99","debit","Fri","19:48:19","19","August"
"2061","authorized","1","ACC-574997646","150.79","-33.64","SALES-POS","1af41466-63c6-49e8-aa67-daf5a959bf88","Mackenzie",1827.14,2018-08-17 07:00:00,"F",18,"Brownsville","NSW",9.26,"e6f9a8cc86ca49b08f231fcdbe664a86","CUS-586638664","150.81","-34.49","debit","Fri","19:57:35","19","August"
"2062","posted",NA,"ACC-1438600314","138.69","-34.84","PAYMENT",NA,"Maria",2857.27,2018-08-17 07:00:00,"F",35,NA,NA,83,"0df3acd752454c83bfd743669e5e4211","CUS-2650223890",NA,NA,"debit","Fri","20:00:00","20","August"
"2063","posted",NA,"ACC-37709441","153.41","-28.01","PAYMENT",NA,"Charles",3707.85,2018-08-17 07:00:00,"M",18,NA,NA,27,"a34607569c124bec9acbbb775cbd7f3d","CUS-3336454548",NA,NA,"debit","Fri","20:00:00","20","August"
"2064","authorized","1","ACC-4065652575","115.81","-31.82","POS","faf8ddf3-25d6-4ee2-9254-158c65a13232","Lucas",5426.5,2018-08-17 07:00:00,"M",21,"Mirrabooka","WA",42.67,"947bd8f2d7284df6ac687809c0b6f10d","CUS-1117979751","115.86","-31.87","debit","Fri","20:07:11","20","August"
"2065","authorized","1","ACC-1683215619","138.67","-34.86","POS","935836d0-4b82-4fd8-82fc-4857007610a3","Barry",4942.07,2018-08-17 07:00:00,"M",38,"Nowra","NSW",16.35,"6eb4349aa94442e99eaf668b6ca2bb68","CUS-1604596597","150.6","-34.88","debit","Fri","20:16:53","20","August"
"2066","authorized","1","ACC-182446574","116.06","-32.00","SALES-POS","90bb6f66-a4c7-449e-9242-a0e26209f94f","Tonya",4718.14,2018-08-17 07:00:00,"F",27,"Piara Waters","WA",6.42,"ead1c068504c4d0eaa1c6c06506c694d","CUS-3026014945","115.92","-32.12","debit","Fri","20:26:36","20","August"
"2067","authorized","1","ACC-3317636250","153.02","-27.66","SALES-POS","bbf16eba-77de-40e7-adf1-edd981936615","Kenneth",7289.08,2018-08-17 07:00:00,"M",35,"Birkdale","QLD",10.09,"84e94f9e161b481dbf4039e07242e5a9","CUS-2738291516","153.21","-27.5","debit","Fri","20:36:18","20","August"
"2068","authorized","1","ACC-1903037542","153.05","-27.61","SALES-POS","452fea06-c6b6-43ac-953e-b90c93a4d3b6","Jeffrey",1942.23,2018-08-17 07:00:00,"M",30,"Indooroopilly","QLD",10.47,"885fd809d7f74d26b3c0b31dff3d1021","CUS-860700529","152.97","-27.5","debit","Fri","20:46:01","20","August"
"2069","authorized","1","ACC-1903037542","153.05","-27.61","SALES-POS","9e4162e0-3e99-4a94-a80e-0b1e1b842f08","Jeffrey",1911.36,2018-08-17 07:00:00,"M",30,"Pialba","QLD",30.87,"78a9b2762a2040dfb97e6b2eeeb44464","CUS-860700529","152.84","-25.29","debit","Fri","20:55:43","20","August"
"2070","posted",NA,"ACC-3689607373","115.79","-31.79","PAYMENT",NA,"Virginia",3761.62,2018-08-17 07:00:00,"F",20,NA,NA,69,"cbb3a2e8faa34fbbb54accc0a897d7e3","CUS-127297539",NA,NA,"debit","Fri","21:00:00","21","August"
"2071","posted",NA,"ACC-721712940","145.09","-37.82","PAYMENT",NA,"Andrew",51943.96,2018-08-17 07:00:00,"M",78,NA,NA,38,"46af175ee32e437e9019acd5c12652f1","CUS-1646183815",NA,NA,"debit","Fri","21:00:00","21","August"
"2072","posted",NA,"ACC-2681137560","151.11","-33.99","PAYMENT",NA,"Nathaniel",2775.79,2018-08-17 07:00:00,"M",31,NA,NA,29,"97766aac5adb44ee86eaab06131aaed8","CUS-2083971310",NA,NA,"debit","Fri","21:00:00","21","August"
"2073","posted",NA,"ACC-2171593283","146.94","-36.04","PAYMENT",NA,"Fernando",6384.71,2018-08-17 07:00:00,"M",19,NA,NA,50,"363f8e6c800149c1b0fa0ca1fe3f049f","CUS-2317998716",NA,NA,"debit","Fri","21:00:00","21","August"
"2074","posted",NA,"ACC-1903037542","153.05","-27.61","PAYMENT",NA,"Jeffrey",1878.85,2018-08-17 07:00:00,"M",30,NA,NA,23,"b8fae6058e7c4075a1fb53ec07dea051","CUS-860700529",NA,NA,"debit","Fri","21:00:00","21","August"
"2075","authorized","1","ACC-1683215619","138.67","-34.86","POS","d1b58061-e843-436f-81c9-f23508d9ba52","Barry",4912.99,2018-08-17 07:00:00,"M",38,"Port Adelaide","SA",29.08,"2162da9074d64ac69f26512471edf52a","CUS-1604596597","138.51","-34.85","debit","Fri","21:03:56","21","August"
"2076","authorized","1","ACC-2249586092","115.98","-32.07","POS","eeda9bcd-4ada-449a-8851-150fd704c328","Edward",4976.31,2018-08-17 07:00:00,"M",19,"Beldon","WA",18,"2780d7def0204cbc986bb752b482b8c7","CUS-443776336","115.77","-31.77","debit","Fri","21:10:59","21","August"
"2077","authorized","1","ACC-3084464802","145.15","-37.76","SALES-POS","dd2f7c66-f3f9-4b71-bde3-3f86cbef3b12","Susan",2784.13,2018-08-17 07:00:00,"F",19,"Melbourne","VIC",37.02,"6573f2d9500443749826fdbc9fb0b673","CUS-1928710999","144.96","-37.82","debit","Fri","21:18:01","21","August"
"2078","authorized","1","ACC-1334819143","145.13","-37.70","POS","7e7c5bf8-10af-438f-9441-2e3baf6e0c94","Christopher",58986.67,2018-08-17 07:00:00,"M",33,"Seaford","VIC",77.56,"832b3535e5f247f1a79f13c0cb107dab","CUS-3117610635","145.14","-38.11","debit","Fri","21:25:04","21","August"
"2079","authorized","0","ACC-2673069055","152.99","-27.49","POS","0c9a9567-20b6-4917-8e4e-df4b42940e3f","Richard",16654.74,2018-08-17 07:00:00,"M",24,"Wilsonton","QLD",11.35,"4a17dd7872054a19bcd14f1bc9cde1d0","CUS-51506836","151.93","-27.55","debit","Fri","21:32:06","21","August"
"2080","authorized","1","ACC-1037050564","153.10","-27.66","SALES-POS","a41c062a-2513-4791-8271-631d12033398","Rhonda",1825.58,2018-08-17 07:00:00,"F",40,"Sunnybank","QLD",29.24,"5a6f148364854efbab48ef5919ff2d3b","CUS-1614226872","153.06","-27.57","debit","Fri","21:39:09","21","August"
"2081","authorized","0","ACC-1903037542","153.05","-27.61","SALES-POS","33811363-abb7-4590-87ac-5ce712c58608","Jeffrey",1901.85,2018-08-17 07:00:00,"M",30,"Yamanto","QLD",9.51,"2f2df3051fb4497ebb681c364c580210","CUS-860700529","152.74","-27.66","debit","Fri","21:46:11","21","August"
"2082","authorized","1","ACC-354106658","151.04","-33.80","SALES-POS","da6d4fb2-f5dd-4dcd-b066-b487e1238943","Christine",8157.29,2018-08-17 07:00:00,"F",39,"North Ryde","NSW",30.39,"0dc38365c18b4a078148304460120f58","CUS-2376382098","151.12","-33.78","debit","Fri","21:53:14","21","August"
"2083","posted",NA,"ACC-2897221629","150.90","-34.37","PAYMENT",NA,"Scott",1545.51,2018-08-17 07:00:00,"M",23,NA,NA,73,"37b3a8601998455aa09897bdb772e7c9","CUS-511326734",NA,NA,"debit","Fri","22:00:00","22","August"
"2084","authorized","0","ACC-414431115","142.77","-37.06","POS","fead27c2-a33d-4870-9cce-29f199b117ad","Amy",1577.22,2018-08-17 07:00:00,"F",43,"Castlemaine","VIC",39.54,"74789ffef944453ab1bd4e74d2ea1b8f","CUS-2599279756","144.22","-37.06","debit","Fri","22:00:31","22","August"
"2085","authorized","1","ACC-2673069055","152.99","-27.49","POS","dd0cc5ff-c82e-4ad9-adf5-b21d7a8b9ae6","Richard",16641.8,2018-08-17 07:00:00,"M",24,"Port Macquarie","NSW",12.94,"7e35fb3d18b24c2fb825ed643e26666d","CUS-51506836","152.91","-31.48","debit","Fri","22:13:41","22","August"
"2086","authorized","1","ACC-354106658","151.04","-33.80","SALES-POS","d1eb59dc-1878-4f0c-ae70-99221c4389f4","Christine",8127.72,2018-08-17 07:00:00,"F",39,"Eastgardens","NSW",29.57,"fd92acaa35ad4995a1602d2dbacca378","CUS-2376382098","151.22","-33.94","debit","Fri","22:26:50","22","August"
"2087","authorized","1","ACC-414431115","142.77","-37.06","POS","bd30bd03-b96b-4c7b-8a63-c18105e1d6be","Amy",1569.38,2018-08-17 07:00:00,"F",43,"Mansfield","VIC",7.84,"64272e81534c4690887ecae366dcefb1","CUS-2599279756","146.09","-37.05","debit","Fri","22:39:59","22","August"
"2088","authorized","1","ACC-3233697971","151.04","-33.77","POS","74991e65-5c75-42fc-8d01-ae06d2d66179","Robin",2477.57,2018-08-17 07:00:00,"F",34,"Liverpool","NSW",28.18,"bf486f62de0f4d16b3104318a0971774","CUS-1147642491","150.92","-33.93","debit","Fri","22:53:09","22","August"
"2089","posted",NA,"ACC-3541460373","145.00","-37.83","PAYMENT",NA,"Jeffrey",2578.59,2018-08-17 07:00:00,"M",24,NA,NA,41,"801ea7f599034bda8eca205688d44873","CUS-1433879684",NA,NA,"debit","Fri","23:00:00","23","August"
"2090","posted",NA,"ACC-182446574","116.06","-32.00","INTER BANK",NA,"Tonya",4548.47,2018-08-17 07:00:00,"F",27,NA,NA,152,"2d0c95c5acdb4fa0921ea468e4fe745f","CUS-3026014945",NA,NA,"debit","Fri","23:00:00","23","August"
"2091","authorized","1","ACC-574997646","150.79","-33.64","SALES-POS","9358b9cb-5ec2-41a2-847d-86037c599981","Mackenzie",1817.49,2018-08-17 07:00:00,"F",18,"Miranda","NSW",9.65,"fcb474afdef14ec7b5b23de064cfa902","CUS-586638664","151.1","-34.04","debit","Fri","23:05:55","23","August"
"2092","authorized","1","ACC-1683215619","138.67","-34.86","SALES-POS","19e5d2d7-988b-44ff-a1b0-7523717189c3","Barry",4823.81,2018-08-17 07:00:00,"M",38,"Sydney","NSW",89.18,"7a31225f08104ed090fb6a9890c333dc","CUS-1604596597","151.21","-33.87","debit","Fri","23:18:16","23","August"
"2093","authorized","1","ACC-1683215619","138.67","-34.86","SALES-POS","c979d77c-5fac-48a9-8719-29a8b33d6484","Barry",4807.41,2018-08-17 07:00:00,"M",38,"Eastwood","SA",16.4,"3fedbff02a164edab324303401167914","CUS-1604596597","138.62","-34.94","debit","Fri","23:30:37","23","August"
"2094","authorized","1","ACC-847145727","115.90","-31.92","SALES-POS","7ccaa951-2249-4cb4-8677-5e881a0d599d","Michael",52593.03,2018-08-17 07:00:00,"M",19,"East Victoria Park","WA",39.68,"72ffaee0a0ba4b6aa4b2d6a7d699a9a9","CUS-1609060617","115.9","-31.98","debit","Fri","23:42:57","23","August"
"2095","authorized","1","ACC-182446574","116.06","-32.00","POS","e04a7611-573b-4a2b-a954-febef3fb597e","Tonya",4700.47,2018-08-17 07:00:00,"F",27,"Ceduna","SA",17.67,"c3377a7ab5ed41f3a71f5903536db5ef","CUS-3026014945","133.69","-32.12","debit","Fri","23:55:18","23","August"
"2096","authorized","1","ACC-182446574","116.06","-32.00","POS","bdd85de6-7375-49ba-8d1a-a00dc57c3d11","Tonya",4523.11,2018-08-18 07:00:00,"F",27,"Aberdeen","NSW",25.36,"e2c18f150cd7455680ae09bc5a78734d","CUS-3026014945","150.89","-32.16","debit","Sat","00:06:44","00","August"
"2097","authorized","1","ACC-2901672282","255.00","-573.00","POS","e003ceab-8aad-4d34-9e6b-b14887e50027","Daniel",4815.61,2018-08-18 07:00:00,"M",22,"Abbotsford","VIC",53.66,"ea0a1451606542cf88aebac0add13342","CUS-1617121891","144.99","-37.8","debit","Sat","00:17:36","00","August"
"2098","authorized","1","ACC-3485804958","138.52","-35.01","POS","d47efc0a-2443-47d0-ad6b-4379779d2e3e","Jessica",18755.49,2018-08-18 07:00:00,"F",34,"Albany","WA",49.94,"030c457de08043f187b3e1c43452e8fe","CUS-1196156254","117.89","-35.03","debit","Sat","00:28:28","00","August"
"2099","authorized","1","ACC-2153562714","116.00","-31.88","POS","428f9cbe-9d7a-41b8-af5b-a9fa0cf63866","Linda",509.46,2018-08-18 07:00:00,"F",24,"Coorabie","SA",15.67,"54ed31c413d44b8a956b722cdad3c43a","CUS-423725039","132.23","-31.79","debit","Sat","00:39:20","00","August"
"2100","authorized","1","ACC-182446574","116.06","-32.00","SALES-POS","69faaa73-3311-42dd-841d-0162aebf1662","Tonya",4507.55,2018-08-18 07:00:00,"F",27,"Leederville","WA",15.56,"5c29e2c3ccdd4beea8ac5c80a9d956a0","CUS-3026014945","115.84","-31.94","debit","Sat","00:50:13","00","August"
"2101","authorized","0","ACC-3485804958","138.52","-35.01","SALES-POS","efa26eca-2cde-4d14-8557-65d69e245397","Jessica",18735.02,2018-08-18 07:00:00,"F",34,"Berry","NSW",20.47,"dbbe8edbe0fc481c8cb2305b6741e10a","CUS-1196156254","150.7","-34.78","debit","Sat","01:01:17","01","August"
"2102","authorized","1","ACC-354106658","151.04","-33.80","POS","4aa2f5c6-8f6f-4d4d-b2d8-fe7b630250c6","Christine",8103.34,2018-08-18 07:00:00,"F",39,"Gordon","NSW",24.38,"3ac2b6912fca43daa3f0062c4ab13ff8","CUS-2376382098","151.15","-33.76","debit","Sat","01:14:17","01","August"
"2103","authorized","1","ACC-3100725361","145.73","-17.03","SALES-POS","07a1c4d0-e3da-4e6d-a882-d11211619bc9","Ronald",1070.27,2018-08-18 07:00:00,"M",25,"Westcourt","QLD",26.06,"26413b79897c4ec4a16f27ec8eeb4d0f","CUS-2178051368","145.76","-16.93","debit","Sat","01:27:16","01","August"
"2104","authorized","1","ACC-2901672282","255.00","-573.00","SALES-POS","3c2fdebb-595a-4706-80cb-95eca94ff4ed","Daniel",4791.23,2018-08-18 07:00:00,"M",22,"Woolloongabba","QLD",24.38,"2d3ac23f2d3a4a05a56b2fb67472cfc9","CUS-1617121891","153.04","-27.5","debit","Sat","01:40:15","01","August"
"2105","authorized","1","ACC-1516130869","130.84","-12.45","SALES-POS","7e27676f-257b-4ba0-8b42-3ce25f39d036","Jessica",1976.34,2018-08-18 07:00:00,"F",21,"Nightcliff","NT",18.82,"ce34191629e54c45b654558ab740be0f","CUS-325142416","130.85","-12.39","debit","Sat","01:53:14","01","August"
"2106","posted",NA,"ACC-3481401842","115.74","-31.72","PAYMENT",NA,"Tiffany",2274.25,2018-08-18 07:00:00,"F",25,NA,NA,26,"d159fb2d8fb14e5d803bc3cb3e71261a","CUS-1669695324",NA,NA,"debit","Sat","02:00:00","02","August"
"2107","posted",NA,"ACC-3317636250","153.02","-27.66","INTER BANK",NA,"Kenneth",7199.08,2018-08-18 07:00:00,"M",35,NA,NA,90,"a0efabe96cc14b0bb2c9788b810c1c08","CUS-2738291516",NA,NA,"debit","Sat","02:00:00","02","August"
"2108","authorized","1","ACC-1903037542","153.05","-27.61","SALES-POS","d6951a26-bf13-4d8c-aba7-627777f614bb","Jeffrey",1869.24,2018-08-18 07:00:00,"M",30,"East Kempsey","NSW",9.61,"dc71b22d42ee4c5f935ab198c0a51e8b","CUS-860700529","152.85","-31.08","debit","Sat","02:13:19","02","August"
"2109","authorized","1","ACC-2828321672","153.03","-27.51","POS","0589c075-346a-481e-a7cb-0ed96c406669","Stephanie",1201.65,2018-08-18 07:00:00,"F",53,"Grafton","NSW",27.96,"43039d5dd467452f8741519ee4dcf90e","CUS-1005756958","152.93","-29.69","debit","Sat","02:41:06","02","August"
"2110","authorized","1","ACC-182446574","116.06","-32.00","POS","79b26d70-74d5-4f1c-a5d0-91650431eeac","Tonya",4475.96,2018-08-18 07:00:00,"F",27,"Broken Hill","NSW",31.59,"58f4dd0437d144b1a80348c2a789f52f","CUS-3026014945","141.46","-31.96","debit","Sat","03:11:02","03","August"
"2111","authorized","1","ACC-964839203","146.92","-36.07","POS","23cb82c8-9cb1-42dd-9cca-5063f245c90d","Michael",31829.2,2018-08-18 07:00:00,"M",21,"Exeter","TAS",24.77,"27e2756dcd4443938f17e028501ccea1","CUS-2059096722","146.95","-41.3","debit","Sat","03:45:31","03","August"
"2112","posted",NA,"ACC-964839203","146.92","-36.07","PAYMENT",NA,"Michael",31801.2,2018-08-18 07:00:00,"M",21,NA,NA,28,"85a2a8cdcbdd493586669042387efcc8","CUS-2059096722",NA,NA,"debit","Sat","04:00:00","04","August"
"2113","authorized","1","ACC-211792489","138.63","-34.93","POS","f3192528-53d8-4e5d-ac01-0505f24ac559","Jacqueline",2335.45,2018-08-18 07:00:00,"F",30,"Noarlunga Centre","SA",52.78,"6092cf1b87234c98a5e58360cf2861ae","CUS-497688347","138.5","-35.14","debit","Sat","04:13:48","04","August"
"2114","authorized","1","ACC-1608363396","151.22","-33.87","SALES-POS","feed6385-8a93-430d-bed2-ba5d01c50f2d","Robert",2923.77,2018-08-18 07:00:00,"M",20,"Mount Druitt","NSW",18.24,"ef3198e2644d47818ee661f155f0bb1c","CUS-2688605418","150.83","-33.77","debit","Sat","04:37:37","04","August"
"2115","posted",NA,"ACC-2681137560","151.11","-33.99","PAYMENT",NA,"Nathaniel",2749.79,2018-08-18 07:00:00,"M",31,NA,NA,26,"5e4a5cf0ddd34382bd262e14cee3c8ba","CUS-2083971310",NA,NA,"debit","Sat","05:00:00","05","August"
"2116","posted",NA,"ACC-1652235822","144.89","-37.81","PAYMENT",NA,"Renee",19711.38,2018-08-18 07:00:00,"F",38,NA,NA,45,"5ac91ded432949659a26b91d83f55303","CUS-2206365095",NA,NA,"debit","Sat","05:00:00","05","August"
"2117","posted",NA,"ACC-1650504218","145.01","-37.93","PAYMENT",NA,"Marissa",4568.04,2018-08-18 07:00:00,"F",23,NA,NA,43,"2887d70ebd5c4810824d0e475da73bac","CUS-2500783281",NA,NA,"debit","Sat","05:00:00","05","August"
"2118","posted",NA,"ACC-4281711154","144.98","-37.84","PAYMENT",NA,"Eric",34719.92,2018-08-18 07:00:00,"M",42,NA,NA,37,"6b381135de7d46ff884285550aba8544","CUS-3151318058",NA,NA,"debit","Sat","05:00:00","05","August"
"2119","authorized","1","ACC-964839203","146.92","-36.07","SALES-POS","1b9ea2a4-61fe-4134-9042-b9b6d92aea7a","Michael",31768.56,2018-08-18 07:00:00,"M",21,"North Ward","QLD",32.64,"f2053d34b37a413489004f7be06a421f","CUS-2059096722","146.81","-19.25","debit","Sat","05:08:34","05","August"
"2120","authorized","1","ACC-1788473090","145.06","-37.95","POS","f66fce2b-75b5-494a-8e48-5f40253e5c0f","Rachael",3771.47,2018-08-18 07:00:00,"F",21,"Meadow Heights","VIC",25.9,"22012b4777ba4f3285a28aeaca844cef","CUS-134193016","144.92","-37.66","debit","Sat","06:45:42","06","August"
"2121","posted",NA,"ACC-4274272854","145.23","-37.86","PAYMENT",NA,"Timothy",3835.08,2018-08-18 07:00:00,"M",20,NA,NA,71,"3b88adab001e46f4a3ffbd81414acf3a","CUS-2484453271",NA,NA,"debit","Sat","07:00:00","07","August"
"2122","posted",NA,"ACC-182446574","116.06","-32.00","PAYMENT",NA,"Tonya",4354.96,2018-08-18 07:00:00,"F",27,NA,NA,121,"753af5de2c764428a67cf5787ea0c4a5","CUS-3026014945",NA,NA,"debit","Sat","07:00:00","07","August"
"2123","authorized","1","ACC-3771436525","145.04","-37.92","POS","f69cc4ef-7fbc-4c83-a40f-c07f54ae7fc1","Derek",648.86,2018-08-18 07:00:00,"M",20,"Dandenong South","VIC",30.55,"c490ae8ce6334976bbdf814ece6dd96c","CUS-3325710106","145.21","-38.03","debit","Sat","07:30:46","07","August"
"2124","authorized","1","ACC-3100725361","145.73","-17.03","SALES-POS","c59efbe6-e282-49dd-8fa7-84313c84d46f","Ronald",1050.24,2018-08-18 07:00:00,"M",25,"Northcote","VIC",20.03,"eec312ee6ba04a39b87bdba226887e79","CUS-2178051368","145.01","-37.77","debit","Sat","08:03:59","08","August"
"2125","authorized","0","ACC-2173390920","144.71","-37.58","POS","00a5bc50-0146-48d7-91ee-966e8be89c0b","Luis",2136.1,2018-08-18 07:00:00,"M",27,"Healesville","VIC",45.34,"899d8f2414ff4e88a7fa649852d95229","CUS-3180318393","145.54","-37.65","debit","Sat","08:20:39","08","August"
"2126","authorized","0","ACC-2828321672","153.03","-27.51","SALES-POS","939bffd8-e25b-48c5-b847-c0533eb188a3","Stephanie",1132.69,2018-08-18 07:00:00,"F",53,"Sydney","NSW",68.96,"80ae6bb7c5d54205b9bb4d2cda04c2a1","CUS-1005756958","151.21","-33.87","debit","Sat","08:37:19","08","August"
"2127","authorized","1","ACC-2249586092","115.98","-32.07","SALES-POS","cebc217a-60a9-4a09-9c52-3852108f5c2d","Edward",4959.31,2018-08-18 07:00:00,"M",19,"Innaloo","WA",17,"9ee6fd211d084bfebd1ae1f64e0ae2e7","CUS-443776336","115.8","-31.9","debit","Sat","08:53:59","08","August"
"2128","posted",NA,"ACC-2265520058","151.27","-33.85","PAYMENT",NA,"Catherine",1688.73,2018-08-18 07:00:00,"F",26,NA,NA,124,"783520032d254d58a1cf9519ae00d9fc","CUS-331942311",NA,NA,"debit","Sat","09:00:00","09","August"
"2129","authorized","1","ACC-1683215619","138.67","-34.86","SALES-POS","afbd9fcb-42d2-47b0-84b7-cca21a4ec431","Barry",4800.48,2018-08-18 07:00:00,"M",38,"Prospect","SA",6.93,"808f73bf9b4f4b1d9914ce84940ea1b0","CUS-1604596597","138.6","-34.88","debit","Sat","09:05:39","09","August"
"2130","authorized","1","ACC-819621312","145.04","-37.85","POS","eff3a2d0-61ab-45af-9b7f-9b304f2e87ee","Michele",2728.1,2018-08-18 07:00:00,"F",30,"Bayswater","VIC",43.62,"6a4776983a8e480580dd3acbc2ba44ac","CUS-1271030853","145.27","-37.84","debit","Sat","09:14:30","09","August"
"2131","authorized","1","ACC-2901672282","255.00","-573.00","SALES-POS","e073b046-7632-4b69-a46b-681be6baa67c","Daniel",4750.44,2018-08-18 07:00:00,"M",22,"Brookvale","NSW",40.79,"d2fde57915b04e21bfcca9cdcda8e8af","CUS-1617121891","151.26","-33.77","debit","Sat","09:23:21","09","August"
"2132","authorized","1","ACC-182446574","116.06","-32.00","SALES-POS","242bac79-ed26-4407-9119-6ddda7dcd18b","Tonya",4345.17,2018-08-18 07:00:00,"F",27,"Gwelup","WA",9.79,"65e5d196798b40d0806489ec52220d83","CUS-3026014945","115.8","-31.88","debit","Sat","09:32:12","09","August"
"2133","authorized","1","ACC-3689607373","115.79","-31.79","SALES-POS","789f32af-0fbe-4102-a364-1033fa3aec85","Virginia",3727.85,2018-08-18 07:00:00,"F",20,"Osborne Park","WA",33.77,"6173183336ef4263a65f796eaf62324d","CUS-127297539","115.81","-31.9","debit","Sat","09:41:03","09","August"
"2134","authorized","1","ACC-37709441","153.41","-28.01","POS","328b4301-ddf2-495c-94fc-7f1cf84340be","Charles",3682.87,2018-08-18 07:00:00,"M",18,"Runaway Bay","QLD",24.98,"969c3df4458149d69a2c512c0d340586","CUS-3336454548","153.4","-27.91","debit","Sat","09:49:54","09","August"
"2135","authorized","0","ACC-3233697971","151.04","-33.77","POS","889d1da4-9b1a-4e33-a8a5-3632916adf2c","Robin",2422.67,2018-08-18 07:00:00,"F",34,"Auburn","NSW",54.9,"fa0419dcfc0c4afb84a9bdf839d10a5f","CUS-1147642491","151.02","-33.88","debit","Sat","09:58:45","09","August"
"2136","posted",NA,"ACC-2265520058","151.27","-33.85","PAYMENT",NA,"Catherine",1604.73,2018-08-18 07:00:00,"F",26,NA,NA,84,"487d60fb186144ceb2d8861c3a116650","CUS-331942311",NA,NA,"debit","Sat","10:00:00","10","August"
"2137","posted",NA,"ACC-574997646","150.79","-33.64","PAYMENT",NA,"Mackenzie",1772.49,2018-08-18 07:00:00,"F",18,NA,NA,45,"4aa190157e3d463181496320ae79198d","CUS-586638664",NA,NA,"debit","Sat","10:00:00","10","August"
"2138","authorized","1","ACC-53508546","150.62","-33.76","SALES-POS","4910d30d-0e61-497d-b829-3deac4033aa7","Kimberly",2087.81,2018-08-18 07:00:00,"F",35,"Chatswood","NSW",11.66,"6d41b23ceddd46439ac9059aaf622c1c","CUS-72755508","151.19","-33.79","debit","Sat","10:10:21","10","August"
"2139","authorized","1","ACC-3100725361","145.73","-17.03","SALES-POS","4841e92a-0a02-44bf-9b7d-e274ff1a4d65","Ronald",1034.14,2018-08-18 07:00:00,"M",25,"Trinity Park","QLD",16.1,"e1770bab3e46421f9cef588399bd9222","CUS-2178051368","145.7","-16.8","debit","Sat","10:22:24","10","August"
"2140","authorized","1","ACC-847145727","115.90","-31.92","SALES-POS","d121c0e2-07ac-4732-8f93-a5410f2df156","Michael",52569.6,2018-08-18 07:00:00,"M",19,"Upper Swan","WA",23.43,"75e7748e67674a96aef46f021573bae2","CUS-1609060617","116.03","-31.77","debit","Sat","10:34:27","10","August"
"2141","authorized","1","ACC-966140392","147.08","-37.97","SALES-POS","e58a6e08-d5dd-4146-9b9b-6aedd7e98905","Joseph",3354.67,2018-08-18 07:00:00,"M",21,"Brunswick West","VIC",29.36,"f9904b9331554ec2a3936d3daaced0fd","CUS-537508723","144.95","-37.75","debit","Sat","10:46:30","10","August"
"2142","authorized","0","ACC-3317636250","153.02","-27.66","POS","78cd8c14-6242-4d07-a49f-af519ac27d02","Kenneth",7167.81,2018-08-18 07:00:00,"M",35,"Shailer Park","QLD",31.27,"7fad3a0b8b5d493f9117c6acc904c130","CUS-2738291516","153.18","-27.66","debit","Sat","10:58:33","10","August"
"2143","posted",NA,"ACC-3485804958","138.52","-35.01","PAYMENT",NA,"Jessica",18660.02,2018-08-18 07:00:00,"F",34,NA,NA,75,"31b1432df81440f6982a25276d1ec109","CUS-1196156254",NA,NA,"debit","Sat","11:00:00","11","August"
"2144","posted",NA,"ACC-2681137560","151.11","-33.99","PAYMENT",NA,"Nathaniel",2732.79,2018-08-18 07:00:00,"M",31,NA,NA,17,"f9b4e4bd090440d38aecd513bdca9d6b","CUS-2083971310",NA,NA,"debit","Sat","11:00:00","11","August"
"2145","posted",NA,"ACC-3536132544","144.93","-37.79","PHONE BANK",NA,"Heather",1220.75,2018-08-18 07:00:00,"F",41,NA,NA,1629,"6a8ffa82b1ea4a229cf8842981af9c96","CUS-2348881191",NA,NA,"debit","Sat","11:00:00","11","August"
"2146","authorized","0","ACC-1903037542","153.05","-27.61","POS","289ac334-a1d3-4639-9401-a48392a8ade8","Jeffrey",1862.38,2018-08-18 07:00:00,"M",30,"Boondall","QLD",6.86,"ee38d1c38ae94978bdb75ce6bb3adab3","CUS-860700529","153.06","-27.36","debit","Sat","11:06:17","11","August"
"2147","authorized","0","ACC-2920611728","144.96","-37.76","SALES-POS","a3eb712f-444e-4eeb-9da0-99474eed4e1b","Tyler",3474.26,2018-08-18 07:00:00,"M",69,"South Melbourne","VIC",55.92,"c167dcf7ffc54a4683e33df9d28b5d53","CUS-1388323263","144.96","-37.83","debit","Sat","11:13:25","11","August"
"2148","authorized","1","ACC-1788473090","145.06","-37.95","POS","294fb091-b541-432e-82b9-61547f7dfa63","Rachael",3755.8,2018-08-18 07:00:00,"F",21,"Melbourne","VIC",15.67,"791908101a024a878ed481bd9d0cd5e5","CUS-134193016","144.97","-37.82","debit","Sat","11:20:34","11","August"
"2149","authorized","1","ACC-1788473090","145.06","-37.95","POS","d7f1dad8-5163-4eb4-9a96-f83778298a0a","Rachael",3738.46,2018-08-18 07:00:00,"F",21,"South Melbourne","VIC",17.34,"d831d43530d54613a39a75750d0aa528","CUS-134193016","144.96","-37.83","debit","Sat","11:27:42","11","August"
"2150","authorized","1","ACC-2615038700","145.35","-38.03","SALES-POS","ef31d697-3d29-4f5b-b21a-98ceda056248","Emily",29425.99,2018-08-18 07:00:00,"F",43,"Dandenong South","VIC",12.16,"d401d8857a49487abc0bd02e68bfe695","CUS-3255104878","145.21","-38.01","debit","Sat","11:34:51","11","August"
"2151","authorized","1","ACC-1598451071","153.41","-27.95","SALES-POS","bb114176-22b5-4fc2-b6cb-3878142c3e20","Diana",1223.45,2018-08-18 07:00:00,"F",26,"Moonie","QLD",22.3,"8c6c7b45d380446b96e62f45d53169a0","CUS-2487424745","150.25","-27.76","debit","Sat","11:41:59","11","August"
"2152","authorized","1","ACC-1598451071","153.41","-27.95","POS","3ae539ca-2824-413c-b978-e87360b047ea","Diana",1217.3,2018-08-18 07:00:00,"F",26,"Runaway Bay","QLD",6.15,"965c5d1bbdcc4f27a12116979ecdef30","CUS-2487424745","153.4","-27.91","debit","Sat","11:49:08","11","August"
"2153","authorized","1","ACC-2901672282","255.00","-573.00","POS","e15f0c00-41ea-4bbb-b1d3-ecb9c21a7abb","Daniel",3401.97,2018-08-18 07:00:00,"M",22,"Deakin","ACT",1348.47,"2f96f2380588411e9e7ce99ab0402084","CUS-1617121891","149.1","-35.32","debit","Sat","11:56:17","11","August"
"2154","posted",NA,"ACC-1998563091","149.03","-35.25","PAYMENT",NA,"David",14520.96,2018-08-18 07:00:00,"M",42,NA,NA,45,"fe25ab7cd02b4bc48e1a20cd5df905f0","CUS-3395687666",NA,NA,"debit","Sat","12:00:00","12","August"
"2155","authorized","1","ACC-958000567","130.90","-12.37","SALES-POS","d2ebeccc-21f5-4709-a684-a5dc6ae25e8f","Sandra",2352.86,2018-08-18 07:00:00,"F",34,"Holtze","NT",30.22,"adbca2b6280c45e68c91de44541ce4d8","CUS-4142663097","130.97","-12.45","debit","Sat","12:08:16","12","August"
"2156","authorized","1","ACC-1516130869","130.84","-12.45","POS","d443739e-46ec-4c81-ace3-995c012ae13a","Jessica",1955.5,2018-08-18 07:00:00,"F",21,"Fannie Bay","NT",20.84,"bea77c2c5e03425a94ad95c7bd7580e3","CUS-325142416","130.84","-12.42","debit","Sat","12:25:31","12","August"
"2157","authorized","1","ACC-37709441","153.41","-28.01","SALES-POS","8902f350-190c-43a7-b8cf-8784e654c6fb","Charles",3673.2,2018-08-18 07:00:00,"M",18,"Southport","QLD",9.67,"f93ad453fa46432781a8032cd4687ce0","CUS-3336454548","153.42","-27.97","debit","Sat","12:42:45","12","August"
"2158","authorized","1","ACC-2615038700","145.35","-38.03","SALES-POS","3c5b0f0a-c9a7-4728-afd2-ad2057375228","Emily",29379.99,2018-08-18 07:00:00,"F",43,"Mooroolbark","VIC",46,"0001043c134f43bda3e3d87b2ee79c9c","CUS-3255104878","145.32","-37.78","debit","Sat","12:59:59","12","August"
"2159","posted",NA,"ACC-90814749","151.68","-32.98","INTER BANK",NA,"Christopher",7633.13,2018-08-18 07:00:00,"M",35,NA,NA,44,"09639e6a953749f48898ffef1619bd91","CUS-1896554896",NA,NA,"debit","Sat","13:00:00","13","August"
"2160","posted",NA,"ACC-2897221629","150.90","-34.37","INTER BANK",NA,"Scott",1451.51,2018-08-18 07:00:00,"M",23,NA,NA,94,"0c17499eb22241efac7163951b206d31","CUS-511326734",NA,NA,"debit","Sat","13:00:00","13","August"
"2161","authorized","1","ACC-574997646","150.79","-33.64","POS","b9510d80-80d9-4fe5-b712-523881bfff75","Mackenzie",1757.82,2018-08-18 07:00:00,"F",18,"Busselton","WA",14.67,"5f8e800766cd483eb4e2439294036197","CUS-586638664","115.34","-33.65","debit","Sat","13:17:51","13","August"
"2162","authorized","1","ACC-588564840","151.27","-33.76","POS","9980b7fe-3d5f-4aee-9ed0-74f4b050a175","Isaiah",10092.83,2018-08-18 07:00:00,"M",23,"Bankstown","NSW",14.66,"559135cbcd84442881e1a41a6f485a3f","CUS-1462656821","151.04","-33.92","debit","Sat","13:35:42","13","August"
"2163","authorized","0","ACC-1788473090","145.06","-37.95","SALES-POS","688fbc1d-a902-4b53-9eb6-e07b4a0e46b1","Rachael",3720.45,2018-08-18 07:00:00,"F",21,"Sale","VIC",18.01,"a325ce74815548cca284a0ffa2dd7298","CUS-134193016","147.07","-38.11","debit","Sat","13:53:34","13","August"
"2164","posted",NA,"ACC-37709441","153.41","-28.01","INTER BANK",NA,"Charles",3628.2,2018-08-18 07:00:00,"M",18,NA,NA,45,"1d69ba6e45144701b0b2578b9d839986","CUS-3336454548",NA,NA,"debit","Sat","14:00:00","14","August"
"2165","authorized","1","ACC-1788473090","145.06","-37.95","SALES-POS","63717f63-73be-48fe-a9e6-9aab3dc5ad55","Rachael",3695.56,2018-08-18 07:00:00,"F",21,"Brunswick West","VIC",24.89,"c36f1ec8c11f4dc5bdecd045ea7f5e67","CUS-134193016","144.95","-37.75","debit","Sat","14:05:12","14","August"
"2166","authorized","0","ACC-211792489","138.63","-34.93","SALES-POS","d6da0a73-531c-4df4-9afa-90c883149a9f","Jacqueline",2306.87,2018-08-18 07:00:00,"F",30,"Gundagai","NSW",28.58,"8cb8e0e917eb47f2a09e15fb85d7d1bb","CUS-497688347","148.11","-35.01","debit","Sat","14:13:19","14","August"
"2167","authorized","1","ACC-182446574","116.06","-32.00","POS","e41f586a-06bd-4abb-84f7-d6687b68e745","Tonya",4336.79,2018-08-18 07:00:00,"F",27,"Leederville","WA",8.38,"5671f9aa90d54dd29e81400bae5322f1","CUS-3026014945","115.84","-31.93","debit","Sat","14:21:27","14","August"
"2168","authorized","0","ACC-2673069055","152.99","-27.49","SALES-POS","ece151d2-3e52-4c95-b47c-38cc75b4a517","Richard",16636.01,2018-08-18 07:00:00,"M",24,"North Sydney","NSW",5.79,"8b79d3b5000c4f53af4071ba66cb39aa","CUS-51506836","151.21","-33.84","debit","Sat","14:29:35","14","August"
"2169","authorized","0","ACC-154431271","153.09","-27.48","SALES-POS","30b7c23d-ddcf-4cdd-b60f-af96e58acd4a","Lori",898.7,2018-08-18 07:00:00,"F",18,"Indooroopilly","QLD",28.23,"6272ff27a5b044c6b17e7973bb52741d","CUS-3702001629","152.97","-27.5","debit","Sat","14:37:43","14","August"
"2170","authorized","1","ACC-154431271","153.09","-27.48","POS","7a82bfa2-2088-4c68-acde-dababd8044b2","Lori",888.34,2018-08-18 07:00:00,"F",18,"Ormeau","QLD",10.36,"1be0cba760b142dca786d7a18aecddea","CUS-3702001629","153.25","-27.79","debit","Sat","14:45:51","14","August"
"2171","authorized","1","ACC-574997646","150.79","-33.64","POS","80f166c3-439a-4309-8c95-038524bb1426","Mackenzie",1751.43,2018-08-18 07:00:00,"F",18,"Rouse Hill","NSW",6.39,"2dd29c318c3b4294bd05e9054a4f9fa7","CUS-586638664","150.93","-33.69","debit","Sat","14:53:59","14","August"
"2172","posted",NA,"ACC-1650504218","145.01","-37.93","PAYMENT",NA,"Marissa",4418.04,2018-08-18 07:00:00,"F",23,NA,NA,150,"72f2647025f34f4bac295b22260bb581","CUS-2500783281",NA,NA,"debit","Sat","15:00:00","15","August"
"2173","authorized","1","ACC-3689607373","115.79","-31.79","POS","e4526954-72c6-42d9-a71f-ebf9eca9aa43","Virginia",3715.06,2018-08-18 07:00:00,"F",20,"North Coogee","WA",12.79,"6a4eb2b26a54494397701fdda3a34c61","CUS-127297539","115.76","-32.1","debit","Sat","15:04:03","15","August"
"2174","authorized","1","ACC-3317636250","153.02","-27.66","SALES-POS","0a677d71-967c-4aa1-b23c-98a70786e501","Kenneth",7154.27,2018-08-18 07:00:00,"M",35,"Kenmore","QLD",13.54,"09b18894051f446eb2901d67de47070e","CUS-2738291516","152.94","-27.52","debit","Sat","15:19:41","15","August"
"2175","authorized","1","ACC-3689607373","115.79","-31.79","SALES-POS","1e91bba1-0d71-4f5b-9fa0-a42a994810d5","Virginia",3645.75,2018-08-18 07:00:00,"F",20,"Belmont","WA",69.31,"854cd11804f343a9bc86f2b83ad6911b","CUS-127297539","115.93","-31.96","debit","Sat","15:35:18","15","August"
"2176","authorized","1","ACC-1598451071","153.41","-27.95","SALES-POS","f2111cef-4de4-45c7-8bb5-17639c3d5662","Diana",1182.27,2018-08-18 07:00:00,"F",26,"Melbourne","VIC",35.03,"2491e9e7cdfb40a98034de31bbdb5f9a","CUS-2487424745","144.96","-37.82","debit","Sat","15:50:56","15","August"
"2177","posted",NA,"ACC-2920611728","144.96","-37.76","PAYMENT",NA,"Tyler",3457.26,2018-08-18 07:00:00,"M",69,NA,NA,17,"e3feb8ee9e0046c7b3868a50c7b31cda","CUS-1388323263",NA,NA,"debit","Sat","16:00:00","16","August"
"2178","posted",NA,"ACC-602667573","151.23","-33.96","INTER BANK",NA,"Michael",3901.15,2018-08-18 07:00:00,"M",40,NA,NA,78,"c9724ea95d214f2eb2e8012bf40ab55b","CUS-2031327464",NA,NA,"debit","Sat","16:00:00","16","August"
"2179","posted",NA,"ACC-37709441","153.41","-28.01","PHONE BANK",NA,"Charles",3607.2,2018-08-18 07:00:00,"M",18,NA,NA,21,"3bde14f0300b45e9b2bc56c130c417e1","CUS-3336454548",NA,NA,"debit","Sat","16:00:00","16","August"
"2180","authorized","1","ACC-1598451071","153.41","-27.95","SALES-POS","4bcca166-bd6d-4b59-a0af-06080681e3fb","Diana",1176.14,2018-08-18 07:00:00,"F",26,"Robina","QLD",6.13,"cbd63e197304426281715e871c1ef63e","CUS-2487424745","153.38","-28.08","debit","Sat","16:07:07","16","August"
"2181","authorized","1","ACC-3771436525","145.04","-37.92","POS","985dd446-a4e7-4690-a0fb-1a4aeac93952","Derek",634.26,2018-08-18 07:00:00,"M",20,"Melbourne","VIC",14.6,"01fae826ee9d4efdb0c024d5089d6b79","CUS-3325710106","144.97","-37.81","debit","Sat","16:24:04","16","August"
"2182","authorized","1","ACC-3317636250","153.02","-27.66","POS","6d7ab2fc-2496-4747-b772-3cc637966896","Kenneth",7115.64,2018-08-18 07:00:00,"M",35,"Zillmere","QLD",38.63,"e0d2cc0bbabb45fba9c7b883de0ecc0f","CUS-2738291516","153.04","-27.36","debit","Sat","16:41:01","16","August"
"2183","authorized","1","ACC-1903037542","153.05","-27.61","SALES-POS","960dca6f-a94c-4215-9d2b-d3f3e91e5447","Jeffrey",1851.04,2018-08-18 07:00:00,"M",30,"Sunshine Beach","QLD",11.34,"e90bb31d22bc4e65a6aff9b10097a876","CUS-860700529","153.1","-26.41","debit","Sat","16:57:57","16","August"
"2184","posted",NA,"ACC-2259139624","144.66","-37.91","PAYMENT",NA,"Cindy",4119.76,2018-08-18 07:00:00,"F",19,NA,NA,165,"620ef0d767be4c799a9d28cc0034b56e","CUS-3174332735",NA,NA,"debit","Sat","17:00:00","17","August"
"2185","posted",NA,"ACC-854938045","147.63","-22.84","PAYMENT",NA,"James",8098.35,2018-08-18 07:00:00,"M",28,NA,NA,49,"14acbc40e8924defb8c9300f69d21a1a","CUS-4023861240",NA,NA,"debit","Sat","17:00:00","17","August"
"2186","authorized","1","ACC-414431115","142.77","-37.06","SALES-POS","fead27c2-a33d-4870-9cce-29f199b117ad","Amy",1530.04,2018-08-18 07:00:00,"F",43,"Castlemaine","VIC",39.34,"1f34f0aae1214f11ba4f706e2b727420","CUS-2599279756","144.22","-37.06","debit","Sat","17:09:04","17","August"
"2187","authorized","1","ACC-2897221629","150.90","-34.37","POS","1dcf2fcf-5f95-47b1-883b-7af53d477a3b","Scott",1432.73,2018-08-18 07:00:00,"M",23,"South Windsor","NSW",18.78,"278d5ac18d7e48af842baaab5101b836","CUS-511326734","150.79","-33.63","debit","Sat","17:19:22","17","August"
"2188","authorized","1","ACC-2673069055","152.99","-27.49","POS","5a31025d-e6b2-46e6-87c0-6469d76af016","Richard",16612.25,2018-08-18 07:00:00,"M",24,"Brisbane Airport","QLD",23.76,"559bf655d41e4d03acf93595daffd844","CUS-51506836","153.08","-27.41","debit","Sat","17:29:41","17","August"
"2189","authorized","1","ACC-1516130869","130.84","-12.45","SALES-POS","8c13fbce-e577-4ee1-948c-fa67ae782728","Jessica",1934.4,2018-08-18 07:00:00,"F",21,"Marrara","NT",21.1,"6f83bf9be8554ac2963b42a3433c9164","CUS-325142416","130.9","-12.4","debit","Sat","17:39:59","17","August"
"2190","authorized","0","ACC-3100725361","145.73","-17.03","POS","57c15e44-3bc5-4104-9470-f692191dbb74","Ronald",1025.33,2018-08-18 07:00:00,"M",25,"Dampier Peninsula","WA",8.81,"0ef99551c3f345f8a6efe79d8028563d","CUS-2178051368","122.67","-16.98","debit","Sat","17:50:18","17","August"
"2191","posted",NA,"ACC-958000567","130.90","-12.37","PAYMENT",NA,"Sandra",2335.86,2018-08-18 07:00:00,"F",34,NA,NA,17,"124fefa9f7f34b31b61b12b223017780","CUS-4142663097",NA,NA,"debit","Sat","18:00:00","18","August"
"2192","authorized","1","ACC-3481401842","115.74","-31.72","POS","ece151d2-3e52-4c95-b47c-38cc75b4a517","Tiffany",2270.85,2018-08-18 07:00:00,"F",25,"North Sydney","NSW",3.4,"035ead2468024c00a53e14fb729abdce","CUS-1669695324","151.21","-33.84","debit","Sat","18:01:18","18","August"
"2193","authorized","0","ACC-2890243754","153.32","-27.93","SALES-POS","597a741f-68c7-4c24-baa5-c4ce755170b1","Joseph",2168.17,2018-08-18 07:00:00,"M",37,"Dutton Park","QLD",5.71,"23c347703a1f426abc7aaae63d461a35","CUS-2695611575","153.03","-27.49","debit","Sat","18:23:02","18","August"
"2194","authorized","1","ACC-3771436525","145.04","-37.92","POS","ab9e36df-3ba4-4968-b19d-587eede7f2be","Derek",627.95,2018-08-18 07:00:00,"M",20,"Altona North","VIC",6.31,"99b9c31da76e472e8e93701e8956e826","CUS-3325710106","144.85","-37.83","debit","Sat","18:44:46","18","August"
"2195","authorized","1","ACC-414431115","142.77","-37.06","POS","6beb3465-4cb7-449b-b395-0eaa7764d4fe","Amy",1500.34,2018-08-18 07:00:00,"F",43,"Robinvale","VIC",29.7,"6bb4e3f840674a22a29e84bec94a87f5","CUS-2599279756","142.77","-34.58","debit","Sat","19:03:17","19","August"
"2196","authorized","1","ACC-2890243754","153.32","-27.93","SALES-POS","713f9e48-f582-4670-a6b1-ac3bed1d4d77","Joseph",2155.78,2018-08-18 07:00:00,"M",37,"Camp Hill","QLD",12.39,"4c9a97555a0445e5bec66389632756f9","CUS-2695611575","153.07","-27.49","debit","Sat","19:14:17","19","August"
"2197","authorized","0","ACC-3771436525","145.04","-37.92","POS","e9888890-71de-4be4-8199-bc6216959d53","Derek",603.53,2018-08-18 07:00:00,"M",20,"Ringwood","VIC",24.42,"1b05b63f7303471f8a003597e2c9f4ef","CUS-3325710106","145.23","-37.81","debit","Sat","19:25:16","19","August"
"2198","authorized","1","ACC-574997646","150.79","-33.64","SALES-POS","a14e90d5-cf90-4b99-8767-0044b543c88a","Mackenzie",1721.91,2018-08-18 07:00:00,"F",18,"Liverpool","NSW",29.52,"841c5ef23827430fabe77cfb4f541a59","CUS-586638664","150.92","-33.92","debit","Sat","19:36:15","19","August"
"2199","authorized","1","ACC-1037050564","153.10","-27.66","SALES-POS","73903428-2d9a-4549-868a-2049e3e6aea4","Rhonda",1805.78,2018-08-18 07:00:00,"F",40,"Melbourne","VIC",19.8,"45ac946d24c342c2a2da39fccf83c3e4","CUS-1614226872","144.97","-37.81","debit","Sat","19:47:15","19","August"
"2200","authorized","1","ACC-854938045","147.63","-22.84","SALES-POS","d02cbd35-220d-43b0-ad63-47c97d1cf95a","James",8090.68,2018-08-18 07:00:00,"M",28,"Scottsdale","TAS",7.67,"0cf0d31a079049bd8266ab6cac16d267","CUS-4023861240","147.51","-41.15","debit","Sat","19:58:14","19","August"
"2201","posted",NA,"ACC-4258502723","145.45","-37.74","INTER BANK",NA,"Kimberly",1691.41,2018-08-18 07:00:00,"F",24,NA,NA,28,"c543a905feb34ed881c6c04d5a1e5a03","CUS-3378712515",NA,NA,"debit","Sat","20:00:00","20","August"
"2202","authorized","1","ACC-559365433","147.31","-42.88","POS","b5aed83c-ba2c-4d98-b539-feb0a14140a4","Mary",1521.42,2018-08-18 07:00:00,"F",64,"Prospect","TAS",18.8,"8a67b8fcf20542ae911cecfb0e699785","CUS-1654129794","147.14","-41.47","debit","Sat","20:08:34","20","August"
"2203","authorized","1","ACC-182446574","116.06","-32.00","POS","148877ad-7021-4558-a5a0-87fff5a0277e","Tonya",4324.63,2018-08-18 07:00:00,"F",27,"Woodvale","WA",12.16,"6cc11f85804a432abfb60c277f29e89b","CUS-3026014945","115.79","-31.78","debit","Sat","20:18:46","20","August"
"2204","authorized","1","ACC-2673069055","152.99","-27.49","POS","d01c02b1-32c1-4beb-960c-f51390b23d99","Richard",16584.34,2018-08-18 07:00:00,"M",24,"Mitchelton","QLD",27.91,"f2d97e8ff7894f6399f70072cf74287f","CUS-51506836","152.98","-27.42","debit","Sat","20:28:58","20","August"
"2205","authorized","1","ACC-1598451071","153.41","-27.95","POS","06beb97d-453e-40d1-bab2-0a60d374fbdd","Diana",1162.03,2018-08-18 07:00:00,"F",26,"Helensvale","QLD",14.11,"5bad5815f2c4417981288d084d060d50","CUS-2487424745","153.34","-27.93","debit","Sat","20:39:11","20","August"
"2206","authorized","1","ACC-966140392","147.08","-37.97","SALES-POS","b00246e3-090c-4ac5-a918-3871f12666f2","Joseph",3263.77,2018-08-18 07:00:00,"M",21,"Eltham","VIC",90.9,"7801349e3c5c482f94f8ef40d51f4d81","CUS-537508723","145.14","-37.72","debit","Sat","20:49:23","20","August"
"2207","authorized","1","ACC-854938045","147.63","-22.84","SALES-POS","bd0007b0-30ee-4a81-ac20-485016874527","James",8072.62,2018-08-18 07:00:00,"M",28,"Melton","VIC",18.06,"8e805de1f5c04cd896fe7f46ef85b4cc","CUS-4023861240","144.58","-37.68","debit","Sat","20:59:35","20","August"
"2208","posted",NA,"ACC-1344825761","151.09","-33.91","PAYMENT",NA,"Sarah",15701.73,2018-08-18 07:00:00,"F",46,NA,NA,28,"b66d6671ed6b4a27823c897f88c1b840","CUS-1499065773",NA,NA,"debit","Sat","21:00:00","21","August"
"2209","authorized","1","ACC-2897221629","150.90","-34.37","SALES-POS","3922185e-265b-494b-bdbb-31c8ac72864d","Scott",1419.53,2018-08-18 07:00:00,"M",23,"Sydney","NSW",13.2,"ad0e148c291742b59ebee7dfa6269ca7","CUS-511326734","151.18","-33.94","debit","Sat","21:07:13","21","August"
"2210","authorized","1","ACC-966140392","147.08","-37.97","SALES-POS","ce1f95bd-aa19-401a-8e9d-b2084ea9da99","Joseph",3250.88,2018-08-18 07:00:00,"M",21,"Wheelers Hill","VIC",12.89,"3bae3a0967b8410a9d34712680108a48","CUS-537508723","145.16","-37.91","debit","Sat","21:14:44","21","August"
"2211","authorized","1","ACC-588564840","151.27","-33.76","SALES-POS","3f201977-ebb7-486c-870f-65bbd2686d92","Isaiah",10065.99,2018-08-18 07:00:00,"M",23,"Punchbowl","NSW",26.84,"f9692a87fcca49219371c0be2a2ba394","CUS-1462656821","151.06","-33.93","debit","Sat","21:22:15","21","August"
"2212","authorized","1","ACC-2890243754","153.32","-27.93","SALES-POS","9f3481c2-1127-4297-8265-77286b963fc1","Joseph",2118.85,2018-08-18 07:00:00,"M",37,"Varsity Lakes","QLD",36.93,"ec4b9554be104f3ba168a9a49399d58e","CUS-2695611575","153.41","-28.08","debit","Sat","21:29:46","21","August"
"2213","authorized","1","ACC-3100725361","145.73","-17.03","POS","01ce15de-64fc-47a5-ac39-46e0b57cb684","Ronald",997.7,2018-08-18 07:00:00,"M",25,"Sydney","NSW",27.63,"d09ac481f28e4ed883735eec67ab41e4","CUS-2178051368","151.21","-33.87","debit","Sat","21:37:17","21","August"
"2214","authorized","0","ACC-966140392","147.08","-37.97","POS","85fb518d-9542-4cc4-bff3-710cd2cdf72c","Joseph",3226.18,2018-08-18 07:00:00,"M",21,"Hampton","VIC",24.7,"5abdd05927b04f4a9a72c460377c47a8","CUS-537508723","145","-37.94","debit","Sat","21:44:48","21","August"
"2215","authorized","1","ACC-2673069055","152.99","-27.49","SALES-POS","b3e7d34c-43ca-4dfd-bbce-21f1066a1fa2","Richard",16372.24,2018-08-18 07:00:00,"M",24,"Hamilton","QLD",212.1,"6349e8bfb6574cd0b56205ba46857869","CUS-51506836","153.07","-27.44","debit","Sat","21:52:19","21","August"
"2216","authorized","1","ACC-3021093232","149.83","-29.47","POS","c517e9ce-fba4-4269-ac69-739d51ef969b","Melissa",2923.56,2018-08-18 07:00:00,"F",30,"Armidale","NSW",46.5,"620d0fbef29646d5aeba0de92b37b59b","CUS-55310383","151.67","-30.52","debit","Sat","21:59:50","21","August"
"2217","posted",NA,"ACC-1799207998","150.68","-33.79","PAYMENT",NA,"Susan",3276.57,2018-08-18 07:00:00,"F",20,NA,NA,30,"e2afc5a0c3034f938696f869fa2b6d52","CUS-164374203",NA,NA,"debit","Sat","22:00:00","22","August"
"2218","posted",NA,"ACC-1056639002","145.03","-37.91","PAYMENT",NA,"Michael",43192.39,2018-08-18 07:00:00,"M",22,NA,NA,163,"dfeb0f10711f4379b3389b19f7ce37ba","CUS-3462882033",NA,NA,"debit","Sat","22:00:00","22","August"
"2219","authorized","1","ACC-1903037542","153.05","-27.61","SALES-POS","a2494963-ddfe-40d7-885f-a4a7e7cee711","Jeffrey",1576.4,2018-08-18 07:00:00,"M",30,"Virginia","QLD",274.64,"66cf0d563d16450199f5f254f18673d3","CUS-860700529","153.06","-27.37","debit","Sat","22:14:12","22","August"
"2220","authorized","1","ACC-2890243754","153.32","-27.93","SALES-POS","7230b09a-e32b-4e1d-af1c-c8b4a587064f","Joseph",2105.62,2018-08-18 07:00:00,"M",37,"Surfers Paradise","QLD",13.23,"aad1ce1c9b0547bc9b07145f45de2725","CUS-2695611575","153.43","-28.01","debit","Sat","22:28:41","22","August"
"2221","authorized","0","ACC-2249586092","115.98","-32.07","SALES-POS","c8102c73-8f6a-4c5d-a452-797d9aaba5d4","Edward",4953.23,2018-08-18 07:00:00,"M",19,"Trigg","WA",6.08,"053a5973b8704039bcdc18db535dcb85","CUS-443776336","115.76","-31.87","debit","Sat","22:43:11","22","August"
"2222","authorized","0","ACC-2988263882","145.18","-37.90","SALES-POS","445e31a5-811d-480d-911c-7d9e15df6c1d","Michael",3344.36,2018-08-18 07:00:00,"M",44,"Altona Meadows","VIC",27.68,"81513aab0d0b472c8234566ad5dee6d0","CUS-1233833708","144.78","-37.87","debit","Sat","22:57:40","22","August"
"2223","posted",NA,"ACC-2014856841","144.99","-37.90","PAYMENT",NA,"Patrick",260045.9,2018-08-18 07:00:00,"M",46,NA,NA,43,"73d02de3d5f74abbaad660693ce74abc","CUS-2370108457",NA,NA,"debit","Sat","23:00:00","23","August"
"2224","posted",NA,"ACC-3954677887","115.72","-32.28","PAYMENT",NA,"Ruth",2306.38,2018-08-18 07:00:00,"F",47,NA,NA,24,"19a99a927529464baaabdbe85cd69de5","CUS-3716701010",NA,NA,"debit","Sat","23:00:00","23","August"
"2225","authorized","1","ACC-3481401842","115.74","-31.72","SALES-POS","6eddeaab-425e-4b65-9411-f64db9ff72f8","Tiffany",2258.2,2018-08-18 07:00:00,"F",25,"Redcliffe","WA",12.65,"66fc2991efbe45d3b100280dc0aa4de6","CUS-1669695324","115.94","-31.93","debit","Sat","23:06:33","23","August"
"2226","authorized","1","ACC-1037050564","153.10","-27.66","SALES-POS","656a515d-e5c7-4198-8dee-7ebd0491d435","Rhonda",1780.84,2018-08-18 07:00:00,"F",40,"Northgate","QLD",24.94,"3c49fc1ef8bd4f699fe7c49b0ecf48c3","CUS-1614226872","153.06","-27.38","debit","Sat","23:14:22","23","August"
"2227","authorized","1","ACC-211792489","138.63","-34.93","SALES-POS","bed523c1-151f-49db-a94a-18234207fb0d","Jacqueline",2290.98,2018-08-18 07:00:00,"F",30,"Florey","ACT",15.89,"b7bd316dfe4f4a74940b711f6f072eab","CUS-497688347","149.04","-35.22","debit","Sat","23:22:11","23","August"
"2228","authorized","0","ACC-1990648130","114.62","-28.80","POS","71d6ad22-eff0-4ab8-b771-72bcc0385c75","Kaitlyn",3239.03,2018-08-18 07:00:00,"F",21,"West End","WA",10.47,"55236ee8451b4fa89c8b32e16aced7e4","CUS-809013380","114.59","-28.78","debit","Sat","23:29:59","23","August"
"2229","authorized","1","ACC-3689607373","115.79","-31.79","SALES-POS","076aca33-d9b9-4603-9b68-bcb241b8fe87","Virginia",3590.32,2018-08-18 07:00:00,"F",20,"Northam","WA",55.43,"11c4aa47f4684d0a930c51f664690a92","CUS-127297539","116.67","-31.66","debit","Sat","23:37:48","23","August"
"2230","authorized","1","ACC-154431271","153.09","-27.48","POS","5272472d-f09f-4f7f-b008-622ef7934a45","Lori",863.64,2018-08-18 07:00:00,"F",18,"Loganholme","QLD",24.7,"7c5f0a90b7d84124bb8d91f88edfcf51","CUS-3702001629","153.21","-27.67","debit","Sat","23:45:37","23","August"
"2231","authorized","1","ACC-3689607373","115.79","-31.79","SALES-POS","d60f76ae-00eb-42a8-bc8c-86e25f707aed","Virginia",3572.22,2018-08-18 07:00:00,"F",20,"Coolbellup","WA",18.1,"51b8053a2965432d967251f5847e08a6","CUS-127297539","115.81","-32.08","debit","Sat","23:53:26","23","August"
"2232","authorized","1","ACC-53508546","150.62","-33.76","SALES-POS","76583118-644b-4ff3-8b9c-e080822d3669","Kimberly",2080.05,2018-08-19 07:00:00,"F",35,"Lane Cove","NSW",7.76,"58828ce0004e4c8ebe6ea5fec271f6a7","CUS-72755508","151.17","-33.81","debit","Sun","00:01:47","00","August"
"2233","authorized","0","ACC-3481401842","115.74","-31.72","POS","a7c6ec83-1423-4978-83b4-3e3c35528bba","Tiffany",2253.39,2018-08-19 07:00:00,"F",25,"Murrurundi","NSW",4.81,"15e92c5cc86b437eab92cceaec3b6218","CUS-1669695324","150.84","-31.76","debit","Sun","00:13:02","00","August"
"2234","authorized","0","ACC-3771436525","145.04","-37.92","SALES-POS","fd1c9a34-9224-4338-9716-e8f10005b83a","Derek",584.45,2018-08-19 07:00:00,"M",20,"Alderley","QLD",19.08,"cd5f98eac8444c398fa0b4e13a7c316d","CUS-3325710106","153","-27.43","debit","Sun","00:24:16","00","August"
"2235","authorized","0","ACC-588564840","151.27","-33.76","SALES-POS","4b2355f0-146a-4441-b748-ae22335fbd53","Isaiah",10048.7,2018-08-19 07:00:00,"M",23,"Katoomba","NSW",17.29,"f35ecb85d36040cf83253a389e9488ac","CUS-1462656821","150.31","-33.72","debit","Sun","00:35:30","00","August"
"2236","authorized","1","ACC-2828321672","153.03","-27.51","POS","d29865e9-e5ea-4ff1-a8d8-eb9cdf4445c5","Stephanie",1122.04,2018-08-19 07:00:00,"F",53,"Beenleigh","QLD",10.65,"eb61a71a595546e989d1a3306a45728d","CUS-1005756958","153.19","-27.71","debit","Sun","00:46:44","00","August"
"2237","authorized","1","ACC-3481401842","115.74","-31.72","SALES-POS","eec7b6e0-4f57-434a-a40c-4b0b68d29371","Tiffany",2248.25,2018-08-19 07:00:00,"F",25,"Kwinana Beach","WA",5.14,"285ed54a965f4af4a54cb032b0fae2b2","CUS-1669695324","115.78","-32.23","debit","Sun","00:57:58","00","August"
"2238","authorized","1","ACC-211792489","138.63","-34.93","POS","745e87e1-2454-4028-bec9-ee97ff30f8c0","Jacqueline",2210.58,2018-08-19 07:00:00,"F",30,"Albany","WA",80.4,"75d22df36ea64c4796e64b814cd67cc0","CUS-497688347","117.88","-35.02","debit","Sun","01:12:36","01","August"
"2239","authorized","1","ACC-2828321672","153.03","-27.51","SALES-POS","0f0ff857-5b5d-448f-9d22-1bf31cbca5eb","Stephanie",1082.05,2018-08-19 07:00:00,"F",53,"Coorparoo","QLD",39.99,"4be09f0ae31843e7a1c2cac53c7bee54","CUS-1005756958","153.06","-27.5","debit","Sun","01:27:59","01","August"
"2240","authorized","1","ACC-4065652575","115.81","-31.82","POS","865d3eb2-b81f-42d3-a70a-60851de8938f","Lucas",5413.48,2018-08-19 07:00:00,"M",21,"Highgate","WA",13.02,"6c396959f7b14920879e69752eda0d5e","CUS-1117979751","115.87","-31.94","debit","Sun","01:43:23","01","August"
"2241","authorized","1","ACC-4065652575","115.81","-31.82","POS","1b215926-0bee-41a6-ab50-458ca96096cd","Lucas",5380.12,2018-08-19 07:00:00,"M",21,"North Perth","WA",33.36,"7e960fca4766439b803e7fa7dbad6875","CUS-1117979751","115.85","-31.93","debit","Sun","01:58:46","01","August"
"2242","posted",NA,"ACC-2107684084","145.03","-37.88","PAYMENT",NA,"Richard",4324.69,2018-08-19 07:00:00,"M",22,NA,NA,25,"1b5940d2ddba4d61a94ba362d3e6f0dc","CUS-2283904812",NA,NA,"debit","Sun","02:00:00","02","August"
"2243","authorized","1","ACC-4065652575","115.81","-31.82","POS","4ffef83d-9410-4dab-b976-212bda0b9c4d","Lucas",5361.68,2018-08-19 07:00:00,"M",21,"Cunderdin","WA",18.44,"7178a2223d38498285bff0671b52139c","CUS-1117979751","117.24","-31.65","debit","Sun","02:41:49","02","August"
"2244","posted",NA,"ACC-1056639002","145.03","-37.91","INTER BANK",NA,"Michael",43156.39,2018-08-19 07:00:00,"M",22,NA,NA,36,"2324a8fed1594fb39ae8591167cad4e2","CUS-3462882033",NA,NA,"debit","Sun","03:00:00","03","August"
"2245","authorized","1","ACC-559365433","147.31","-42.88","POS","850f3446-4573-4cd1-8b3b-ba7faa8bd943","Mary",1486.82,2018-08-19 07:00:00,"F",64,"North Hobart","TAS",34.6,"5f90fa93db0148549f7b7df7c1cff6ea","CUS-1654129794","147.32","-42.87","debit","Sun","03:42:51","03","August"
"2246","posted",NA,"ACC-4258502723","145.45","-37.74","PAYMENT",NA,"Kimberly",1653.41,2018-08-19 07:00:00,"F",24,NA,NA,38,"79b759b7081244cdb1c9052e2722f3b7","CUS-3378712515",NA,NA,"debit","Sun","04:00:00","04","August"
"2247","authorized","1","ACC-1710017148","150.82","-34.01","SALES-POS","eff25fdb-a677-437b-bb87-f4e4b4614499","Michelle",4024.48,2018-08-19 07:00:00,"F",19,"Bankstown","NSW",23.15,"4ce3ab430b314676ae3b6f6f4216c057","CUS-883482547","151.04","-33.92","debit","Sun","04:42:13","04","August"
"2248","posted",NA,"ACC-3485804958","138.52","-35.01","PAYMENT",NA,"Jessica",18629.02,2018-08-19 07:00:00,"F",34,NA,NA,31,"6f823766c67f412e83a661d05eedbc89","CUS-1196156254",NA,NA,"debit","Sun","05:00:00","05","August"
"2249","posted",NA,"ACC-1344825761","151.09","-33.91","PAYMENT",NA,"Sarah",15546.73,2018-08-19 07:00:00,"F",46,NA,NA,155,"b1d13744c5f14729a57a766b6ae46ff1","CUS-1499065773",NA,NA,"debit","Sun","05:00:00","05","August"
"2250","posted",NA,"ACC-559365433","147.31","-42.88","PAYMENT",NA,"Mary",1456.82,2018-08-19 07:00:00,"F",64,NA,NA,30,"2111334c598142ce8ef918c03b816452","CUS-1654129794",NA,NA,"debit","Sun","05:00:00","05","August"
"2251","posted",NA,"ACC-3879258709","143.83","-37.66","PAYMENT",NA,"Natasha",189456.45,2018-08-19 07:00:00,"F",40,NA,NA,169,"946cdf87589e4f50a55da2e2156225f8","CUS-527400765",NA,NA,"debit","Sun","05:00:00","05","August"
"2252","posted",NA,"ACC-1523339231","115.83","-31.90","INTER BANK",NA,"Tim",53811.24,2018-08-19 07:00:00,"M",40,NA,NA,39,"77117d8b61bf4fe8af4fd0675ef858f0","CUS-1816693151",NA,NA,"debit","Sun","06:00:00","06","August"
"2253","posted",NA,"ACC-1334819143","145.13","-37.70","PAYMENT",NA,"Christopher",58875.67,2018-08-19 07:00:00,"M",33,NA,NA,111,"43f761b789cd4428a6d9fe667de10687","CUS-3117610635",NA,NA,"debit","Sun","06:00:00","06","August"
"2254","authorized","1","ACC-819621312","145.04","-37.85","POS","e3567b45-cf99-414e-a58f-db379644d8c6","Michele",2711.41,2018-08-19 07:00:00,"F",30,"Doncaster East","VIC",16.69,"38785516312648c6a6a5f0a77123e218","CUS-1271030853","145.17","-37.76","debit","Sun","06:48:53","06","August"
"2255","posted",NA,"ACC-3771436525","145.04","-37.92","PAYMENT",NA,"Derek",535.45,2018-08-19 07:00:00,"M",20,NA,NA,49,"9bb225555efd4bca9af048bd0982307d","CUS-3325710106",NA,NA,"debit","Sun","07:00:00","07","August"
"2256","posted",NA,"ACC-3941181087","115.79","-31.94","INTER BANK",NA,"Paul",2990.18,2018-08-19 07:00:00,"M",25,NA,NA,192,"5cc972fef6d14309a9d0d4f2b61db9e6","CUS-3989008654",NA,NA,"debit","Sun","07:00:00","07","August"
"2257","posted",NA,"ACC-211792489","138.63","-34.93","PAYMENT",NA,"Jacqueline",2042.58,2018-08-19 07:00:00,"F",30,NA,NA,168,"70ee663b4fd844cb9cd2aeea23eda0ca","CUS-497688347",NA,NA,"debit","Sun","07:00:00","07","August"
"2258","authorized","0","ACC-1056639002","145.03","-37.91","POS","389991f4-f4f4-4d49-bcc0-b4222b5535b6","Michael",43136.07,2018-08-19 07:00:00,"M",22,"Bairnsdale","VIC",20.32,"56faf664eaaf45deb154eaad4e223964","CUS-3462882033","147.61","-37.83","debit","Sun","07:49:59","07","August"
"2259","posted",NA,"ACC-2107684084","145.03","-37.88","INTER BANK",NA,"Richard",4291.69,2018-08-19 07:00:00,"M",22,NA,NA,33,"326c2708070b423e8f53f4350d90d89e","CUS-2283904812",NA,NA,"debit","Sun","08:00:00","08","August"
"2260","authorized","1","ACC-2249586092","115.98","-32.07","SALES-POS","6c84c219-96ea-4c6f-9de5-0a28bcaec62f","Edward",4938.62,2018-08-19 07:00:00,"M",19,"Rainbow Flat","NSW",14.61,"3fa415e0d8de436d8763fcc15d351b6d","CUS-443776336","152.47","-32.01","debit","Sun","08:23:25","08","August"
"2261","authorized","1","ACC-37709441","153.41","-28.01","SALES-POS","946f3a3f-4c0d-4761-af5e-9378354ac0c3","Charles",3593.46,2018-08-19 07:00:00,"M",18,"Robina","QLD",13.74,"33a2c840f648406587c17762998b31cb","CUS-3336454548","153.39","-28.08","debit","Sun","08:51:59","08","August"
"2262","authorized","1","ACC-1334819143","145.13","-37.70","SALES-POS","f3e1f057-7924-4195-aa29-a7706688c4e1","Christopher",58800.7,2018-08-19 07:00:00,"M",33,"Spring Hill","QLD",74.97,"72e61b3030f145ffa515e2b9a75d06aa","CUS-3117610635","153.03","-27.46","debit","Sun","09:04:08","09","August"
"2263","authorized","1","ACC-154431271","153.09","-27.48","SALES-POS","0ccf8fe8-0485-4d47-9cf3-a7cb185ac190","Lori",837.28,2018-08-19 07:00:00,"F",18,"Brisbane City","QLD",26.36,"951ca78707454aae97c702398ce22a01","CUS-3702001629","153.03","-27.47","debit","Sun","09:09:53","09","August"
"2264","authorized","1","ACC-154431271","153.09","-27.48","SALES-POS","611a8844-42dc-4fd9-adf9-b4ae0c185593","Lori",821.31,2018-08-19 07:00:00,"F",18,"Beenleigh","QLD",15.97,"5c32e668435f43f9bbc035766a013ae3","CUS-3702001629","153.2","-27.72","debit","Sun","09:15:37","09","August"
"2265","authorized","0","ACC-354106658","151.04","-33.80","POS","cd5b819a-b1c9-4e6d-bc59-d6d344258ef9","Christine",8069.39,2018-08-19 07:00:00,"F",39,"Blacktown","NSW",33.95,"ed8d46e15e3940619bb42050843b3083","CUS-2376382098","150.91","-33.77","debit","Sun","09:21:22","09","August"
"2266","authorized","1","ACC-414431115","142.77","-37.06","SALES-POS","667abc92-cb0d-45be-b17f-06f90eaddf82","Amy",1483.94,2018-08-19 07:00:00,"F",43,"Maryborough","VIC",16.4,"5a739a849b1d4a54bf2c0b162ef88f22","CUS-2599279756","143.74","-37.05","debit","Sun","09:27:07","09","August"
"2267","authorized","1","ACC-154431271","153.09","-27.48","SALES-POS","9cc02e63-d2ee-4fe3-a38b-8352abdb171e","Lori",808.64,2018-08-19 07:00:00,"F",18,"Mitchelton","QLD",12.67,"c114a80a894c4918a98209825bb2e467","CUS-3702001629","152.98","-27.42","debit","Sun","09:32:52","09","August"
"2268","authorized","1","ACC-1056639002","145.03","-37.91","POS","5c271fb0-097e-42ad-bce8-9d79c16923f2","Michael",43125.28,2018-08-19 07:00:00,"M",22,"Sale","VIC",10.79,"9bd619bcad63494e92c6562759ef8ace","CUS-3462882033","147.07","-38.11","debit","Sun","09:38:37","09","August"
"2269","authorized","1","ACC-559365433","147.31","-42.88","SALES-POS","87df0ac3-dc0f-474b-8f3c-2a7075dc746b","Mary",1431.34,2018-08-19 07:00:00,"F",64,"Lauderdale","TAS",25.48,"62728a5ae9fd4085b96b5bc4edf69906","CUS-1654129794","147.48","-42.91","debit","Sun","09:44:22","09","August"
"2270","authorized","1","ACC-53508546","150.62","-33.76","SALES-POS","c0e1a229-b104-4fb5-aeeb-4067b41e83a3","Kimberly",2052.18,2018-08-19 07:00:00,"F",35,"Katanning","WA",27.87,"f972362632bf49a5ba95c664ddb0c48e","CUS-72755508","117.56","-33.69","debit","Sun","09:50:06","09","August"
"2271","authorized","1","ACC-4163822186","149.03","-34.97","SALES-POS","d785f0e6-5068-4215-9e18-9615f5047cf2","Karen",4492.74,2018-08-19 07:00:00,"F",26,"Fullarton","SA",46.64,"01aff6e9fc6d44e984dbfaa8277957f8","CUS-2630892467","138.63","-34.95","debit","Sun","09:55:51","09","August"
"2272","posted",NA,"ACC-964839203","146.92","-36.07","PAYMENT",NA,"Michael",31726.56,2018-08-19 07:00:00,"M",21,NA,NA,42,"936e9b1c10324168b7a63de7b6bf37fc","CUS-2059096722",NA,NA,"debit","Sun","10:00:00","10","August"
"2273","authorized","1","ACC-1598451071","153.41","-27.95","SALES-POS","0898833a-fca8-40b5-a738-8e1d4aa98322","Diana",1145.35,2018-08-19 07:00:00,"F",26,"Alstonville","NSW",16.68,"48719844166c45bba6225af6d58ea50f","CUS-2487424745","153.44","-28.84","debit","Sun","10:02:21","10","August"
"2274","authorized","1","ACC-1990648130","114.62","-28.80","SALES-POS","411776f7-814b-4227-93fb-1c0a6047a4d9","Kaitlyn",3193.08,2018-08-19 07:00:00,"F",21,"Meadow","WA",45.95,"105099489e5f44a292455e52530becc8","CUS-809013380","114.57","-26.7","debit","Sun","10:10:45","10","August"
"2275","authorized","1","ACC-4163822186","149.03","-34.97","POS","c3409220-6c99-409b-9730-667c2ff12c97","Karen",4472.98,2018-08-19 07:00:00,"F",26,"Torrens Park","SA",19.76,"29da80f85145436f800a8d3cab107b3c","CUS-2630892467","138.61","-34.98","debit","Sun","10:19:09","10","August"
"2276","authorized","1","ACC-1598451071","153.41","-27.95","POS","506e033d-e1af-4591-b9ea-37ad93798a7b","Diana",1128.51,2018-08-19 07:00:00,"F",26,"MERMAID WATERS","QLD",16.84,"db6f7f3d4e994807a80acfb4eba4c3cf","CUS-2487424745","153.43","-28.04","debit","Sun","10:27:33","10","August"
"2277","authorized","0","ACC-1990648130","114.62","-28.80","SALES-POS","bac5f1e6-9678-4ae1-9c08-7a2f5842235a","Kaitlyn",3180.19,2018-08-19 07:00:00,"F",21,"Lismore","NSW",12.89,"cb59581c0a1542fb91a4c23a827fdcaf","CUS-809013380","153.28","-28.81","debit","Sun","10:35:57","10","August"
"2278","authorized","1","ACC-1056639002","145.03","-37.91","SALES-POS","eb866450-50ca-48ab-a81b-01b464cef36a","Michael",43118.44,2018-08-19 07:00:00,"M",22,"Kew","VIC",6.84,"f07765b51b5c4989beb749efa033bec5","CUS-3462882033","145.03","-37.81","debit","Sun","10:44:22","10","August"
"2279","authorized","0","ACC-2673069055","152.99","-27.49","SALES-POS","25896704-b327-4f70-82c6-ea8ed111f509","Richard",16357.58,2018-08-19 07:00:00,"M",24,"Eagleby","QLD",14.66,"289398df68f2450e8e1c4df9d0007ded","CUS-51506836","153.21","-27.7","debit","Sun","10:52:46","10","August"
"2280","posted",NA,"ACC-3827517394","151.12","-33.89","PAYMENT",NA,"Craig",32757.16,2018-08-19 07:00:00,"M",28,NA,NA,28,"35a51afb51e1417f97bc919c83aa2f7e","CUS-2663907001",NA,NA,"debit","Sun","11:00:00","11","August"
"2281","posted",NA,"ACC-1496451953","145.16","-37.84","INTER BANK",NA,"Ricky",4382.84,2018-08-19 07:00:00,"M",43,NA,NA,31,"bc6a48aa65a846e593119bfa074054c3","CUS-3142625864",NA,NA,"debit","Sun","11:00:00","11","August"
"2282","posted",NA,"ACC-2615038700","145.35","-38.03","INTER BANK",NA,"Emily",29341.99,2018-08-19 07:00:00,"F",43,NA,NA,38,"ae93ac9d3d154eb8bc7ddb2f26557eb9","CUS-3255104878",NA,NA,"debit","Sun","11:00:00","11","August"
"2283","posted",NA,"ACC-854938045","147.63","-22.84","PAYMENT",NA,"James",8013.27,2018-08-19 07:00:00,"M",28,NA,NA,34,"fd165bd15f024e94834886f4da59bdcd","CUS-4023861240",NA,NA,"debit","Sun","11:00:00","11","August"
"2284","authorized","1","ACC-1598451071","153.41","-27.95","SALES-POS","7fd1b176-d418-4ba9-959f-320e20a3ae05","Diana",1112.91,2018-08-19 07:00:00,"F",26,"Highett","VIC",15.6,"101e7c7436c74917bc25ef337da8ecd1","CUS-2487424745","145.04","-37.95","debit","Sun","11:01:19","11","August"
"2285","authorized","1","ACC-2249586092","115.98","-32.07","SALES-POS","a7804b16-7fa6-4349-848a-41c72f5bf3f3","Edward",4924.73,2018-08-19 07:00:00,"M",19,"Tuart Hill","WA",13.89,"addbf9e246b5459686b9ede7b499c81e","CUS-443776336","115.84","-31.89","debit","Sun","11:10:45","11","August"
"2286","authorized","1","ACC-37709441","153.41","-28.01","SALES-POS","beeb6931-4e16-45cc-a6e0-30c23cf76d55","Charles",3576.4,2018-08-19 07:00:00,"M",18,"Arundel","QLD",17.06,"ce26e0e77efc4973a5f4f4aec30097f0","CUS-3336454548","153.35","-27.95","debit","Sun","11:20:11","11","August"
"2287","authorized","1","ACC-1056639002","145.03","-37.91","POS","66d798ac-f635-4c07-869d-95376ec05761","Michael",43105.03,2018-08-19 07:00:00,"M",22,"Clayton","VIC",13.41,"133d79982d0b4349a15340f2d4661206","CUS-3462882033","145.15","-37.91","debit","Sun","11:29:37","11","August"
"2288","authorized","1","ACC-602667573","151.23","-33.96","SALES-POS","e9569816-7d10-403a-8ca2-4ae5fffe10bb","Michael",3884.19,2018-08-19 07:00:00,"M",40,"Liverpool","NSW",16.96,"15e19e92601a411686c63daebf699980","CUS-2031327464","150.92","-33.92","debit","Sun","11:39:03","11","August"
"2289","authorized","0","ACC-37709441","153.41","-28.01","SALES-POS","7c17f828-06c8-438b-8e02-99302091faa6","Charles",3562.02,2018-08-19 07:00:00,"M",18,"Mermaid Beach","QLD",14.38,"d9ac941ebbc74634aa6cad0401067077","CUS-3336454548","153.44","-28.06","debit","Sun","11:48:29","11","August"
"2290","authorized","1","ACC-854938045","147.63","-22.84","SALES-POS","65d67292-aec5-4e2b-96a8-67ddf70a9960","James",8047.27,2018-08-19 07:00:00,"M",28,"Branxholm","TAS",25.35,"5f24f16990424e758a0076ce0b4038b2","CUS-4023861240","147.74","-41.17","debit","Sun","11:57:55","11","August"
"2291","posted",NA,"ACC-2249586092","115.98","-32.07","PAYMENT",NA,"Edward",4887.73,2018-08-19 07:00:00,"M",19,NA,NA,37,"e018ebb84bd9440fa93b89ddfb12aad6","CUS-443776336",NA,NA,"debit","Sun","12:00:00","12","August"
"2292","authorized","1","ACC-1037050564","153.10","-27.66","POS","4bef22a5-6cb0-48bd-add4-d1377bb4b746","Rhonda",1758.35,2018-08-19 07:00:00,"F",40,"Beerwah","QLD",22.49,"23da891a544a4b35ae83dbbff440736e","CUS-1614226872","152.96","-26.86","debit","Sun","12:14:59","12","August"
"2293","authorized","0","ACC-3771436525","145.04","-37.92","SALES-POS","e4fd1b04-9985-4d3e-ac70-2cfcd93b5ad5","Derek",517.29,2018-08-19 07:00:00,"M",20,"Wantirna South","VIC",18.16,"67b146704ca0434684b3e92d3a0cf1c0","CUS-3325710106","145.24","-37.87","debit","Sun","12:34:13","12","August"
"2294","authorized","1","ACC-182446574","116.06","-32.00","POS","a7a5a71f-ff43-4132-b171-d43544ed6192","Tonya",4306.79,2018-08-19 07:00:00,"F",27,"Success","WA",17.84,"ff246d7944104ad8b4fd12189346f56a","CUS-3026014945","115.86","-32.13","debit","Sun","12:53:27","12","August"
"2295","posted",NA,"ACC-721712940","145.09","-37.82","PHONE BANK",NA,"Andrew",51793.96,2018-08-19 07:00:00,"M",78,NA,NA,150,"78be86faa7a449888bad338a6aba6539","CUS-1646183815",NA,NA,"debit","Sun","13:00:00","13","August"
"2296","posted",NA,"ACC-1650504218","145.01","-37.93","PAYMENT",NA,"Marissa",4290.04,2018-08-19 07:00:00,"F",23,NA,NA,128,"75fdf83263424d0bbc1d60bb98d66591","CUS-2500783281",NA,NA,"debit","Sun","13:00:00","13","August"
"2297","posted",NA,"ACC-38923874","151.27","-33.90","PAYMENT",NA,"Ryan",33158.34,2018-08-19 07:00:00,"M",38,NA,NA,80,"24051f1720bf48bfa2148ec7c4a059d0","CUS-3249305314",NA,NA,"debit","Sun","13:00:00","13","August"
"2298","authorized","0","ACC-1598451071","153.41","-27.95","SALES-POS","2c8781ed-408e-45ef-9621-11537c30de95","Diana",1108.12,2018-08-19 07:00:00,"F",26,"Upper Coomera","QLD",4.79,"c6c19c58c0904dfa8a64adc25ff75acf","CUS-2487424745","153.3","-27.85","debit","Sun","13:13:11","13","August"
"2299","authorized","1","ACC-3771436525","145.04","-37.92","SALES-POS","892b083a-f5ac-42f6-9b27-62c7283b2f0c","Derek",514.19,2018-08-19 07:00:00,"M",20,"Footscray","VIC",3.1,"c31548ffd8784c70b263e211c867c41d","CUS-3325710106","144.89","-37.8","debit","Sun","13:33:11","13","August"
"2300","authorized","0","ACC-37709441","153.41","-28.01","POS","d3db185c-b962-42fd-ab56-067af8ffa754","Charles",3533.92,2018-08-19 07:00:00,"M",18,"Robina","QLD",28.1,"93bbc53e88bc428d819b3b8c911ff813","CUS-3336454548","153.39","-28.08","debit","Sun","13:53:11","13","August"
"2301","posted",NA,"ACC-964839203","146.92","-36.07","PAYMENT",NA,"Michael",31654.56,2018-08-19 07:00:00,"M",21,NA,NA,72,"b61ebe6027534c4389c6884903f1045a","CUS-2059096722",NA,NA,"debit","Sun","14:00:00","14","August"
"2302","posted",NA,"ACC-37709441","153.41","-28.01","INTER BANK",NA,"Charles",3493.92,2018-08-19 07:00:00,"M",18,NA,NA,40,"58aa0dba817b44e3a863c81f3b92ef76","CUS-3336454548",NA,NA,"debit","Sun","14:00:00","14","August"
"2303","authorized","1","ACC-1334819143","145.13","-37.70","SALES-POS","6c6e5c0b-7e61-4649-bdad-e0c4364c0e2a","Christopher",58764.15,2018-08-19 07:00:00,"M",33,"Hamilton","VIC",36.55,"2e0da9c5d99743ddb433efce54f66ea9","CUS-3117610635","142.02","-37.74","debit","Sun","14:08:21","14","August"
"2304","authorized","1","ACC-1334819143","145.13","-37.70","POS","4c843dbc-0934-4af5-bacb-9a813503bb6d","Christopher",58672.76,2018-08-19 07:00:00,"M",33,"Burleigh Heads","QLD",91.39,"40e24060446a4d34bf0fb22773e9cbb5","CUS-3117610635","153.42","-28.1","debit","Sun","14:21:00","14","August"
"2305","authorized","1","ACC-1710017148","150.82","-34.01","POS","7bc1461a-78e8-4c17-9b59-db2dc97da571","Michelle",4012.15,2018-08-19 07:00:00,"F",19,"Warilla","NSW",12.33,"c03add4f493a4ca1a9a9176fc5adc84d","CUS-883482547","150.86","-34.55","debit","Sun","14:33:40","14","August"
"2306","authorized","1","ACC-182446574","116.06","-32.00","POS","de9e8d67-1e9e-4964-8b10-c2b4f65135b1","Tonya",4293.38,2018-08-19 07:00:00,"F",27,"Ceduna","SA",13.41,"786d35d829c241d48c7e7ef24c47894f","CUS-3026014945","133.68","-32.13","debit","Sun","14:46:19","14","August"
"2307","authorized","1","ACC-1608363396","151.22","-33.87","POS","2d419c94-838c-46cf-ae6d-002df43438b1","Robert",2902.34,2018-08-19 07:00:00,"M",20,"Mount Druitt","NSW",21.43,"7c11afa1eaee46dc9f3fe4fe1c65bee7","CUS-2688605418","150.82","-33.77","debit","Sun","14:58:59","14","August"
"2308","authorized","1","ACC-2153562714","116.00","-31.88","POS","31f0219e-ba45-44bc-b9b6-9f6e9d60e67d","Linda",456.43,2018-08-19 07:00:00,"F",24,"Albion","VIC",53.03,"2804525f0429410fab67bf0b8c258e20","CUS-423725039","144.82","-37.78","debit","Sun","15:12:15","15","August"
"2309","authorized","1","ACC-1710017148","150.82","-34.01","SALES-POS","c1468f3e-98a2-4758-bb44-c537d180b3ce","Michelle",3944.87,2018-08-19 07:00:00,"F",19,"Frenchs Forest","NSW",67.28,"664dc8446d6548b2a869779f20db1d79","CUS-883482547","151.22","-33.75","debit","Sun","15:25:35","15","August"
"2310","authorized","1","ACC-1598451071","153.41","-27.95","SALES-POS","9175da65-caa7-4177-a9a6-4b75cded7acd","Diana",1104.01,2018-08-19 07:00:00,"F",26,"Point Lookout","QLD",4.11,"a0d424277df645458d1089e9074fec64","CUS-2487424745","153.54","-27.43","debit","Sun","15:38:55","15","August"
"2311","authorized","1","ACC-4065652575","115.81","-31.82","POS","e234cbd2-be0c-4e7d-8e4b-2b84b5bac0d6","Lucas",5314.92,2018-08-19 07:00:00,"M",21,"Sydney","NSW",46.76,"1cd4f4e226564ec68fa4390f4c294f20","CUS-1117979751","151.21","-33.87","debit","Sun","15:52:15","15","August"
"2312","posted",NA,"ACC-1443681913","150.92","-33.77","PAYMENT",NA,"Ryan",1817.12,2018-08-19 07:00:00,"M",31,NA,NA,113,"1573c8f1a2774f2fadbcf23d8cc11fe2","CUS-3129499595",NA,NA,"debit","Sun","16:00:00","16","August"
"2313","authorized","1","ACC-1056639002","145.03","-37.91","SALES-POS","13eded63-7e1c-455c-a27b-27c47e39a1c6","Michael",43074.12,2018-08-19 07:00:00,"M",22,"Noble Park","VIC",30.91,"b21f7b813c6445c2a561df5e3b320286","CUS-3462882033","145.18","-37.95","debit","Sun","16:08:44","16","August"
"2314","authorized","1","ACC-559365433","147.31","-42.88","SALES-POS","5c78a6f7-6d63-4b56-bd4a-8da9f39f9f2b","Mary",1400.42,2018-08-19 07:00:00,"F",64,"Port Douglas","QLD",30.92,"9e7a51615aea42af80d760a204fe9005","CUS-1654129794","145.46","-16.51","debit","Sun","16:29:34","16","August"
"2315","authorized","1","ACC-3536132544","144.93","-37.79","SALES-POS","d1c2e94b-035e-484e-9b71-2e5bb3daac70","Heather",1208.82,2018-08-19 07:00:00,"F",41,"Belgrave","VIC",11.93,"ee225df4f9aa4805bc521f4385b82515","CUS-2348881191","145.35","-37.91","debit","Sun","16:50:24","16","August"
"2316","posted",NA,"ACC-211792489","138.63","-34.93","PAYMENT",NA,"Jacqueline",2020.58,2018-08-19 07:00:00,"F",30,NA,NA,22,"14d5777755e3488aa8ccd41d4ef39157","CUS-497688347",NA,NA,"debit","Sun","17:00:00","17","August"
"2317","authorized","1","ACC-3689607373","115.79","-31.79","POS","a1c57710-fe13-4bf0-8639-b9175cd00275","Virginia",3554.85,2018-08-19 07:00:00,"F",20,"Mount Hawthorn","WA",17.37,"9aa6a57179084690b59b97b46cccca7d","CUS-127297539","115.84","-31.92","debit","Sun","17:09:28","17","August"
"2318","authorized","0","ACC-1598451071","153.41","-27.95","SALES-POS","645fd6ac-e636-4bd3-b979-c2a0e438586e","Diana",1098.55,2018-08-19 07:00:00,"F",26,"Upper Coomera","QLD",5.46,"96322d9f4d694e16910dbead4758a0df","CUS-2487424745","153.3","-27.85","debit","Sun","17:27:01","17","August"
"2319","authorized","1","ACC-1990648130","114.62","-28.80","POS","20f49fac-03e1-43fb-a497-d2463bc779a5","Kaitlyn",3172.44,2018-08-19 07:00:00,"F",21,"Laverton","WA",7.75,"323cb687b5a543788c3175740aeca24c","CUS-809013380","122.05","-28.76","debit","Sun","17:44:33","17","August"
"2320","posted",NA,"ACC-2681137560","151.11","-33.99","PAYMENT",NA,"Nathaniel",2687.79,2018-08-19 07:00:00,"M",31,NA,NA,45,"9e3ab5f492784e448e99e5d3c184d462","CUS-2083971310",NA,NA,"debit","Sun","18:00:00","18","August"
"2321","posted",NA,"ACC-2528867619","138.58","-34.96","PAYMENT",NA,"Abigail",5002.31,2018-08-19 07:00:00,"F",40,NA,NA,73,"7f8ebc47c3fc49c5b78f880f5ca18043","CUS-2505971401",NA,NA,"debit","Sun","18:00:00","18","August"
"2322","authorized","1","ACC-4065652575","115.81","-31.82","POS","52e7bca7-17c8-456a-b2dc-a58f648dae6e","Lucas",5300.07,2018-08-19 07:00:00,"M",21,"Laurieton","NSW",14.85,"1c38a77d72424dacbad6ff4cae2d2213","CUS-1117979751","152.8","-31.65","debit","Sun","18:03:14","18","August"
"2323","authorized","1","ACC-588564840","151.27","-33.76","POS","293fb8f1-9c16-4271-a64d-7fc03b56f673","Isaiah",9722.01,2018-08-19 07:00:00,"M",23,"Ashfield","NSW",326.69,"7140b19e010941fa86b57e0d4745b788","CUS-1462656821","151.12","-33.89","debit","Sun","18:30:16","18","August"
"2324","authorized","1","ACC-3536132544","144.93","-37.79","POS","4023bfe4-3398-4701-b9a9-479f45aa3598","Heather",1175.3,2018-08-19 07:00:00,"F",41,"Ashwood","VIC",33.52,"ee59c259a84d4bd3a1979eb6a5a2ff30","CUS-2348881191","145.09","-37.87","debit","Sun","18:57:17","18","August"
"2325","posted",NA,"ACC-1650504218","145.01","-37.93","PAYMENT",NA,"Marissa",4272.04,2018-08-19 07:00:00,"F",23,NA,NA,18,"1aae220817824fb3852d941c57b918f0","CUS-2500783281",NA,NA,"debit","Sun","19:00:00","19","August"
"2326","posted",NA,"ACC-37709441","153.41","-28.01","INTER BANK",NA,"Charles",3466.92,2018-08-19 07:00:00,"M",18,NA,NA,27,"947655b6064c4747ac5ed6524d8a62ee","CUS-3336454548",NA,NA,"debit","Sun","19:00:00","19","August"
"2327","authorized","1","ACC-1598451071","153.41","-27.95","SALES-POS","ab5ebe78-f6ea-4785-b49f-b51b2ecbd3ef","Diana",1085.52,2018-08-19 07:00:00,"F",26,"Byron Bay","NSW",13.03,"695bf54c19da435badf3217987bd239d","CUS-2487424745","153.61","-28.64","debit","Sun","19:16:04","19","August"
"2328","authorized","0","ACC-1334819143","145.13","-37.70","POS","e3d248b5-3704-4ca9-8af1-519078df5e74","Christopher",58630.95,2018-08-19 07:00:00,"M",33,"Docklands","VIC",41.81,"658d2d5fc45f482685914d8d312fc84e","CUS-3117610635","144.94","-37.81","debit","Sun","19:33:55","19","August"
"2329","authorized","1","ACC-211792489","138.63","-34.93","POS","32b3ba2b-745a-4b3b-aeba-f1306fc259f7","Jacqueline",1974.07,2018-08-19 07:00:00,"F",30,"Pooraka","SA",46.51,"2f14f67d451549b9a3210390dc0a7320","CUS-497688347","138.61","-34.83","debit","Sun","19:51:47","19","August"
"2330","posted",NA,"ACC-240804743","121.48","-30.75","PAYMENT",NA,"Kenneth",3631.37,2018-08-19 07:00:00,"M",29,NA,NA,48,"db7127825c09402e9cd895c444d02bd8","CUS-261674136",NA,NA,"debit","Sun","20:00:00","20","August"
"2331","posted",NA,"ACC-2897221629","150.90","-34.37","PAYMENT",NA,"Scott",1377.53,2018-08-19 07:00:00,"M",23,NA,NA,42,"d873ebbb45dd46f38dd84d9636c3d12b","CUS-511326734",NA,NA,"debit","Sun","20:00:00","20","August"
"2332","authorized","1","ACC-3485804958","138.52","-35.01","SALES-POS","8f0ef063-4950-4175-895d-2df580d755fc","Jessica",18609,2018-08-19 07:00:00,"F",34,"Nowra","NSW",20.02,"aa78c28d430240d49bfed5aa4a8bb42f","CUS-1196156254","150.6","-34.88","debit","Sun","20:09:09","20","August"
"2333","authorized","0","ACC-2673069055","152.99","-27.49","POS","d8dc9fdd-2ab0-485b-9519-838cdd67649d","Richard",16325.73,2018-08-19 07:00:00,"M",24,"South Grafton","NSW",31.85,"8066027f22504e9ead2716f5197ddbb4","CUS-51506836","152.93","-29.72","debit","Sun","20:26:06","20","August"
"2334","authorized","0","ACC-847145727","115.90","-31.92","POS","f51760b0-c86b-4d38-960a-b13ba2b9f123","Michael",52555.93,2018-08-19 07:00:00,"M",19,"Clarkson","WA",13.67,"da1f13eb4abe44fc9ccf2ea714ec0777","CUS-1609060617","115.72","-31.69","debit","Sun","20:43:03","20","August"
"2335","authorized","1","ACC-154431271","153.09","-27.48","SALES-POS","6789ef3d-38c5-44f1-bbcf-e21da6a1e487","Lori",799.08,2018-08-19 07:00:00,"F",18,"Eight Mile Plains","QLD",9.56,"2fe0427d706c487cab8a11dffbfc7b46","CUS-3702001629","153.1","-27.59","debit","Sun","20:59:59","20","August"
"2336","posted",NA,"ACC-154431271","153.09","-27.48","PAYMENT",NA,"Lori",749.08,2018-08-19 07:00:00,"F",18,NA,NA,50,"666bc04d39ef41109ba800ea40aac584","CUS-3702001629",NA,NA,"debit","Sun","21:00:00","21","August"
"2337","authorized","1","ACC-1496451953","145.16","-37.84","SALES-POS","5a9c52f5-3be9-411b-9735-a79a7588b85f","Ricky",4362.13,2018-08-19 07:00:00,"M",43,"Melbourne","VIC",20.71,"567382138310416890cefa18ee876646","CUS-3142625864","144.96","-37.82","debit","Sun","21:13:19","21","August"
"2338","authorized","1","ACC-964839203","146.92","-36.07","SALES-POS","2c7371fe-dfdc-4693-8ac2-cb0e59cf7842","Michael",31576.01,2018-08-19 07:00:00,"M",21,"Frankston","VIC",78.55,"4602788d8bc44e5c82abfb267044913f","CUS-2059096722","145.12","-38.15","debit","Sun","21:26:39","21","August"
"2339","authorized","1","ACC-1056639002","145.03","-37.91","SALES-POS","1f32ded5-860d-4944-873e-a3df13d76967","Michael",42966.65,2018-08-19 07:00:00,"M",22,"Collingwood","VIC",107.47,"bcdabb446f804bff87ab33348dbc73b4","CUS-3462882033","144.99","-37.81","debit","Sun","21:39:59","21","August"
"2340","authorized","0","ACC-3771436525","145.04","-37.92","POS","a0e61432-2b0f-40dd-83f1-c25342d85fb5","Derek",492.13,2018-08-19 07:00:00,"M",20,"Melbourne","VIC",22.06,"5f9bef00d2bf4b06ad1b159c219b7eaf","CUS-3325710106","144.96","-37.81","debit","Sun","21:53:19","21","August"
"2341","posted",NA,"ACC-602667573","151.23","-33.96","PAYMENT",NA,"Michael",3859.19,2018-08-19 07:00:00,"M",40,NA,NA,25,"a6d724d6a33b40b5a7c3fba95b3df3bf","CUS-2031327464",NA,NA,"debit","Sun","22:00:00","22","August"
"2342","posted",NA,"ACC-3326339947","151.18","-33.80","PAYMENT",NA,"Eric",4257.47,2018-08-19 07:00:00,"M",22,NA,NA,89,"a2626fead7eb4b65b479510f2c702e6e","CUS-326006476",NA,NA,"debit","Sun","22:00:00","22","August"
"2343","authorized","1","ACC-1710017148","150.82","-34.01","SALES-POS","343d5adf-1119-419a-b6e8-655f4a29cca2","Michelle",3918.06,2018-08-19 07:00:00,"F",19,"Newtown","NSW",26.81,"8a73b73e0f2944c28ef94c4f1802230e","CUS-883482547","151.18","-33.9","debit","Sun","22:10:24","22","August"
"2344","authorized","0","ACC-3536132544","144.93","-37.79","SALES-POS","02bfa4be-b888-46e7-9008-b34955941295","Heather",1107.32,2018-08-19 07:00:00,"F",41,"Hampton","VIC",67.98,"2b8cfaac9e204a9d8a0c73a91b9610df","CUS-2348881191","145","-37.94","debit","Sun","22:31:14","22","August"
"2345","authorized","1","ACC-1334819143","145.13","-37.70","SALES-POS","a9fffd41-73d2-427d-aea2-6fd308b08fc0","Christopher",58615.75,2018-08-19 07:00:00,"M",33,"Monbulk","VIC",15.2,"49e0da7edeb1447194443b7b5f83ee1a","CUS-3117610635","145.41","-37.87","debit","Sun","22:52:04","22","August"
"2346","authorized","1","ACC-964839203","146.92","-36.07","SALES-POS","9967a7df-1da8-45cd-afc2-93059501b385","Michael",31543.78,2018-08-19 07:00:00,"M",21,"Vivonne Bay","SA",32.23,"4ebac291663344fab39531e05b26c0c6","CUS-2059096722","137.18","-35.98","debit","Sun","23:09:15","23","August"
"2347","authorized","1","ACC-1710017148","150.82","-34.01","SALES-POS","b9382076-2e3e-4ec6-94f4-7074db478cdc","Michelle",3881.72,2018-08-19 07:00:00,"F",19,"Hurstville","NSW",36.34,"fcc3dfb935ca4ecbaa8572289bfb4684","CUS-883482547","151.1","-33.97","debit","Sun","23:24:10","23","August"
"2348","authorized","0","ACC-2528867619","138.58","-34.96","SALES-POS","3f182df8-9373-4415-8826-11ab9cebae7a","Abigail",4963.17,2018-08-19 07:00:00,"F",40,"Wingfield","SA",39.14,"6b71e98559804299aeb789fee9e052f5","CUS-2505971401","138.54","-34.84","debit","Sun","23:39:06","23","August"
"2349","authorized","1","ACC-1037050564","153.10","-27.66","SALES-POS","1434b7bb-7175-4d3f-8eb9-369399d1b560","Rhonda",1744.96,2018-08-19 07:00:00,"F",40,"Spring Hill","QLD",13.39,"defaece1246e4c7ab19c04fc6ab4736a","CUS-1614226872","153.02","-27.47","debit","Sun","23:54:01","23","August"
"2350","authorized","1","ACC-2828321672","153.03","-27.51","POS","e9cac696-57f9-4784-8972-2e7f28740972","Stephanie",1070.93,2018-08-20 07:00:00,"F",53,"Nundah","QLD",11.12,"20125da5f29744a8bf138b1e916a2742","CUS-1005756958","153.06","-27.41","debit","Mon","00:11:59","00","August"
"2351","authorized","1","ACC-1598451071","153.41","-27.95","SALES-POS","ebb3087a-75c4-4dea-8354-9be1c746d6cb","Diana",1076.4,2018-08-20 07:00:00,"F",26,"Pilton","QLD",9.12,"316520e3559e4f79b9386810a8bb0e5d","CUS-2487424745","152.02","-27.89","debit","Mon","00:31:59","00","August"
"2352","authorized","1","ACC-1598451071","153.41","-27.95","SALES-POS","6788c107-eea6-46d7-987e-4cf59238fd69","Diana",1068.06,2018-08-20 07:00:00,"F",26,"Coorparoo","QLD",8.34,"8e66184b45fa4b4ab810bc133705e4c1","CUS-2487424745","153.05","-27.5","debit","Mon","00:51:59","00","August"
"2353","authorized","1","ACC-240804743","121.48","-30.75","SALES-POS","8d9595b6-812e-4e32-8a58-fedbe856b2f2","Kenneth",3591.75,2018-08-20 07:00:00,"M",29,"Subiaco","WA",39.62,"950f9094eb6043a1815d56d94656c4fe","CUS-261674136","115.82","-31.95","debit","Mon","01:20:41","01","August"
"2354","authorized","1","ACC-847145727","115.90","-31.92","SALES-POS","94257812-23ee-4e0d-a0b4-a45afdb46fb3","Michael",52515.77,2018-08-20 07:00:00,"M",19,"York","WA",40.16,"3bfa0fb5463849048f1da13ac0a34eb5","CUS-1609060617","116.77","-31.89","debit","Mon","01:55:10","01","August"
"2355","posted",NA,"ACC-1349834573","145.17","-37.84","INTER BANK",NA,"Matthew",8449.74,2018-08-20 07:00:00,"M",39,NA,NA,33,"e29b670f58e64a79b05a6567ff900bd2","CUS-1790886359",NA,NA,"debit","Mon","03:00:00","03","August"
"2356","posted",NA,"ACC-3084464802","145.15","-37.76","INTER BANK",NA,"Susan",2760.13,2018-08-20 07:00:00,"F",19,NA,NA,24,"f1400cc2c29d4b6e99411c5e723b8261","CUS-1928710999",NA,NA,"debit","Mon","03:00:00","03","August"
"2357","posted",NA,"ACC-819621312","145.04","-37.85","PAYMENT",NA,"Michele",2645.41,2018-08-20 07:00:00,"F",30,NA,NA,66,"f26f1306eb9c4824b73c78da83abe980","CUS-1271030853",NA,NA,"debit","Mon","04:00:00","04","August"
"2358","posted",NA,"ACC-721712940","145.09","-37.82","PAYMENT",NA,"Andrew",51646.96,2018-08-20 07:00:00,"M",78,NA,NA,147,"244c50209d394c73b770354a5ab72eb7","CUS-1646183815",NA,NA,"debit","Mon","05:00:00","05","August"
"2359","posted",NA,"ACC-2107684084","145.03","-37.88","PAYMENT",NA,"Richard",4257.69,2018-08-20 07:00:00,"M",22,NA,NA,34,"dcf2ae387c184317910ebbe8a2e00c41","CUS-2283904812",NA,NA,"debit","Mon","05:00:00","05","August"
"2360","posted",NA,"ACC-1438600314","138.69","-34.84","PAYMENT",NA,"Maria",2822.27,2018-08-20 07:00:00,"F",35,NA,NA,35,"65cbbec4b5d648c2a605b4451600446d","CUS-2650223890",NA,NA,"debit","Mon","06:00:00","06","August"
"2361","authorized","1","ACC-2673069055","152.99","-27.49","POS","55e8b3fc-f63b-4d5e-9ff4-2645ae08082d","Richard",16305.91,2018-08-20 07:00:00,"M",24,"Mount Cotton","QLD",19.82,"d3fa819205b6473abf35fecf7597cc92","CUS-51506836","153.24","-27.64","debit","Mon","07:25:59","07","August"
"2362","posted",NA,"ACC-3879258709","143.83","-37.66","INTER BANK",NA,"Natasha",189405.45,2018-08-20 07:00:00,"F",40,NA,NA,51,"aee8c2f26e1a4478abef9ded55aafa2b","CUS-527400765",NA,NA,"debit","Mon","08:00:00","08","August"
"2363","authorized","1","ACC-1496451953","145.16","-37.84","SALES-POS","a3224a1c-36f1-4640-9b17-3a566c71f5f5","Ricky",4322.62,2018-08-20 07:00:00,"M",43,"Sunshine","VIC",39.51,"1989a0c289fd48a3953d7b485c81482b","CUS-3142625864","144.83","-37.78","debit","Mon","08:18:51","08","August"
"2364","authorized","0","ACC-2890243754","153.32","-27.93","POS","6b6f922a-8f7b-4708-a8b8-4054423556da","Joseph",2094.89,2018-08-20 07:00:00,"M",37,"Beaudesert","QLD",10.73,"00be0bfc84c4472b9ec51cbb34793276","CUS-2695611575","152.99","-27.98","debit","Mon","08:47:25","08","August"
"2365","posted",NA,"ACC-2673069055","152.99","-27.49","INTER BANK",NA,"Richard",16266.91,2018-08-20 07:00:00,"M",24,NA,NA,39,"91e8865c57c54ae2999fabb0e41e967e","CUS-51506836",NA,NA,"debit","Mon","09:00:00","09","August"
"2366","authorized","1","ACC-588564840","151.27","-33.76","POS","a397420b-f7e2-4349-b5ec-6054fda30a13","Isaiah",9683.01,2018-08-20 07:00:00,"M",23,"Sydney","NSW",39,"121f78fdf1d04ebdb5c1eaf7219704f9","CUS-1462656821","151.21","-33.87","debit","Mon","09:02:23","09","August"
"2367","authorized","1","ACC-3954677887","115.72","-32.28","POS","525cdd9d-873c-4395-a93d-aeb2dda14888","Ruth",2263.47,2018-08-20 07:00:00,"F",47,"Balladonia","WA",42.91,"7b6a2e97fdb542c3b53eea2e234856a3","CUS-3716701010","124.01","-32.45","debit","Mon","09:06:39","09","August"
"2368","authorized","1","ACC-240804743","121.48","-30.75","SALES-POS","06d1fe57-be2a-4f84-b3db-c4e25e6b24d3","Kenneth",3555.91,2018-08-20 07:00:00,"M",29,"Claremont","WA",35.84,"d012ae9811cc4d8999a5f4feae29bf34","CUS-261674136","115.78","-31.98","debit","Mon","09:10:56","09","August"
"2369","authorized","1","ACC-3954677887","115.72","-32.28","SALES-POS","a626b9a3-6b9f-4d6e-ae9f-9fba2dfe4c8e","Ruth",2240.45,2018-08-20 07:00:00,"F",47,"Cooloongup","WA",23.02,"d7cd3c775eb64774b418742bbdee50c4","CUS-3716701010","115.76","-32.3","debit","Mon","09:15:12","09","August"
"2370","authorized","0","ACC-3100725361","145.73","-17.03","SALES-POS","7c9748a0-a134-4b7b-be8c-17725f9df6c9","Ronald",991.27,2018-08-20 07:00:00,"M",25,"Fawkner","VIC",6.43,"9dbbd8f717814be4929172faa1230a65","CUS-2178051368","144.97","-37.71","debit","Mon","09:19:29","09","August"
"2371","authorized","1","ACC-1598451071","153.41","-27.95","SALES-POS","6d7614d9-bdd5-485b-b70e-e32f64ced15c","Diana",1062.06,2018-08-20 07:00:00,"F",26,"Caffey","QLD",6,"f976bbb2173b4d03ae04bea01798f025","CUS-2487424745","152.22","-27.7","debit","Mon","09:23:45","09","August"
"2372","authorized","1","ACC-1199531521","116.02","-31.87","POS","65124281-f65d-4b9d-9e45-8a6a4dada399","Billy",6922.84,2018-08-20 07:00:00,"M",52,"Karrinyup","WA",18.44,"ebe5b7d7efb44e7dbbb6f28c4ef5cc19","CUS-134833760","115.78","-31.88","debit","Mon","09:28:02","09","August"
"2373","authorized","1","ACC-588564840","151.27","-33.76","SALES-POS","c6d2e23e-abb7-452b-a336-463448d99e47","Isaiah",9578.01,2018-08-20 07:00:00,"M",23,"Bankstown","NSW",105,"809555ab6e534a56b09af6f02405fb3d","CUS-1462656821","151.04","-33.92","debit","Mon","09:32:18","09","August"
"2374","authorized","1","ACC-1710017148","150.82","-34.01","POS","0359e1a0-5efd-4921-8c41-89f1f0783aa1","Michelle",3854.14,2018-08-20 07:00:00,"F",19,"Sydney","NSW",27.58,"329db0bcce2a450eb2d2f70392825f33","CUS-883482547","151.2","-33.86","debit","Mon","09:36:34","09","August"
"2375","authorized","1","ACC-182446574","116.06","-32.00","POS","3dc3aebb-8715-48de-9772-ce64f14da41f","Tonya",4270,2018-08-20 07:00:00,"F",27,"Midland","WA",23.38,"83b19227d7c9468cb87492e6d9f38ba1","CUS-3026014945","116.01","-31.89","debit","Mon","09:40:51","09","August"
"2376","authorized","1","ACC-3954677887","115.72","-32.28","SALES-POS","606e59e2-285f-4955-83b1-de242970d5b5","Ruth",2235.23,2018-08-20 07:00:00,"F",47,"Waterloo","NSW",5.22,"1ef6955129c940988bff27a60122b7e9","CUS-3716701010","151.21","-33.9","debit","Mon","09:45:07","09","August"
"2377","authorized","1","ACC-1349834573","145.17","-37.84","POS","e98b306d-8324-4b40-a038-457546bb99bc","Matthew",8396.35,2018-08-20 07:00:00,"M",39,"Bairnsdale","VIC",53.39,"ed8079ba1d634dfaa57404ca5e05e682","CUS-1790886359","147.63","-37.83","debit","Mon","09:49:24","09","August"
"2378","authorized","1","ACC-2970114956","144.89","-37.69","POS","9ceb9e51-60f0-4e1a-9656-caad3dd9a75f","Robert",6826.33,2018-08-20 07:00:00,"M",26,"Reservoir","VIC",12.56,"896b087d8f4e48afb0816e43b623b552","CUS-880898248","145.01","-37.72","debit","Mon","09:53:40","09","August"
"2379","authorized","0","ACC-847145727","115.90","-31.92","SALES-POS","42a15a85-9b68-45de-87a9-2480d55c30e6","Michael",52481.83,2018-08-20 07:00:00,"M",19,"Joondalup","WA",33.94,"d4678e0a6dbf4607b68e2f2d6e010c76","CUS-1609060617","115.77","-31.74","debit","Mon","09:57:56","09","August"
"2380","authorized","1","ACC-4065652575","115.81","-31.82","POS","5a2500c3-41bc-448e-9666-0e197622b647","Lucas",5279.76,2018-08-20 07:00:00,"M",21,"Broken Hill","NSW",20.31,"23356178036743a48ad591169060fdf8","CUS-1117979751","141.46","-31.95","debit","Mon","10:04:43","10","August"
"2381","authorized","0","ACC-1710017148","150.82","-34.01","POS","1fa3e73c-373f-4e32-b371-17e7ca515852","Michelle",3838.83,2018-08-20 07:00:00,"F",19,"Penrith","NSW",15.31,"c0672e5bf3ff495c8ffcfe2ae8aab651","CUS-883482547","150.69","-33.75","debit","Mon","10:13:49","10","August"
"2382","authorized","0","ACC-1710017148","150.82","-34.01","POS","530dc97b-35b4-4730-8872-f9b057552c86","Michelle",3786.89,2018-08-20 07:00:00,"F",19,"Narellan","NSW",51.94,"d87cecb30d7d41dd8e79ef7c7d9e2389","CUS-883482547","150.74","-34.04","debit","Mon","10:22:54","10","August"
"2383","authorized","1","ACC-3771436525","145.04","-37.92","POS","450383c0-a70a-4ef2-8381-3fa1d3e86523","Derek",473.44,2018-08-20 07:00:00,"M",20,"Eastwood","VIC",18.69,"e343a8e2d9494364b307dc5495e07729","CUS-3325710106","147.63","-37.81","debit","Mon","10:31:59","10","August"
"2384","authorized","1","ACC-4258502723","145.45","-37.74","POS","cb3fa428-3166-488a-a2bf-e25cd18df37a","Kimberly",1338.02,2018-08-20 07:00:00,"F",24,"Melbourne Airport","VIC",315.39,"f27fca2c20a24f93ab46304a3e3018e9","CUS-3378712515","144.85","-37.67","debit","Mon","10:41:05","10","August"
"2385","authorized","0","ACC-1037050564","153.10","-27.66","POS","43525b49-d268-4411-9aad-133da4344cf6","Rhonda",1736.53,2018-08-20 07:00:00,"F",40,"Mooloolaba","QLD",8.43,"34afa8c25c214277be56b041a918e009","CUS-1614226872","153.12","-26.69","debit","Mon","10:50:10","10","August"
"2386","authorized","1","ACC-3021093232","149.83","-29.47","POS","e533a428-ea67-4c2d-9648-81749350fcd5","Melissa",2900.47,2018-08-20 07:00:00,"F",30,"Bega","NSW",23.09,"0aced8df3abe4cdba89cc0af0ffdd094","CUS-55310383","149.84","-36.67","debit","Mon","10:59:16","10","August"
"2387","posted",NA,"ACC-4065652575","115.81","-31.82","PAY/SALARY",NA,"Lucas",8858.41,2018-08-20 07:00:00,"M",21,NA,NA,3578.65,"ec637c4990fa4f04a79550c50e6f18b3","CUS-1117979751",NA,NA,"credit","Mon","11:00:00","11","August"
"2388","posted",NA,"ACC-3233697971","151.04","-33.77","PAY/SALARY",NA,"Robin",4134.06,2018-08-20 07:00:00,"F",34,NA,NA,1711.39,"4f7aa8a6c9964e1a83aac5b62b87b45b","CUS-1147642491",NA,NA,"credit","Mon","11:00:00","11","August"
"2389","posted",NA,"ACC-3233697971","151.04","-33.77","PAYMENT",NA,"Robin",4088.06,2018-08-20 07:00:00,"F",34,NA,NA,46,"693b8b17cf244f60a28ebb47b5986960","CUS-1147642491",NA,NA,"debit","Mon","11:00:00","11","August"
"2390","posted",NA,"ACC-847145727","115.90","-31.92","PAYMENT",NA,"Michael",52444.83,2018-08-20 07:00:00,"M",19,NA,NA,37,"4654e8048bf64d5eaa47b5e264d92198","CUS-1609060617",NA,NA,"debit","Mon","11:00:00","11","August"
"2391","posted",NA,"ACC-1037050564","153.10","-27.66","PAY/SALARY",NA,"Rhonda",2628.62,2018-08-20 07:00:00,"F",40,NA,NA,892.09,"ffa86370a9f0457faf40e8349e9bf3d9","CUS-1614226872",NA,NA,"credit","Mon","11:00:00","11","August"
"2392","posted",NA,"ACC-240804743","121.48","-30.75","PAY/SALARY",NA,"Kenneth",7961.21,2018-08-20 07:00:00,"M",29,NA,NA,4405.3,"b309ae70aef54c3bbf6637813026ba1f","CUS-261674136",NA,NA,"credit","Mon","11:00:00","11","August"
"2393","posted",NA,"ACC-38923874","151.27","-33.90","PAYMENT",NA,"Ryan",33116.34,2018-08-20 07:00:00,"M",38,NA,NA,42,"bbb757ba909d4ad68d50f3c24ccff387","CUS-3249305314",NA,NA,"debit","Mon","11:00:00","11","August"
"2394","posted",NA,"ACC-3879258709","143.83","-37.66","PAY/SALARY",NA,"Natasha",193621.49,2018-08-20 07:00:00,"F",40,NA,NA,4216.04,"665d404d53dd4601bde0b14eb01d6135","CUS-527400765",NA,NA,"credit","Mon","11:00:00","11","August"
"2395","authorized","1","ACC-2673069055","152.99","-27.49","POS","fa6b4381-10b8-4216-b091-82709cc037fc","Richard",16252.34,2018-08-20 07:00:00,"M",24,"Calliope","NSW",14.57,"b0a4eb0aaf7f43369bd71679d3c5eae4","CUS-51506836","153.07","-29.62","debit","Mon","11:15:51","11","August"
"2396","authorized","1","ACC-574997646","150.79","-33.64","SALES-POS","f96fca02-1662-4ad1-88a8-a6b37b34b098","Mackenzie",1701.91,2018-08-20 07:00:00,"F",18,"Busselton","WA",20,"5dbfb3f50f0249dbb596e4c5ff164cbd","CUS-586638664","115.34","-33.65","debit","Mon","11:33:06","11","August"
"2397","authorized","1","ACC-2890243754","153.32","-27.93","POS","3aad442d-bce0-402c-b615-3c39af67a7a5","Joseph",2080.22,2018-08-20 07:00:00,"M",37,"Labrador","QLD",14.67,"dfa6454a2ad74b849fb106d8510f1b2d","CUS-2695611575","153.39","-27.95","debit","Mon","11:50:20","11","August"
"2398","posted",NA,"ACC-1438600314","138.69","-34.84","PAY/SALARY",NA,"Maria",3685.22,2018-08-20 07:00:00,"F",35,NA,NA,862.95,"39d85a25026c41538783d97b42508a3a","CUS-2650223890",NA,NA,"credit","Mon","12:00:00","12","August"
"2399","authorized","0","ACC-354106658","151.04","-33.80","POS","e7478dc3-3708-4b13-9852-871c2381bfb5","Christine",8015.31,2018-08-20 07:00:00,"F",39,"Hornsby","NSW",54.08,"2e34e5faf149450dad9b34f6fe18588c","CUS-2376382098","151.1","-33.7","debit","Mon","12:10:13","12","August"
"2400","authorized","1","ACC-182446574","116.06","-32.00","POS","660f5b62-2cd1-44d1-93b3-5934909c059a","Tonya",4178.13,2018-08-20 07:00:00,"F",27,"Frankston","VIC",91.87,"a4fdf5e136e146dcbb6bc4a98321b222","CUS-3026014945","145.12","-38.14","debit","Mon","12:33:29","12","August"
"2401","authorized","0","ACC-4258502723","145.45","-37.74","POS","51131543-f0e0-45e6-9a5c-172979091a9b","Kimberly",1034.92,2018-08-20 07:00:00,"F",24,"South Melbourne","VIC",303.1,"9f40b703ef8e46439224943fcfff643d","CUS-3378712515","144.97","-37.83","debit","Mon","12:56:44","12","August"
"2402","posted",NA,"ACC-1523339231","115.83","-31.90","PAY/SALARY",NA,"Tim",62647.22,2018-08-20 07:00:00,"M",40,NA,NA,8835.98,"b608ce5142664a79af4fa071a886c8f7","CUS-1816693151",NA,NA,"credit","Mon","13:00:00","13","August"
"2403","posted",NA,"ACC-2650850707","148.16","-23.52","PAY/SALARY",NA,"Brian",108791.32,2018-08-20 07:00:00,"M",42,NA,NA,3231.26,"9fced8008cfb4ec6bbc2b74ba3f60e5d","CUS-2819545904",NA,NA,"credit","Mon","13:00:00","13","August"
"2404","posted",NA,"ACC-1496451953","145.16","-37.84","PAY/SALARY",NA,"Ricky",6910.63,2018-08-20 07:00:00,"M",43,NA,NA,2588.01,"117a420cbe6b408aa368abe46460fa75","CUS-3142625864",NA,NA,"credit","Mon","13:00:00","13","August"
"2405","posted",NA,"ACC-2173390920","144.71","-37.58","PAY/SALARY",NA,"Luis",3532.33,2018-08-20 07:00:00,"M",27,NA,NA,1396.23,"c6ffab05060943d688d1d02f78db2a34","CUS-3180318393",NA,NA,"credit","Mon","13:00:00","13","August"
"2406","posted",NA,"ACC-2615038700","145.35","-38.03","PAY/SALARY",NA,"Emily",30006.42,2018-08-20 07:00:00,"F",43,NA,NA,664.43,"43a4bc84d9554750a238351e4aec136c","CUS-3255104878",NA,NA,"credit","Mon","13:00:00","13","August"
"2407","posted",NA,"ACC-4258502723","145.45","-37.74","PAY/SALARY",NA,"Kimberly",2094.76,2018-08-20 07:00:00,"F",24,NA,NA,1059.84,"8fd1dd6469ce4991bda924321ab4c7e2","CUS-3378712515",NA,NA,"credit","Mon","13:00:00","13","August"
"2408","posted",NA,"ACC-2249586092","115.98","-32.07","PAY/SALARY",NA,"Edward",5878.28,2018-08-20 07:00:00,"M",19,NA,NA,990.55,"e298be12b99d47ecbdcea391ca9477d1","CUS-443776336",NA,NA,"credit","Mon","13:00:00","13","August"
"2409","authorized","1","ACC-2890243754","153.32","-27.93","POS","d1f0a4db-a3f6-4b8a-8fa4-71c7bd6ca70c","Joseph",2070.86,2018-08-20 07:00:00,"M",37,"Ashmore","QLD",9.36,"215ebbb383684ad1b68db456ec802cac","CUS-2695611575","153.38","-27.98","debit","Mon","13:20:28","13","August"
"2410","authorized","1","ACC-1037050564","153.10","-27.66","POS","35091d81-268d-4a65-ab8d-9f239ce6eb14","Rhonda",2612.44,2018-08-20 07:00:00,"F",40,"Jindalee","QLD",16.18,"a8069eea1fc14f878ce2f051e68fbb4f","CUS-1614226872","152.95","-27.53","debit","Mon","13:44:17","13","August"
"2411","posted",NA,"ACC-4065652575","115.81","-31.82","PAYMENT",NA,"Lucas",8818.41,2018-08-20 07:00:00,"M",21,NA,NA,40,"be849d70939d42f3a110f95a51a8f58c","CUS-1117979751",NA,NA,"debit","Mon","14:00:00","14","August"
"2412","posted",NA,"ACC-602667573","151.23","-33.96","PAY/SALARY",NA,"Michael",6139.55,2018-08-20 07:00:00,"M",40,NA,NA,2280.36,"ec29a25a35774614a89d87fa42f28f8b","CUS-2031327464",NA,NA,"credit","Mon","14:00:00","14","August"
"2413","posted",NA,"ACC-3827517394","151.12","-33.89","PAYMENT",NA,"Craig",32737.16,2018-08-20 07:00:00,"M",28,NA,NA,20,"73901b44ee684cdd8a3868ecfb9e3bda","CUS-2663907001",NA,NA,"debit","Mon","14:00:00","14","August"
"2414","posted",NA,"ACC-3021093232","149.83","-29.47","PAY/SALARY",NA,"Melissa",4537.19,2018-08-20 07:00:00,"F",30,NA,NA,1636.72,"12494b4dff2d4146adae23f0e93ebce2","CUS-55310383",NA,NA,"credit","Mon","14:00:00","14","August"
"2415","authorized","1","ACC-3689607373","115.79","-31.79","POS","af114e6b-3c4b-4cc2-b7da-0b8e0554ee36","Virginia",3544.46,2018-08-20 07:00:00,"F",20,"East Fremantle","WA",10.39,"f58d2d66ad7d43438c56ff243f939e2e","CUS-127297539","115.76","-32.04","debit","Mon","14:08:43","14","August"
"2416","authorized","0","ACC-1037050564","153.10","-27.66","POS","a74a9d78-f255-4197-87de-869b18eb126d","Rhonda",2590.44,2018-08-20 07:00:00,"F",40,"Helensvale","QLD",22,"8ab4c10b25ec44d4b9a1a607bc2878f4","CUS-1614226872","153.33","-27.93","debit","Mon","14:34:21","14","August"
"2417","authorized","0","ACC-1243371644","150.90","-33.78","SALES-POS","a8c127a3-f399-4861-91ea-159125f1837c","Gregory",1428.23,2018-08-20 07:00:00,"M",42,"Busselton","WA",165.26,"1ed8e800689a40a49c277dac3de6ea7b","CUS-3904958894","115.34","-33.66","debit","Mon","14:59:59","14","August"
"2418","posted",NA,"ACC-819621312","145.04","-37.85","INTER BANK",NA,"Michele",2572.02,2018-08-20 07:00:00,"F",30,NA,NA,55,"d537917f7dd54a17a44dfa1aff35e00f","CUS-1271030853",NA,NA,"debit","Mon","15:00:00","15","August"
"2419","posted",NA,"ACC-1650504218","145.01","-37.93","PAYMENT",NA,"Marissa",4250.04,2018-08-20 07:00:00,"F",23,NA,NA,22,"418dd9fcdc0d4407b7badbd9b161a001","CUS-2500783281",NA,NA,"debit","Mon","15:00:00","15","August"
"2420","authorized","1","ACC-819621312","145.04","-37.85","SALES-POS","b17bef65-59e5-47d2-a29d-de0eee07b72e","Michele",2627.02,2018-08-20 07:00:00,"F",30,"Brunswick East","VIC",18.39,"9cb6248584f94777b2d9be8718705890","CUS-1271030853","144.97","-37.76","debit","Mon","15:19:59","15","August"
"2421","authorized","1","ACC-354106658","151.04","-33.80","POS","d37be0e7-aec7-4bff-813f-5bf707e2fb76","Christine",7948.7,2018-08-20 07:00:00,"F",39,"Terrey Hills","NSW",66.61,"e5a7ee3e9295482fb14de2bde84f0b28","CUS-2376382098","151.21","-33.7","debit","Mon","15:39:59","15","August"
"2422","authorized","1","ACC-958000567","130.90","-12.37","SALES-POS","512ead5e-8685-4c6f-825c-2441cd95892d","Sandra",2318.05,2018-08-20 07:00:00,"F",34,"Bakewell","NT",17.81,"470cbeaa19344116a5fb6b8d321c78ba","CUS-4142663097","130.99","-12.5","debit","Mon","15:59:59","15","August"
"2423","authorized","1","ACC-2920611728","144.96","-37.76","POS","075ce28f-2841-4c84-b04a-6864bd46624c","Tyler",3435.2,2018-08-20 07:00:00,"M",69,"Wheelers Hill","VIC",22.06,"2048c1cbb88b4976be80cd5159a2e357","CUS-1388323263","145.16","-37.9","debit","Mon","16:28:34","16","August"
"2424","authorized","1","ACC-819621312","145.04","-37.85","SALES-POS","1c849f6f-931e-49c8-8f0d-bed47330e96f","Michele",2535.92,2018-08-20 07:00:00,"F",30,"Melbourne","VIC",36.1,"1cef85c8c3044d9ebfc34b9eab7edcb8","CUS-1271030853","144.96","-37.81","debit","Mon","16:57:08","16","August"
"2425","posted",NA,"ACC-3084464802","145.15","-37.76","PAYMENT",NA,"Susan",2724.13,2018-08-20 07:00:00,"F",19,NA,NA,36,"804425aacdf54111869e8aa689d88b82","CUS-1928710999",NA,NA,"debit","Mon","17:00:00","17","August"
"2426","posted",NA,"ACC-4258502723","145.45","-37.74","PAYMENT",NA,"Kimberly",2030.91,2018-08-20 07:00:00,"F",24,NA,NA,53,"e6d588035e87465b8e091fc2d9b77c6b","CUS-3378712515",NA,NA,"debit","Mon","17:00:00","17","August"
"2427","posted",NA,"ACC-854938045","147.63","-22.84","PAY/SALARY",NA,"James",10551.95,2018-08-20 07:00:00,"M",28,NA,NA,2538.68,"959cd84aa6f046d0841a94f804be20de","CUS-4023861240",NA,NA,"credit","Mon","17:00:00","17","August"
"2428","posted",NA,"ACC-1710017148","150.82","-34.01","PAY/SALARY",NA,"Michelle",7764.35,2018-08-20 07:00:00,"F",19,NA,NA,3977.46,"39a8014c8a71409698f8bf05e2ee2ff9","CUS-883482547",NA,NA,"credit","Mon","17:00:00","17","August"
"2429","authorized","1","ACC-4258502723","145.45","-37.74","POS","1be5573c-02b3-41da-85f6-f4c9b6d4b363","Kimberly",2083.91,2018-08-20 07:00:00,"F",24,"Broadmeadows","VIC",10.85,"cf8bee46a94e4b458567a0725621ff35","CUS-3378712515","144.92","-37.68","debit","Mon","17:29:01","17","August"
"2430","authorized","1","ACC-1037050564","153.10","-27.66","SALES-POS","f7555e60-9962-4248-a713-120f5d18a5b6","Rhonda",2578.05,2018-08-20 07:00:00,"F",40,"Sunshine Beach","QLD",12.39,"29534737850144fd9c374346aeb466d9","CUS-1614226872","153.11","-26.41","debit","Mon","18:01:25","18","August"
"2431","authorized","1","ACC-4065652575","115.81","-31.82","POS","138db8c3-eca4-4582-ad4c-460169759673","Lucas",8802.46,2018-08-20 07:00:00,"M",21,"Willetton","WA",15.95,"bc5afaa35c83479db30434bbd6640c41","CUS-1117979751","115.9","-32.06","debit","Mon","18:37:08","18","August"
"2432","posted",NA,"ACC-37709441","153.41","-28.01","PAYMENT",NA,"Charles",3411.92,2018-08-20 07:00:00,"M",18,NA,NA,55,"b083451e75ee4a31975e49f90d13dd5c","CUS-3336454548",NA,NA,"debit","Mon","19:00:00","19","August"
"2433","authorized","1","ACC-2153562714","116.00","-31.88","SALES-POS","a2d81d53-020d-4921-bc82-e1f0161d839c","Linda",439.97,2018-08-20 07:00:00,"F",24,"Fremantle","WA",16.46,"a63842b5085342799aaa09c1ca12cf4a","CUS-423725039","115.75","-32.05","debit","Mon","19:15:39","19","August"
"2434","authorized","1","ACC-1516130869","130.84","-12.45","POS","288a3fe1-b668-49a9-aa6f-5d1bb8d4a662","Jessica",1909.52,2018-08-20 07:00:00,"F",21,"Darwin City","NT",24.88,"dda3511ef82c455e8ed1fe342aedcafd","CUS-325142416","130.84","-12.46","debit","Mon","19:59:07","19","August"
"2435","posted",NA,"ACC-2920611728","144.96","-37.76","PAYMENT",NA,"Tyler",3371.2,2018-08-20 07:00:00,"M",69,NA,NA,64,"75b706e991084cfa8a614ab5ada72b63","CUS-1388323263",NA,NA,"debit","Mon","20:00:00","20","August"
"2436","posted",NA,"ACC-2650850707","148.16","-23.52","PAYMENT",NA,"Brian",108758.32,2018-08-20 07:00:00,"M",42,NA,NA,33,"c1aab9e279514888a3ccef7831ffa991","CUS-2819545904",NA,NA,"debit","Mon","20:00:00","20","August"
"2437","posted",NA,"ACC-154431271","153.09","-27.48","PAYMENT",NA,"Lori",688.08,2018-08-20 07:00:00,"F",18,NA,NA,61,"082845c3d0c542b58e901a67b44431be","CUS-3702001629",NA,NA,"debit","Mon","20:00:00","20","August"
"2438","authorized","0","ACC-1056639002","145.03","-37.91","POS","309c28ba-4c21-4e0b-8299-48683e56ca54","Michael",42956.84,2018-08-20 07:00:00,"M",22,"Malvern","VIC",9.81,"8d1fbd6305b54f54aec194be95a0dabb","CUS-3462882033","145.03","-37.87","debit","Mon","20:31:36","20","August"
"2439","authorized","1","ACC-3536132544","144.93","-37.79","POS","80d45a7d-1075-4057-9a44-6bce7e5f63df","Heather",1090.83,2018-08-20 07:00:00,"F",41,"Docklands","VIC",16.49,"2911721ba44540aea000dcf5ada50aea","CUS-2348881191","144.94","-37.81","debit","Mon","21:03:38","21","August"
"2440","authorized","1","ACC-2153562714","116.00","-31.88","POS","94bc98cc-e31d-4a04-b33c-64656dfd5d5c","Linda",410.92,2018-08-20 07:00:00,"F",24,"Booragoon","WA",29.05,"413d17ae370342ea82c7e17b2238965b","CUS-423725039","115.84","-32.03","debit","Mon","21:33:56","21","August"
"2441","posted",NA,"ACC-2249586092","115.98","-32.07","PAYMENT",NA,"Edward",5847.28,2018-08-20 07:00:00,"M",19,NA,NA,31,"86c0487ab30a471ba54881a36d04afcf","CUS-443776336",NA,NA,"debit","Mon","22:00:00","22","August"
"2442","authorized","1","ACC-958000567","130.90","-12.37","POS","123b7812-cc1f-4377-8166-d4eec932305a","Sandra",2240.29,2018-08-20 07:00:00,"F",34,"Sydney","NSW",77.76,"57187876dd5746329dfb3c196abdc451","CUS-4142663097","151.2","-33.86","debit","Mon","22:04:30","22","August"
"2443","authorized","1","ACC-1516130869","130.84","-12.45","POS","17f91531-5815-4314-9c84-544e54325088","Jessica",1887.92,2018-08-20 07:00:00,"F",21,"North Lakes","NT",21.6,"d808efd8c87b4c4c99c8a506881f23ef","CUS-325142416","130.91","-12.4","debit","Mon","22:36:46","22","August"
"2444","posted",NA,"ACC-2970114956","144.89","-37.69","PAYMENT",NA,"Robert",6765.33,2018-08-20 07:00:00,"M",26,NA,NA,61,"83f61fc4a36e44539a9ab3f393b3aa27","CUS-880898248",NA,NA,"debit","Mon","23:00:00","23","August"
"2445","authorized","1","ACC-819621312","145.04","-37.85","POS","95d71275-b1b2-4af3-b7bb-5b4bcc6ea68d","Michele",2514.96,2018-08-20 07:00:00,"F",30,"Brunswick","VIC",20.96,"af33b1e83cca478185b623f058dc7ded","CUS-1271030853","144.96","-37.77","debit","Mon","23:09:01","23","August"
"2446","authorized","1","ACC-211792489","138.63","-34.93","SALES-POS","d060e8b3-1209-40fa-9c33-46b3a84eaacd","Jacqueline",1887.61,2018-08-20 07:00:00,"F",30,"West Lakes","SA",86.46,"83783d48facd45db84219a0745c86f85","CUS-497688347","138.49","-34.88","debit","Mon","23:41:17","23","August"
"2447","authorized","1","ACC-4065652575","115.81","-31.82","POS","d6f22281-0a36-4b48-9e75-f8e308fd2165","Lucas",8772.76,2018-08-21 07:00:00,"M",21,"Booragoon","WA",29.7,"c53aba9781ec4395a7296bb995e0b4b2","CUS-1117979751","115.83","-32.03","debit","Tue","00:11:39","00","August"
"2448","authorized","1","ACC-2153562714","116.00","-31.88","POS","b54967e0-175f-45e5-b657-264f9fe52f8e","Linda",384.65,2018-08-21 07:00:00,"F",24,"Kalamunda","WA",26.27,"b5011eb1a65d427fba882bd001812ba3","CUS-423725039","116.06","-31.97","debit","Tue","00:39:26","00","August"
"2449","authorized","1","ACC-2153562714","116.00","-31.88","SALES-POS","e890bc9b-c064-4e60-a672-50a46876310a","Linda",354.99,2018-08-21 07:00:00,"F",24,"Mount Hawthorn","WA",29.66,"6ad72bc6f470455c871b814b509189ad","CUS-423725039","115.84","-31.92","debit","Tue","01:05:31","01","August"
"2450","authorized","1","ACC-2890243754","153.32","-27.93","POS","6b6f922a-8f7b-4708-a8b8-4054423556da","Joseph",2061.42,2018-08-21 07:00:00,"M",37,"Beaudesert","QLD",9.44,"5f7f6f82d824480889b7e68c437c37ca","CUS-2695611575","152.99","-27.98","debit","Tue","01:26:48","01","August"
"2451","authorized","1","ACC-2988263882","145.18","-37.90","SALES-POS","3ee2bf96-5720-4513-b119-37634cc7563d","Michael",3308.52,2018-08-21 07:00:00,"M",44,"Melton South","VIC",35.84,"40bf060718264e38bf34f412f649d82c","CUS-1233833708","144.57","-37.7","debit","Tue","01:48:05","01","August"
"2452","posted",NA,"ACC-80388494","144.97","-37.42","PAYMENT",NA,"Dustin",2344.01,2018-08-21 07:00:00,"M",28,NA,NA,188,"851023e524c24261aec4ca08a342eea1","CUS-1140341822",NA,NA,"debit","Tue","02:00:00","02","August"
"2453","posted",NA,"ACC-1598451071","153.41","-27.95","INTER BANK",NA,"Diana",1042.06,2018-08-21 07:00:00,"F",26,NA,NA,20,"2bdd8e3b10f44e1696aa836efc533454","CUS-2487424745",NA,NA,"debit","Tue","02:00:00","02","August"
"2454","posted",NA,"ACC-2231965366","144.96","-37.84","INTER BANK",NA,"Linda",5763.53,2018-08-21 07:00:00,"F",35,NA,NA,17,"2a71d90586094b28bc37d6a6f90d5e28","CUS-2155701614",NA,NA,"debit","Tue","03:00:00","03","August"
"2455","posted",NA,"ACC-240804743","121.48","-30.75","PHONE BANK",NA,"Kenneth",7918.21,2018-08-21 07:00:00,"M",29,NA,NA,43,"90358948f0464ec89eac54c705a38d75","CUS-261674136",NA,NA,"debit","Tue","03:00:00","03","August"
"2456","posted",NA,"ACC-1788473090","145.06","-37.95","INTER BANK",NA,"Rachael",3675.56,2018-08-21 07:00:00,"F",21,NA,NA,20,"1cae1d504db14253883590dab50a3f3f","CUS-134193016",NA,NA,"debit","Tue","04:00:00","04","August"
"2457","posted",NA,"ACC-3827517394","151.12","-33.89","PAYMENT",NA,"Craig",32707.16,2018-08-21 07:00:00,"M",28,NA,NA,30,"5c89ea77c64349898c5a6786e1d838ed","CUS-2663907001",NA,NA,"debit","Tue","04:00:00","04","August"
"2458","authorized","1","ACC-2890243754","153.32","-27.93","SALES-POS","00097987-7795-4c01-92c7-66bf486bacca","Joseph",2050.04,2018-08-21 07:00:00,"M",37,"Leinster","WA",11.38,"7909f6374d5f409ab046b9e14eb8a23b","CUS-2695611575","120.7","-27.92","debit","Tue","04:12:29","04","August"
"2459","posted",NA,"ACC-1890605467","143.88","-37.66","INTER BANK",NA,"Alexander",8229.36,2018-08-21 07:00:00,"M",38,NA,NA,42,"fec7ee051af84cef9dc8ab88184df2b0","CUS-1478398256",NA,NA,"debit","Tue","05:00:00","05","August"
"2460","posted",NA,"ACC-958000567","130.90","-12.37","PAYMENT",NA,"Sandra",2220.29,2018-08-21 07:00:00,"F",34,NA,NA,20,"c5bfbd4670ca425aa5307ee968b8ef83","CUS-4142663097",NA,NA,"debit","Tue","05:00:00","05","August"
"2461","posted",NA,"ACC-354106658","151.04","-33.80","PAYMENT",NA,"Christine",7927.7,2018-08-21 07:00:00,"F",39,NA,NA,21,"216b124ac877418cb955f8a2732f540c","CUS-2376382098",NA,NA,"debit","Tue","06:00:00","06","August"
"2462","authorized","1","ACC-3536132544","144.93","-37.79","SALES-POS","7f3c7a08-1428-47ab-a59e-49ae1a26cff4","Heather",1066.32,2018-08-21 07:00:00,"F",41,"Heidelberg","VIC",24.51,"aae09674ae4e456a88cd8174841f6145","CUS-2348881191","145.07","-37.76","debit","Tue","06:19:59","06","August"
"2463","posted",NA,"ACC-2270192619","138.56","-35.27","PAYMENT",NA,"Darren",9235.18,2018-08-21 07:00:00,"M",20,NA,NA,39,"c7f35ea7b85f44338559126ed7a171c1","CUS-2110742437",NA,NA,"debit","Tue","07:00:00","07","August"
"2464","posted",NA,"ACC-4274272854","145.23","-37.86","PAYMENT",NA,"Timothy",3801.08,2018-08-21 07:00:00,"M",20,NA,NA,34,"36f7daf5c35d49798e6b2dfb504d97c0","CUS-2484453271",NA,NA,"debit","Tue","07:00:00","07","August"
"2465","posted",NA,"ACC-1598451071","153.41","-27.95","PAYMENT",NA,"Diana",1006.06,2018-08-21 07:00:00,"F",26,NA,NA,36,"6f08e09e2ed44d2fa091231a61d15289","CUS-2487424745",NA,NA,"debit","Tue","07:00:00","07","August"
"2466","posted",NA,"ACC-2528867619","138.58","-34.96","PAYMENT",NA,"Abigail",4847.17,2018-08-21 07:00:00,"F",40,NA,NA,116,"e949f17430b44503aec6c7fbf7b229b7","CUS-2505971401",NA,NA,"debit","Tue","07:00:00","07","August"
"2467","authorized","0","ACC-1438600314","138.69","-34.84","SALES-POS","7e4ce928-54c3-46aa-a1bf-1ee4f1fc8649","Maria",3660.85,2018-08-21 07:00:00,"F",35,"Belconnen","ACT",24.37,"7afa9b9e2b9347f3896727f0f8105a91","CUS-2650223890","149.07","-35.24","debit","Tue","07:44:42","07","August"
"2468","posted",NA,"ACC-2231965366","144.96","-37.84","PAYMENT",NA,"Linda",5727.53,2018-08-21 07:00:00,"F",35,NA,NA,36,"487e90d7dc5f41c680e9b9e379bc330e","CUS-2155701614",NA,NA,"debit","Tue","08:00:00","08","August"
"2469","posted",NA,"ACC-574997646","150.79","-33.64","PAYMENT",NA,"Mackenzie",1512.91,2018-08-21 07:00:00,"F",18,NA,NA,189,"8924bbb0bb76487bb5c66be28c20a578","CUS-586638664",NA,NA,"debit","Tue","08:00:00","08","August"
"2470","authorized","1","ACC-588564840","151.27","-33.76","SALES-POS","253fa40e-505f-4e87-b982-5b82e8233784","Isaiah",9370.01,2018-08-21 07:00:00,"M",23,"Tempe","NSW",208,"95d2ed3655c047cda4e81966cf48fd6c","CUS-1462656821","151.16","-33.93","debit","Tue","08:13:57","08","August"
"2471","authorized","1","ACC-2828321672","153.03","-27.51","SALES-POS","a1427ac2-3ca9-4a6b-9b28-2da614698dec","Stephanie",1039,2018-08-21 07:00:00,"F",53,"Mount Warren Park","QLD",31.93,"09c102ffcc194d38bea3729f4a07a57b","CUS-1005756958","153.2","-27.72","debit","Tue","08:32:49","08","August"
"2472","authorized","1","ACC-1334819143","145.13","-37.70","SALES-POS","6468acc7-68d9-43a9-905f-ab9a4e1f225f","Christopher",58500.29,2018-08-21 07:00:00,"M",33,"Camberwell","VIC",115.46,"97602c9abde245dfb8c45bac7562d595","CUS-3117610635","145.07","-37.83","debit","Tue","08:51:41","08","August"
"2473","posted",NA,"ACC-3827517394","151.12","-33.89","INTER BANK",NA,"Craig",32678.16,2018-08-21 07:00:00,"M",28,NA,NA,29,"8a7971a2e4da4c72ba0c95d44ed2d6ce","CUS-2663907001",NA,NA,"debit","Tue","09:00:00","09","August"
"2474","posted",NA,"ACC-1710017148","150.82","-34.01","PAYMENT",NA,"Michelle",7710.35,2018-08-21 07:00:00,"F",19,NA,NA,54,"89bdf0e84435495fb2cd9b145b9b36af","CUS-883482547",NA,NA,"debit","Tue","09:00:00","09","August"
"2475","authorized","1","ACC-2988263882","145.18","-37.90","SALES-POS","30e3d257-c16c-42ba-b2b9-078ce56716e8","Michael",3289.99,2018-08-21 07:00:00,"M",44,"Tullamarine","VIC",18.53,"175633b0122b407393061b6c5da34eb6","CUS-1233833708","144.88","-37.69","debit","Tue","09:02:19","09","August"
"2476","authorized","1","ACC-588564840","151.27","-33.76","POS","155b0711-026f-464e-9640-d38da87add09","Isaiah",9364.54,2018-08-21 07:00:00,"M",23,"Penrith","NSW",5.47,"b91c84f8720b4719931841caf4ee0490","CUS-1462656821","150.7","-33.75","debit","Tue","09:06:28","09","August"
"2477","authorized","1","ACC-1598451071","153.41","-27.95","POS","4d4a87fc-a840-450f-ac8d-d96c7bc5ec31","Diana",975.48,2018-08-21 07:00:00,"F",26,"Macquarie Park","NSW",30.58,"9b1edf2a180c4262bb758752b29266db","CUS-2487424745","151.13","-33.79","debit","Tue","09:10:37","09","August"
"2478","authorized","1","ACC-819621312","145.04","-37.85","SALES-POS","0faf23a9-d9b1-4861-9852-bb5f49635b09","Michele",2479.53,2018-08-21 07:00:00,"F",30,"Murrumbeena","VIC",35.43,"7fee02ff12374a16b1493ab4552db46d","CUS-1271030853","145.06","-37.9","debit","Tue","09:14:46","09","August"
"2479","authorized","0","ACC-1598451071","153.41","-27.95","POS","f6d24b03-5ca8-4cb3-83e2-73db22103a8a","Diana",971.15,2018-08-21 07:00:00,"F",26,"Rowville","VIC",4.33,"453ba73bbe2a4ef181677162f936c26f","CUS-2487424745","145.25","-37.91","debit","Tue","09:18:55","09","August"
"2480","authorized","0","ACC-2988263882","145.18","-37.90","POS","71fa5a6c-c7a3-4b36-9509-501b3b4f6dc1","Michael",3208.04,2018-08-21 07:00:00,"M",44,"Hawthorn East","VIC",81.95,"3f2d9aaa7bd6423499e37ca9fe807cae","CUS-1233833708","145.05","-37.83","debit","Tue","09:23:04","09","August"
"2481","authorized","1","ACC-2153562714","116.00","-31.88","SALES-POS","ae024401-3e47-48c7-973a-89f50714893d","Linda",326.22,2018-08-21 07:00:00,"F",24,"Innaloo","WA",28.77,"731359b09f8e4fc9abdbaae6d8f6d64c","CUS-423725039","115.8","-31.9","debit","Tue","09:27:13","09","August"
"2482","authorized","1","ACC-154431271","153.09","-27.48","SALES-POS","79ead8d2-e09d-41b4-8020-30c6925315c9","Lori",682.78,2018-08-21 07:00:00,"F",18,"Toowong","QLD",5.3,"b8eb2cc81c0941348616c48f336ef4b5","CUS-3702001629","152.99","-27.48","debit","Tue","09:31:22","09","August"
"2483","authorized","1","ACC-602667573","151.23","-33.96","POS","710218fc-ebb5-4b61-84a2-6fa35591534c","Michael",6127.43,2018-08-21 07:00:00,"M",40,"Northbridge","NSW",12.12,"524e581a4cd94a17a813c0dd3113e835","CUS-2031327464","151.22","-33.81","debit","Tue","09:35:31","09","August"
"2484","authorized","1","ACC-602667573","151.23","-33.96","SALES-POS","6e6f2cef-3a18-4af7-8e82-c6ba3e7aae7b","Michael",6109.89,2018-08-21 07:00:00,"M",40,"Prestons","NSW",17.54,"41b41ac340304e09898570f1e931486a","CUS-2031327464","150.88","-33.93","debit","Tue","09:39:40","09","August"
"2485","authorized","1","ACC-2673069055","152.99","-27.49","POS","bcf746b5-7bf5-44fc-934b-9c44540ed213","Richard",16237.66,2018-08-21 07:00:00,"M",24,"Cleveland","QLD",14.68,"df4ef8af637642a3b18a90223dd02e8b","CUS-51506836","153.27","-27.53","debit","Tue","09:43:49","09","August"
"2486","authorized","1","ACC-819621312","145.04","-37.85","POS","8930bc3c-194c-41d2-9ead-70f04b3d37ea","Michele",2470.25,2018-08-21 07:00:00,"F",30,"Parkville","VIC",9.28,"cf0e72012fa24d4f8dc2ced876ee859b","CUS-1271030853","144.96","-37.8","debit","Tue","09:47:58","09","August"
"2487","authorized","1","ACC-4258502723","145.45","-37.74","SALES-POS","b556617e-684b-4a75-bb40-6fbdc57e791a","Kimberly",2015.46,2018-08-21 07:00:00,"F",24,"Newport","VIC",15.45,"7482656144b840d192a5896b35317f42","CUS-3378712515","144.88","-37.84","debit","Tue","09:52:06","09","August"
"2488","authorized","0","ACC-847145727","115.90","-31.92","SALES-POS","6e9da1d1-9003-4ab2-a830-16d0328bd2e4","Michael",52427.62,2018-08-21 07:00:00,"M",19,"Innaloo","WA",17.21,"717022f7f43e457c9bffe2249f960e7d","CUS-1609060617","115.8","-31.9","debit","Tue","09:56:15","09","August"
"2489","posted",NA,"ACC-3941181087","115.79","-31.94","PAYMENT",NA,"Paul",2901.18,2018-08-21 07:00:00,"M",25,NA,NA,89,"2d81b1aef1304e5a87e58f4adcf3d7f6","CUS-3989008654",NA,NA,"debit","Tue","10:00:00","10","August"
"2490","authorized","1","ACC-854938045","147.63","-22.84","SALES-POS","f6cb6b79-8707-4c6d-a6bc-2b2012de5aed","James",10496.71,2018-08-21 07:00:00,"M",28,"Pyrmont","NSW",55.24,"4737fa427044428da9845f1b11b087a8","CUS-4023861240","151.19","-33.87","debit","Tue","10:01:05","10","August"
"2491","authorized","1","ACC-1516130869","130.84","-12.45","POS","eda99bd7-a23d-42a0-bdb9-b4528e0122d0","Jessica",1877.09,2018-08-21 07:00:00,"F",21,"Fannie Bay","NT",10.83,"72fe6a6e231145b990aefc361cf4dc81","CUS-325142416","130.84","-12.42","debit","Tue","10:12:05","10","August"
"2492","authorized","1","ACC-588564840","151.27","-33.76","POS","5f4ff647-685c-45b8-a89c-e2dc269bad58","Isaiah",9345.53,2018-08-21 07:00:00,"M",23,"Kensington","NSW",19.01,"c2f99dd355c04bc1b8ba4d86bafc64f7","CUS-1462656821","151.22","-33.91","debit","Tue","10:23:04","10","August"
"2493","authorized","1","ACC-3689607373","115.79","-31.79","SALES-POS","6c84c219-96ea-4c6f-9de5-0a28bcaec62f","Virginia",3526.87,2018-08-21 07:00:00,"F",20,"Rainbow Flat","NSW",17.59,"92a7819d7fdd4fb783c4f8bf8d336687","CUS-127297539","152.47","-32.01","debit","Tue","10:34:03","10","August"
"2494","authorized","1","ACC-3771436525","145.04","-37.92","POS","f8404f44-f730-4531-abf3-a05bfe5dccd3","Derek",445.22,2018-08-21 07:00:00,"M",20,"Croydon","VIC",28.22,"d06097d75f394d7ab167257c5ec7359f","CUS-3325710106","145.29","-37.78","debit","Tue","10:45:03","10","August"
"2495","authorized","0","ACC-1608363396","151.22","-33.87","SALES-POS","78fdf0b7-9078-4e78-b39f-9f2094e7a714","Robert",2892.23,2018-08-21 07:00:00,"M",20,"Forestville","NSW",10.11,"1bda233c91364c7b95d66d7cdb87aafb","CUS-2688605418","151.21","-33.76","debit","Tue","10:56:02","10","August"
"2496","posted",NA,"ACC-2231965366","144.96","-37.84","PAYMENT",NA,"Linda",5682.53,2018-08-21 07:00:00,"F",35,NA,NA,45,"782de44454f145e3907e0f82b0588961","CUS-2155701614",NA,NA,"debit","Tue","11:00:00","11","August"
"2497","posted",NA,"ACC-37709441","153.41","-28.01","PAY/SALARY",NA,"Charles",7544.15,2018-08-21 07:00:00,"M",18,NA,NA,4132.23,"38978fa0f10f4213aa6b51c1fb119e7d","CUS-3336454548",NA,NA,"credit","Tue","11:00:00","11","August"
"2498","authorized","1","ACC-182446574","116.06","-32.00","POS","162b53e8-7a5c-4ca6-9e23-e05526f7313b","Tonya",4165.77,2018-08-21 07:00:00,"F",27,"Beechboro","WA",12.36,"6f0d2fe5ae224316bbb61d7ab860421e","CUS-3026014945","115.95","-31.87","debit","Tue","11:05:25","11","August"
"2499","authorized","1","ACC-354106658","151.04","-33.80","SALES-POS","d7aefc27-9552-4496-aa5b-91fc25bc95ba","Christine",7914.58,2018-08-21 07:00:00,"F",39,"Paddington","NSW",13.12,"e9bda08fee4d45a5b0e5e6b5430471a8","CUS-2376382098","151.23","-33.89","debit","Tue","11:13:53","11","August"
"2500","authorized","1","ACC-3689607373","115.79","-31.79","POS","e31795fc-3756-48c8-97f8-3c55599cd769","Virginia",3515.49,2018-08-21 07:00:00,"F",20,"Claremont","WA",11.38,"280ba91fa3bc439db5563f14745941fe","CUS-127297539","115.79","-31.97","debit","Tue","11:22:22","11","August"
"2501","authorized","0","ACC-182446574","116.06","-32.00","SALES-POS","830c021b-15f5-4e7b-9369-c0071b1d8f4a","Tonya",4156.02,2018-08-21 07:00:00,"F",27,"Applecross","WA",9.75,"ec9f91ca94c9443baa7c2131b69a2770","CUS-3026014945","115.84","-32.02","debit","Tue","11:30:50","11","August"
"2502","authorized","1","ACC-4065652575","115.81","-31.82","SALES-POS","f2585ba4-8cb2-48af-a6fa-e0eba690d891","Lucas",8757.16,2018-08-21 07:00:00,"M",21,"Burswood","WA",15.6,"01f14adb427e43e68af3f1cbdbf74831","CUS-1117979751","115.89","-31.95","debit","Tue","11:39:19","11","August"
"2503","authorized","1","ACC-602667573","151.23","-33.96","POS","830a451c-316e-4a6a-bf25-e37caedca49e","Michael",6074.8,2018-08-21 07:00:00,"M",40,"Sydney","NSW",35.09,"821b862dad0640369d9f1058f8bdb632","CUS-2031327464","151.21","-33.87","debit","Tue","11:47:47","11","August"
"2504","authorized","1","ACC-1990648130","114.62","-28.80","POS","cc3b1321-8dbb-45cc-98e1-ba891d87ad78","Kaitlyn",3156.41,2018-08-21 07:00:00,"F",21,"Clunes","NSW",16.03,"40e568ef4ae243e1914ca8f69e4d4957","CUS-809013380","153.41","-28.73","debit","Tue","11:56:16","11","August"
"2505","posted",NA,"ACC-2231965366","144.96","-37.84","PAY/SALARY",NA,"Linda",8125.77,2018-08-21 07:00:00,"F",35,NA,NA,2443.24,"86a31fef5ca34ddbbf2c44f1da25c91a","CUS-2155701614",NA,NA,"credit","Tue","12:00:00","12","August"
"2506","posted",NA,"ACC-1650504218","145.01","-37.93","PAYMENT",NA,"Marissa",4071.04,2018-08-21 07:00:00,"F",23,NA,NA,179,"8368b454c36c4615a341939adb28dbe2","CUS-2500783281",NA,NA,"debit","Tue","12:00:00","12","August"
"2507","authorized","1","ACC-154431271","153.09","-27.48","POS","e7cebec6-f27d-443c-81eb-0ce04ffd9659","Lori",660.16,2018-08-21 07:00:00,"F",18,"Greenbank","QLD",22.62,"f5bd6f106a9b4b669c215a2ce5f5419e","CUS-3702001629","152.98","-27.74","debit","Tue","12:11:54","12","August"
"2508","authorized","1","ACC-819621312","145.04","-37.85","SALES-POS","4cd67a3e-2cac-4d3f-91c9-fc45b6c4483f","Michele",2412.15,2018-08-21 07:00:00,"F",30,"Bairnsdale","VIC",58.1,"98983f56b4824850a7553aab403e9655","CUS-1271030853","147.63","-37.82","debit","Tue","12:33:11","12","August"
"2509","authorized","1","ACC-588564840","151.27","-33.76","POS","56b15b33-6dff-457b-967c-e32379d6c8fc","Isaiah",9307.27,2018-08-21 07:00:00,"M",23,"Mascot","NSW",38.26,"43449e79de57475585c001db084739ef","CUS-1462656821","151.19","-33.92","debit","Tue","12:54:28","12","August"
"2510","posted",NA,"ACC-1443681913","150.92","-33.77","PAY/SALARY",NA,"Ryan",2813.36,2018-08-21 07:00:00,"M",31,NA,NA,996.24,"00ddc65eb7674cfdbeee864ef245e2e5","CUS-3129499595",NA,NA,"credit","Tue","13:00:00","13","August"
"2511","authorized","1","ACC-182446574","116.06","-32.00","SALES-POS","8031a689-9713-4470-a637-89f8a185c143","Tonya",4105.34,2018-08-21 07:00:00,"F",27,"Perth","WA",50.68,"bea5125bb7444e8e9e496a0a8c2495f2","CUS-3026014945","115.86","-31.95","debit","Tue","13:16:05","13","August"
"2512","authorized","1","ACC-1056639002","145.03","-37.91","POS","f1109d9c-a34a-4d95-ade8-3e3a69d5f9aa","Michael",42917.16,2018-08-21 07:00:00,"M",22,"Saint Kilda","VIC",39.68,"6f68ac53478d4846b5ffd26c30a86d5d","CUS-3462882033","144.98","-37.86","debit","Tue","13:37:49","13","August"
"2513","authorized","1","ACC-2890243754","153.32","-27.93","SALES-POS","7a0f6cda-7672-4a2e-8ddc-8c88024575c5","Joseph",2041.68,2018-08-21 07:00:00,"M",37,"Coombabah","QLD",8.36,"ba520f716967407fa32bee4c4a294466","CUS-2695611575","153.39","-27.9","debit","Tue","13:59:33","13","August"
"2514","posted",NA,"ACC-3485804958","138.52","-35.01","PAYMENT",NA,"Jessica",18542.65,2018-08-21 07:00:00,"F",34,NA,NA,39,"c75fef86f522497f97c383951eb5e208","CUS-1196156254",NA,NA,"debit","Tue","14:00:00","14","August"
"2515","posted",NA,"ACC-2305712452","138.61","-34.89","PAY/SALARY",NA,"Debra",2017.93,2018-08-21 07:00:00,"F",18,NA,NA,761.33,"fe7f117134e448f2a9c1b69fa4c7db84","CUS-1842679196",NA,NA,"credit","Tue","14:00:00","14","August"
"2516","posted",NA,"ACC-2173390920","144.71","-37.58","PAYMENT",NA,"Luis",3504.33,2018-08-21 07:00:00,"M",27,NA,NA,28,"55c179066d1a49b2accaf1c6679f9207","CUS-3180318393",NA,NA,"debit","Tue","14:00:00","14","August"
"2517","posted",NA,"ACC-1990648130","114.62","-28.80","PAY/SALARY",NA,"Kaitlyn",4193.48,2018-08-21 07:00:00,"F",21,NA,NA,1037.07,"db340e81757c479285ce999d234ac857","CUS-809013380",NA,NA,"credit","Tue","14:00:00","14","August"
"2518","authorized","1","ACC-3485804958","138.52","-35.01","SALES-POS","7b0d0000-8913-45d7-aec4-152287c53850","Jessica",18581.65,2018-08-21 07:00:00,"F",34,"Norwood","SA",27.35,"3b0ce0942ccf488f85a3232835774a4f","CUS-1196156254","138.63","-34.92","debit","Tue","14:12:43","14","August"
"2519","authorized","1","ACC-354106658","151.04","-33.80","POS","3fe39368-22a6-41e2-a2ed-63f5093c9ff4","Christine",7889.84,2018-08-21 07:00:00,"F",39,"Ingleburn","NSW",24.74,"ee2a486d0d3c46599edfa52f6be9ef71","CUS-2376382098","150.86","-33.99","debit","Tue","14:25:42","14","August"
"2520","authorized","1","ACC-182446574","116.06","-32.00","POS","1fd35358-52e0-4acf-bf59-44cbff312462","Tonya",4081.52,2018-08-21 07:00:00,"F",27,"Leederville","WA",23.82,"3e1a516542b74e6ea31b208b9c1b1d54","CUS-3026014945","115.84","-31.93","debit","Tue","14:38:42","14","August"
"2521","authorized","1","ACC-3536132544","144.93","-37.79","POS","51102373-6333-421b-b675-4f4d442ba06d","Heather",1045.71,2018-08-21 07:00:00,"F",41,"Eastland","VIC",20.61,"63ce20db0bea4745abd342899039204d","CUS-2348881191","145.23","-37.81","debit","Tue","14:51:41","14","August"
"2522","posted",NA,"ACC-2828321672","153.03","-27.51","PAYMENT",NA,"Stephanie",883,2018-08-21 07:00:00,"F",53,NA,NA,156,"b324999b2fb949718ef07d135fbeae35","CUS-1005756958",NA,NA,"debit","Tue","15:00:00","15","August"
"2523","posted",NA,"ACC-3481401842","115.74","-31.72","PAYMENT",NA,"Tiffany",2216.25,2018-08-21 07:00:00,"F",25,NA,NA,32,"ccf574bcfb824282a25eb64966c5e399","CUS-1669695324",NA,NA,"debit","Tue","15:00:00","15","August"
"2524","authorized","1","ACC-2681137560","151.11","-33.99","SALES-POS","ab8a6dca-6eae-465c-b158-fa5965291a6d","Nathaniel",2674.01,2018-08-21 07:00:00,"M",31,"Paddington","NSW",13.78,"e8d1950ab8f948cfb75a187a0397948b","CUS-2083971310","151.23","-33.89","debit","Tue","15:03:06","15","August"
"2525","authorized","0","ACC-574997646","150.79","-33.64","SALES-POS","8a300708-e7f1-44d8-a9e8-7d8b94127a91","Mackenzie",1487.33,2018-08-21 07:00:00,"F",18,"Campbelltown","NSW",25.58,"5d85da8dbb314d79bb931b03422849b2","CUS-586638664","150.8","-34.07","debit","Tue","15:11:43","15","August"
"2526","authorized","1","ACC-559365433","147.31","-42.88","POS","bd9e32fa-af12-427b-acb3-763b4a650b32","Mary",1379.75,2018-08-21 07:00:00,"F",64,"Templestowe","VIC",20.67,"21e4de85a54f4946ae0d777c41905b29","CUS-1654129794","145.14","-37.75","debit","Tue","15:20:20","15","August"
"2527","authorized","0","ACC-1990648130","114.62","-28.80","SALES-POS","a18ccfc9-fc63-45a7-b359-715d1732b712","Kaitlyn",4184.76,2018-08-21 07:00:00,"F",21,"Casino","NSW",8.72,"dfae6b4e694c47a3b75cdca6b7f249e2","CUS-809013380","153.04","-28.87","debit","Tue","15:28:57","15","August"
"2528","authorized","1","ACC-4258502723","145.45","-37.74","SALES-POS","fae3017e-09e9-4802-b0e3-c1b86ec9a5e4","Kimberly",2005.82,2018-08-21 07:00:00,"F",24,"Bundoora","VIC",9.64,"613923da4a864b11b5edd033ed4e4672","CUS-3378712515","145.05","-37.72","debit","Tue","15:37:35","15","August"
"2529","authorized","1","ACC-3689607373","115.79","-31.79","SALES-POS","428f9cbe-9d7a-41b8-af5b-a9fa0cf63866","Virginia",3502.01,2018-08-21 07:00:00,"F",20,"Coorabie","SA",13.48,"ecf6a7b68f59474783edd798d9d360f8","CUS-127297539","132.23","-31.79","debit","Tue","15:46:12","15","August"
"2530","authorized","1","ACC-1990648130","114.62","-28.80","POS","20f49fac-03e1-43fb-a497-d2463bc779a5","Kaitlyn",4176.25,2018-08-21 07:00:00,"F",21,"Laverton","WA",8.51,"38012624e37b4ea99b3768261e87e92c","CUS-809013380","122.05","-28.76","debit","Tue","15:54:49","15","August"
"2531","posted",NA,"ACC-2828321672","153.03","-27.51","PAY/SALARY",NA,"Stephanie",1853.47,2018-08-21 07:00:00,"F",53,NA,NA,970.47,"71cd874fc20741f8b4a589c8286afeb2","CUS-1005756958",NA,NA,"credit","Tue","16:00:00","16","August"
"2532","posted",NA,"ACC-4281711154","144.98","-37.84","PAY/SALARY",NA,"Eric",36477.74,2018-08-21 07:00:00,"M",42,NA,NA,1757.82,"ddf4eadbf3d744caa74e2d05905b7e35","CUS-3151318058",NA,NA,"credit","Tue","16:00:00","16","August"
"2533","posted",NA,"ACC-3941181087","115.79","-31.94","PAYMENT",NA,"Paul",2855.18,2018-08-21 07:00:00,"M",25,NA,NA,46,"d7c451ece48e45cea5eb5d553aaf56e9","CUS-3989008654",NA,NA,"debit","Tue","16:00:00","16","August"
"2534","authorized","1","ACC-182446574","116.06","-32.00","SALES-POS","55ba0571-8c96-4c1e-abca-9deb8286569a","Tonya",3891.76,2018-08-21 07:00:00,"F",27,"Wembley","WA",189.76,"d3deda965e0040b7a4f8de0e64e8984e","CUS-3026014945","115.82","-31.94","debit","Tue","16:08:41","16","August"
"2535","authorized","0","ACC-182446574","116.06","-32.00","SALES-POS","bb5733f6-ee08-4449-b446-d11b511c07f8","Tonya",3876.7,2018-08-21 07:00:00,"F",27,"Saint James","WA",15.06,"449af05edf5842069b2f04a550acbd54","CUS-3026014945","115.91","-31.99","debit","Tue","16:30:26","16","August"
"2536","authorized","1","ACC-3536132544","144.93","-37.79","SALES-POS","2ee17ea7-70e8-40a3-8a95-056ceb1dde29","Heather",1036.63,2018-08-21 07:00:00,"F",41,"Mooroolbark","VIC",9.08,"990105b99d9f42faa6a11055c29838b9","CUS-2348881191","145.31","-37.78","debit","Tue","16:52:10","16","August"
"2537","posted",NA,"ACC-1279356312","144.79","-37.73","PAYMENT",NA,"Tyler",3194.89,2018-08-21 07:00:00,"M",44,NA,NA,27,"bc9bf50726d14a1185af195099403e23","CUS-1892177589",NA,NA,"debit","Tue","17:00:00","17","August"
"2538","posted",NA,"ACC-1222300524","151.23","-33.94","PAY/SALARY",NA,"Michael",2084.79,2018-08-21 07:00:00,"M",38,NA,NA,1002.13,"033c6a989918484899e9ff3b9d066f31","CUS-2142601169",NA,NA,"credit","Tue","17:00:00","17","August"
"2539","posted",NA,"ACC-3771436525","145.04","-37.92","PAY/SALARY",NA,"Derek",1544.92,2018-08-21 07:00:00,"M",20,NA,NA,1099.7,"10ae4e5029634b44acb5f4dd17507d83","CUS-3325710106",NA,NA,"credit","Tue","17:00:00","17","August"
"2540","posted",NA,"ACC-3954677887","115.72","-32.28","PAY/SALARY",NA,"Ruth",3507.7,2018-08-21 07:00:00,"F",47,NA,NA,1272.47,"fcad081cbfd043bca5d941742f24611b","CUS-3716701010",NA,NA,"credit","Tue","17:00:00","17","August"
"2541","posted",NA,"ACC-1243371644","150.90","-33.78","INTER BANK",NA,"Gregory",1408.23,2018-08-21 07:00:00,"M",42,NA,NA,20,"c015ebf49c4646069d3b4ba7707ef16d","CUS-3904958894",NA,NA,"debit","Tue","17:00:00","17","August"
"2542","posted",NA,"ACC-958000567","130.90","-12.37","PAY/SALARY",NA,"Sandra",5737.9,2018-08-21 07:00:00,"F",34,NA,NA,3517.61,"b8a40b7265b544599d45eefaa5980f10","CUS-4142663097",NA,NA,"credit","Tue","17:00:00","17","August"
"2543","posted",NA,"ACC-2897221629","150.90","-34.37","PAY/SALARY",NA,"Scott",2360.24,2018-08-21 07:00:00,"M",23,NA,NA,982.71,"d21dc45b5eb046c38d37a9037dfe6e8e","CUS-511326734",NA,NA,"credit","Tue","17:00:00","17","August"
"2544","authorized","1","ACC-4258502723","145.45","-37.74","POS","5fb40fad-b97e-4a8a-8620-721ac14bc217","Kimberly",1996.73,2018-08-21 07:00:00,"F",24,"Koo Wee Rup","VIC",9.09,"bfd9045556b54bef8c261f338d52ed29","CUS-3378712515","145.5","-38.21","debit","Tue","17:11:51","17","August"
"2545","authorized","1","ACC-1990648130","114.62","-28.80","SALES-POS","357ed478-5937-4843-b53b-c3c68cfa26c4","Kaitlyn",4162.31,2018-08-21 07:00:00,"F",21,"Newrybar","NSW",13.94,"b1e6fdc9624d43689988df4ead59d8a5","CUS-809013380","153.53","-28.72","debit","Tue","17:30:22","17","August"
"2546","authorized","1","ACC-53508546","150.62","-33.76","SALES-POS","57e5fc86-cc20-4e09-b031-367af7aa6164","Kimberly",1922.1,2018-08-21 07:00:00,"F",35,"Rouse Hill","NSW",130.08,"3e594936100c46459a96a906f609fb95","CUS-72755508","150.93","-33.69","debit","Tue","17:48:53","17","August"
"2547","posted",NA,"ACC-1344825761","151.09","-33.91","PAYMENT",NA,"Sarah",15501.73,2018-08-21 07:00:00,"F",46,NA,NA,45,"d3cd5e898ab2406dbb716f196ae1c556","CUS-1499065773",NA,NA,"debit","Tue","18:00:00","18","August"
"2548","posted",NA,"ACC-38923874","151.27","-33.90","INTER BANK",NA,"Ryan",33087.34,2018-08-21 07:00:00,"M",38,NA,NA,29,"9d1a7dfca2b547da8d39ea4bcfb446c5","CUS-3249305314",NA,NA,"debit","Tue","18:00:00","18","August"
"2549","posted",NA,"ACC-3879258709","143.83","-37.66","PAYMENT",NA,"Natasha",193592.49,2018-08-21 07:00:00,"F",40,NA,NA,29,"6dac882586c74966a98a048d1fecbbb6","CUS-527400765",NA,NA,"debit","Tue","18:00:00","18","August"
"2550","authorized","1","ACC-2890243754","153.32","-27.93","SALES-POS","e73e8a23-5199-4197-b2de-2e67c6b196cd","Joseph",2029.05,2018-08-21 07:00:00,"M",37,"Logan Central","QLD",12.63,"f6fe653ec54245a4918fec45c68f6b86","CUS-2695611575","153.11","-27.64","debit","Tue","18:13:19","18","August"
"2551","authorized","1","ACC-3233697971","151.04","-33.77","SALES-POS","1c4f68a3-f7a0-4b36-8216-cf1c5ddc47ae","Robin",4079.28,2018-08-21 07:00:00,"F",34,"Sydney","NSW",8.78,"a4899df7a5df405d84984dd220707c2e","CUS-1147642491","151.21","-33.87","debit","Tue","18:46:39","18","August"
"2552","posted",NA,"ACC-1990648130","114.62","-28.80","PAYMENT",NA,"Kaitlyn",4084.31,2018-08-21 07:00:00,"F",21,NA,NA,78,"9e22c5a46ac847abb8eb9ca208abc784","CUS-809013380",NA,NA,"debit","Tue","19:00:00","19","August"
"2553","authorized","1","ACC-2173390920","144.71","-37.58","POS","a6769e7b-1c80-4f24-a874-7efc4ccd47bc","Luis",3482.43,2018-08-21 07:00:00,"M",27,"Craigieburn","VIC",21.9,"0da4bb09c68548188712c6e6622c264f","CUS-3180318393","144.91","-37.61","debit","Tue","19:12:29","19","August"
"2554","authorized","1","ACC-3689607373","115.79","-31.79","SALES-POS","8a7dd9de-d45b-4a74-983b-6435e38ae017","Virginia",3494.44,2018-08-21 07:00:00,"F",20,"Banksia Grove","WA",7.57,"d77be63419a74cd192c479dade692b49","CUS-127297539","115.8","-31.7","debit","Tue","19:33:19","19","August"
"2555","authorized","1","ACC-819621312","145.04","-37.85","SALES-POS","c9680ddd-2fd7-423e-92de-ff7d2fef56ba","Michele",2401.38,2018-08-21 07:00:00,"F",30,"Tarneit","VIC",10.77,"dde09218717a4fb68d85d4ced30dcb83","CUS-1271030853","144.69","-37.84","debit","Tue","19:54:09","19","August"
"2556","posted",NA,"ACC-1199531521","116.02","-31.87","PAYMENT",NA,"Billy",6902.84,2018-08-21 07:00:00,"M",52,NA,NA,20,"8e0cfab1b3fb4026b04b886e7e9e99ee","CUS-134833760",NA,NA,"debit","Tue","20:00:00","20","August"
"2557","posted",NA,"ACC-1349834573","145.17","-37.84","PAYMENT",NA,"Matthew",8362.35,2018-08-21 07:00:00,"M",39,NA,NA,34,"0b8906b57cf64a5496b064c1891d0396","CUS-1790886359",NA,NA,"debit","Tue","20:00:00","20","August"
"2558","authorized","1","ACC-37709441","153.41","-28.01","POS","6714d0be-9a69-4d2c-8d45-c8fc84df9eaa","Charles",7530.67,2018-08-21 07:00:00,"M",18,"Melbourne","VIC",13.48,"98fde09c98144ff8bab085dddf687833","CUS-3336454548","144.97","-37.82","debit","Tue","20:25:42","20","August"
"2559","authorized","1","ACC-37709441","153.41","-28.01","POS","b3617a04-39ff-46d4-a951-cbf0ce3376ff","Charles",7499.95,2018-08-21 07:00:00,"M",18,"Varsity Lakes","QLD",30.72,"9c9d953bbec1425fa78bdad9b9781746","CUS-3336454548","153.42","-28.09","debit","Tue","21:01:22","21","August"
"2560","authorized","1","ACC-559365433","147.31","-42.88","POS","2a4f1705-aab7-4a5a-b562-e2bbe62bd26b","Mary",1342.7,2018-08-21 07:00:00,"F",64,"Ayr","QLD",37.05,"3e3cb07157924d4ca1826a7fb57f6737","CUS-1654129794","147.41","-19.57","debit","Tue","22:11:32","22","August"
"2561","authorized","1","ACC-958000567","130.90","-12.37","SALES-POS","c4e46e6b-75d5-4ccc-9b36-cc8e8375f08e","Sandra",5709.08,2018-08-21 07:00:00,"F",34,"Bakewell","NT",28.82,"892826799ad04e58822dae25a4868e31","CUS-4142663097","130.99","-12.5","debit","Tue","22:49:59","22","August"
"2562","posted",NA,"ACC-2901672282","255.00","-573.00","PAYMENT",NA,"Daniel",3361.97,2018-08-21 07:00:00,"M",22,NA,NA,40,"5317552c01074558abb6207a1067054e","CUS-1617121891",NA,NA,"debit","Tue","23:00:00","23","August"
"2563","authorized","1","ACC-2890243754","153.32","-27.93","POS","92fe417d-f3c4-4f78-a0d8-31e1b51878c0","Joseph",2021.68,2018-08-21 07:00:00,"M",37,"Mudgeeraba","QLD",7.37,"00759f430c2842909f717f2688ec0e68","CUS-2695611575","153.36","-28.11","debit","Tue","23:20:33","23","August"
"2564","authorized","1","ACC-1973887809","115.78","-31.90","SALES-POS","550c0b83-5997-4ac2-b699-2e68d81b6655","Antonio",2070.46,2018-08-21 07:00:00,"M",26,"Hillarys","WA",71.06,"27c9069e5c114485b4c95941784a8731","CUS-1646621553","115.75","-31.8","debit","Tue","23:48:19","23","August"
"2565","authorized","1","ACC-3485804958","138.52","-35.01","SALES-POS","f48b868b-9816-4b47-aef8-d53e28a33bbd","Jessica",18527.51,2018-08-22 07:00:00,"F",34,"Vincentia","NSW",15.14,"8fde4af544e840ca90fb08dab34a2a7d","CUS-1196156254","150.66","-35.08","debit","Wed","00:36:14","00","August"
"2566","authorized","0","ACC-2673069055","152.99","-27.49","POS","424b56bb-e775-4cc4-b8bd-bc5105497b87","Richard",16216.89,2018-08-22 07:00:00,"M",24,"Carindale","QLD",20.77,"53c1c21f349b47aa815b4d280283d016","CUS-51506836","153.1","-27.5","debit","Wed","01:14:05","01","August"
"2567","authorized","1","ACC-4065652575","115.81","-31.82","POS","4a873909-4fa6-4814-8ee4-965aef03f8b2","Lucas",8744.16,2018-08-22 07:00:00,"M",21,"Yokine","WA",13,"d546f569ae884437b4acac1b9ab5dd62","CUS-1117979751","115.85","-31.91","debit","Wed","01:36:49","01","August"
"2568","authorized","1","ACC-2890243754","153.32","-27.93","SALES-POS","aef30de1-c67e-4ab7-8577-2931a4bf3c7e","Joseph",2008.46,2018-08-22 07:00:00,"M",37,"Yowah","QLD",13.22,"bdf1fc9d28764858afb7b98fd301ed6c","CUS-2695611575","144.64","-27.97","debit","Wed","01:59:32","01","August"
"2569","posted",NA,"ACC-1788473090","145.06","-37.95","PAYMENT",NA,"Rachael",3482.56,2018-08-22 07:00:00,"F",21,NA,NA,193,"f115a51dfd1040d096bbd967f3601505","CUS-134193016",NA,NA,"debit","Wed","03:00:00","03","August"
"2570","authorized","0","ACC-3485804958","138.52","-35.01","POS","a1e5ae86-8fbd-4527-9064-284db0d393e5","Jessica",18521.46,2018-08-22 07:00:00,"F",34,"Henley Beach","SA",6.05,"e333ad04aa67417891d0a4881456d4bf","CUS-1196156254","138.5","-34.93","debit","Wed","04:07:52","04","August"
"2571","authorized","0","ACC-1056639002","145.03","-37.91","SALES-POS","707d851c-e281-43ff-ba6c-f2117b56566b","Michael",42909.41,2018-08-22 07:00:00,"M",22,"Carrum Downs","VIC",7.75,"fd27c8e7916d45d7971421d1d8dc8e32","CUS-3462882033","145.17","-38.11","debit","Wed","04:38:10","04","August"
"2572","posted",NA,"ACC-602667573","151.23","-33.96","INTER BANK",NA,"Michael",6053.8,2018-08-22 07:00:00,"M",40,NA,NA,21,"39192f098e0a4390b7f8667a098abe34","CUS-2031327464",NA,NA,"debit","Wed","06:00:00","06","August"
"2573","posted",NA,"ACC-2171593283","146.94","-36.04","PAYMENT",NA,"Fernando",6357.71,2018-08-22 07:00:00,"M",19,NA,NA,27,"3498bee8824d4fbf9d13a64492c0fbdd","CUS-2317998716",NA,NA,"debit","Wed","06:00:00","06","August"
"2574","posted",NA,"ACC-2776252858","144.95","-37.76","PAYMENT",NA,"Kristin",1143.7,2018-08-22 07:00:00,"F",43,NA,NA,29,"e5a2a2161be2400581514c0a7727449d","CUS-4123612273",NA,NA,"debit","Wed","06:00:00","06","August"
"2575","authorized","1","ACC-1056639002","145.03","-37.91","POS","0190da6a-3d01-40b5-9883-d509cc4002b6","Michael",42897.26,2018-08-22 07:00:00,"M",22,"Noble Park","VIC",12.15,"6c69314b4aac4b71b761bcffe08c4357","CUS-3462882033","145.19","-37.96","debit","Wed","06:04:26","06","August"
"2576","posted",NA,"ACC-588564840","151.27","-33.76","INTER BANK",NA,"Isaiah",9282.27,2018-08-22 07:00:00,"M",23,NA,NA,25,"9f3cfd111da0463a8ad1c71b8647e9d5","CUS-1462656821",NA,NA,"debit","Wed","07:00:00","07","August"
"2577","posted",NA,"ACC-1496451953","145.16","-37.84","INTER BANK",NA,"Ricky",6871.63,2018-08-22 07:00:00,"M",43,NA,NA,39,"e7420e779a11491f885db0598808356b","CUS-3142625864",NA,NA,"debit","Wed","07:00:00","07","August"
"2578","authorized","1","ACC-1598451071","153.41","-27.95","SALES-POS","d9642f09-08df-4ac6-bc92-3ba4d45784e1","Diana",965.8,2018-08-22 07:00:00,"F",26,"Southport","QLD",5.35,"d785b27440a64180a88ea6c76903ad22","CUS-2487424745","153.42","-27.97","debit","Wed","07:19:59","07","August"
"2579","authorized","1","ACC-354106658","151.04","-33.80","POS","87569114-2e5c-4694-bcd8-f7ae8f7e12b3","Christine",7869.22,2018-08-22 07:00:00,"F",39,"Sydney","NSW",20.62,"aa4063700abc484894bf9a76ce5c3a5b","CUS-2376382098","151.18","-33.94","debit","Wed","07:59:59","07","August"
"2580","posted",NA,"ACC-2014856841","144.99","-37.90","INTER BANK",NA,"Patrick",260023.9,2018-08-22 07:00:00,"M",46,NA,NA,22,"2fb3a0fffd044ce69e8bbb7db92f59b4","CUS-2370108457",NA,NA,"debit","Wed","08:00:00","08","August"
"2581","posted",NA,"ACC-2528867619","138.58","-34.96","PAYMENT",NA,"Abigail",4765.17,2018-08-22 07:00:00,"F",40,NA,NA,82,"2704ad14527e455c8f3cdb063d219d15","CUS-2505971401",NA,NA,"debit","Wed","08:00:00","08","August"
"2582","posted",NA,"ACC-4163822186","149.03","-34.97","PAYMENT",NA,"Karen",4417.98,2018-08-22 07:00:00,"F",26,NA,NA,55,"2bfec70d0eb74db4a5dfd110f6044440","CUS-2630892467",NA,NA,"debit","Wed","08:00:00","08","August"
"2583","posted",NA,"ACC-3954677887","115.72","-32.28","PAYMENT",NA,"Ruth",3427.68,2018-08-22 07:00:00,"F",47,NA,NA,58,"f0a8e2e00ed0483784433d6ba7f08295","CUS-3716701010",NA,NA,"debit","Wed","08:00:00","08","August"
"2584","posted",NA,"ACC-1990648130","114.62","-28.80","INTER BANK",NA,"Kaitlyn",2701.31,2018-08-22 07:00:00,"F",21,NA,NA,1383,"300447db7412413aaf0ea60f26714dd7","CUS-809013380",NA,NA,"debit","Wed","08:00:00","08","August"
"2585","authorized","1","ACC-3954677887","115.72","-32.28","SALES-POS","ec4c8abb-5081-4ebb-9d33-1150d045d213","Ruth",3485.68,2018-08-22 07:00:00,"F",47,"East Victoria Park","WA",22.02,"1f28f045a9ad486e9cab12ad593ccfde","CUS-3716701010","115.9","-31.99","debit","Wed","08:07:59","08","August"
"2586","authorized","1","ACC-2890243754","153.32","-27.93","SALES-POS","dd2927c4-ccc2-4aa7-be03-ca93ae8f77ad","Joseph",1990.79,2018-08-22 07:00:00,"M",37,"Aratula","QLD",17.67,"2b4c8f5895324a668df9ff02c9368205","CUS-2695611575","152.55","-27.98","debit","Wed","08:15:59","08","August"
"2587","authorized","0","ACC-182446574","116.06","-32.00","SALES-POS","05fc9271-850d-4e62-86d0-664347d73af2","Tonya",3871.57,2018-08-22 07:00:00,"F",27,"Leederville","WA",5.13,"b05b675a08524860b058ffbd30997ef7","CUS-3026014945","115.85","-31.94","debit","Wed","08:23:59","08","August"
"2588","authorized","1","ACC-354106658","151.04","-33.80","SALES-POS","5fd42700-58fe-4fb5-8770-360170b5d3a5","Christine",7825.35,2018-08-22 07:00:00,"F",39,"Collaroy","NSW",43.87,"372cda02f5d94883b8f9590f61a45610","CUS-2376382098","151.3","-33.73","debit","Wed","08:31:59","08","August"
"2589","authorized","1","ACC-3100725361","145.73","-17.03","SALES-POS","e475c328-f4bb-4542-b036-e7ee08661afc","Ronald",966.03,2018-08-22 07:00:00,"M",25,"Elliott","TAS",25.24,"70e1e943ca744708b9b36aee54d743bc","CUS-2178051368","145.79","-41.08","debit","Wed","08:39:59","08","August"
"2590","authorized","1","ACC-3485804958","138.52","-35.01","POS","af436251-02a4-45d4-bcde-267b5cf1a562","Jessica",18491.97,2018-08-22 07:00:00,"F",34,"South Nowra","NSW",29.49,"c777826a0ebf4421a3e2679b03ed4336","CUS-1196156254","150.6","-34.91","debit","Wed","08:47:59","08","August"
"2591","authorized","1","ACC-1598451071","153.41","-27.95","POS","e2fca367-d81a-4c98-80bf-cf065d83a699","Diana",958.2,2018-08-22 07:00:00,"F",26,"Bundall","QLD",7.6,"857e3fe84b664fc7adda3005a22d7a5d","CUS-2487424745","153.41","-28.01","debit","Wed","08:55:59","08","August"
"2592","posted",NA,"ACC-354106658","151.04","-33.80","INTER BANK",NA,"Christine",7800.35,2018-08-22 07:00:00,"F",39,NA,NA,25,"ae63f4fb015e436da36446ba2ed5f19a","CUS-2376382098",NA,NA,"debit","Wed","09:00:00","09","August"
"2593","posted",NA,"ACC-1443681913","150.92","-33.77","PAYMENT",NA,"Ryan",2777.36,2018-08-22 07:00:00,"M",31,NA,NA,36,"706e5325b84e4f3b9073bb789f0ae52f","CUS-3129499595",NA,NA,"debit","Wed","09:00:00","09","August"
"2594","authorized","0","ACC-1608363396","151.22","-33.87","SALES-POS","989aec6b-e224-4f1c-95e0-0572a1f6de28","Robert",2882.57,2018-08-22 07:00:00,"M",20,"Crows Nest","NSW",9.66,"0474af2a5832432ca7ea3458fc7e18de","CUS-2688605418","151.2","-33.82","debit","Wed","09:02:08","09","August"
"2595","authorized","1","ACC-2828321672","153.03","-27.51","POS","06e97ee1-fd6b-499e-92fe-9b1bfac33048","Stephanie",1822.82,2018-08-22 07:00:00,"F",53,"Bellara","QLD",30.65,"f330aa93726646358856fd470a2b575f","CUS-1005756958","153.16","-27.06","debit","Wed","09:06:26","09","August"
"2596","authorized","1","ACC-3954677887","115.72","-32.28","SALES-POS","dec98c7f-de17-4533-bd06-f6e5acd537b6","Ruth",3405.05,2018-08-22 07:00:00,"F",47,"Broken Hill","NSW",22.63,"84e7a05511eb40eaa83461fa1a71183f","CUS-3716701010","141.45","-31.96","debit","Wed","09:10:43","09","August"
"2597","authorized","1","ACC-3954677887","115.72","-32.28","SALES-POS","78bbe3f3-3090-4c0a-a291-3163f403c9be","Ruth",3344.84,2018-08-22 07:00:00,"F",47,"Mt Hawthorn","WA",60.21,"49e52e02c60a41cd8af7522ad46e6738","CUS-3716701010","115.84","-31.92","debit","Wed","09:15:01","09","August"
"2598","authorized","0","ACC-3536132544","144.93","-37.79","SALES-POS","d49c7364-41a4-4a48-be59-a2034aa21419","Heather",1006.4,2018-08-22 07:00:00,"F",41,"Hoppers Crossing","VIC",30.23,"e15ebc633d6c4ff5a1372eee7e8c327e","CUS-2348881191","144.68","-37.88","debit","Wed","09:19:18","09","August"
"2599","authorized","1","ACC-1598451071","153.41","-27.95","SALES-POS","8e682076-5627-40ee-a196-d996c260e513","Diana",947.24,2018-08-22 07:00:00,"F",26,"Parkwood","QLD",10.96,"e54bd7f3d9094cd6b27ca0980626a44e","CUS-2487424745","153.35","-27.95","debit","Wed","09:23:36","09","August"
"2600","authorized","1","ACC-2673069055","152.99","-27.49","POS","b0a75618-ae5c-4fd4-97af-66f328a0e01c","Richard",16208.93,2018-08-22 07:00:00,"M",24,"Slacks Creek","QLD",7.96,"2cd4c0babc654533a4a39c4bb965f129","CUS-51506836","153.13","-27.64","debit","Wed","09:27:53","09","August"
"2601","authorized","0","ACC-1496451953","145.16","-37.84","SALES-POS","bfa799bc-44b3-4c12-9029-e6f1cb34786e","Ricky",6846.84,2018-08-22 07:00:00,"M",43,"Bulleen","VIC",24.79,"ea5e45476f5945139165c3d97f37f77f","CUS-3142625864","145.09","-37.77","debit","Wed","09:32:11","09","August"
"2602","authorized","1","ACC-182446574","116.06","-32.00","SALES-POS","12f91afb-c3a2-4cbf-97cf-96b7c26be0fb","Tonya",3857.91,2018-08-22 07:00:00,"F",27,"Waterford","WA",13.66,"0646bfd3e1ae4918a3bd243595373767","CUS-3026014945","115.89","-32.02","debit","Wed","09:36:28","09","August"
"2603","authorized","0","ACC-1598451071","153.41","-27.95","SALES-POS","1c4d189b-15f8-4e6a-bf26-8c6e59804408","Diana",939.3,2018-08-22 07:00:00,"F",26,"Millmerran","QLD",7.94,"a094587920fb405d9124bb0efef6e607","CUS-2487424745","151.27","-27.88","debit","Wed","09:40:46","09","August"
"2604","authorized","0","ACC-2249586092","115.98","-32.07","POS","94b47426-4004-400b-b52e-a6918431670d","Edward",5843.57,2018-08-22 07:00:00,"M",19,"Myaree","WA",3.71,"fcd7f22571c143c9b14f5b29ad3cd134","CUS-443776336","115.81","-32.05","debit","Wed","09:45:03","09","August"
"2605","authorized","1","ACC-1496451953","145.16","-37.84","POS","40138f41-6964-4c8e-9756-c4bb1afa1c01","Ricky",6800.56,2018-08-22 07:00:00,"M",43,"Maribyrnong","VIC",46.28,"6d6bad50950e4b47ac3784c908ade235","CUS-3142625864","144.89","-37.77","debit","Wed","09:49:21","09","August"
"2606","authorized","1","ACC-3485804958","138.52","-35.01","SALES-POS","170e5de7-7f8e-4990-bdff-01c72108a46a","Jessica",18447.71,2018-08-22 07:00:00,"F",34,"Adelaide","SA",44.26,"4c0ee542b37148748193cd01906bce4c","CUS-1196156254","138.61","-34.93","debit","Wed","09:53:38","09","August"
"2607","authorized","1","ACC-1598451071","153.41","-27.95","SALES-POS","4fed93ab-f622-4e44-b7ca-8dcdd6b43e35","Diana",918.39,2018-08-22 07:00:00,"F",26,"Broadbeach","QLD",20.91,"0af6c1a64efd4087874490194318b578","CUS-2487424745","153.43","-28.04","debit","Wed","09:57:56","09","August"
"2608","posted",NA,"ACC-1037050564","153.10","-27.66","PAYMENT",NA,"Rhonda",2546.05,2018-08-22 07:00:00,"F",40,NA,NA,32,"25ab66f423f745f9859e646f19a436ac","CUS-1614226872",NA,NA,"debit","Wed","10:00:00","10","August"
"2609","posted",NA,"ACC-1799207998","150.68","-33.79","INTER BANK",NA,"Susan",3237.57,2018-08-22 07:00:00,"F",20,NA,NA,39,"8b7b9929ebf24840a46094c6fc98d207","CUS-164374203",NA,NA,"debit","Wed","10:00:00","10","August"
"2610","posted",NA,"ACC-2107684084","145.03","-37.88","PAYMENT",NA,"Richard",4223.69,2018-08-22 07:00:00,"M",22,NA,NA,34,"0beb286d8816431ba46f3c7cc0b138bc","CUS-2283904812",NA,NA,"debit","Wed","10:00:00","10","August"
"2611","posted",NA,"ACC-2173390920","144.71","-37.58","PAYMENT",NA,"Luis",3453.43,2018-08-22 07:00:00,"M",27,NA,NA,29,"4af9460bf2b046968018d2361859b115","CUS-3180318393",NA,NA,"debit","Wed","10:00:00","10","August"
"2612","posted",NA,"ACC-966140392","147.08","-37.97","PAYMENT",NA,"Joseph",3196.18,2018-08-22 07:00:00,"M",21,NA,NA,30,"d99b7fba2e81478098e1caaa3362c56f","CUS-537508723",NA,NA,"debit","Wed","10:00:00","10","August"
"2613","authorized","1","ACC-37709441","153.41","-28.01","POS","8c17f994-bf4e-4045-ad13-7cbf4173eea4","Charles",7494.61,2018-08-22 07:00:00,"M",18,"Geraldton","WA",5.34,"a39546d6c8b94b4eb53bc9711875bbd5","CUS-3336454548","114.61","-28.77","debit","Wed","10:08:07","10","August"
"2614","authorized","0","ACC-3021093232","149.83","-29.47","SALES-POS","22c89deb-d382-45dd-b5bb-2c95d52f2fe5","Melissa",4465.79,2018-08-22 07:00:00,"F",30,"Goulburn","NSW",71.4,"beeb04e8b63342e5a062574c14d5f47f","CUS-55310383","149.73","-34.74","debit","Wed","10:23:44","10","August"
"2615","authorized","1","ACC-2249586092","115.98","-32.07","POS","20946f54-d601-4554-87d9-4b607b1ee2e6","Edward",5837.74,2018-08-22 07:00:00,"M",19,"South Fremantle","WA",5.83,"7b079e6176f74183a3c48e33b21f66a3","CUS-443776336","115.75","-32.07","debit","Wed","10:39:22","10","August"
"2616","authorized","0","ACC-53508546","150.62","-33.76","SALES-POS","5a856249-6d46-4c0e-b5dd-f75561a22575","Kimberly",1913.9,2018-08-22 07:00:00,"F",35,"Dee Why","NSW",8.2,"84d07a3b093945d7b2cd46d5f169fd8c","CUS-72755508","151.28","-33.76","debit","Wed","10:54:59","10","August"
"2617","posted",NA,"ACC-80388494","144.97","-37.42","INTER BANK",NA,"Dustin",2254.01,2018-08-22 07:00:00,"M",28,NA,NA,90,"0b519b545bbf4b3e9502067dd915d8a1","CUS-1140341822",NA,NA,"debit","Wed","11:00:00","11","August"
"2618","authorized","1","ACC-1222300524","151.23","-33.94","POS","308ac76c-03d3-4de8-b593-4eec154824c3","Michael",2077.92,2018-08-22 07:00:00,"M",38,"Belmore","NSW",6.87,"f0ad3996412348c895563c99249256f7","CUS-2142601169","151.09","-33.92","debit","Wed","11:04:59","11","August"
"2619","authorized","1","ACC-1243371644","150.90","-33.78","POS","8ef27717-927e-4c96-ac19-e804a24c8126","Gregory",1389.7,2018-08-22 07:00:00,"M",42,"Chatswood","NSW",18.53,"bb2276de21594cd99530fd15f9861780","CUS-3904958894","151.18","-33.8","debit","Wed","11:12:21","11","August"
"2620","authorized","1","ACC-1222300524","151.23","-33.94","SALES-POS","fb24053d-5522-4646-bdc7-71130114e96c","Michael",2073.16,2018-08-22 07:00:00,"M",38,"Chatswood","NSW",4.76,"8b25208647c543d183836220ef3d0e72","CUS-2142601169","151.18","-33.8","debit","Wed","11:19:42","11","August"
"2621","authorized","1","ACC-2673069055","152.99","-27.49","POS","8f3c4e8a-1ad0-4d1e-92fe-de82441d620d","Richard",16205.29,2018-08-22 07:00:00,"M",24,"Browns Plains","QLD",3.64,"64d27c4f0b6f4f96a76f0ae392725f69","CUS-51506836","153.04","-27.66","debit","Wed","11:27:03","11","August"
"2622","authorized","0","ACC-4065652575","115.81","-31.82","SALES-POS","65c70256-9c0c-46f7-aba1-5065fbcc350a","Lucas",8725.43,2018-08-22 07:00:00,"M",21,"Claremont","WA",18.73,"b73240ef11c84ba39ec9a8758ffbfc37","CUS-1117979751","115.78","-31.98","debit","Wed","11:34:24","11","August"
"2623","authorized","1","ACC-1788473090","145.06","-37.95","POS","60e022b6-d6c2-465c-936a-9c8bb35936bf","Rachael",3442.22,2018-08-22 07:00:00,"F",21,"Balwyn North","VIC",40.34,"1026d89ea1de4fd9bc2b8f136abb3a10","CUS-134193016","145.07","-37.79","debit","Wed","11:41:45","11","August"
"2624","authorized","1","ACC-1608363396","151.22","-33.87","SALES-POS","0101c0d9-6a4b-4dbd-9f59-91e376d584bb","Robert",2782.41,2018-08-22 07:00:00,"M",20,"Balcatta","WA",100.16,"315a4cad9bd44dfb8d3c2f62dbf4bf53","CUS-2688605418","115.82","-31.87","debit","Wed","11:49:07","11","August"
"2625","authorized","1","ACC-819621312","145.04","-37.85","POS","bf62cfa9-b1fd-4b74-bc94-5faed6a1b9de","Michele",2375.58,2018-08-22 07:00:00,"F",30,"Preston","VIC",25.8,"49f98ee903934642acd49788ebf9dfc2","CUS-1271030853","145.03","-37.74","debit","Wed","11:56:28","11","August"
"2626","posted",NA,"ACC-3084464802","145.15","-37.76","PAY/SALARY",NA,"Susan",5209.5,2018-08-22 07:00:00,"F",19,NA,NA,2485.37,"3a4c893374e8425c9a0639321b35ac80","CUS-1928710999",NA,NA,"credit","Wed","12:00:00","12","August"
"2627","posted",NA,"ACC-1650504218","145.01","-37.93","PAY/SALARY",NA,"Marissa",5697.52,2018-08-22 07:00:00,"F",23,NA,NA,1626.48,"dc875fcbcc4c48f79b4892c29f73fce6","CUS-2500783281",NA,NA,"credit","Wed","12:00:00","12","August"
"2628","posted",NA,"ACC-4163822186","149.03","-34.97","PAYMENT",NA,"Karen",4371.98,2018-08-22 07:00:00,"F",26,NA,NA,46,"6e468df6299442a4bcfa335c812b5ab8","CUS-2630892467",NA,NA,"debit","Wed","12:00:00","12","August"
"2629","posted",NA,"ACC-182446574","116.06","-32.00","INTER BANK",NA,"Tonya",3800.91,2018-08-22 07:00:00,"F",27,NA,NA,57,"37063b45d21b49c39507978238b00a41","CUS-3026014945",NA,NA,"debit","Wed","12:00:00","12","August"
"2630","posted",NA,"ACC-2173390920","144.71","-37.58","INTER BANK",NA,"Luis",3313.43,2018-08-22 07:00:00,"M",27,NA,NA,140,"23dfd7000f71472ebed24fdb0ac04681","CUS-3180318393",NA,NA,"debit","Wed","12:00:00","12","August"
"2631","posted",NA,"ACC-3326339947","151.18","-33.80","PAY/SALARY",NA,"Eric",5240.83,2018-08-22 07:00:00,"M",22,NA,NA,983.36,"1d8547c49d6e4d9a9f3232eb84c34743","CUS-326006476",NA,NA,"credit","Wed","12:00:00","12","August"
"2632","posted",NA,"ACC-37709441","153.41","-28.01","PAYMENT",NA,"Charles",7321.61,2018-08-22 07:00:00,"M",18,NA,NA,173,"cd8be7e6dd6e43468dc34b9908655d67","CUS-3336454548",NA,NA,"debit","Wed","12:00:00","12","August"
"2633","posted",NA,"ACC-2897221629","150.90","-34.37","INTER BANK",NA,"Scott",2261.24,2018-08-22 07:00:00,"M",23,NA,NA,99,"58e34bbc8f654650acd6b32aabcc4595","CUS-511326734",NA,NA,"debit","Wed","12:00:00","12","August"
"2634","authorized","1","ACC-1496451953","145.16","-37.84","SALES-POS","86e10e23-b99e-47a1-83b3-6a8a8488a4aa","Ricky",6787.88,2018-08-22 07:00:00,"M",43,"Middle Park","VIC",12.68,"cae1dc4f04cd4c33bf1925f822d5b379","CUS-3142625864","144.96","-37.85","debit","Wed","12:09:37","12","August"
"2635","authorized","1","ACC-1799207998","150.68","-33.79","SALES-POS","ee2b7bc9-a409-42a7-a36f-dcfd2177e959","Susan",3215.69,2018-08-22 07:00:00,"F",20,"Allambie Heights","NSW",21.88,"706d925fe6e94aba84c6766fd3659108","CUS-164374203","151.25","-33.77","debit","Wed","12:28:08","12","August"
"2636","authorized","0","ACC-2673069055","152.99","-27.49","POS","86dde4fe-7852-4ea4-856e-46959a0d3796","Richard",16182.4,2018-08-22 07:00:00,"M",24,"Toowoomba","QLD",22.89,"3f51c2d88785469fb412e40ba14ebd2c","CUS-51506836","151.97","-27.57","debit","Wed","12:46:39","12","August"
"2637","posted",NA,"ACC-3100725361","145.73","-17.03","INTER BANK",NA,"Ronald",940.03,2018-08-22 07:00:00,"M",25,NA,NA,26,"631f30e2e8a04f7ab88659a919278e03","CUS-2178051368",NA,NA,"debit","Wed","13:00:00","13","August"
"2638","posted",NA,"ACC-1516130869","130.84","-12.45","PAY/SALARY",NA,"Jessica",4183.72,2018-08-22 07:00:00,"F",21,NA,NA,2306.63,"052fb1250a904c83826a152294ef15d8","CUS-325142416",NA,NA,"credit","Wed","13:00:00","13","August"
"2639","posted",NA,"ACC-2776252858","144.95","-37.76","PAY/SALARY",NA,"Kristin",2211.74,2018-08-22 07:00:00,"F",43,NA,NA,1068.04,"5c15034afec244d9b14a1fd33cdef95b","CUS-4123612273",NA,NA,"credit","Wed","13:00:00","13","August"
"2640","authorized","0","ACC-2828321672","153.03","-27.51","POS","5fecdd4a-a0a0-46ec-876f-323b013fce47","Stephanie",1811.06,2018-08-22 07:00:00,"F",53,"Jindalee","QLD",11.76,"2e3c8c573af0488891c65e7793546348","CUS-1005756958","152.95","-27.53","debit","Wed","13:05:29","13","August"
"2641","authorized","1","ACC-1890605467","143.88","-37.66","POS","625ce358-1e06-419b-a6cf-b7a8a56ca554","Alexander",8210.74,2018-08-22 07:00:00,"M",38,"Doncaster","VIC",18.62,"36baeb12e1b046f094a78f6ea18b94d4","CUS-1478398256","145.12","-37.77","debit","Wed","13:25:05","13","August"
"2642","authorized","1","ACC-1243371644","150.90","-33.78","SALES-POS","46905ba4-bd50-4978-9312-45a825663d35","Gregory",1345.53,2018-08-22 07:00:00,"M",42,"Randwick","NSW",44.17,"08bd1a857522448fa11cf30ee0d2b376","CUS-3904958894","151.24","-33.91","debit","Wed","13:44:42","13","August"
"2643","posted",NA,"ACC-1598451071","153.41","-27.95","PAY/SALARY",NA,"Diana",1932.06,2018-08-22 07:00:00,"F",26,NA,NA,1013.67,"72e4010a18564f15a097c97af6d309bc","CUS-2487424745",NA,NA,"credit","Wed","14:00:00","14","August"
"2644","posted",NA,"ACC-240804743","121.48","-30.75","PAYMENT",NA,"Kenneth",7862.21,2018-08-22 07:00:00,"M",29,NA,NA,56,"874a32c352b749d191a17f0ad5878716","CUS-261674136",NA,NA,"debit","Wed","14:00:00","14","August"
"2645","posted",NA,"ACC-2673069055","152.99","-27.49","PAYMENT",NA,"Richard",16112.4,2018-08-22 07:00:00,"M",24,NA,NA,70,"2d1fe5e67726433894d0d7f9c412553a","CUS-51506836",NA,NA,"debit","Wed","14:00:00","14","August"
"2646","authorized","1","ACC-3485804958","138.52","-35.01","SALES-POS","b51c5167-4500-430e-b4f1-8b2877529495","Jessica",18440.37,2018-08-22 07:00:00,"F",34,"Bruce","ACT",7.34,"ca076130141d4960bba753946d80d64c","CUS-1196156254","149.08","-35.24","debit","Wed","14:02:04","14","August"
"2647","authorized","1","ACC-1799207998","150.68","-33.79","POS","a25213a7-e817-44c8-8077-7e84b332e8a3","Susan",3198.1,2018-08-22 07:00:00,"F",20,"Yeppoon","QLD",17.59,"c316cf3f46b64a859ddabb228ec44a67","CUS-164374203","150.74","-23.13","debit","Wed","14:11:30","14","August"
"2648","authorized","1","ACC-2249586092","115.98","-32.07","SALES-POS","d4a13396-46d8-4741-ab3d-68e8211c0813","Edward",5822.14,2018-08-22 07:00:00,"M",19,"Karrinyup","WA",15.6,"bf655c004ee2482da933d4e483a5b0ff","CUS-443776336","115.78","-31.88","debit","Wed","14:20:56","14","August"
"2649","authorized","0","ACC-2828321672","153.03","-27.51","POS","af914cdf-e2bf-404d-924c-d2e4de0b9400","Stephanie",1796.99,2018-08-22 07:00:00,"F",53,"Springfield Lakes","QLD",14.07,"43f6c79dbbec4ce19dba54b1c6f3ff76","CUS-1005756958","152.92","-27.67","debit","Wed","14:30:22","14","August"
"2650","authorized","0","ACC-1243371644","150.90","-33.78","SALES-POS","4fb5e5c0-e3a9-4958-80a2-dd3faff4b1c7","Gregory",1339.9,2018-08-22 07:00:00,"M",42,"Turramurra","NSW",5.63,"2f84f188935d4810b30731a1704969e8","CUS-3904958894","151.13","-33.72","debit","Wed","14:39:48","14","August"
"2651","authorized","1","ACC-2615038700","145.35","-38.03","SALES-POS","0d607b5d-581e-461d-b6b7-91f0bf8bb205","Emily",29828.14,2018-08-22 07:00:00,"F",43,"Edithvale","VIC",178.28,"a08afa3ec69a4810a82702f5998f3a22","CUS-3255104878","145.11","-38.04","debit","Wed","14:49:14","14","August"
"2652","authorized","1","ACC-1973887809","115.78","-31.90","SALES-POS","948749e3-471e-4a8f-92ad-73e934b95ec4","Antonio",2045.42,2018-08-22 07:00:00,"M",26,"Sydney","NSW",25.04,"ecbf6f1a8ec447d8a1fa04b7bfd1cc40","CUS-1646621553","151.21","-33.87","debit","Wed","14:58:40","14","August"
"2653","posted",NA,"ACC-2305712452","138.61","-34.89","PAYMENT",NA,"Debra",1962.5,2018-08-22 07:00:00,"F",18,NA,NA,36,"eb97b5dc73a24ff1864ec27260502503","CUS-1842679196",NA,NA,"debit","Wed","15:00:00","15","August"
"2654","posted",NA,"ACC-38923874","151.27","-33.90","PAYMENT",NA,"Ryan",33052.34,2018-08-22 07:00:00,"M",38,NA,NA,35,"abbcdbe3b13b4a58b7c6b09f331e86b1","CUS-3249305314",NA,NA,"debit","Wed","15:00:00","15","August"
"2655","authorized","1","ACC-2890243754","153.32","-27.93","SALES-POS","0e15eea9-4cb7-4488-9770-07418b52745c","Joseph",1982.08,2018-08-22 07:00:00,"M",37,"Broadbeach","QLD",8.71,"505a0ad97ec94904a95bee5a24093c97","CUS-2695611575","153.43","-28.04","debit","Wed","15:05:24","15","August"
"2656","authorized","1","ACC-1243371644","150.90","-33.78","POS","6464e14d-4b6c-43f2-8635-061c7fd80568","Gregory",1320.38,2018-08-22 07:00:00,"M",42,"Dee Why","NSW",19.52,"d59e4d5cf89b4f8fa20317a2a9f89fbf","CUS-3904958894","151.3","-33.76","debit","Wed","15:11:41","15","August"
"2657","authorized","1","ACC-847145727","115.90","-31.92","POS","a92e16c3-14a3-4d19-b4e9-19ccd297e4f8","Michael",52389.83,2018-08-22 07:00:00,"M",19,"Broken Hill","NSW",37.79,"99027204ba7d47b7bb243f6aed4f2f30","CUS-1609060617","141.45","-31.95","debit","Wed","15:17:59","15","August"
"2658","authorized","1","ACC-2828321672","153.03","-27.51","SALES-POS","b32ff943-79b1-4cf2-ac7f-f7f93b9cf610","Stephanie",1660.03,2018-08-22 07:00:00,"F",53,"Brisbane City","QLD",136.96,"24957416fadd468f90cd9c5e5627be7d","CUS-1005756958","153.03","-27.47","debit","Wed","15:24:16","15","August"
"2659","authorized","1","ACC-1598451071","153.41","-27.95","SALES-POS","30a7f8e5-0d78-45b8-afe5-5f479cafeb3b","Diana",1919.26,2018-08-22 07:00:00,"F",26,"Varsity Lakes","QLD",12.8,"d73d054bd6fc477da7ff9f306486770d","CUS-2487424745","153.41","-28.1","debit","Wed","15:30:33","15","August"
"2660","authorized","1","ACC-2305712452","138.61","-34.89","POS","cb30f6ec-72d1-41f9-bac8-5fe28a48f093","Debra",1998.5,2018-08-22 07:00:00,"F",18,"Yass","NSW",19.43,"295aac34908a4095854e136973971d55","CUS-1842679196","148.91","-34.83","debit","Wed","15:36:51","15","August"
"2661","authorized","1","ACC-2259139624","144.66","-37.91","POS","6a36c97a-ba11-4a85-b45b-44999fffe057","Cindy",4081.12,2018-08-22 07:00:00,"F",19,"Gisborne","VIC",38.64,"f58357f0b4704be5b8a6e3763eca5c89","CUS-3174332735","144.59","-37.49","debit","Wed","15:43:08","15","August"
"2662","authorized","1","ACC-2988263882","145.18","-37.90","SALES-POS","05345a7f-6262-4bf6-a96d-d90c4e0ae8b8","Michael",3173.51,2018-08-22 07:00:00,"M",44,"Brunswick East","VIC",34.53,"0193ccb1e2214d1685c89763d9f8509d","CUS-1233833708","144.97","-37.76","debit","Wed","15:49:26","15","August"
"2663","authorized","1","ACC-3485804958","138.52","-35.01","POS","03bbaee4-1663-48e2-8abe-487eb9eb52d2","Jessica",18415.1,2018-08-22 07:00:00,"F",34,"Hillcrest","SA",25.27,"ddf66fafea9249c2891b31665e9c7f38","CUS-1196156254","138.65","-34.86","debit","Wed","15:55:43","15","August"
"2664","posted",NA,"ACC-4065652575","115.81","-31.82","PAYMENT",NA,"Lucas",8670.43,2018-08-22 07:00:00,"M",21,NA,NA,55,"7a649c5271824a908e58614428190b4d","CUS-1117979751",NA,NA,"debit","Wed","16:00:00","16","August"
"2665","posted",NA,"ACC-1799207998","150.68","-33.79","PAYMENT",NA,"Susan",3163.1,2018-08-22 07:00:00,"F",20,NA,NA,35,"7b1dd43d1b9244b7a3abfc4ccd223698","CUS-164374203",NA,NA,"debit","Wed","16:00:00","16","August"
"2666","posted",NA,"ACC-1973887809","115.78","-31.90","PAY/SALARY",NA,"Antonio",3144.33,2018-08-22 07:00:00,"M",26,NA,NA,1098.91,"d1b1f165574f4e1a9c4c5c3e5af602d5","CUS-1646621553",NA,NA,"credit","Wed","16:00:00","16","August"
"2667","authorized","1","ACC-1438600314","138.69","-34.84","SALES-POS","3287f682-8760-4b85-b0a7-a063edf15978","Maria",3645.38,2018-08-22 07:00:00,"F",35,"North Brighton","SA",15.47,"0bcc717b70924068909bb322b00d2dfb","CUS-2650223890","138.52","-35","debit","Wed","16:05:25","16","August"
"2668","authorized","1","ACC-1496451953","145.16","-37.84","SALES-POS","25c895f5-a4c8-4654-a2f7-56567f6a3a27","Ricky",6760.94,2018-08-22 07:00:00,"M",43,"Richmond","VIC",26.94,"e978e2cf057440eaa710a15dbb1099e9","CUS-3142625864","145.01","-37.82","debit","Wed","16:22:22","16","August"
"2669","authorized","1","ACC-1222300524","151.23","-33.94","SALES-POS","143beac6-1608-4b52-9288-70a6b2617ad2","Michael",1994.15,2018-08-22 07:00:00,"M",38,"Panania","NSW",79.01,"a6d9e63d81054fe88c3867973cea6d0c","CUS-2142601169","151","-33.95","debit","Wed","16:39:19","16","August"
"2670","authorized","1","ACC-3100725361","145.73","-17.03","POS","a42d4595-dcd9-41ca-95e4-946b8243355b","Ronald",923.81,2018-08-22 07:00:00,"M",25,"Berrigan","NSW",16.22,"c3023ec7526246df91366c6a9277c01b","CUS-2178051368","145.81","-35.66","debit","Wed","16:56:16","16","August"
"2671","posted",NA,"ACC-819621312","145.04","-37.85","PAY/SALARY",NA,"Michele",3533.73,2018-08-22 07:00:00,"F",30,NA,NA,1158.15,"7e24a84354ea4777aaa0a036835094ba","CUS-1271030853",NA,NA,"credit","Wed","17:00:00","17","August"
"2672","posted",NA,"ACC-2920611728","144.96","-37.76","PAY/SALARY",NA,"Tyler",4414.32,2018-08-22 07:00:00,"M",69,NA,NA,1043.12,"262d0a81a4e84826ae1a289ba30f4a18","CUS-1388323263",NA,NA,"credit","Wed","17:00:00","17","August"
"2673","posted",NA,"ACC-2901672282","255.00","-573.00","PAYMENT",NA,"Daniel",3328.97,2018-08-22 07:00:00,"M",22,NA,NA,33,"5acc41b11e1045dda0be2ecad67838d9","CUS-1617121891",NA,NA,"debit","Wed","17:00:00","17","August"
"2674","posted",NA,"ACC-1799207998","150.68","-33.79","PAY/SALARY",NA,"Susan",4558.59,2018-08-22 07:00:00,"F",20,NA,NA,1395.49,"2fe681c09ee2439c9e76f9eefb550832","CUS-164374203",NA,NA,"credit","Wed","17:00:00","17","August"
"2675","posted",NA,"ACC-2171593283","146.94","-36.04","PAY/SALARY",NA,"Fernando",8997.47,2018-08-22 07:00:00,"M",19,NA,NA,2639.76,"827b074bb96e49afa0d222e4d8184d3c","CUS-2317998716",NA,NA,"credit","Wed","17:00:00","17","August"
"2676","posted",NA,"ACC-4163822186","149.03","-34.97","PAYMENT",NA,"Karen",4321.98,2018-08-22 07:00:00,"F",26,NA,NA,50,"23a2f9a90d844a529fd0878c28687674","CUS-2630892467",NA,NA,"debit","Wed","17:00:00","17","August"
"2677","posted",NA,"ACC-3317636250","153.02","-27.66","PAYMENT",NA,"Kenneth",6994.64,2018-08-22 07:00:00,"M",35,NA,NA,121,"facf5182259e429298bdb7aa65d31575","CUS-2738291516",NA,NA,"debit","Wed","17:00:00","17","August"
"2678","authorized","0","ACC-1496451953","145.16","-37.84","POS","b5629e6f-ddc0-4c61-b437-12a8c8bf66dd","Ricky",6722.93,2018-08-22 07:00:00,"M",43,"South Melbourne","VIC",38.01,"2355cf0ddbc34028a10b96399209137f","CUS-3142625864","144.96","-37.83","debit","Wed","17:08:34","17","August"
"2679","authorized","1","ACC-2673069055","152.99","-27.49","POS","55460e3b-6ab0-4986-bbf4-8077f7e34891","Richard",16092,2018-08-22 07:00:00,"M",24,"Tingalpa","QLD",20.4,"a9b13794bc394ddf8669689531a0c275","CUS-51506836","153.13","-27.47","debit","Wed","17:19:33","17","August"
"2680","authorized","1","ACC-2173390920","144.71","-37.58","SALES-POS","4b227720-d6ff-4a29-ba14-ce7eb6bbcdac","Luis",3303.59,2018-08-22 07:00:00,"M",27,"Hoppers Crossing","VIC",9.84,"31fa183e3af34f718b4b8f929e311a38","CUS-3180318393","144.69","-37.87","debit","Wed","17:30:32","17","August"
"2681","authorized","1","ACC-2673069055","152.99","-27.49","SALES-POS","2e61fcfd-9986-4926-bc9e-3977bae5a41b","Richard",16080.84,2018-08-22 07:00:00,"M",24,"Harlaxton","QLD",11.16,"1fa0a081c5914ce496cc8b481675c9ee","CUS-51506836","151.96","-27.53","debit","Wed","17:41:32","17","August"
"2682","authorized","1","ACC-354106658","151.04","-33.80","POS","172c4e09-0649-4e08-b3fc-38b3f0e48210","Christine",7755.82,2018-08-22 07:00:00,"F",39,"Inverell","NSW",44.53,"27068b8265574b69a8ae007dd84ea7a1","CUS-2376382098","151.11","-29.77","debit","Wed","17:52:31","17","August"
"2683","posted",NA,"ACC-2153562714","116.00","-31.88","PAYMENT",NA,"Linda",280.22,2018-08-22 07:00:00,"F",24,NA,NA,46,"4e2f183153cd41f390efc1c576ea6e85","CUS-423725039",NA,NA,"debit","Wed","18:00:00","18","August"
"2684","posted",NA,"ACC-3021093232","149.83","-29.47","INTER BANK",NA,"Melissa",4310.79,2018-08-22 07:00:00,"F",30,NA,NA,155,"23afaae33b6e4bb2bb10b7f50bb52ba1","CUS-55310383",NA,NA,"debit","Wed","18:00:00","18","August"
"2685","authorized","1","ACC-1516130869","130.84","-12.45","POS","e9d1bc97-2073-4ede-9665-ab400e8e7be6","Jessica",4149.38,2018-08-22 07:00:00,"F",21,"Coconut Grove","NT",34.34,"6b2d70130fe5424bb24eb46e35c4ee2a","CUS-325142416","130.85","-12.4","debit","Wed","18:08:53","18","August"
"2686","authorized","1","ACC-574997646","150.79","-33.64","POS","17c5ea0e-2786-4e91-9cbb-a5ce9f0e64d4","Mackenzie",1472.1,2018-08-22 07:00:00,"F",18,"Maroubra","NSW",15.23,"76afff68a3cc41689e1c5a7ac1fbf394","CUS-586638664","151.24","-33.94","debit","Wed","18:36:39","18","August"
"2687","posted",NA,"ACC-1349834573","145.17","-37.84","PAYMENT",NA,"Matthew",8314.35,2018-08-22 07:00:00,"M",39,NA,NA,48,"17cac465d56c46adb8a6315238cef739","CUS-1790886359",NA,NA,"debit","Wed","19:00:00","19","August"
"2688","posted",NA,"ACC-4274272854","145.23","-37.86","PAYMENT",NA,"Timothy",3685.08,2018-08-22 07:00:00,"M",20,NA,NA,116,"e526c15d2f864df19b4c87cd1cd8164c","CUS-2484453271",NA,NA,"debit","Wed","19:00:00","19","August"
"2689","authorized","0","ACC-4258502723","145.45","-37.74","POS","0fad9ab3-9f39-461d-bc77-af7fb8bcd525","Kimberly",1974.66,2018-08-22 07:00:00,"F",24,"Richmond","VIC",22.07,"6b2aa3456752428eb47e9f5f5d6388c1","CUS-3378712515","145","-37.82","debit","Wed","19:01:49","19","August"
"2690","authorized","1","ACC-3021093232","149.83","-29.47","SALES-POS","7dee69cf-5736-4247-bccb-f9a0892ae760","Melissa",3887.7,2018-08-22 07:00:00,"F",30,"Keilor Park","VIC",423.09,"d12c016b28d94f7e879a92a5ee560a5b","CUS-55310383","144.85","-37.72","debit","Wed","19:13:10","19","August"
"2691","authorized","1","ACC-1222300524","151.23","-33.94","SALES-POS","63c4c62f-d976-4854-97d5-f2a83f11bdb5","Michael",1959.18,2018-08-22 07:00:00,"M",38,"Beacon Hill","NSW",34.97,"762140984800405cb47d30a9e7398cf3","CUS-2142601169","151.25","-33.75","debit","Wed","19:24:32","19","August"
"2692","authorized","1","ACC-2249586092","115.98","-32.07","SALES-POS","3e78f1c7-deb3-415e-bc4f-a99d3bb79eb3","Edward",5813.64,2018-08-22 07:00:00,"M",19,"Aveley","WA",8.5,"d836448068934a4095d48b518b9c9cfe","CUS-443776336","115.99","-31.78","debit","Wed","19:35:54","19","August"
"2693","authorized","0","ACC-2890243754","153.32","-27.93","POS","5a3d5cd5-8727-46ce-a599-5d51f1a10c41","Joseph",1975.85,2018-08-22 07:00:00,"M",37,"Oxenford","QLD",6.23,"fa42b80d50564b67bd21f41e9d0ddfcb","CUS-2695611575","153.32","-27.92","debit","Wed","19:47:16","19","August"
"2694","authorized","1","ACC-2673069055","152.99","-27.49","SALES-POS","a6a51af8-8bb2-44af-acdd-01bbec89e2a3","Richard",16064.82,2018-08-22 07:00:00,"M",24,"Woolloongabba","QLD",16.02,"e4bd2b560cfd4862b33d41e217da4234","CUS-51506836","153.04","-27.5","debit","Wed","19:58:38","19","August"
"2695","posted",NA,"ACC-2171593283","146.94","-36.04","PAYMENT",NA,"Fernando",8980.47,2018-08-22 07:00:00,"M",19,NA,NA,17,"3437ed87c5164d6195a1ee46d0a38d83","CUS-2317998716",NA,NA,"debit","Wed","20:00:00","20","August"
"2696","posted",NA,"ACC-1650504218","145.01","-37.93","PAYMENT",NA,"Marissa",5664.52,2018-08-22 07:00:00,"F",23,NA,NA,33,"a2a45cc6883b42738c58f8153ce59dfd","CUS-2500783281",NA,NA,"debit","Wed","20:00:00","20","August"
"2697","posted",NA,"ACC-182446574","116.06","-32.00","INTER BANK",NA,"Tonya",3767.91,2018-08-22 07:00:00,"F",27,NA,NA,33,"7e125579ddbf4851a1cf832b7b1ff67b","CUS-3026014945",NA,NA,"debit","Wed","20:00:00","20","August"
"2698","posted",NA,"ACC-4281711154","144.98","-37.84","PHONE BANK",NA,"Eric",36441.74,2018-08-22 07:00:00,"M",42,NA,NA,36,"c50987e0a9ea41748f8afb33b408559e","CUS-3151318058",NA,NA,"debit","Wed","20:00:00","20","August"
"2699","posted",NA,"ACC-3954677887","115.72","-32.28","INTER BANK",NA,"Ruth",3223.84,2018-08-22 07:00:00,"F",47,NA,NA,121,"73e032c464674a4d9708878f5e8267ac","CUS-3716701010",NA,NA,"debit","Wed","20:00:00","20","August"
"2700","authorized","1","ACC-1516130869","130.84","-12.45","POS","358e6a17-3f2d-4023-803d-b63b201c583e","Jessica",4141.6,2018-08-22 07:00:00,"F",21,"Eaton","NT",7.78,"f3640143ce48411eba1ee0a2dbe5e1a7","CUS-325142416","130.88","-12.41","debit","Wed","20:24:26","20","August"
"2701","authorized","0","ACC-1222300524","151.23","-33.94","SALES-POS","1f3cf107-6d54-43a9-b6be-b0a1ee2ba1da","Michael",1937.22,2018-08-22 07:00:00,"M",38,"Liverpool","NSW",21.96,"01b794d03d2d483a849e7f0b0207e022","CUS-2142601169","150.92","-33.92","debit","Wed","20:52:13","20","August"
"2702","posted",NA,"ACC-3536132544","144.93","-37.79","INTER BANK",NA,"Heather",963.4,2018-08-22 07:00:00,"F",41,NA,NA,43,"0e0404f7129c47e19e6708caabfd2493","CUS-2348881191",NA,NA,"debit","Wed","21:00:00","21","August"
"2703","posted",NA,"ACC-2173390920","144.71","-37.58","PHONE BANK",NA,"Luis",3236.59,2018-08-22 07:00:00,"M",27,NA,NA,67,"d046092c380e468ebd30e95e5ae58880","CUS-3180318393",NA,NA,"debit","Wed","21:00:00","21","August"
"2704","authorized","1","ACC-958000567","130.90","-12.37","POS","8bcca9c1-e1e8-4d3c-961f-3d9b4c3e4e86","Sandra",5689.58,2018-08-22 07:00:00,"F",34,"Millner","NT",19.5,"6840563e7d924612afb73a204c9751f7","CUS-4142663097","130.86","-12.39","debit","Wed","21:15:59","21","August"
"2705","authorized","1","ACC-3954677887","115.72","-32.28","POS","63f2f012-d9e7-43bd-87e3-b1281edbc7dc","Ruth",3218.18,2018-08-22 07:00:00,"F",47,"North Dandalup","WA",5.66,"925f2e4864824cca995cf2d867814cc0","CUS-3716701010","115.96","-32.51","debit","Wed","21:38:13","21","August"
"2706","posted",NA,"ACC-1710017148","150.82","-34.01","PAYMENT",NA,"Michelle",7677.35,2018-08-22 07:00:00,"F",19,NA,NA,33,"b344c8a3440c4ecca1498bee056eaca2","CUS-883482547",NA,NA,"debit","Wed","22:00:00","22","August"
"2707","authorized","1","ACC-1222300524","151.23","-33.94","SALES-POS","24a75e8c-8f54-465d-94a7-d3b058ee32e7","Michael",1913.89,2018-08-22 07:00:00,"M",38,"Moorebank","NSW",23.33,"7240db01719a4938af94bb396e4d9049","CUS-2142601169","150.96","-33.93","debit","Wed","22:00:33","22","August"
"2708","authorized","1","ACC-2890243754","153.32","-27.93","SALES-POS","e7a45030-2dbf-44c5-bcb3-d0970bece74b","Joseph",1968.08,2018-08-22 07:00:00,"M",37,"Aratula","QLD",7.77,"fbb11f9b6a30428aa5ede2eee2411f5b","CUS-2695611575","152.55","-27.98","debit","Wed","22:28:19","22","August"
"2709","authorized","1","ACC-1990648130","114.62","-28.80","SALES-POS","8a6de350-2d81-4eeb-b4ba-f68892eda39c","Kaitlyn",2674.63,2018-08-22 07:00:00,"F",21,"Lismore","NSW",26.68,"957405c8cd0c42bab035b9248515efe8","CUS-809013380","153.28","-28.81","debit","Wed","22:56:06","22","August"
"2710","posted",NA,"ACC-1973887809","115.78","-31.90","PAYMENT",NA,"Antonio",3115.33,2018-08-22 07:00:00,"M",26,NA,NA,29,"58ef8584e37c42738831a76a1202afcf","CUS-1646621553",NA,NA,"debit","Wed","23:00:00","23","August"
"2711","posted",NA,"ACC-1349834573","145.17","-37.84","PAYMENT",NA,"Matthew",8282.35,2018-08-22 07:00:00,"M",39,NA,NA,32,"2f54f5fcddc147ecafb543e3140b26ee","CUS-1790886359",NA,NA,"debit","Wed","23:00:00","23","August"
"2712","posted",NA,"ACC-240804743","121.48","-30.75","PAYMENT",NA,"Kenneth",7823.21,2018-08-22 07:00:00,"M",29,NA,NA,39,"2d011a35ba034ab9a62109bc07231f03","CUS-261674136",NA,NA,"debit","Wed","23:00:00","23","August"
"2713","authorized","0","ACC-559365433","147.31","-42.88","SALES-POS","723eedd7-f216-4771-b258-7d514990981f","Mary",1308.47,2018-08-22 07:00:00,"F",64,"Wagga Wagga","NSW",34.23,"6ec2961b77a4441585555e8fa7fb911e","CUS-1654129794","147.37","-35.12","debit","Wed","23:20:58","23","August"
"2714","authorized","1","ACC-1608363396","151.22","-33.87","SALES-POS","1e48b1a9-5fe2-408f-92f2-1b0406edb2c8","Robert",2777.45,2018-08-22 07:00:00,"M",20,"Mortdale","NSW",4.96,"824ea1b71c504e668fc63978d067bd7a","CUS-2688605418","151.08","-33.97","debit","Wed","23:45:21","23","August"
"2715","authorized","1","ACC-3100725361","145.73","-17.03","POS","c51ef0f5-d6ef-4b80-8217-cd059aee74e1","Ronald",779.65,2018-08-23 07:00:00,"M",25,"Sydney","NSW",144.16,"2261758026c842c5a2811afc0db0a819","CUS-2178051368","151.2","-33.87","debit","Thu","00:14:48","00","August"
"2716","authorized","1","ACC-53508546","150.62","-33.76","SALES-POS","c92e1a33-eedc-45b6-a380-c298231f6ca2","Kimberly",1892.51,2018-08-23 07:00:00,"F",35,"Chatswood","NSW",21.39,"ac7e7cf5b4d148098c6722c8145d7d02","CUS-72755508","151.18","-33.8","debit","Thu","00:51:51","00","August"
"2717","authorized","1","ACC-1222300524","151.23","-33.94","SALES-POS","94358d5e-9b20-4f42-b60f-db977bf8ba23","Michael",1895.61,2018-08-23 07:00:00,"M",38,"Eastwood","NSW",18.28,"8585c1c4ea4d4dd9aef54179f916d8fb","CUS-2142601169","151.08","-33.79","debit","Thu","01:19:59","01","August"
"2718","authorized","0","ACC-1349834573","145.17","-37.84","POS","e54ca4cf-2c21-4b2c-86f1-1ad5dcd943e1","Matthew",8247.41,2018-08-23 07:00:00,"M",39,"Oakleigh","VIC",34.94,"52d47fb956d346b488548b5e9f479937","CUS-1790886359","145.09","-37.9","debit","Thu","01:45:38","01","August"
"2719","posted",NA,"ACC-1496451953","145.16","-37.84","INTER BANK",NA,"Ricky",6706.93,2018-08-23 07:00:00,"M",43,NA,NA,16,"666dea608a4a454396ac9b4a8902bd00","CUS-3142625864",NA,NA,"debit","Thu","02:00:00","02","August"
"2720","authorized","1","ACC-1608363396","151.22","-33.87","SALES-POS","8aa42e6e-6d31-4aa9-90c1-3d552e57aee3","Robert",2765.16,2018-08-23 07:00:00,"M",20,"Emerton","NSW",12.29,"fa50b258bf994a649f9b306e7fe65b4f","CUS-2688605418","150.81","-33.74","debit","Thu","02:48:53","02","August"
"2721","posted",NA,"ACC-1523339231","115.83","-31.90","PAYMENT",NA,"Tim",62600.22,2018-08-23 07:00:00,"M",40,NA,NA,47,"dc239454f7274211a48e2bb4319108ed","CUS-1816693151",NA,NA,"debit","Thu","03:00:00","03","August"
"2722","posted",NA,"ACC-2890243754","153.32","-27.93","PAYMENT",NA,"Joseph",1916.08,2018-08-23 07:00:00,"M",37,NA,NA,52,"70267e2760d14be2b29106dba28cac0e","CUS-2695611575",NA,NA,"debit","Thu","03:00:00","03","August"
"2723","posted",NA,"ACC-1516130869","130.84","-12.45","PAYMENT",NA,"Jessica",3960.6,2018-08-23 07:00:00,"F",21,NA,NA,181,"d3cd2edafb94460b9ecfc7ba4b6cd3cd","CUS-325142416",NA,NA,"debit","Thu","03:00:00","03","August"
"2724","posted",NA,"ACC-37709441","153.41","-28.01","INTER BANK",NA,"Charles",7220.61,2018-08-23 07:00:00,"M",18,NA,NA,101,"45466b2db72b4da294b5a6d260fbead9","CUS-3336454548",NA,NA,"debit","Thu","03:00:00","03","August"
"2725","posted",NA,"ACC-2270192619","138.56","-35.27","PAYMENT",NA,"Darren",9196.18,2018-08-23 07:00:00,"M",20,NA,NA,39,"6454d996faf444b283cf76e00b6d43f0","CUS-2110742437",NA,NA,"debit","Thu","04:00:00","04","August"
"2726","posted",NA,"ACC-3536132544","144.93","-37.79","PAYMENT",NA,"Heather",941.4,2018-08-23 07:00:00,"F",41,NA,NA,22,"789bc12669b346ce9a70fd204ab8f846","CUS-2348881191",NA,NA,"debit","Thu","04:00:00","04","August"
"2727","authorized","1","ACC-2173390920","144.71","-37.58","POS","daf402ee-279e-403f-a330-28965fcfb9a1","Luis",3210.26,2018-08-23 07:00:00,"M",27,"Reservoir","VIC",26.33,"33251840cfd44daa9dbe490a822dd746","CUS-3180318393","145.02","-37.72","debit","Thu","04:19:01","04","August"
"2728","authorized","1","ACC-1598451071","153.41","-27.95","SALES-POS","f9f4308c-48cd-431e-8979-b39f094912ab","Diana",1868.22,2018-08-23 07:00:00,"F",26,"Ashgrove","QLD",51.04,"9606a559f14f49cabb4c0ea2cfcef8e3","CUS-2487424745","152.99","-27.45","debit","Thu","04:43:24","04","August"
"2729","posted",NA,"ACC-2171593283","146.94","-36.04","PAYMENT",NA,"Fernando",8947.47,2018-08-23 07:00:00,"M",19,NA,NA,33,"7d8083fbbf664897a0bf0fc5c11cb03e","CUS-2317998716",NA,NA,"debit","Thu","05:00:00","05","August"
"2730","posted",NA,"ACC-2890243754","153.32","-27.93","PAYMENT",NA,"Joseph",1898.08,2018-08-23 07:00:00,"M",37,NA,NA,18,"f126ffd818d2423da712870f49ec1634","CUS-2695611575",NA,NA,"debit","Thu","05:00:00","05","August"
"2731","posted",NA,"ACC-3481401842","115.74","-31.72","PAYMENT",NA,"Tiffany",2149.59,2018-08-23 07:00:00,"F",25,NA,NA,46,"bc892c5f53ce4cc0b4f45982f994cb4a","CUS-1669695324",NA,NA,"debit","Thu","06:00:00","06","August"
"2732","posted",NA,"ACC-602667573","151.23","-33.96","INTER BANK",NA,"Michael",5941.8,2018-08-23 07:00:00,"M",40,NA,NA,112,"9f29a57cd6504676966cba92ef124c34","CUS-2031327464",NA,NA,"debit","Thu","06:00:00","06","August"
"2733","posted",NA,"ACC-211792489","138.63","-34.93","PAYMENT",NA,"Jacqueline",1840.61,2018-08-23 07:00:00,"F",30,NA,NA,47,"af642736a785409caf900e4f68ee4f16","CUS-497688347",NA,NA,"debit","Thu","06:00:00","06","August"
"2734","authorized","1","ACC-3481401842","115.74","-31.72","SALES-POS","5dbd4ab9-1136-4984-9a31-2aba2cd94926","Tiffany",2195.59,2018-08-23 07:00:00,"F",25,"Falcon","WA",20.66,"a9bc99dc439b4f2bbc2cb7ad116ab069","CUS-1669695324","115.66","-32.58","debit","Thu","06:01:39","06","August"
"2735","posted",NA,"ACC-2231965366","144.96","-37.84","PAYMENT",NA,"Linda",8092.77,2018-08-23 07:00:00,"F",35,NA,NA,33,"942c539b5ae64346a5a3bf3e0f8e6c66","CUS-2155701614",NA,NA,"debit","Thu","07:00:00","07","August"
"2736","posted",NA,"ACC-2259139624","144.66","-37.91","INTER BANK",NA,"Cindy",4059.12,2018-08-23 07:00:00,"F",19,NA,NA,22,"0454855f491343c8bee84c4ca0e319eb","CUS-3174332735",NA,NA,"debit","Thu","07:00:00","07","August"
"2737","authorized","1","ACC-3100725361","145.73","-17.03","POS","12a4bfd6-b652-4a98-a5ba-28b905b614e9","Ronald",767.4,2018-08-23 07:00:00,"M",25,"Smithfield","QLD",12.25,"a3f7530241cf45549da5ec2b2fde445a","CUS-2178051368","145.69","-16.82","debit","Thu","07:11:59","07","August"
"2738","authorized","1","ACC-2249586092","115.98","-32.07","POS","419a0f39-0dbc-44c0-8d4f-17c5956e090c","Edward",5795.51,2018-08-23 07:00:00,"M",19,"Lesmurdie","WA",18.13,"bedcdbbca7c54c7ba3096b216344aebd","CUS-443776336","116.06","-31.99","debit","Thu","07:51:59","07","August"
"2739","posted",NA,"ACC-2920611728","144.96","-37.76","PAYMENT",NA,"Tyler",4220.32,2018-08-23 07:00:00,"M",69,NA,NA,194,"bcc388204e81458b97b7290a03644523","CUS-1388323263",NA,NA,"debit","Thu","08:00:00","08","August"
"2740","posted",NA,"ACC-2776252858","144.95","-37.76","PAYMENT",NA,"Kristin",2100.98,2018-08-23 07:00:00,"F",43,NA,NA,43,"8ed616f3c7594b94a81227975fe7f78c","CUS-4123612273",NA,NA,"debit","Thu","08:00:00","08","August"
"2741","authorized","0","ACC-1199531521","116.02","-31.87","POS","e12f71dd-85cc-4323-9a67-c20038c4acdd","Billy",6890.65,2018-08-23 07:00:00,"M",52,"Scarborough","WA",12.19,"62866e7ca9a14491aa0cf859b638bd89","CUS-134833760","115.76","-31.89","debit","Thu","08:05:07","08","August"
"2742","authorized","1","ACC-3481401842","115.74","-31.72","POS","8e984c0d-f986-46c6-808f-a6b757f985e8","Tiffany",2132.69,2018-08-23 07:00:00,"F",25,"East Perth","WA",16.9,"796b7463d06545b391fd2a611dc547dc","CUS-1669695324","115.88","-31.95","debit","Thu","08:11:32","08","August"
"2743","authorized","1","ACC-2249586092","115.98","-32.07","SALES-POS","ab3c0402-2b3d-404c-92ec-38d0eb3da29b","Edward",5786.63,2018-08-23 07:00:00,"M",19,"Beechboro","WA",8.88,"c2cb9aba50b04f57b5b9df5756ef65a8","CUS-443776336","115.94","-31.88","debit","Thu","08:17:56","08","August"
"2744","authorized","1","ACC-182446574","116.06","-32.00","POS","6c84c219-96ea-4c6f-9de5-0a28bcaec62f","Tonya",3745.47,2018-08-23 07:00:00,"F",27,"Rainbow Flat","NSW",22.44,"b66a68ad7d5646659256d627b454cf0b","CUS-3026014945","152.47","-32.01","debit","Thu","08:24:21","08","August"
"2745","authorized","1","ACC-53508546","150.62","-33.76","POS","41889285-f86b-481c-b1db-09b8bc042ccc","Kimberly",1871.91,2018-08-23 07:00:00,"F",35,"North Ryde","NSW",20.6,"40e6b976d5ff4518a585452e7d6d279a","CUS-72755508","151.12","-33.78","debit","Thu","08:30:46","08","August"
"2746","authorized","0","ACC-3100725361","145.73","-17.03","POS","342f081b-3399-40e6-bc04-7d064f6eb0e4","Ronald",757.56,2018-08-23 07:00:00,"M",25,"Mareeba","QLD",9.84,"373dc81d5c4347d8a8a4f2e81e41b7b8","CUS-2178051368","145.42","-16.99","debit","Thu","08:37:10","08","August"
"2747","authorized","1","ACC-2776252858","144.95","-37.76","SALES-POS","5461492e-4dc2-4a5d-a625-56ab0602eaf3","Kristin",2167.36,2018-08-23 07:00:00,"F",43,"Maidstone","VIC",44.38,"49675219ace5401da84f23c3798c7f57","CUS-4123612273","144.88","-37.78","debit","Thu","08:43:35","08","August"
"2748","authorized","1","ACC-2776252858","144.95","-37.76","POS","0dfec121-872f-475c-bba9-2d3632e5945d","Kristin",2143.98,2018-08-23 07:00:00,"F",43,"Lilydale","VIC",23.38,"14670846440d4823918719f9e743ecfb","CUS-4123612273","145.35","-37.76","debit","Thu","08:49:59","08","August"
"2749","authorized","1","ACC-3481401842","115.74","-31.72","POS","adceff47-330d-4a20-a181-0b768b83a015","Tiffany",2128.68,2018-08-23 07:00:00,"F",25,"South Perth","WA",4.01,"4417348286f4443f9df1bd86e1daec20","CUS-1669695324","115.88","-31.98","debit","Thu","08:56:24","08","August"
"2750","posted",NA,"ACC-3485804958","138.52","-35.01","PAYMENT",NA,"Jessica",18388.1,2018-08-23 07:00:00,"F",34,NA,NA,27,"ed71b0b4d53140a0a2b8dcaf2d842e4e","CUS-1196156254",NA,NA,"debit","Thu","09:00:00","09","August"
"2751","posted",NA,"ACC-1516130869","130.84","-12.45","INTER BANK",NA,"Jessica",3904.86,2018-08-23 07:00:00,"F",21,NA,NA,39,"5a8e8e86e49b41859bafcb5e12049917","CUS-325142416",NA,NA,"debit","Thu","09:00:00","09","August"
"2752","authorized","1","ACC-1516130869","130.84","-12.45","POS","d71960ad-dff5-49b4-9095-5ec05a0c54a8","Jessica",3943.86,2018-08-23 07:00:00,"F",21,"Darwin City","NT",16.74,"6c7610773ced4876ab838cba0d678023","CUS-325142416","130.85","-12.47","debit","Thu","09:02:20","09","August"
"2753","authorized","1","ACC-3100725361","145.73","-17.03","SALES-POS","81e0744e-281c-43de-b088-286740dc1e97","Ronald",742.71,2018-08-23 07:00:00,"M",25,"Marysville","VIC",14.85,"83b6627563394fb1851d1af530284264","CUS-2178051368","145.75","-37.51","debit","Thu","09:07:39","09","August"
"2754","authorized","1","ACC-2305712452","138.61","-34.89","SALES-POS","c8968173-48a5-43ad-8e3c-77d2cdfc2cc8","Debra",1943.75,2018-08-23 07:00:00,"F",18,"Seacliff Park","SA",18.75,"0db95a46b11741c28e967f1cf6d87e01","CUS-1842679196","138.53","-35.03","debit","Thu","09:12:58","09","August"
"2755","authorized","1","ACC-4258502723","145.45","-37.74","SALES-POS","16b9f329-7a9d-415d-8a7e-98429a138219","Kimberly",1778.21,2018-08-23 07:00:00,"F",24,"Melbourne","VIC",196.45,"6693778151e24a30afcf6f0a81df11ba","CUS-3378712515","144.97","-37.81","debit","Thu","09:18:17","09","August"
"2756","authorized","0","ACC-182446574","116.06","-32.00","SALES-POS","8790c38f-d212-4d49-8623-4fa698117e25","Tonya",3736.96,2018-08-23 07:00:00,"F",27,"Mirrabooka","WA",8.51,"f43292dd4a14487fa8804e6b43959cda","CUS-3026014945","115.87","-31.85","debit","Thu","09:23:37","09","August"
"2757","authorized","1","ACC-1438600314","138.69","-34.84","SALES-POS","335744ac-232a-4eed-b79d-7a7b422eb92c","Maria",3623.14,2018-08-23 07:00:00,"F",35,"Ashford","SA",22.24,"0ea776b1e038493eb34c05b2bcda1f3e","CUS-2650223890","138.58","-34.95","debit","Thu","09:28:56","09","August"
"2758","authorized","1","ACC-3100725361","145.73","-17.03","POS","5c967c03-49d7-45dd-abf5-87c6e937a534","Ronald",724.82,2018-08-23 07:00:00,"M",25,"Cairns City","QLD",17.89,"3b05c3eda467422881abba46ced435e7","CUS-2178051368","145.77","-16.92","debit","Thu","09:34:15","09","August"
"2759","authorized","1","ACC-1608363396","151.22","-33.87","POS","53600579-c983-47ff-8f6c-fbaf4b90f63c","Robert",2753.1,2018-08-23 07:00:00,"M",20,"Hurstville","NSW",12.06,"861726d4e05a4aff880f9d42b26a6770","CUS-2688605418","151.1","-33.96","debit","Thu","09:39:34","09","August"
"2760","authorized","1","ACC-854938045","147.63","-22.84","POS","7645bd89-9675-4b0b-a598-7a72e59483d7","James",10488.55,2018-08-23 07:00:00,"M",28,"Forest Hill","NSW",8.16,"5a301b19a3ec4fe580b7569c1bc8637d","CUS-4023861240","147.46","-35.15","debit","Thu","09:44:53","09","August"
"2761","authorized","1","ACC-182446574","116.06","-32.00","POS","a49c26e2-89b2-423a-9efe-f9d74545fa5e","Tonya",3723.99,2018-08-23 07:00:00,"F",27,"Booragoon","WA",12.97,"5b75a9dd10fd406f80d562a66398e9d9","CUS-3026014945","115.84","-32.03","debit","Thu","09:50:12","09","August"
"2762","authorized","1","ACC-3954677887","115.72","-32.28","POS","85001102-e9fe-4fe8-b52a-9e7c16a34e98","Ruth",3187.32,2018-08-23 07:00:00,"F",47,"Ceduna","SA",30.86,"b738c61022324870af73c78e131ce2eb","CUS-3716701010","133.67","-32.13","debit","Thu","09:55:31","09","August"
"2763","posted",NA,"ACC-1683215619","138.67","-34.86","PAYMENT",NA,"Barry",4719.48,2018-08-23 07:00:00,"M",38,NA,NA,81,"7d1bd5348fdf46b680b9a81be2c3e4e1","CUS-1604596597",NA,NA,"debit","Thu","10:00:00","10","August"
"2764","authorized","1","ACC-2901672282","255.00","-573.00","SALES-POS","f7f1a4c4-9947-47f5-a461-2fed2ca3324c","Daniel",3309.33,2018-08-23 07:00:00,"M",22,"Melbourne","VIC",19.64,"03492b9e84b944b6b31d76be331155f6","CUS-1617121891","144.96","-37.82","debit","Thu","10:03:24","10","August"
"2765","authorized","0","ACC-958000567","130.90","-12.37","POS","b4ef8c0b-d288-4542-8be9-c310d56e2dff","Sandra",5565.15,2018-08-23 07:00:00,"F",34,"Howard Springs","NT",124.43,"c10b9f6e9592445ba114c24a88e5d0af","CUS-4142663097","131.04","-12.5","debit","Thu","10:24:40","10","August"
"2766","authorized","1","ACC-1334819143","145.13","-37.70","SALES-POS","28402957-e943-478f-8d2b-19e6b7e0c2fe","Christopher",58483.17,2018-08-23 07:00:00,"M",33,"Sunshine West","VIC",17.12,"7814cfceab3c4bf19dc055d7af494bd4","CUS-3117610635","144.79","-37.8","debit","Thu","10:45:57","10","August"
"2767","posted",NA,"ACC-3541460373","145.00","-37.83","PAYMENT",NA,"Jeffrey",2537.59,2018-08-23 07:00:00,"M",24,NA,NA,41,"84a09a6dca044db6a498ee08bd087517","CUS-1433879684",NA,NA,"debit","Thu","11:00:00","11","August"
"2768","posted",NA,"ACC-3536132544","144.93","-37.79","PAY/SALARY",NA,"Heather",3042.91,2018-08-23 07:00:00,"F",41,NA,NA,2101.51,"f74facc23b4649d88888338a805999c1","CUS-2348881191",NA,NA,"credit","Thu","11:00:00","11","August"
"2769","posted",NA,"ACC-4163822186","149.03","-34.97","PAY/SALARY",NA,"Karen",5242.69,2018-08-23 07:00:00,"F",26,NA,NA,920.71,"7b53c9979ba3484ea9242139623ee318","CUS-2630892467",NA,NA,"credit","Thu","11:00:00","11","August"
"2770","posted",NA,"ACC-1608363396","151.22","-33.87","INTER BANK",NA,"Robert",2729.1,2018-08-23 07:00:00,"M",20,NA,NA,24,"c45c3783119c46118dcd840396060938","CUS-2688605418",NA,NA,"debit","Thu","11:00:00","11","August"
"2771","posted",NA,"ACC-2259139624","144.66","-37.91","PAY/SALARY",NA,"Cindy",7736.06,2018-08-23 07:00:00,"F",19,NA,NA,3676.94,"234d04e1aefe4bd78e7500635e77f47a","CUS-3174332735",NA,NA,"credit","Thu","11:00:00","11","August"
"2772","posted",NA,"ACC-3954677887","115.72","-32.28","PAYMENT",NA,"Ruth",3141.32,2018-08-23 07:00:00,"F",47,NA,NA,46,"9a83cb53b2d74fd5bdae43eaf5e84918","CUS-3716701010",NA,NA,"debit","Thu","11:00:00","11","August"
"2773","authorized","0","ACC-182446574","116.06","-32.00","SALES-POS","912c1695-41e4-408e-828b-1afe812d48fa","Tonya",3715.24,2018-08-23 07:00:00,"F",27,"Perth","WA",8.75,"8f5c62d8ab014353b65a9460c667145c","CUS-3026014945","116.17","-31.9","debit","Thu","11:03:02","11","August"
"2774","authorized","0","ACC-2828321672","153.03","-27.51","POS","03af788f-75a5-46be-a23e-68aeafaa3d87","Stephanie",1640.41,2018-08-23 07:00:00,"F",53,"Algester","QLD",19.62,"91ad5281edd040be89921eb591d429c5","CUS-1005756958","153.04","-27.61","debit","Thu","11:11:57","11","August"
"2775","authorized","0","ACC-154431271","153.09","-27.48","SALES-POS","db9c1b81-1ae7-4032-8623-06e46ea919c3","Lori",650.04,2018-08-23 07:00:00,"F",18,"Redcliffe","QLD",10.12,"3e762163db5a48139ae6d3d43436c52a","CUS-3702001629","153.11","-27.23","debit","Thu","11:20:53","11","August"
"2776","authorized","1","ACC-559365433","147.31","-42.88","SALES-POS","e6a12933-3c5e-4c2f-8844-ab53b1ab862f","Mary",1286.5,2018-08-23 07:00:00,"F",64,"Ashmont","NSW",21.97,"9d81a455e6d14b978d730d78465c897e","CUS-1654129794","147.33","-35.12","debit","Thu","11:29:49","11","August"
"2777","authorized","1","ACC-4258502723","145.45","-37.74","POS","1bd06592-6004-49d7-bb94-09ce684f0598","Kimberly",1774.26,2018-08-23 07:00:00,"F",24,"Melbourne","VIC",3.95,"d1085ec6b0544945bdfc0766e4621140","CUS-3378712515","144.97","-37.81","debit","Thu","11:38:44","11","August"
"2778","authorized","1","ACC-37709441","153.41","-28.01","SALES-POS","c0fb68c6-935b-47ae-8594-e3da036d0f94","Charles",7198.96,2018-08-23 07:00:00,"M",18,"Gold Coast","QLD",21.65,"af5bf8b0c76c49468b4d16aca1103b83","CUS-3336454548","153.36","-28","debit","Thu","11:47:40","11","August"
"2779","authorized","1","ACC-2673069055","152.99","-27.49","POS","95af8bd5-f70e-48de-ae95-311c9949b134","Richard",16055.19,2018-08-23 07:00:00,"M",24,"Noosaville","QLD",9.63,"c86920edd3cc41a88ed30771342f14c0","CUS-51506836","153.05","-26.42","debit","Thu","11:56:36","11","August"
"2780","posted",NA,"ACC-721712940","145.09","-37.82","PAY/SALARY",NA,"Andrew",52429.38,2018-08-23 07:00:00,"M",78,NA,NA,782.42,"760b3b2616524669b845647f7f6c29c4","CUS-1646183815",NA,NA,"credit","Thu","12:00:00","12","August"
"2781","posted",NA,"ACC-1279356312","144.79","-37.73","PAY/SALARY",NA,"Tyler",6082.23,2018-08-23 07:00:00,"M",44,NA,NA,2887.34,"3434358e28e14c9a8f749d55cc77ad39","CUS-1892177589",NA,NA,"credit","Thu","12:00:00","12","August"
"2782","posted",NA,"ACC-3879258709","143.83","-37.66","PHONE BANK",NA,"Natasha",193551.49,2018-08-23 07:00:00,"F",40,NA,NA,41,"ceb27c43861142d898af2ae99763a77c","CUS-527400765",NA,NA,"debit","Thu","12:00:00","12","August"
"2783","posted",NA,"ACC-966140392","147.08","-37.97","PAYMENT",NA,"Joseph",3161.18,2018-08-23 07:00:00,"M",21,NA,NA,35,"9439ebb2ec934e0f9492552ee933a6af","CUS-537508723",NA,NA,"debit","Thu","12:00:00","12","August"
"2784","authorized","1","ACC-1608363396","151.22","-33.87","SALES-POS","f0ae3f23-1564-4a89-bb6e-c020b7a3e5a7","Robert",2649.63,2018-08-23 07:00:00,"M",20,"Parramatta","NSW",79.47,"7250cb4855884e55bc5400342d7c2694","CUS-2688605418","151","-33.82","debit","Thu","12:11:28","12","August"
"2785","authorized","1","ACC-1199531521","116.02","-31.87","SALES-POS","2bfbb5f6-d287-4700-9c86-273b13f57722","Billy",6849.02,2018-08-23 07:00:00,"M",52,"Malaga","WA",41.63,"a70baecb5c104a848a4bc66c63eb3b6d","CUS-134833760","115.88","-31.86","debit","Thu","12:29:59","12","August"
"2786","authorized","1","ACC-3317636250","153.02","-27.66","POS","4533f924-6d16-48cc-b96b-d784a2473fb9","Kenneth",6983.37,2018-08-23 07:00:00,"M",35,"Windsor Gardens","SA",11.27,"5762ef1cfefa4e05961883d077a34f7a","CUS-2738291516","138.65","-34.86","debit","Thu","12:48:31","12","August"
"2787","posted",NA,"ACC-4274272854","145.23","-37.86","PAYMENT",NA,"Timothy",3670.08,2018-08-23 07:00:00,"M",20,NA,NA,15,"9bb2d6f13018485094161a7db5fcfcea","CUS-2484453271",NA,NA,"debit","Thu","13:00:00","13","August"
"2788","posted",NA,"ACC-1243371644","150.90","-33.78","PAY/SALARY",NA,"Gregory",3001.96,2018-08-23 07:00:00,"M",42,NA,NA,1681.58,"6b34b828709141bc968b5b52f21b60c3","CUS-3904958894",NA,NA,"credit","Thu","13:00:00","13","August"
"2789","authorized","1","ACC-4258502723","145.45","-37.74","POS","2868fa67-ae37-449a-8c3a-1ce9a259f383","Kimberly",1769.69,2018-08-23 07:00:00,"F",24,"Caulfield East","VIC",4.57,"991eb9e769cf42788dfcfeb6503f4379","CUS-3378712515","145.04","-37.88","debit","Thu","13:07:27","13","August"
"2790","authorized","1","ACC-2673069055","152.99","-27.49","SALES-POS","00227be5-63f8-4aa3-9008-55d01f9aaec7","Richard",16038.1,2018-08-23 07:00:00,"M",24,"Moonie","QLD",17.09,"18039854215a4ca3ab8c1f6fca699e60","CUS-51506836","150.37","-27.72","debit","Thu","13:27:03","13","August"
"2791","authorized","1","ACC-854938045","147.63","-22.84","SALES-POS","4141523d-7390-42e4-92ac-40d0022481e7","James",10443.21,2018-08-23 07:00:00,"M",28,"Middlemount","QLD",45.34,"8d248f2be56f4d788d8c28cc695bba16","CUS-4023861240","148.7","-22.82","debit","Thu","13:46:39","13","August"
"2792","posted",NA,"ACC-1349834573","145.17","-37.84","PAYMENT",NA,"Matthew",8121.28,2018-08-23 07:00:00,"M",39,NA,NA,60,"6337be8db5cf4209bbb3c57db6d553f5","CUS-1790886359",NA,NA,"debit","Thu","14:00:00","14","August"
"2793","posted",NA,"ACC-1608363396","151.22","-33.87","PAY/SALARY",NA,"Robert",4969.93,2018-08-23 07:00:00,"M",20,NA,NA,2320.3,"7bbd4205e7e949efb780da07b2e950a2","CUS-2688605418",NA,NA,"credit","Thu","14:00:00","14","August"
"2794","posted",NA,"ACC-1424176027","151.08","-33.93","PAY/SALARY",NA,"Donald",3842.64,2018-08-23 07:00:00,"M",22,NA,NA,1928.97,"65fadb4d7a0041929329ae0f80374558","CUS-3431016847",NA,NA,"credit","Thu","14:00:00","14","August"
"2795","authorized","1","ACC-2901672282","255.00","-573.00","SALES-POS","bebf9c8f-f867-42fd-b8f1-35f960d40029","Daniel",3235.09,2018-08-23 07:00:00,"M",22,"Molendinar","QLD",74.24,"718d05436d754a36b6c97f509b5deeeb","CUS-1617121891","153.36","-27.96","debit","Thu","14:03:10","14","August"
"2796","authorized","1","ACC-2173390920","144.71","-37.58","SALES-POS","d9ee12c1-f70d-43c5-b4d2-e77d0480c692","Luis",3146.52,2018-08-23 07:00:00,"M",27,"Cremorne","VIC",63.74,"186d6e4c924a4e8dab1d7c317634190e","CUS-3180318393","144.99","-37.83","debit","Thu","14:13:04","14","August"
"2797","authorized","1","ACC-2890243754","153.32","-27.93","SALES-POS","23a87695-d818-44ad-a105-76d9e446a565","Joseph",1881.12,2018-08-23 07:00:00,"M",37,"Victoria Point","QLD",16.96,"54d8f95ad04f42739bffd7bbd3088a26","CUS-2695611575","153.28","-27.59","debit","Thu","14:22:58","14","August"
"2798","authorized","1","ACC-2681137560","151.11","-33.99","SALES-POS","a676b903-4684-4757-8f5a-faa8ec453947","Nathaniel",2664.56,2018-08-23 07:00:00,"M",31,"Balgowlah","NSW",9.45,"1aeb4ed865ed4520a275fcc01ff008e7","CUS-2083971310","151.27","-33.79","debit","Thu","14:32:52","14","August"
"2799","authorized","1","ACC-2305712452","138.61","-34.89","SALES-POS","d6da0a73-531c-4df4-9afa-90c883149a9f","Debra",1934.71,2018-08-23 07:00:00,"F",18,"Gundagai","NSW",9.04,"239ac3bd262f4226990e6444d090dd3a","CUS-1842679196","148.11","-35.01","debit","Thu","14:42:46","14","August"
"2800","authorized","1","ACC-1349834573","145.17","-37.84","POS","dc72ced4-7989-42cc-b650-46c249793433","Matthew",8181.28,2018-08-23 07:00:00,"M",39,"Camberwell","VIC",66.13,"76dcbe84a7984dd29ec721bf6abb90ad","CUS-1790886359","145.06","-37.83","debit","Thu","14:52:40","14","August"
"2801","posted",NA,"ACC-2988263882","145.18","-37.90","PAY/SALARY",NA,"Michael",3769.84,2018-08-23 07:00:00,"M",44,NA,NA,596.33,"2630e89e08a44fdb9e8fcca6d0744be6","CUS-1233833708",NA,NA,"credit","Thu","15:00:00","15","August"
"2802","posted",NA,"ACC-1037050564","153.10","-27.66","PAYMENT",NA,"Rhonda",2513.05,2018-08-23 07:00:00,"F",40,NA,NA,33,"b2a0ab40f06849619e558a1a6c2b25b0","CUS-1614226872",NA,NA,"debit","Thu","15:00:00","15","August"
"2803","authorized","1","ACC-211792489","138.63","-34.93","POS","bf78c4a2-a256-4e77-a17d-e889a47ac204","Jacqueline",1821.09,2018-08-23 07:00:00,"F",30,"Mclaren Vale","SA",19.52,"9afac8e670944ff1afd5f2eda9987fa7","CUS-497688347","138.54","-35.22","debit","Thu","15:01:41","15","August"
"2804","authorized","1","ACC-1334819143","145.13","-37.70","SALES-POS","6102e64f-516d-4b51-bc28-87dbfe089f5c","Christopher",58452.53,2018-08-23 07:00:00,"M",33,"Southbank","VIC",30.64,"c81921b7bba143a1921e8b244572d1dd","CUS-3117610635","144.97","-37.83","debit","Thu","15:08:10","15","August"
"2805","authorized","1","ACC-182446574","116.06","-32.00","SALES-POS","328d2ca7-f0fa-42ad-9d16-a088618fb7f8","Tonya",3696.13,2018-08-23 07:00:00,"F",27,"East Victoria Park","WA",19.11,"cf4906e273994c90a1c5700131c0fd51","CUS-3026014945","115.9","-31.99","debit","Thu","15:14:40","15","August"
"2806","authorized","1","ACC-1349834573","145.17","-37.84","SALES-POS","3794505f-1ad4-4b8e-9dd1-866311c34481","Matthew",7868.22,2018-08-23 07:00:00,"M",39,"Mount Gambier","SA",253.06,"4ec16ddcd3bc4fe0b00c34ebdaf1b7a3","CUS-1790886359","140.78","-37.84","debit","Thu","15:21:10","15","August"
"2807","authorized","0","ACC-1222300524","151.23","-33.94","POS","a1ca1b7e-a737-4fc8-b070-3e606f52c0d6","Michael",1887.96,2018-08-23 07:00:00,"M",38,"Margaret River","WA",7.65,"8548d8e4aeb549478717d5651c008d7b","CUS-2142601169","115.07","-33.95","debit","Thu","15:27:39","15","August"
"2808","authorized","0","ACC-1056639002","145.03","-37.91","SALES-POS","bbc415ee-dbcf-4a27-8f61-ea145e0a1a33","Michael",42885.63,2018-08-23 07:00:00,"M",22,"Preston","VIC",11.63,"728edb4d227948a09906b77f197a6386","CUS-3462882033","145","-37.74","debit","Thu","15:34:09","15","August"
"2809","authorized","1","ACC-3689607373","115.79","-31.79","POS","a4d8d152-d91f-42a2-ad21-01d2578dbd94","Virginia",3472.73,2018-08-23 07:00:00,"F",20,"Malaga","WA",21.71,"eeafa626c9de4992a1e1733c23ca2af2","CUS-127297539","115.88","-31.85","debit","Thu","15:40:38","15","August"
"2810","authorized","1","ACC-964839203","146.92","-36.07","POS","3dc0e4cc-8e67-4816-a09e-d9d5f0b8e737","Michael",31481.33,2018-08-23 07:00:00,"M",21,"Townsville City","QLD",62.45,"755be47687314e9f9b045b045a40b136","CUS-2059096722","146.78","-19.27","debit","Thu","15:47:08","15","August"
"2811","authorized","1","ACC-1199531521","116.02","-31.87","SALES-POS","8096c474-820e-43b4-bfe5-c4ef722d0677","Billy",6813.78,2018-08-23 07:00:00,"M",52,"Hillarys","WA",35.24,"2de0e5c7b49f4b4b9570222e6331b32f","CUS-134833760","115.74","-31.82","debit","Thu","15:53:38","15","August"
"2812","posted",NA,"ACC-3881031190","149.19","-21.15","PAY/SALARY",NA,"Richard",3797.09,2018-08-23 07:00:00,"M",37,NA,NA,916.75,"4d0594f8badd47a7ac9038c3c4afea9e","CUS-3201519139",NA,NA,"credit","Thu","16:00:00","16","August"
"2813","authorized","0","ACC-3021093232","149.83","-29.47","SALES-POS","7b7d9bd7-6683-44df-aa06-6b586edf869d","Melissa",3840.54,2018-08-23 07:00:00,"F",30,"Sydney","NSW",47.16,"b412ff32668e43de90a6463f3b353892","CUS-55310383","151.21","-33.87","debit","Thu","16:00:19","16","August"
"2814","authorized","1","ACC-3233697971","151.04","-33.77","POS","d2c254f4-7323-431e-baa0-392b35435298","Robin",4069,2018-08-23 07:00:00,"F",34,"Yagoona","NSW",10.28,"51220f89e6284d2e87b36cf82b68e364","CUS-1147642491","151.02","-33.91","debit","Thu","16:16:43","16","August"
"2815","authorized","1","ACC-1516130869","130.84","-12.45","SALES-POS","cd98e1d5-4138-4f47-9045-4de8919aed99","Jessica",3878.28,2018-08-23 07:00:00,"F",21,"Berrimah","NT",26.58,"14b1d95db5124ba3a203301a4ecb1914","CUS-325142416","130.92","-12.44","debit","Thu","16:33:06","16","August"
"2816","authorized","1","ACC-1710017148","150.82","-34.01","POS","a41ea38b-0b76-482e-86fc-9e2e48cd148d","Michelle",7669.45,2018-08-23 07:00:00,"F",19,"Katoomba","NSW",7.9,"7b037c50c7284fa4977f6e5b251b50dd","CUS-883482547","150.31","-33.72","debit","Thu","16:49:30","16","August"
"2817","posted",NA,"ACC-1279356312","144.79","-37.73","PAYMENT",NA,"Tyler",6067.23,2018-08-23 07:00:00,"M",44,NA,NA,15,"e5efee336030410ea6cf26e7b6ee0216","CUS-1892177589",NA,NA,"debit","Thu","17:00:00","17","August"
"2818","posted",NA,"ACC-2173390920","144.71","-37.58","PAYMENT",NA,"Luis",3117.52,2018-08-23 07:00:00,"M",27,NA,NA,29,"5749a560ce4f45019a0cec710e07f315","CUS-3180318393",NA,NA,"debit","Thu","17:00:00","17","August"
"2819","posted",NA,"ACC-154431271","153.09","-27.48","PAY/SALARY",NA,"Lori",2187.72,2018-08-23 07:00:00,"F",18,NA,NA,1537.68,"adf7a47ca709400d97842b12cc43c2a7","CUS-3702001629",NA,NA,"credit","Thu","17:00:00","17","August"
"2820","posted",NA,"ACC-3941181087","115.79","-31.94","PAY/SALARY",NA,"Paul",5543.03,2018-08-23 07:00:00,"M",25,NA,NA,2687.85,"ca45bac0e4fd42f484fc028aa9b650b1","CUS-3989008654",NA,NA,"credit","Thu","17:00:00","17","August"
"2821","posted",NA,"ACC-958000567","130.90","-12.37","PAYMENT",NA,"Sandra",5528.15,2018-08-23 07:00:00,"F",34,NA,NA,37,"f39f084c610f4e2a8fcab938285118ff","CUS-4142663097",NA,NA,"debit","Thu","17:00:00","17","August"
"2822","posted",NA,"ACC-211792489","138.63","-34.93","PAY/SALARY",NA,"Jacqueline",6731.99,2018-08-23 07:00:00,"F",30,NA,NA,4910.9,"2b4ecc820d834f6ea016b40abbfbfde5","CUS-497688347",NA,NA,"credit","Thu","17:00:00","17","August"
"2823","posted",NA,"ACC-53508546","150.62","-33.76","PAY/SALARY",NA,"Kimberly",2597.23,2018-08-23 07:00:00,"F",35,NA,NA,725.32,"bf0e58900aa941dfa67b68c8daf57098","CUS-72755508",NA,NA,"credit","Thu","17:00:00","17","August"
"2824","authorized","1","ACC-1496451953","145.16","-37.84","SALES-POS","1e7648f6-51ee-451b-9408-7761e7a5df8a","Ricky",6664.96,2018-08-23 07:00:00,"M",43,"Windsor","VIC",41.97,"dbaf622c264649619a98801975e643c2","CUS-3142625864","144.99","-37.86","debit","Thu","17:03:54","17","August"
"2825","authorized","1","ACC-3954677887","115.72","-32.28","SALES-POS","bea1a64d-1a9b-4631-9a45-7ff74fd3ca16","Ruth",3087.68,2018-08-23 07:00:00,"F",47,"Rockingham","WA",53.64,"565ffc910f67404a80ad511bdd5147dc","CUS-3716701010","115.74","-32.29","debit","Thu","17:14:46","17","August"
"2826","authorized","1","ACC-1710017148","150.82","-34.01","POS","591eb556-c5b4-4697-80ad-3c7fe42d49c2","Michelle",7593.43,2018-08-23 07:00:00,"F",19,"Broadwater","WA",76.02,"9361223316c14c4ba4c55c3f68b20dfd","CUS-883482547","115.27","-33.66","debit","Thu","17:25:39","17","August"
"2827","authorized","1","ACC-1243371644","150.90","-33.78","POS","76420bb3-b21f-439d-bc98-9a03f6eb884e","Gregory",2978.07,2018-08-23 07:00:00,"M",42,"Katoomba","NSW",23.89,"49a3eec9f8374f5c8e7c5a63f3be3bb2","CUS-3904958894","150.31","-33.72","debit","Thu","17:36:31","17","August"
"2828","authorized","1","ACC-2673069055","152.99","-27.49","POS","37e9c950-5136-4f86-9e9b-1ded5c0c8d5c","Richard",16007.69,2018-08-23 07:00:00,"M",24,"Cue","WA",30.41,"3e130a3a1b9f41349fbeac6ee1196396","CUS-51506836","117.89","-27.43","debit","Thu","17:47:23","17","August"
"2829","authorized","0","ACC-3021093232","149.83","-29.47","POS","15000b67-8368-4c71-a382-0478cd55cffb","Melissa",3816.31,2018-08-23 07:00:00,"F",30,"Kandos","NSW",24.23,"4e4f9078a620423b8c87f9f1a5981c54","CUS-55310383","149.97","-32.86","debit","Thu","17:58:15","17","August"
"2830","posted",NA,"ACC-588564840","151.27","-33.76","PAYMENT",NA,"Isaiah",9241.27,2018-08-23 07:00:00,"M",23,NA,NA,41,"7142d63c002c426b96d9f8729a2eedb9","CUS-1462656821",NA,NA,"debit","Thu","18:00:00","18","August"
"2831","posted",NA,"ACC-1683215619","138.67","-34.86","PAYMENT",NA,"Barry",4670.48,2018-08-23 07:00:00,"M",38,NA,NA,49,"918b1058006c432e83a72fc6c5b87038","CUS-1604596597",NA,NA,"debit","Thu","18:00:00","18","August"
"2832","posted",NA,"ACC-3879258709","143.83","-37.66","PAYMENT",NA,"Natasha",193530.49,2018-08-23 07:00:00,"F",40,NA,NA,21,"f432e5e672224808b03fe37af298dc10","CUS-527400765",NA,NA,"debit","Thu","18:00:00","18","August"
"2833","authorized","1","ACC-2650850707","148.16","-23.52","POS","f82e6e6e-13a2-42e4-9b36-ee31e951e54e","Brian",108407.26,2018-08-23 07:00:00,"M",42,"Brookvale","NSW",351.06,"e34368dbc7de4653843e173f5e230fbd","CUS-2819545904","151.26","-33.76","debit","Thu","18:19:59","18","August"
"2834","authorized","1","ACC-1222300524","151.23","-33.94","POS","eff25fdb-a677-437b-bb87-f4e4b4614499","Michael",1868.82,2018-08-23 07:00:00,"M",38,"Bankstown","NSW",19.14,"0908dbda136147f4992ea8f6e8980214","CUS-2142601169","151.04","-33.92","debit","Thu","18:43:48","18","August"
"2835","posted",NA,"ACC-1222300524","151.23","-33.94","PAYMENT",NA,"Michael",1818.82,2018-08-23 07:00:00,"M",38,NA,NA,50,"d55089db092c45a0ba799613d6f54287","CUS-2142601169",NA,NA,"debit","Thu","19:00:00","19","August"
"2836","posted",NA,"ACC-2014856841","144.99","-37.90","PAYMENT",NA,"Patrick",259973.9,2018-08-23 07:00:00,"M",46,NA,NA,50,"528448ee053741e19de769590978680b","CUS-2370108457",NA,NA,"debit","Thu","19:00:00","19","August"
"2837","posted",NA,"ACC-1710017148","150.82","-34.01","PHONE BANK",NA,"Michelle",7414.43,2018-08-23 07:00:00,"F",19,NA,NA,179,"bdd52d8c6c2b435083e769f1cbd29693","CUS-883482547",NA,NA,"debit","Thu","19:00:00","19","August"
"2838","authorized","1","ACC-182446574","116.06","-32.00","POS","d00d2c9a-883a-4564-806f-54b6533d5472","Tonya",3397.95,2018-08-23 07:00:00,"F",27,"Sydney","NSW",298.18,"9aee8945243e49aab9a694acef07059b","CUS-3026014945","151.21","-33.87","debit","Thu","19:03:22","19","August"
"2839","authorized","1","ACC-1608363396","151.22","-33.87","SALES-POS","7feaa300-dc83-4f40-98ae-0525f5ca0fd2","Robert",4844.12,2018-08-23 07:00:00,"M",20,"Haymarket","NSW",125.81,"07eb6ee1c66e431693c700572be2efd4","CUS-2688605418","151.21","-33.88","debit","Thu","19:13:53","19","August"
"2840","authorized","0","ACC-1799207998","150.68","-33.79","POS","91be224a-0425-4bea-9196-58d07827a773","Susan",4522.71,2018-08-23 07:00:00,"F",20,"Brookvale","NSW",35.88,"3bc0e5b3771b4bc8bc7692fa7ad49222","CUS-164374203","151.27","-33.77","debit","Thu","19:24:25","19","August"
"2841","authorized","0","ACC-1799207998","150.68","-33.79","POS","99af087f-b26e-47ff-a3aa-f89777d36bd4","Susan",4493.82,2018-08-23 07:00:00,"F",20,"Cremorne","NSW",28.89,"9af77145eed54d3a95950f830b0255b4","CUS-164374203","151.23","-33.83","debit","Thu","19:34:56","19","August"
"2842","authorized","1","ACC-37709441","153.41","-28.01","POS","32aac8ce-69eb-407d-bbbc-cb40571549f8","Charles",7169.8,2018-08-23 07:00:00,"M",18,"North Sydney","NSW",29.16,"c723ef6de58d49218910ea63afc9feec","CUS-3336454548","151.21","-33.84","debit","Thu","19:45:28","19","August"
"2843","authorized","0","ACC-2615038700","145.35","-38.03","SALES-POS","ca76c244-2b13-4760-8832-3d02d0ef8bae","Emily",29818.31,2018-08-23 07:00:00,"F",43,"Surry Hills","NSW",9.83,"fb4a580f8f3e45129be0f2bd1b07f019","CUS-3255104878","151.21","-33.88","debit","Thu","19:55:59","19","August"
"2844","posted",NA,"ACC-1279356312","144.79","-37.73","PAYMENT",NA,"Tyler",6026.23,2018-08-23 07:00:00,"M",44,NA,NA,41,"cec6e19c899d4ab4bf1a8fad4690cf97","CUS-1892177589",NA,NA,"debit","Thu","20:00:00","20","August"
"2845","posted",NA,"ACC-4281711154","144.98","-37.84","PAYMENT",NA,"Eric",36290.74,2018-08-23 07:00:00,"M",42,NA,NA,151,"d5a8b7ace4d2426887e2c625786414c4","CUS-3151318058",NA,NA,"debit","Thu","20:00:00","20","August"
"2846","authorized","1","ACC-1973887809","115.78","-31.90","POS","4c106993-485e-4893-b7c4-02737bfe37da","Antonio",3097.22,2018-08-23 07:00:00,"M",26,"Caversham","WA",18.11,"77b21b2de6ca42e8b97dbb737ac44507","CUS-1646621553","115.96","-31.88","debit","Thu","20:15:53","20","August"
"2847","authorized","1","ACC-1056639002","145.03","-37.91","SALES-POS","36b3e446-2988-449e-9264-8d0c55c09bcb","Michael",42876.32,2018-08-23 07:00:00,"M",22,"Clayton","VIC",9.31,"60cc625647be4ef5b24f5f95c8a0ac59","CUS-3462882033","145.12","-37.92","debit","Thu","20:41:32","20","August"
"2848","posted",NA,"ACC-854938045","147.63","-22.84","PHONE BANK",NA,"James",10385.21,2018-08-23 07:00:00,"M",28,NA,NA,58,"e5adad16b6124406b4af13964aedfc17","CUS-4023861240",NA,NA,"debit","Thu","21:00:00","21","August"
"2849","authorized","1","ACC-1608363396","151.22","-33.87","SALES-POS","6ed0387f-6c26-4f65-b966-ba8c59f58ba0","Robert",4805.94,2018-08-23 07:00:00,"M",20,"Harris Park","NSW",38.18,"27c1ba9fcbe948be840b714d38fe41c3","CUS-2688605418","151.01","-33.82","debit","Thu","21:03:38","21","August"
"2850","authorized","1","ACC-3689607373","115.79","-31.79","SALES-POS","f180736e-81ba-424b-9051-53b60ae7580c","Virginia",3467.87,2018-08-23 07:00:00,"F",20,"Mount Lawley","WA",4.86,"481b2bb00fa04170851255b372c4346d","CUS-127297539","115.87","-31.92","debit","Thu","21:16:37","21","August"
"2851","authorized","1","ACC-1799207998","150.68","-33.79","SALES-POS","39a1e428-8dc0-4cbc-8512-86162c660c51","Susan",4471.88,2018-08-23 07:00:00,"F",20,"Huskisson","NSW",21.94,"67db6d98576b409cb423834e84c3673c","CUS-164374203","150.67","-35.04","debit","Thu","21:29:36","21","August"
"2852","authorized","0","ACC-1199531521","116.02","-31.87","POS","29591d82-c18f-429a-a8f8-14567dfe7a80","Billy",6797.19,2018-08-23 07:00:00,"M",52,"Perth","WA",16.59,"fd37989a7adf47f983ec5c38dae6fe41","CUS-134833760","115.86","-31.94","debit","Thu","21:42:35","21","August"
"2853","authorized","1","ACC-1056639002","145.03","-37.91","SALES-POS","b44f2d09-7754-4e1c-b412-9b253346742c","Michael",42823.73,2018-08-23 07:00:00,"M",22,"Norlane","VIC",52.59,"f91303c12e9f422abda25ff92b275ffc","CUS-3462882033","144.36","-38.09","debit","Thu","21:55:35","21","August"
"2854","posted",NA,"ACC-3741880913","150.50","-23.40","PAYMENT",NA,"Ashley",6063.16,2018-08-23 07:00:00,"F",25,NA,NA,32,"e1aa42cd916e474c9049a5c8323c7065","CUS-1220154422",NA,NA,"debit","Thu","22:00:00","22","August"
"2855","posted",NA,"ACC-90814749","151.68","-32.98","PAYMENT",NA,"Christopher",7597.13,2018-08-23 07:00:00,"M",35,NA,NA,36,"e31a9f3f1e734ab6bd37cb661701c0a2","CUS-1896554896",NA,NA,"debit","Thu","22:00:00","22","August"
"2856","posted",NA,"ACC-602667573","151.23","-33.96","PAYMENT",NA,"Michael",5054.8,2018-08-23 07:00:00,"M",40,NA,NA,887,"a19215dbf80140f6b4d8ac39b75f89a5","CUS-2031327464",NA,NA,"debit","Thu","22:00:00","22","August"
"2857","posted",NA,"ACC-2265520058","151.27","-33.85","PAYMENT",NA,"Catherine",1571.73,2018-08-23 07:00:00,"F",26,NA,NA,33,"17abd454b6fe419e99d025983c195370","CUS-331942311",NA,NA,"debit","Thu","22:00:00","22","August"
"2858","authorized","1","ACC-2828321672","153.03","-27.51","POS","06bf749a-1db8-41fc-9f26-eb1683974516","Stephanie",1437.67,2018-08-23 07:00:00,"F",53,"Fortitude Valley","QLD",202.74,"edc1201fa39f4796aa352f43f2fa60aa","CUS-1005756958","153.04","-27.45","debit","Thu","22:09:59","22","August"
"2859","authorized","1","ACC-182446574","116.06","-32.00","POS","46afb5cd-cbea-4d31-afb9-19fe85a72bc5","Tonya",3385.35,2018-08-23 07:00:00,"F",27,"Dalkeith","WA",12.6,"883dd63cf3b04024b6627b69215251fc","CUS-3026014945","115.8","-31.99","debit","Thu","22:25:09","22","August"
"2860","authorized","1","ACC-1496451953","145.16","-37.84","SALES-POS","012fee56-7727-4955-921a-f0369663dc65","Ricky",6648.25,2018-08-23 07:00:00,"M",43,"Darwin City","NT",16.71,"b1f79103279f4f47b336a50810d6f0d0","CUS-3142625864","130.84","-12.46","debit","Thu","22:40:18","22","August"
"2861","authorized","1","ACC-3689607373","115.79","-31.79","POS","def6f8f2-e856-4da8-b836-fc56bd595375","Virginia",3441.45,2018-08-23 07:00:00,"F",20,"Spearwood","WA",26.42,"890d263f1c524ae5ba7c2ad6baa02844","CUS-127297539","115.78","-32.1","debit","Thu","22:55:27","22","August"
"2862","posted",NA,"ACC-354106658","151.04","-33.80","PAYMENT",NA,"Christine",7703.82,2018-08-23 07:00:00,"F",39,NA,NA,52,"64e5394e75ee4a95bf4a8e1abc3fae6b","CUS-2376382098",NA,NA,"debit","Thu","23:00:00","23","August"
"2863","posted",NA,"ACC-1334819143","145.13","-37.70","INTER BANK",NA,"Christopher",58393.53,2018-08-23 07:00:00,"M",33,NA,NA,59,"775303cc708f47c68dfcc0ee02f2b0bb","CUS-3117610635",NA,NA,"debit","Thu","23:00:00","23","August"
"2864","authorized","1","ACC-1608363396","151.22","-33.87","SALES-POS","c6dbb5f1-dd6d-49e4-b4cf-68e9680d544e","Robert",4788.74,2018-08-23 07:00:00,"M",20,"Ryde","NSW",17.2,"29cf5399a11d4bd08cb3f3a060e01871","CUS-2688605418","151.11","-33.81","debit","Thu","23:15:13","23","August"
"2865","authorized","1","ACC-1222300524","151.23","-33.94","SALES-POS","bf5f0640-01bb-44e5-ba16-8bd356c8ce9c","Michael",1737.93,2018-08-23 07:00:00,"M",38,"Blacktown","NSW",80.89,"3ab068da21c84209896a9443f6bb7487","CUS-2142601169","150.91","-33.77","debit","Thu","23:36:57","23","August"
"2866","authorized","1","ACC-3021093232","149.83","-29.47","POS","0feb215c-4518-4180-8395-451ed6533a69","Melissa",3792.42,2018-08-23 07:00:00,"F",30,"Goulburn","NSW",23.89,"3a72f781202e4ab286d7032171bc31c6","CUS-55310383","149.72","-34.75","debit","Thu","23:58:41","23","August"
"2867","authorized","1","ACC-182446574","116.06","-32.00","SALES-POS","a110d5b8-126f-494c-9231-71640252c2dc","Tonya",3359.63,2018-08-24 07:00:00,"F",27,"Dawes Point","NSW",25.72,"03b6a8bc5d6d4af7972ff4532601af96","CUS-3026014945","151.21","-33.86","debit","Fri","00:39:09","00","August"
"2868","authorized","1","ACC-966140392","147.08","-37.97","SALES-POS","feb098d1-9a5b-46e0-a09a-5ecb1316eabf","Joseph",3151.56,2018-08-24 07:00:00,"M",21,"Altona Meadows","VIC",9.62,"be7f3c544a8142fc8eab10a1f047df63","CUS-537508723","144.78","-37.87","debit","Fri","01:10:12","01","August"
"2869","authorized","1","ACC-1516130869","130.84","-12.45","POS","97140894-94e8-48b9-a697-4da98bc4b36d","Jessica",3864.78,2018-08-24 07:00:00,"F",21,"Nightcliff","NT",13.5,"bf759d5f37734bd6b90788f2e53031ac","CUS-325142416","130.85","-12.39","debit","Fri","01:30:36","01","August"
"2870","authorized","1","ACC-3541460373","145.00","-37.83","SALES-POS","aeb73b3b-ac40-46d2-a744-6104193fa88e","Jeffrey",2525.08,2018-08-24 07:00:00,"M",24,"Chelsea Heights","VIC",12.51,"0c31ec92e2544a2f9bef5af5b2e3856e","CUS-1433879684","145.13","-38.03","debit","Fri","01:51:01","01","August"
"2871","posted",NA,"ACC-3881031190","149.19","-21.15","INTER BANK",NA,"Richard",3711.09,2018-08-24 07:00:00,"M",37,NA,NA,86,"9ce694bdfff84719a53bfd34f83c16fa","CUS-3201519139",NA,NA,"debit","Fri","02:00:00","02","August"
"2872","authorized","1","ACC-2305712452","138.61","-34.89","SALES-POS","1bdf91d8-337a-4680-ad23-0331a00d0049","Debra",1923.51,2018-08-24 07:00:00,"F",18,"Gepps Cross","SA",11.2,"aaba405e776142a7a714451266648a4f","CUS-1842679196","138.59","-34.85","debit","Fri","02:16:28","02","August"
"2873","authorized","1","ACC-559365433","147.31","-42.88","POS","a7607d0c-8e67-4b92-bf46-c39b5b339d2a","Mary",1264.66,2018-08-24 07:00:00,"F",64,"Preston","VIC",21.84,"6fbc79c390364a6fb6a3a206f22a0f1b","CUS-1654129794","145.03","-37.75","debit","Fri","02:45:52","02","August"
"2874","posted",NA,"ACC-1683215619","138.67","-34.86","PAYMENT",NA,"Barry",4611.48,2018-08-24 07:00:00,"M",38,NA,NA,59,"43795733ed1840518b8df791d569c2a4","CUS-1604596597",NA,NA,"debit","Fri","03:00:00","03","August"
"2875","posted",NA,"ACC-2673069055","152.99","-27.49","PAYMENT",NA,"Richard",15964.69,2018-08-24 07:00:00,"M",24,NA,NA,43,"fe0d759c8a7d41a7a693389a2c58de70","CUS-51506836",NA,NA,"debit","Fri","03:00:00","03","August"
"2876","posted",NA,"ACC-1496451953","145.16","-37.84","PAYMENT",NA,"Ricky",6625.25,2018-08-24 07:00:00,"M",43,NA,NA,23,"5a75104e12804a0a8828146bccc23e76","CUS-3142625864",NA,NA,"debit","Fri","04:00:00","04","August"
"2877","posted",NA,"ACC-1710017148","150.82","-34.01","PAYMENT",NA,"Michelle",7374.43,2018-08-24 07:00:00,"F",19,NA,NA,40,"4d0a2fcf909d422788b7fdeca3a038ae","CUS-883482547",NA,NA,"debit","Fri","04:00:00","04","August"
"2878","authorized","0","ACC-354106658","151.04","-33.80","SALES-POS","454a31b8-603a-4a55-b24d-ac76c0038ef3","Christine",7657.7,2018-08-24 07:00:00,"F",39,"Mount Druitt","NSW",46.12,"6c1cd8ac42e7426d88aec41be5dd524a","CUS-2376382098","150.82","-33.77","debit","Fri","04:07:24","04","August"
"2879","authorized","1","ACC-1598451071","153.41","-27.95","SALES-POS","ee789377-3783-4757-968a-2e3726fc057e","Diana",1854.07,2018-08-24 07:00:00,"F",26,"Aratula","QLD",14.15,"8dac7e74fb064664baf96e9549e850ae","CUS-2487424745","152.55","-27.98","debit","Fri","04:25:55","04","August"
"2880","authorized","1","ACC-1598451071","153.41","-27.95","POS","75bc053a-5e96-464f-aa7f-2986c71ebcd3","Diana",1841.75,2018-08-24 07:00:00,"F",26,"Helensvale","QLD",12.32,"b295a9ccabed41a7a9b5e1ce6f41a4a8","CUS-2487424745","153.34","-27.92","debit","Fri","04:44:26","04","August"
"2881","posted",NA,"ACC-3827517394","151.12","-33.89","PAYMENT",NA,"Craig",32613.16,2018-08-24 07:00:00,"M",28,NA,NA,65,"05ab725a0ed84a97bb4429ffe2795d61","CUS-2663907001",NA,NA,"debit","Fri","05:00:00","05","August"
"2882","authorized","1","ACC-1424176027","151.08","-33.93","SALES-POS","9e6d9ce2-bf46-46f4-a9e6-9e2d5ffbd09d","Donald",3828.34,2018-08-24 07:00:00,"M",22,"Condingup","WA",14.3,"459ec3ded9bb4017933f00a34d1c748a","CUS-3431016847","122.54","-33.68","debit","Fri","05:26:39","05","August"
"2883","posted",NA,"ACC-2890243754","153.32","-27.93","PAYMENT",NA,"Joseph",1715.12,2018-08-24 07:00:00,"M",37,NA,NA,166,"eca626a191844cb58ceb4e73c95d1401","CUS-2695611575",NA,NA,"debit","Fri","06:00:00","06","August"
"2884","posted",NA,"ACC-3941181087","115.79","-31.94","PAYMENT",NA,"Paul",5515.03,2018-08-24 07:00:00,"M",25,NA,NA,28,"1295717d2df048bf90298658937b7f49","CUS-3989008654",NA,NA,"debit","Fri","06:00:00","06","August"
"2885","posted",NA,"ACC-1990648130","114.62","-28.80","PAYMENT",NA,"Kaitlyn",2646.63,2018-08-24 07:00:00,"F",21,NA,NA,28,"a09ccb2f11f04a008a7a26536ff18cd0","CUS-809013380",NA,NA,"debit","Fri","06:00:00","06","August"
"2886","authorized","0","ACC-966140392","147.08","-37.97","POS","4f4bcf97-ac15-4e8d-b5e3-973a6e2eb073","Joseph",3127.51,2018-08-24 07:00:00,"M",21,"Preston","VIC",24.05,"dfa4b47163904324a9062087d36fb81b","CUS-537508723","145.03","-37.74","debit","Fri","06:49:59","06","August"
"2887","posted",NA,"ACC-1496451953","145.16","-37.84","PAYMENT",NA,"Ricky",6608.25,2018-08-24 07:00:00,"M",43,NA,NA,17,"a3e8fcb6015040578993fc9b3384eed5","CUS-3142625864",NA,NA,"debit","Fri","07:00:00","07","August"
"2888","posted",NA,"ACC-574997646","150.79","-33.64","PAYMENT",NA,"Mackenzie",1381.1,2018-08-24 07:00:00,"F",18,NA,NA,91,"a27f132268f74867927e15fc5a4195c4","CUS-586638664",NA,NA,"debit","Fri","07:00:00","07","August"
"2889","authorized","1","ACC-2270192619","138.56","-35.27","POS","a5c3ad8c-2cea-4e6e-9007-9ac607f6a1cc","Darren",9177.2,2018-08-24 07:00:00,"M",20,"Salisbury","SA",18.98,"d0ac541bd34b4a08b1ac4b8fd9393f3f","CUS-2110742437","138.65","-34.76","debit","Fri","07:31:06","07","August"
"2890","authorized","0","ACC-1598451071","153.41","-27.95","SALES-POS","f26401e1-93c1-4dc9-92e2-79cd25e902e2","Diana",1826.8,2018-08-24 07:00:00,"F",26,"Brookvale","NSW",14.95,"5f7d22a1c52f4be59646926045e049a0","CUS-2487424745","151.26","-33.77","debit","Fri","08:01:49","08","August"
"2891","authorized","0","ACC-1598451071","153.41","-27.95","SALES-POS","608e64d0-0f15-4352-9209-87be26318a3d","Diana",1819.99,2018-08-24 07:00:00,"F",26,"Brisbane City","QLD",6.81,"3e0c6bb4793c4f1a85c3caa1b9818c77","CUS-2487424745","153.02","-27.47","debit","Fri","08:10:04","08","August"
"2892","authorized","1","ACC-3233697971","151.04","-33.77","POS","7cb793ae-7f62-459f-84c4-0e22ac325e31","Robin",4051.35,2018-08-24 07:00:00,"F",34,"Castle Hill","NSW",17.65,"b468f62c6c144bf6ac7e88fd90ecfc41","CUS-1147642491","150.98","-33.73","debit","Fri","08:18:20","08","August"
"2893","authorized","1","ACC-1608363396","151.22","-33.87","POS","66cd44ce-0dd4-4d34-bb49-61c658b9530c","Robert",4779.29,2018-08-24 07:00:00,"M",20,"Lane Cove North","NSW",9.45,"15a8f33e34844216868a9f3907e9f21d","CUS-2688605418","151.16","-33.81","debit","Fri","08:26:36","08","August"
"2894","authorized","1","ACC-1973887809","115.78","-31.90","SALES-POS","f4cfc3c1-9926-47ad-b094-d912f325ae3f","Antonio",3014.02,2018-08-24 07:00:00,"M",26,"Sydney","NSW",83.2,"cf29ee4436ac4034bab61c9310c751c1","CUS-1646621553","151.21","-33.87","debit","Fri","08:34:52","08","August"
"2895","authorized","1","ACC-3100725361","145.73","-17.03","POS","00a5bc50-0146-48d7-91ee-966e8be89c0b","Ronald",696.66,2018-08-24 07:00:00,"M",25,"Healesville","VIC",28.16,"ce7232c4291e49b7ade5af5e311f31f4","CUS-2178051368","145.54","-37.65","debit","Fri","08:43:08","08","August"
"2896","authorized","0","ACC-2681137560","151.11","-33.99","SALES-POS","a76033fe-f356-400e-ab62-dc174815cee4","Nathaniel",2660.51,2018-08-24 07:00:00,"M",31,"Bondi","NSW",4.05,"abe2b3603b3841968096da31a7275498","CUS-2083971310","151.26","-33.89","debit","Fri","08:51:24","08","August"
"2897","authorized","0","ACC-1424176027","151.08","-33.93","POS","87a18ada-8920-45c7-aae8-66861e9ae6fa","Donald",3806.68,2018-08-24 07:00:00,"M",22,"Chipping Norton","NSW",21.66,"049793fec41b4027a790b5fb1e90b2d8","CUS-3431016847","150.96","-33.91","debit","Fri","08:59:40","08","August"
"2898","authorized","1","ACC-2970114956","144.89","-37.69","SALES-POS","4c2bef46-6b43-4b1b-be8f-240c86b8035c","Robert",6740.25,2018-08-24 07:00:00,"M",26,"Knoxfield","VIC",25.08,"8e0dc63021864d429309a45571fb3821","CUS-880898248","145.26","-37.88","debit","Fri","09:07:16","09","August"
"2899","authorized","1","ACC-4258502723","145.45","-37.74","POS","85e5a336-7b71-469d-828d-4152e38cbd39","Kimberly",1766.84,2018-08-24 07:00:00,"F",24,"Port Douglas","QLD",2.85,"588f6895cb35417db4fa3106d5e18161","CUS-3378712515","145.46","-16.48","debit","Fri","09:14:50","09","August"
"2900","authorized","1","ACC-1990648130","114.62","-28.80","POS","20f49fac-03e1-43fb-a497-d2463bc779a5","Kaitlyn",2638.45,2018-08-24 07:00:00,"F",21,"Laverton","WA",8.18,"b4143e81fe0247c093ca5dadd283971c","CUS-809013380","122.05","-28.76","debit","Fri","09:22:25","09","August"
"2901","authorized","1","ACC-1799207998","150.68","-33.79","SALES-POS","3075b265-3b29-4d54-a38e-c379113f73bf","Susan",4354.04,2018-08-24 07:00:00,"F",20,"Balingup","WA",117.84,"638f52100fb040f486743c1ca8e4acbe","CUS-164374203","115.97","-33.79","debit","Fri","09:29:59","09","August"
"2902","authorized","1","ACC-3084464802","145.15","-37.76","SALES-POS","ace20424-f9d3-4cce-809d-a3a6b29da7fc","Susan",5193.05,2018-08-24 07:00:00,"F",19,"Hoppers Crossing","VIC",16.45,"4ebd01a1f22f4656b10552114ead2078","CUS-1928710999","144.7","-37.88","debit","Fri","09:37:34","09","August"
"2903","authorized","1","ACC-2673069055","152.99","-27.49","POS","9d88caf1-1e4b-44e7-a307-14b16c7495a0","Richard",15945.29,2018-08-24 07:00:00,"M",24,"Brisbane City","QLD",19.4,"7b0bea0759cd445b96a4157ce6bf2743","CUS-51506836","153.02","-27.47","debit","Fri","09:45:09","09","August"
"2904","authorized","0","ACC-3100725361","145.73","-17.03","POS","e98a15b4-b1e2-4dec-baf0-b54030469763","Ronald",687.85,2018-08-24 07:00:00,"M",25,"Melbourne","VIC",8.81,"ca287b449dd94010a93cfcbd8ddccfce","CUS-2178051368","144.96","-37.82","debit","Fri","09:52:43","09","August"
"2905","posted",NA,"ACC-1334819143","145.13","-37.70","PAYMENT",NA,"Christopher",58343.53,2018-08-24 07:00:00,"M",33,NA,NA,50,"d2552249592544debd43e3001b0c7022","CUS-3117610635",NA,NA,"debit","Fri","10:00:00","10","August"
"2906","authorized","1","ACC-1608363396","151.22","-33.87","POS","fbf660a4-8d1c-4235-abb7-bf2a1501b7bc","Robert",4774.55,2018-08-24 07:00:00,"M",20,"North Sydney","NSW",4.74,"2f7d117b25f3407583897e881b865985","CUS-2688605418","151.2","-33.84","debit","Fri","10:00:51","10","August"
"2907","authorized","1","ACC-2970114956","144.89","-37.69","SALES-POS","a7cbf1bd-cf6c-423d-bb38-f6913d8a69d1","Robert",6718.35,2018-08-24 07:00:00,"M",26,"Richmond","VIC",21.9,"21ecb989276b4b54a4aa897d8a98705f","CUS-880898248","145.01","-37.82","debit","Fri","10:22:07","10","August"
"2908","authorized","1","ACC-3233697971","151.04","-33.77","POS","3bd0782a-b3e2-46eb-a29f-d69328c31103","Robin",4007.67,2018-08-24 07:00:00,"F",34,"Chatswood","NSW",43.68,"5e60603d72ec4c84a13ab7559cea7b2a","CUS-1147642491","151.18","-33.8","debit","Fri","10:43:24","10","August"
"2909","posted",NA,"ACC-1788473090","145.06","-37.95","INTER BANK",NA,"Rachael",3376.22,2018-08-24 07:00:00,"F",21,NA,NA,66,"9e6410f30baf4d83b600a97f2cff64d6","CUS-134193016",NA,NA,"debit","Fri","11:00:00","11","August"
"2910","posted",NA,"ACC-3536132544","144.93","-37.79","PAYMENT",NA,"Heather",3009.91,2018-08-24 07:00:00,"F",41,NA,NA,33,"80bef502f7eb41b7ba53dce76a3078b4","CUS-2348881191",NA,NA,"debit","Fri","11:00:00","11","August"
"2911","posted",NA,"ACC-414431115","142.77","-37.06","INTER BANK",NA,"Amy",1465.94,2018-08-24 07:00:00,"F",43,NA,NA,18,"7b4724be22cc47629d302bd29279efca","CUS-2599279756",NA,NA,"debit","Fri","11:00:00","11","August"
"2912","posted",NA,"ACC-1334819143","145.13","-37.70","PAYMENT",NA,"Christopher",58219.53,2018-08-24 07:00:00,"M",33,NA,NA,124,"e2014146302a49968f77a3ba78714570","CUS-3117610635",NA,NA,"debit","Fri","11:00:00","11","August"
"2913","posted",NA,"ACC-38923874","151.27","-33.90","PAY/SALARY",NA,"Ryan",34933.29,2018-08-24 07:00:00,"M",38,NA,NA,1880.95,"ba985872615a444e8b30d1b07552e6da","CUS-3249305314",NA,NA,"credit","Fri","11:00:00","11","August"
"2914","authorized","1","ACC-1222300524","151.23","-33.94","SALES-POS","ac64dff2-d786-44fa-a332-3f530bdd0444","Michael",1721.63,2018-08-24 07:00:00,"M",38,"Rockdale","NSW",16.3,"01948766d87d40b8b275de9ab0486bc3","CUS-2142601169","151.14","-33.96","debit","Fri","11:01:45","11","August"
"2915","authorized","1","ACC-1222300524","151.23","-33.94","SALES-POS","a9ef765f-2a48-4d8d-a08f-5cf8e5ed52c9","Michael",1699.88,2018-08-24 07:00:00,"M",38,"Greystanes","NSW",21.75,"5efa08581a1448eea225b306588987f8","CUS-2142601169","150.94","-33.81","debit","Fri","11:09:45","11","August"
"2916","authorized","1","ACC-1056639002","145.03","-37.91","SALES-POS","37178bdb-2859-474d-b395-f7251b9e2b28","Michael",42817.76,2018-08-24 07:00:00,"M",22,"Keilor East","VIC",5.97,"a1cdae2ea64346f7a962428774153dc0","CUS-3462882033","144.87","-37.73","debit","Fri","11:17:45","11","August"
"2917","authorized","1","ACC-1516130869","130.84","-12.45","SALES-POS","f0fee914-bebe-4182-bcb3-a75f58682bc1","Jessica",3862.32,2018-08-24 07:00:00,"F",21,"Annandale","NSW",2.46,"8019bbae04b44c679acb3a8fd25ecd2e","CUS-325142416","151.17","-33.88","debit","Fri","11:25:45","11","August"
"2918","authorized","1","ACC-1799207998","150.68","-33.79","SALES-POS","db0b4ef2-1565-46e0-a207-4b2c277d09ff","Susan",4346.6,2018-08-24 07:00:00,"F",20,"Milsons Point","NSW",7.44,"87edcb6c6b53474cbcd9250e1e2625ce","CUS-164374203","151.21","-33.84","debit","Fri","11:33:45","11","August"
"2919","authorized","1","ACC-3689607373","115.79","-31.79","POS","e33831d4-02c8-435b-b0b0-8641b334b223","Virginia",3428.53,2018-08-24 07:00:00,"F",20,"Falcon","WA",12.92,"ff1204478c8849068c3ea4e4fbe41d80","CUS-127297539","115.66","-32.58","debit","Fri","11:41:45","11","August"
"2920","authorized","1","ACC-854938045","147.63","-22.84","POS","71a62c87-49db-403c-9a83-546bbd4b4f5d","James",10368.13,2018-08-24 07:00:00,"M",28,"Ocean Grange","VIC",17.08,"3cf81fcdc6bb44c1a8f59d8419a320e2","CUS-4023861240","147.69","-38","debit","Fri","11:49:45","11","August"
"2921","authorized","0","ACC-966140392","147.08","-37.97","SALES-POS","4212ecd1-709b-4d32-910b-ebc0eb1f5b47","Joseph",3107.71,2018-08-24 07:00:00,"M",21,"Sassafras","VIC",19.8,"467c9be052d94a558357f2606be7236b","CUS-537508723","145.35","-37.86","debit","Fri","11:57:45","11","August"
"2922","posted",NA,"ACC-3485804958","138.52","-35.01","PAYMENT",NA,"Jessica",18372.1,2018-08-24 07:00:00,"F",34,NA,NA,16,"f4a7a821c981453db078f2eea738a019","CUS-1196156254",NA,NA,"debit","Fri","12:00:00","12","August"
"2923","posted",NA,"ACC-3689607373","115.79","-31.79","PAY/SALARY",NA,"Virginia",4567.32,2018-08-24 07:00:00,"F",20,NA,NA,1138.79,"cd61bab5a5684ab694b6c763c7b96a4c","CUS-127297539",NA,NA,"credit","Fri","12:00:00","12","August"
"2924","posted",NA,"ACC-2890243754","153.32","-27.93","PAY/SALARY",NA,"Joseph",2632.57,2018-08-24 07:00:00,"M",37,NA,NA,917.45,"398751777db14965971e2370b998c715","CUS-2695611575",NA,NA,"credit","Fri","12:00:00","12","August"
"2925","authorized","1","ACC-966140392","147.08","-37.97","POS","ad39de1d-4bb5-485a-8daa-c963ec5f6b5b","Joseph",3093.41,2018-08-24 07:00:00,"M",21,"Grovedale","VIC",14.3,"6b67538e5d66474e9dd9cd95351f8802","CUS-537508723","144.32","-38.2","debit","Fri","12:12:12","12","August"
"2926","authorized","0","ACC-1222300524","151.23","-33.94","SALES-POS","bfbb283f-f5a2-4b5b-b1e3-9e5edc057ae3","Michael",1684.71,2018-08-24 07:00:00,"M",38,"Chatswood","NSW",15.17,"0d62fbc5421740ec9dd5e68d9d5849b3","CUS-2142601169","151.18","-33.8","debit","Fri","12:29:09","12","August"
"2927","authorized","1","ACC-1799207998","150.68","-33.79","SALES-POS","75af9468-b3e2-4959-b35b-9ea9845d92c6","Susan",4341.29,2018-08-24 07:00:00,"F",20,"St Leonards","NSW",5.31,"b90791cb241742668ed4952490e375b7","CUS-164374203","151.19","-33.82","debit","Fri","12:46:06","12","August"
"2928","posted",NA,"ACC-559365433","147.31","-42.88","PAY/SALARY",NA,"Mary",1840.66,2018-08-24 07:00:00,"F",64,NA,NA,576,"dc9750fd810e494bb80f9323b417bea1","CUS-1654129794",NA,NA,"credit","Fri","13:00:00","13","August"
"2929","posted",NA,"ACC-3481401842","115.74","-31.72","PAY/SALARY",NA,"Tiffany",3354.01,2018-08-24 07:00:00,"F",25,NA,NA,1225.33,"c45812e07135447e9d6ff06bf29fe9b5","CUS-1669695324",NA,NA,"credit","Fri","13:00:00","13","August"
"2930","posted",NA,"ACC-2528867619","138.58","-34.96","PAY/SALARY",NA,"Abigail",6711.74,2018-08-24 07:00:00,"F",40,NA,NA,1946.57,"fb732c8fc3904949a1d7a5103195cd52","CUS-2505971401",NA,NA,"credit","Fri","13:00:00","13","August"
"2931","posted",NA,"ACC-1516130869","130.84","-12.45","PAYMENT",NA,"Jessica",3833.32,2018-08-24 07:00:00,"F",21,NA,NA,29,"0f56cb07a9864a26be071a8c6879ccbc","CUS-325142416",NA,NA,"debit","Fri","13:00:00","13","August"
"2932","authorized","1","ACC-1990648130","114.62","-28.80","SALES-POS","f75cba91-43f5-48cb-83ac-c4c2254e0028","Kaitlyn",2624.32,2018-08-24 07:00:00,"F",21,"Alstonville","NSW",14.13,"9426cd7b65b9429192e7cad258f0efd9","CUS-809013380","153.45","-28.85","debit","Fri","13:03:19","13","August"
"2933","authorized","1","ACC-1424176027","151.08","-33.93","POS","3350d0c0-b4e3-47ee-8fd2-cdd42100e258","Donald",3803.13,2018-08-24 07:00:00,"M",22,"Marrickville","NSW",3.55,"699ed8be97dc4607baf9ca77d559796e","CUS-3431016847","151.16","-33.9","debit","Fri","13:21:51","13","August"
"2934","authorized","1","ACC-3317636250","153.02","-27.66","SALES-POS","554ed673-fb01-448d-aaf3-7afe00828ceb","Kenneth",6950.7,2018-08-24 07:00:00,"M",35,"Jindalee","QLD",32.67,"00e0294ceca54fe8804390cfe683878c","CUS-2738291516","152.95","-27.53","debit","Fri","13:40:22","13","August"
"2935","authorized","1","ACC-1990648130","114.62","-28.80","SALES-POS","995651b2-6592-49fe-8f54-1ac6753f67ea","Kaitlyn",2616.78,2018-08-24 07:00:00,"F",21,"Goolmangar","NSW",7.54,"d5ef8b4f646d42c68af31678b2a6210c","CUS-809013380","153.23","-28.75","debit","Fri","13:58:53","13","August"
"2936","posted",NA,"ACC-4065652575","115.81","-31.82","PAYMENT",NA,"Lucas",8576.43,2018-08-24 07:00:00,"M",21,NA,NA,94,"68437823eac547bdb68ebfb8de73e448","CUS-1117979751",NA,NA,"debit","Fri","14:00:00","14","August"
"2937","posted",NA,"ACC-1344825761","151.09","-33.91","PAYMENT",NA,"Sarah",15479.73,2018-08-24 07:00:00,"F",46,NA,NA,22,"c9f961653e1a485992ce1fa53c392d66","CUS-1499065773",NA,NA,"debit","Fri","14:00:00","14","August"
"2938","posted",NA,"ACC-1523339231","115.83","-31.90","PAYMENT",NA,"Tim",62560.22,2018-08-24 07:00:00,"M",40,NA,NA,40,"835d1acd3c74493cae7added60b77f5f","CUS-1816693151",NA,NA,"debit","Fri","14:00:00","14","August"
"2939","posted",NA,"ACC-2153562714","116.00","-31.88","PAY/SALARY",NA,"Linda",3992.78,2018-08-24 07:00:00,"F",24,NA,NA,3712.56,"13d1b673d560462aa9b879f6b3730e39","CUS-423725039",NA,NA,"credit","Fri","14:00:00","14","August"
"2940","posted",NA,"ACC-574997646","150.79","-33.64","PAY/SALARY",NA,"Mackenzie",3333.39,2018-08-24 07:00:00,"F",18,NA,NA,1952.29,"8825f1d53e994088907801792ebabcc3","CUS-586638664",NA,NA,"credit","Fri","14:00:00","14","August"
"2941","authorized","1","ACC-1598451071","153.41","-27.95","SALES-POS","c945ff25-3a84-4581-8119-c9d0ed5061f8","Diana",1808.41,2018-08-24 07:00:00,"F",26,"Brisbane City","QLD",11.58,"874df76f12d944b59d6f622f1699e0de","CUS-2487424745","153.02","-27.47","debit","Fri","14:08:14","14","August"
"2942","authorized","1","ACC-3317636250","153.02","-27.66","POS","7cbc7858-b82d-4ba3-884f-be894d456fb2","Kenneth",6919.18,2018-08-24 07:00:00,"M",35,"Clayfield","QLD",31.52,"8d238e6a45b7466fad333e0b00469558","CUS-2738291516","153.06","-27.42","debit","Fri","14:17:01","14","August"
"2943","authorized","1","ACC-2673069055","152.99","-27.49","SALES-POS","16f87b35-bf91-4632-83c5-b4d9041c7cbe","Richard",15935.41,2018-08-24 07:00:00,"M",24,"Wilsonton Heights","QLD",9.88,"dee859f895e74331979550db6b8383bb","CUS-51506836","151.93","-27.53","debit","Fri","14:25:47","14","August"
"2944","authorized","0","ACC-3100725361","145.73","-17.03","POS","469cd883-7db8-4e55-903a-12c6f509f400","Ronald",673.43,2018-08-24 07:00:00,"M",25,"Scoresby","VIC",14.42,"6465feed36114c3890fb8ad260e95c53","CUS-2178051368","145.23","-37.9","debit","Fri","14:34:33","14","August"
"2945","authorized","1","ACC-1598451071","153.41","-27.95","POS","45480b96-358a-4cf7-ac7b-deb32fdc973a","Diana",1794.04,2018-08-24 07:00:00,"F",26,"Ballina","NSW",14.37,"300dedaeab6d4cbab7c598e2c94897f5","CUS-2487424745","153.53","-28.86","debit","Fri","14:43:19","14","August"
"2946","authorized","1","ACC-2673069055","152.99","-27.49","SALES-POS","a3a3d03d-4131-47a1-82ea-d875d9def6a9","Richard",15925.41,2018-08-24 07:00:00,"M",24,"Fortitude Valley","QLD",10,"711be1c38b2e456b8a0fc498c70b79bd","CUS-51506836","153.04","-27.46","debit","Fri","14:52:06","14","August"
"2947","posted",NA,"ACC-1890605467","143.88","-37.66","PAY/SALARY",NA,"Alexander",11860.25,2018-08-24 07:00:00,"M",38,NA,NA,3649.51,"0f70c817266045b7b85bba25d71b59e2","CUS-1478398256",NA,NA,"credit","Fri","15:00:00","15","August"
"2948","posted",NA,"ACC-90814749","151.68","-32.98","PAY/SALARY",NA,"Christopher",9905.8,2018-08-24 07:00:00,"M",35,NA,NA,2308.67,"90769ac836244a65b66c505bcf9e7f56","CUS-1896554896",NA,NA,"credit","Fri","15:00:00","15","August"
"2949","posted",NA,"ACC-2231965366","144.96","-37.84","PAYMENT",NA,"Linda",7912.77,2018-08-24 07:00:00,"F",35,NA,NA,180,"9afcc188337a418799ae13c66665c041","CUS-2155701614",NA,NA,"debit","Fri","15:00:00","15","August"
"2950","authorized","0","ACC-1438600314","138.69","-34.84","SALES-POS","cd6b9ee2-6660-41f0-807e-e403063257fd","Maria",3579.89,2018-08-24 07:00:00,"F",35,"Lobethal","SA",43.25,"4bbe4c2e92184295839b9707977e6b74","CUS-2650223890","138.87","-34.9","debit","Fri","15:00:55","15","August"
"2951","authorized","0","ACC-3485804958","138.52","-35.01","POS","417301c4-1576-4b54-885d-2d557ac2e554","Jessica",18363.05,2018-08-24 07:00:00,"F",34,"Adelaide","SA",9.05,"7f377ba50bc146c7b6e790b89e6ad733","CUS-1196156254","138.59","-34.93","debit","Fri","15:10:05","15","August"
"2952","authorized","1","ACC-1496451953","145.16","-37.84","POS","74df394f-b073-43a8-9156-92c99cfd5f8c","Ricky",6296.34,2018-08-24 07:00:00,"M",43,"Chirnside Park","VIC",311.91,"e2169c918ada4be28766b060537e99bb","CUS-3142625864","145.31","-37.76","debit","Fri","15:19:15","15","August"
"2953","authorized","1","ACC-2173390920","144.71","-37.58","POS","b1813830-dff6-4ef8-9a3b-a35650de29c6","Luis",3089.61,2018-08-24 07:00:00,"M",27,"Craigieburn","VIC",27.91,"3f57c3096e214080a05bb159e45d7ca8","CUS-3180318393","144.93","-37.61","debit","Fri","15:28:26","15","August"
"2954","authorized","1","ACC-3100725361","145.73","-17.03","POS","abf814cc-5f46-4652-a768-39865adf4319","Ronald",653.09,2018-08-24 07:00:00,"M",25,"Coolbellup","WA",20.34,"33266701f6be4eb1a1ffe2b5e93e158b","CUS-2178051368","115.81","-32.08","debit","Fri","15:37:36","15","August"
"2955","authorized","1","ACC-1496451953","145.16","-37.84","POS","66a0231a-2397-4bf1-ba73-5b8ec0b069b4","Ricky",6275.58,2018-08-24 07:00:00,"M",43,"Malvern","VIC",20.76,"b36d0f20ff0843d79479c1f2efd4f37e","CUS-3142625864","145.03","-37.86","debit","Fri","15:46:47","15","August"
"2956","authorized","1","ACC-2673069055","152.99","-27.49","POS","fb435e83-a1cf-417c-b400-3aab3867dbed","Richard",15914.35,2018-08-24 07:00:00,"M",24,"Newtown","QLD",11.06,"46a98fd464c54f93988ae1851d15a357","CUS-51506836","151.93","-27.56","debit","Fri","15:55:57","15","August"
"2957","posted",NA,"ACC-80388494","144.97","-37.42","PAY/SALARY",NA,"Dustin",4170.52,2018-08-24 07:00:00,"M",28,NA,NA,1916.51,"65772072c5954b5ca69edb12b50a680c","CUS-1140341822",NA,NA,"credit","Fri","16:00:00","16","August"
"2958","posted",NA,"ACC-602667573","151.23","-33.96","PAYMENT",NA,"Michael",5013.8,2018-08-24 07:00:00,"M",40,NA,NA,41,"b0e440f3c36345738f45ebfbcf8d783f","CUS-2031327464",NA,NA,"debit","Fri","16:00:00","16","August"
"2959","posted",NA,"ACC-964839203","146.92","-36.07","PAY/SALARY",NA,"Michael",33041.53,2018-08-24 07:00:00,"M",21,NA,NA,1560.2,"68d429597e73430d8af03ca43ee5c4be","CUS-2059096722",NA,NA,"credit","Fri","16:00:00","16","August"
"2960","posted",NA,"ACC-3827517394","151.12","-33.89","PAYMENT",NA,"Craig",32570.16,2018-08-24 07:00:00,"M",28,NA,NA,43,"8b88b0dd652b4e538d6eac9a2bad8141","CUS-2663907001",NA,NA,"debit","Fri","16:00:00","16","August"
"2961","posted",NA,"ACC-2153562714","116.00","-31.88","PAYMENT",NA,"Linda",3965.78,2018-08-24 07:00:00,"F",24,NA,NA,27,"cd380788044a4f118183fd4c1d7dd36b","CUS-423725039",NA,NA,"debit","Fri","16:00:00","16","August"
"2962","authorized","1","ACC-3689607373","115.79","-31.79","POS","45e1a8f7-7d13-45e8-8a33-bd85c2b20e00","Virginia",4561.01,2018-08-24 07:00:00,"F",20,"Booragoon","WA",6.31,"3f18012680c24f1297ca208a179f7063","CUS-127297539","115.84","-32.03","debit","Fri","16:09:29","16","August"
"2963","authorized","1","ACC-3689607373","115.79","-31.79","POS","4d1c882d-8b38-4de0-8b1d-c486d2202d2e","Virginia",4547.47,2018-08-24 07:00:00,"F",20,"Gloucester","NSW",13.54,"74b25e4577874ee69e23312b3d4cb5b2","CUS-127297539","151.96","-32.01","debit","Fri","16:26:26","16","August"
"2964","authorized","1","ACC-3689607373","115.79","-31.79","SALES-POS","20a052be-8743-4e33-b271-8b257a2b76f6","Virginia",4540.51,2018-08-24 07:00:00,"F",20,"Canning Vale","WA",6.96,"1c9a3d3dd8f7485eb395b26aedf72d39","CUS-127297539","115.89","-32.07","debit","Fri","16:43:23","16","August"
"2965","posted",NA,"ACC-1344825761","151.09","-33.91","PAY/SALARY",NA,"Sarah",17950.18,2018-08-24 07:00:00,"F",46,NA,NA,2470.45,"8d6121bf7a874ddf83113b91ea357311","CUS-1499065773",NA,NA,"credit","Fri","17:00:00","17","August"
"2966","posted",NA,"ACC-2014856841","144.99","-37.90","PAY/SALARY",NA,"Patrick",262153.86,2018-08-24 07:00:00,"M",46,NA,NA,2179.96,"e4f1c2edf241411590bf599ff865f9ed","CUS-2370108457",NA,NA,"credit","Fri","17:00:00","17","August"
"2967","posted",NA,"ACC-3317636250","153.02","-27.66","PAY/SALARY",NA,"Kenneth",9463.94,2018-08-24 07:00:00,"M",35,NA,NA,2544.76,"f9057f5292ba418688af457c825e7a5b","CUS-2738291516",NA,NA,"credit","Fri","17:00:00","17","August"
"2968","authorized","1","ACC-1199531521","116.02","-31.87","POS","334ab003-f7d7-44fc-9355-b0f07e612c05","Billy",6767.54,2018-08-24 07:00:00,"M",52,"Wembley","WA",29.65,"598e8271ccb143c0a0960c9ac8a4c703","CUS-134833760","115.81","-31.94","debit","Fri","17:00:11","17","August"
"2969","authorized","1","ACC-1334819143","145.13","-37.70","SALES-POS","0ff03fe3-6c40-4713-8024-7023fb9cf9d5","Christopher",58212.6,2018-08-24 07:00:00,"M",33,"Footscray","VIC",6.93,"d51cda9d370842c2932d5517ffef2bf2","CUS-3117610635","144.89","-37.8","debit","Fri","17:09:59","17","August"
"2970","authorized","0","ACC-182446574","116.06","-32.00","SALES-POS","84c4cc4f-b4d5-488f-a381-a934a0af378e","Tonya",3350.13,2018-08-24 07:00:00,"F",27,"Booragoon","WA",9.5,"058e694ec59940e49e39a31bf2c910f6","CUS-3026014945","115.83","-32.04","debit","Fri","17:19:48","17","August"
"2971","authorized","1","ACC-964839203","146.92","-36.07","POS","c2cb19d2-a98f-4ade-8160-0f486085757b","Michael",32998.4,2018-08-24 07:00:00,"M",21,"Portarlington","VIC",43.13,"2cc7e0123bf441e09cb4e63bd07f87aa","CUS-2059096722","144.65","-38.12","debit","Fri","17:29:36","17","August"
"2972","authorized","1","ACC-1598451071","153.41","-27.95","POS","e5c3a999-72c2-46d6-b610-eaf688e8edf1","Diana",1784.37,2018-08-24 07:00:00,"F",26,"Burleigh Heads","QLD",9.67,"5fef510c4ed6455a8ff160a48ea2daf2","CUS-2487424745","153.45","-28.08","debit","Fri","17:39:24","17","August"
"2973","authorized","0","ACC-3741880913","150.50","-23.40","POS","55fcdb20-741d-4cc1-8e8a-7ceb7bd356dc","Ashley",6003.22,2018-08-24 07:00:00,"F",25,"Mittagong","NSW",59.94,"3eb44ba4c0be4bd18fd5e566080a5671","CUS-1220154422","150.47","-34.44","debit","Fri","17:49:12","17","August"
"2974","authorized","1","ACC-2249586092","115.98","-32.07","POS","f56c4edc-1ea9-42b5-964f-14bd1da1777a","Edward",5780.63,2018-08-24 07:00:00,"M",19,"Barrington","NSW",6,"ebd4ebdc03494eb78b3fe6cfd278ba91","CUS-443776336","151.91","-31.97","debit","Fri","17:59:01","17","August"
"2975","posted",NA,"ACC-1788473090","145.06","-37.95","INTER BANK",NA,"Rachael",3343.22,2018-08-24 07:00:00,"F",21,NA,NA,33,"4ea4eca3fc10486286a3b3fcfdc83055","CUS-134193016",NA,NA,"debit","Fri","18:00:00","18","August"
"2976","posted",NA,"ACC-3541460373","145.00","-37.83","PAYMENT",NA,"Jeffrey",2472.08,2018-08-24 07:00:00,"M",24,NA,NA,53,"b6951d171be244bd98c39d8a8e3874ed","CUS-1433879684",NA,NA,"debit","Fri","18:00:00","18","August"
"2977","posted",NA,"ACC-1652235822","144.89","-37.81","PAYMENT",NA,"Renee",19645.38,2018-08-24 07:00:00,"F",38,NA,NA,66,"7c90c5c3f53f4fab91090b210bd27d43","CUS-2206365095",NA,NA,"debit","Fri","18:00:00","18","August"
"2978","authorized","1","ACC-1438600314","138.69","-34.84","SALES-POS","5ba0c0ed-5463-473e-b485-91ae795d2d2b","Maria",3515.23,2018-08-24 07:00:00,"F",35,"South Nowra","NSW",64.66,"dd9a31c938464ba7855c161efbdec74c","CUS-2650223890","150.58","-34.91","debit","Fri","18:19:33","18","August"
"2979","authorized","1","ACC-3021093232","149.83","-29.47","SALES-POS","106e1272-44ab-4dcb-a438-dd98e0071e51","Melissa",3769.09,2018-08-24 07:00:00,"F",30,"Eden","NSW",23.33,"b8ca1f423d194cd4b45b6691fbb8ec44","CUS-55310383","149.9","-37.06","debit","Fri","18:41:18","18","August"
"2980","posted",NA,"ACC-3485804958","138.52","-35.01","PAYMENT",NA,"Jessica",18300.05,2018-08-24 07:00:00,"F",34,NA,NA,63,"aedf221643344e9dbb9e5d529ad49569","CUS-1196156254",NA,NA,"debit","Fri","19:00:00","19","August"
"2981","posted",NA,"ACC-3689607373","115.79","-31.79","INTER BANK",NA,"Virginia",4485.51,2018-08-24 07:00:00,"F",20,NA,NA,55,"c0c49f17ed6d4991b928db879139f7dc","CUS-127297539",NA,NA,"debit","Fri","19:00:00","19","August"
"2982","posted",NA,"ACC-2171593283","146.94","-36.04","PAYMENT",NA,"Fernando",8907.47,2018-08-24 07:00:00,"M",19,NA,NA,40,"bc3d06cf3b484ccab77d86977e9f1491","CUS-2317998716",NA,NA,"debit","Fri","19:00:00","19","August"
"2983","posted",NA,"ACC-1438600314","138.69","-34.84","PAYMENT",NA,"Maria",3470.23,2018-08-24 07:00:00,"F",35,NA,NA,45,"1b37a5f8fc4a46ea9222efac504b0f33","CUS-2650223890",NA,NA,"debit","Fri","19:00:00","19","August"
"2984","authorized","1","ACC-1973887809","115.78","-31.90","POS","56a95a99-0036-4727-a604-b8afcad982b1","Antonio",2950.9,2018-08-24 07:00:00,"M",26,"Merriwa","WA",63.12,"0d1d0e525ebd4e32a12620b0a81864df","CUS-1646621553","115.72","-31.67","debit","Fri","19:01:23","19","August"
"2985","authorized","1","ACC-182446574","116.06","-32.00","POS","8f49e7a9-c5ca-4c7a-81dc-911ec5e52ba6","Tonya",3320.82,2018-08-24 07:00:00,"F",27,"Ringwood","VIC",29.31,"0234219695724af89dec2de4478f93a6","CUS-3026014945","145.15","-37.71","debit","Fri","19:11:17","19","August"
"2986","authorized","1","ACC-2305712452","138.61","-34.89","POS","ae11d0cd-21cf-4a14-97c4-f8df838cc3cd","Debra",1912.57,2018-08-24 07:00:00,"F",18,"Sydney","NSW",10.94,"7ace0532fb674b00b8384577da5757aa","CUS-1842679196","151.21","-33.87","debit","Fri","19:21:11","19","August"
"2987","authorized","0","ACC-1598451071","153.41","-27.95","POS","a9697144-d08a-42d7-868d-7283f8133962","Diana",1778.5,2018-08-24 07:00:00,"F",26,"Brisbane City","QLD",5.87,"cf66e22bb0f94e148c15afdfa452fe15","CUS-2487424745","153.03","-27.47","debit","Fri","19:31:05","19","August"
"2988","authorized","1","ACC-90814749","151.68","-32.98","POS","a40690d5-f670-49ad-87e0-4ebd4d901364","Christopher",9870.75,2018-08-24 07:00:00,"M",35,"Narrogin","WA",35.05,"45e6572150da44188a3d972587515f5f","CUS-1896554896","117.18","-32.93","debit","Fri","19:40:59","19","August"
"2989","authorized","1","ACC-90814749","151.68","-32.98","SALES-POS","7e90d0c6-eacb-405e-97bc-c0bcbe562c3f","Christopher",9850.57,2018-08-24 07:00:00,"M",35,"Myalup","WA",20.18,"88c654ae1d49408189d91da2cd356cf1","CUS-1896554896","115.74","-33.01","debit","Fri","19:50:53","19","August"
"2990","posted",NA,"ACC-37709441","153.41","-28.01","PAYMENT",NA,"Charles",7142.8,2018-08-24 07:00:00,"M",18,NA,NA,27,"6e873ad75b7c40c6bf0661c053c684d0","CUS-3336454548",NA,NA,"debit","Fri","20:00:00","20","August"
"2991","authorized","0","ACC-1516130869","130.84","-12.45","SALES-POS","bebf9c8f-f867-42fd-b8f1-35f960d40029","Jessica",3789.23,2018-08-24 07:00:00,"F",21,"Molendinar","QLD",44.09,"a26c36cf3a8a44c09240922e68e4bd7a","CUS-325142416","153.36","-27.96","debit","Fri","20:01:18","20","August"
"2992","authorized","1","ACC-2259139624","144.66","-37.91","POS","f81686da-9261-4a98-8196-1812682d10db","Cindy",7693.26,2018-08-24 07:00:00,"F",19,"Coburg","VIC",42.8,"0389ee6fc6324663bc41e9565aa69ecb","CUS-3174332735","144.96","-37.74","debit","Fri","20:17:42","20","August"
"2993","authorized","1","ACC-3100725361","145.73","-17.03","POS","c72f5ec0-d8f8-4db0-9425-87e98de8d82f","Ronald",642.31,2018-08-24 07:00:00,"M",25,"Bulla","VIC",10.78,"b3079f79379e41f6a3a21c6963c647a9","CUS-2178051368","144.81","-37.64","debit","Fri","20:34:05","20","August"
"2994","authorized","1","ACC-1037050564","153.10","-27.66","POS","f22a316e-2132-447d-8f2b-4eea97c76954","Rhonda",2507.16,2018-08-24 07:00:00,"F",40,"Redbank Plains","QLD",5.89,"b56d438bfaee4ca7b23e6990a1a4f0cb","CUS-1614226872","152.85","-27.64","debit","Fri","20:50:29","20","August"
"2995","posted",NA,"ACC-3689607373","115.79","-31.79","PAYMENT",NA,"Virginia",4400.41,2018-08-24 07:00:00,"F",20,NA,NA,69,"5a009bfe7b4d4a67908682801ebd38f0","CUS-127297539",NA,NA,"debit","Fri","21:00:00","21","August"
"2996","posted",NA,"ACC-721712940","145.09","-37.82","PAYMENT",NA,"Andrew",52391.38,2018-08-24 07:00:00,"M",78,NA,NA,38,"9a8dde80ad3741b29f3d988fe1cbdc16","CUS-1646183815",NA,NA,"debit","Fri","21:00:00","21","August"
"2997","posted",NA,"ACC-2681137560","151.11","-33.99","PAYMENT",NA,"Nathaniel",2631.51,2018-08-24 07:00:00,"M",31,NA,NA,29,"ec1e083b93714eb0acef39a49525eed0","CUS-2083971310",NA,NA,"debit","Fri","21:00:00","21","August"
"2998","posted",NA,"ACC-2171593283","146.94","-36.04","PAYMENT",NA,"Fernando",8857.47,2018-08-24 07:00:00,"M",19,NA,NA,50,"ffbe752776264993b7a98c34394f15df","CUS-2317998716",NA,NA,"debit","Fri","21:00:00","21","August"
"2999","posted",NA,"ACC-1903037542","153.05","-27.61","PAYMENT",NA,"Jeffrey",1553.4,2018-08-24 07:00:00,"M",30,NA,NA,23,"59789096e634439488bfaf418b7a1398","CUS-860700529",NA,NA,"debit","Fri","21:00:00","21","August"
"3000","authorized","1","ACC-3485804958","138.52","-35.01","SALES-POS","9e9825b8-b6bf-447a-8187-2b66a86e6688","Jessica",18281.29,2018-08-24 07:00:00,"F",34,"Fulham Gardens","SA",18.76,"04eeacea964147fa9d9a7257941d7af5","CUS-1196156254","138.51","-34.91","debit","Fri","21:02:40","21","August"
"3001","authorized","0","ACC-1973887809","115.78","-31.90","SALES-POS","8fcacad6-0b36-4abd-8e22-2e5d812e2acc","Antonio",2932.56,2018-08-24 07:00:00,"M",26,"Maddington","WA",18.34,"d6c3e7616d6d42308efeb49b12f95a9b","CUS-1646621553","116","-32.05","debit","Fri","21:09:02","21","August"
"3002","authorized","1","ACC-1598451071","153.41","-27.95","POS","dc517250-5330-4567-8f8c-a737e8bf63ab","Diana",1770.17,2018-08-24 07:00:00,"F",26,"Palm Beach","QLD",8.33,"f21a5ed61a4f4e499d368f1beec02738","CUS-2487424745","153.46","-28.11","debit","Fri","21:15:24","21","August"
"3003","authorized","1","ACC-1598451071","153.41","-27.95","SALES-POS","663064e6-36b7-4a9e-803c-4bb8339491d6","Diana",1752.58,2018-08-24 07:00:00,"F",26,"Broadbeach","QLD",17.59,"799ec9c5c8cd4651b84c931e2d45005f","CUS-2487424745","153.43","-28.04","debit","Fri","21:21:47","21","August"
"3004","authorized","1","ACC-1598451071","153.41","-27.95","SALES-POS","e43c73c9-2a7e-46a6-963a-3108e4fc3d1e","Diana",1725.31,2018-08-24 07:00:00,"F",26,"Robina","QLD",27.27,"919755c007ff4af499a4f49e89592758","CUS-2487424745","153.38","-28.08","debit","Fri","21:28:09","21","August"
"3005","authorized","1","ACC-182446574","116.06","-32.00","SALES-POS","637958b7-c372-4c38-a893-c9717e4a6ac5","Tonya",3288.53,2018-08-24 07:00:00,"F",27,"Warwick","WA",32.29,"47415f46230b41c5b0b251752dfc8bef","CUS-3026014945","115.81","-31.84","debit","Fri","21:34:31","21","August"
"3006","authorized","1","ACC-90814749","151.68","-32.98","SALES-POS","615600a8-fe3c-42f9-9332-5dbc336daa50","Christopher",9827.35,2018-08-24 07:00:00,"M",35,"Armidale","NSW",23.22,"dbf823135cff4d408d5392c89a216f92","CUS-1896554896","151.67","-30.51","debit","Fri","21:40:53","21","August"
"3007","authorized","1","ACC-3689607373","115.79","-31.79","POS","c84b0464-c4e1-41e7-9376-ead8986bc757","Virginia",4469.41,2018-08-24 07:00:00,"F",20,"Broken Hill","NSW",16.1,"9e65959003c5403b8c873b4168fd0a19","CUS-127297539","141.47","-31.96","debit","Fri","21:47:15","21","August"
"3008","authorized","1","ACC-2259139624","144.66","-37.91","SALES-POS","3be46881-7d68-4d17-bac9-94cd80d24371","Cindy",7672.67,2018-08-24 07:00:00,"F",19,"Tarneit","VIC",20.59,"a075408ce1ea4c35a9ae4d70a91f0ccf","CUS-3174332735","144.71","-37.85","debit","Fri","21:53:37","21","August"
"3009","authorized","0","ACC-182446574","116.06","-32.00","POS","eb266d38-70e2-4dc1-837b-f851512ee253","Tonya",3273.57,2018-08-24 07:00:00,"F",27,"Applecross","WA",14.96,"78e4eef4c4374112a928016664a75d0a","CUS-3026014945","115.84","-32.02","debit","Fri","21:59:59","21","August"
"3010","authorized","0","ACC-90814749","151.68","-32.98","SALES-POS","2a8e613d-ee65-403b-963b-0bb42b75e1c9","Christopher",9779.09,2018-08-24 07:00:00,"M",35,"Wickham","NSW",48.26,"f180326c3f824ed6af1ad91252716c94","CUS-1896554896","151.76","-32.92","debit","Fri","22:08:41","22","August"
"3011","authorized","0","ACC-964839203","146.92","-36.07","POS","2c145a20-0d55-492f-8b2f-7e3235dfc1b5","Michael",32963,2018-08-24 07:00:00,"M",21,"Thornbury","VIC",35.4,"733c446a8347429daa5e82ff7ab6401c","CUS-2059096722","144.99","-37.75","debit","Fri","22:17:23","22","August"
"3012","authorized","1","ACC-3100725361","145.73","-17.03","POS","fdcae63c-afb4-4ec9-84bc-910959f5a724","Ronald",608.15,2018-08-24 07:00:00,"M",25,"South Burnie","TAS",34.16,"63435819388f4a8884c4b5db3156925c","CUS-2178051368","145.91","-41.06","debit","Fri","22:26:05","22","August"
"3013","authorized","1","ACC-3954677887","115.72","-32.28","SALES-POS","b1c36e87-8132-4601-975b-df9c7e3b01b5","Ruth",3057.53,2018-08-24 07:00:00,"F",47,"Rockingham","WA",30.15,"d70c55d68e6f49c6bf274a38f25c80e1","CUS-3716701010","115.73","-32.28","debit","Fri","22:34:46","22","August"
"3014","authorized","1","ACC-1037050564","153.10","-27.66","POS","7e0fa6aa-b48a-4d55-afed-ff2034fda51c","Rhonda",2430.99,2018-08-24 07:00:00,"F",40,"Northgate","QLD",76.17,"29f1accd2bf744099e81c18532da40ff","CUS-1614226872","153.07","-27.39","debit","Fri","22:43:28","22","August"
"3015","authorized","1","ACC-3771436525","145.04","-37.92","POS","ef130174-82fc-4379-b3d9-19a82cde8aa4","Derek",1524.04,2018-08-24 07:00:00,"M",20,"Oakleigh","VIC",20.88,"1cae42b1129d4d8a8c54d0a26f416c90","CUS-3325710106","145.09","-37.89","debit","Fri","22:52:10","22","August"
"3016","posted",NA,"ACC-3541460373","145.00","-37.83","PAYMENT",NA,"Jeffrey",2431.08,2018-08-24 07:00:00,"M",24,NA,NA,41,"711e5eca9a7a4f2d90582f00a22ff220","CUS-1433879684",NA,NA,"debit","Fri","23:00:00","23","August"
"3017","authorized","1","ACC-3954677887","115.72","-32.28","SALES-POS","75f2869a-b905-41ea-9294-0b04d3bb340f","Ruth",3010.83,2018-08-24 07:00:00,"F",47,"Tuncurry","NSW",46.7,"f5362d82940c45029de8c34b81c50503","CUS-3716701010","152.49","-32.16","debit","Fri","23:01:08","23","August"
"3018","authorized","0","ACC-1037050564","153.10","-27.66","POS","ffe6b6d5-9816-4fb2-8838-3147a9606042","Rhonda",2421.04,2018-08-24 07:00:00,"F",40,"Hamilton","QLD",9.95,"9f4d205ad6ef485d8078fe420f3018ff","CUS-1614226872","153.07","-27.44","debit","Fri","23:12:38","23","August"
"3019","authorized","0","ACC-211792489","138.63","-34.93","SALES-POS","6a64a888-392f-470e-a798-b090a9db45e7","Jacqueline",6671.41,2018-08-24 07:00:00,"F",30,"Netley","SA",60.58,"8d262f011143493f966b5ff56fe022fa","CUS-497688347","138.55","-34.95","debit","Fri","23:24:08","23","August"
"3020","authorized","1","ACC-3485804958","138.52","-35.01","SALES-POS","67b1bd4a-a94e-4fcb-816c-b5264733d8d5","Jessica",18268.53,2018-08-24 07:00:00,"F",34,"Adelaide","SA",12.76,"d5635ccbe5e84e63b28fbb1d2133e81f","CUS-1196156254","138.59","-34.93","debit","Fri","23:35:37","23","August"
"3021","authorized","0","ACC-3536132544","144.93","-37.79","POS","2f86a69f-bc2f-4a08-b56f-c039248827ac","Heather",2992.11,2018-08-24 07:00:00,"F",41,"Boronia","VIC",17.8,"e2767178c13b445d8bb93ff3eba1ddd1","CUS-2348881191","145.28","-37.86","debit","Fri","23:47:07","23","August"
"3022","authorized","1","ACC-1222300524","151.23","-33.94","SALES-POS","63e318b8-783c-46f2-af70-0b0e0324e027","Michael",1672.12,2018-08-24 07:00:00,"M",38,"Sydney","NSW",12.59,"e58e404d30f44c44b17f78de442d2240","CUS-2142601169","151.2","-33.87","debit","Fri","23:58:37","23","August"
"3023","authorized","1","ACC-3541460373","145.00","-37.83","SALES-POS","1a48ffe9-8e3c-4ff1-969e-fff37762269a","Jeffrey",2416.3,2018-08-25 07:00:00,"M",24,"Bairnsdale","VIC",14.78,"3882a961482c4ad393f09fab36253c4c","CUS-1433879684","147.63","-37.83","debit","Sat","00:58:39","00","August"
"3024","authorized","1","ACC-53508546","150.62","-33.76","POS","6457e617-f317-4fc2-be31-b44f41be1148","Kimberly",2587.36,2018-08-25 07:00:00,"F",35,"Warriewood","NSW",9.87,"20549a029d22404c824aad17b4009240","CUS-72755508","151.29","-33.69","debit","Sat","01:40:49","01","August"
"3025","posted",NA,"ACC-4065652575","115.81","-31.82","PAYMENT",NA,"Lucas",8446.43,2018-08-25 07:00:00,"M",21,NA,NA,130,"3f2d6bb3a31d44fc9e3886c10c9aff7f","CUS-1117979751",NA,NA,"debit","Sat","02:00:00","02","August"
"3026","posted",NA,"ACC-3481401842","115.74","-31.72","PAYMENT",NA,"Tiffany",3328.01,2018-08-25 07:00:00,"F",25,NA,NA,26,"6e79a9c5d1424067ae80c9f6ae162521","CUS-1669695324",NA,NA,"debit","Sat","02:00:00","02","August"
"3027","posted",NA,"ACC-1523339231","115.83","-31.90","PAYMENT",NA,"Tim",62404.22,2018-08-25 07:00:00,"M",40,NA,NA,156,"9aa84604782d46bdb163a21afb6c58c8","CUS-1816693151",NA,NA,"debit","Sat","02:00:00","02","August"
"3028","authorized","0","ACC-2890243754","153.32","-27.93","SALES-POS","4c843dbc-0934-4af5-bacb-9a813503bb6d","Joseph",2588.2,2018-08-25 07:00:00,"M",37,"Burleigh Heads","QLD",44.37,"ed8b1f1457dd48ed933ab2fd474add92","CUS-2695611575","153.42","-28.1","debit","Sat","02:19:17","02","August"
"3029","authorized","1","ACC-1496451953","145.16","-37.84","POS","b393ecf9-84c5-43ae-831d-198bab3f05b4","Ricky",6237.05,2018-08-25 07:00:00,"M",43,"Yarra Glen","VIC",38.53,"3b2a410847fd4fa787a80138b0c6744d","CUS-3142625864","145.37","-37.66","debit","Sat","02:54:59","02","August"
"3030","authorized","1","ACC-3689607373","115.79","-31.79","POS","e8232990-ff4b-4844-a311-b6cd4e435de8","Virginia",4386.62,2018-08-25 07:00:00,"F",20,"Glenthorne","NSW",13.79,"3bb88918afcb44608c6fd3e5f2e83103","CUS-127297539","152.47","-31.94","debit","Sat","03:30:42","03","August"
"3031","posted",NA,"ACC-2828321672","153.03","-27.51","PHONE BANK",NA,"Stephanie",1255.67,2018-08-25 07:00:00,"F",53,NA,NA,182,"faafab07e87f4639936f6faa418bd9ed","CUS-1005756958",NA,NA,"debit","Sat","04:00:00","04","August"
"3032","posted",NA,"ACC-964839203","146.92","-36.07","PAYMENT",NA,"Michael",32935,2018-08-25 07:00:00,"M",21,NA,NA,28,"91f31c6f97014c1da5951bfb5bcf5bcf","CUS-2059096722",NA,NA,"debit","Sat","04:00:00","04","August"
"3033","authorized","0","ACC-2890243754","153.32","-27.93","POS","664250bc-4ca4-4fa3-9a6a-d55e1609e2e7","Joseph",2583.73,2018-08-25 07:00:00,"M",37,"Southport","QLD",4.47,"29838976aed14927aa4a204c85487899","CUS-2695611575","153.38","-27.96","debit","Sat","04:03:27","04","August"
"3034","authorized","1","ACC-182446574","116.06","-32.00","SALES-POS","b54967e0-175f-45e5-b657-264f9fe52f8e","Tonya",3245.99,2018-08-25 07:00:00,"F",27,"Kalamunda","WA",27.58,"49be760990f44fd9b5ae9769fb4bc812","CUS-3026014945","116.06","-31.97","debit","Sat","04:22:41","04","August"
"3035","authorized","0","ACC-2673069055","152.99","-27.49","POS","b099f24e-201c-4242-9016-2cb431c80125","Richard",15868.49,2018-08-25 07:00:00,"M",24,"Gatton","QLD",45.86,"53135a12f6c7442084f70a300de00162","CUS-51506836","152.34","-27.54","debit","Sat","04:41:55","04","August"
"3036","posted",NA,"ACC-2681137560","151.11","-33.99","PAYMENT",NA,"Nathaniel",2605.51,2018-08-25 07:00:00,"M",31,NA,NA,26,"beff44ae56184cb3a3bbf24ba0fade01","CUS-2083971310",NA,NA,"debit","Sat","05:00:00","05","August"
"3037","posted",NA,"ACC-1652235822","144.89","-37.81","PAYMENT",NA,"Renee",19600.38,2018-08-25 07:00:00,"F",38,NA,NA,45,"1d9db781160649abb3e5c0d0fb00d3ec","CUS-2206365095",NA,NA,"debit","Sat","05:00:00","05","August"
"3038","posted",NA,"ACC-1650504218","145.01","-37.93","PAYMENT",NA,"Marissa",5621.52,2018-08-25 07:00:00,"F",23,NA,NA,43,"84878232e8964f1091843ad7f7398eb6","CUS-2500783281",NA,NA,"debit","Sat","05:00:00","05","August"
"3039","posted",NA,"ACC-4281711154","144.98","-37.84","PAYMENT",NA,"Eric",36253.74,2018-08-25 07:00:00,"M",42,NA,NA,37,"6939b04ae33e486f94598dae5b71eb54","CUS-3151318058",NA,NA,"debit","Sat","05:00:00","05","August"
"3040","authorized","1","ACC-2305712452","138.61","-34.89","POS","dc872b13-dbd9-4110-9a67-74245155a0b5","Debra",1901.12,2018-08-25 07:00:00,"F",18,"Tumut","NSW",11.45,"0012da372ef14fafbe7ff8efc0f3e410","CUS-1842679196","148.22","-35.3","debit","Sat","05:08:34","05","August"
"3041","posted",NA,"ACC-588564840","151.27","-33.76","PAYMENT",NA,"Isaiah",9164.27,2018-08-25 07:00:00,"M",23,NA,NA,77,"1e474336dcc048d4b1bf06b50b57f255","CUS-1462656821",NA,NA,"debit","Sat","06:00:00","06","August"
"3042","authorized","1","ACC-1037050564","153.10","-27.66","POS","254e708d-db62-4590-894e-826163758478","Rhonda",2401.81,2018-08-25 07:00:00,"F",40,"Noosaville","QLD",19.23,"d20882eb177440d38ded3b65de65dcb5","CUS-1614226872","153.06","-26.41","debit","Sat","06:37:38","06","August"
"3043","authorized","0","ACC-2249586092","115.98","-32.07","SALES-POS","10b09c30-c78c-4316-b9dc-cfc4725c06d4","Edward",5749.52,2018-08-25 07:00:00,"M",19,"Perth","WA",31.11,"e94bd8e4d22d482f8f910707bcf5e3b1","CUS-443776336","115.86","-31.94","debit","Sat","07:22:08","07","August"
"3044","authorized","1","ACC-211792489","138.63","-34.93","SALES-POS","a497bb91-7ba5-4095-af21-9f7dd2df393f","Jacqueline",6648.52,2018-08-25 07:00:00,"F",30,"Darlington","SA",22.89,"7845b40f34cd40e8a3d889fe44ac13ea","CUS-497688347","138.56","-35.03","debit","Sat","07:57:51","07","August"
"3045","authorized","1","ACC-1496451953","145.16","-37.84","POS","beab21f3-b006-4e80-8034-808c45f1d957","Ricky",6168.42,2018-08-25 07:00:00,"M",43,"Mount Gambier","SA",68.63,"53658139bf794269a04de3c7a91f3657","CUS-3142625864","140.79","-37.83","debit","Sat","08:14:14","08","August"
"3046","authorized","1","ACC-2890243754","153.32","-27.93","POS","1c4d189b-15f8-4e6a-bf26-8c6e59804408","Joseph",2575.56,2018-08-25 07:00:00,"M",37,"Millmerran","QLD",8.17,"210577663f184f73a4bc2ae73cb6176c","CUS-2695611575","151.27","-27.88","debit","Sat","08:29:23","08","August"
"3047","authorized","0","ACC-1973887809","115.78","-31.90","POS","618eb9ff-1bd1-4915-a1a9-58d6287fd9b3","Antonio",2922.83,2018-08-25 07:00:00,"M",26,"Northam","WA",9.73,"ccfb47f46c6b45879600101c0fa40a0b","CUS-1646621553","116.67","-31.65","debit","Sat","08:44:32","08","August"
"3048","authorized","1","ACC-1222300524","151.23","-33.94","SALES-POS","518c54bf-8f28-4d8c-8c70-aacfe46d1865","Michael",1659.52,2018-08-25 07:00:00,"M",38,"New Town","SA",12.6,"6b74fe83067f4f4ea8e3b782146bf71c","CUS-2142601169","137.7","-33.96","debit","Sat","08:59:41","08","August"
"3049","posted",NA,"ACC-3954677887","115.72","-32.28","INTER BANK",NA,"Ruth",2897.83,2018-08-25 07:00:00,"F",47,NA,NA,113,"78972628162e4da994fd9152ac346a15","CUS-3716701010",NA,NA,"debit","Sat","09:00:00","09","August"
"3050","authorized","1","ACC-1334819143","145.13","-37.70","POS","57108e96-8985-42b9-8a4c-4f2753f1c7cc","Christopher",58198.23,2018-08-25 07:00:00,"M",33,"Armadale","VIC",14.37,"273d4d53c5814e2fa934995931fa6e15","CUS-3117610635","145.03","-37.86","debit","Sat","09:08:40","09","August"
"3051","authorized","1","ACC-2681137560","151.11","-33.99","POS","786e2dcb-aa00-4a01-a8d7-7cff67fd69e1","Nathaniel",2584.82,2018-08-25 07:00:00,"M",31,"Bondi Junction","NSW",20.69,"156aa5c521d649099523070b2a40e2e9","CUS-2083971310","151.25","-33.89","debit","Sat","09:17:31","09","August"
"3052","authorized","1","ACC-2673069055","152.99","-27.49","POS","fb435e83-a1cf-417c-b400-3aab3867dbed","Richard",15856.58,2018-08-25 07:00:00,"M",24,"Newtown","QLD",11.91,"162f6450d29345c7916ca6aaaaebc7c3","CUS-51506836","151.93","-27.56","debit","Sat","09:26:22","09","August"
"3053","authorized","1","ACC-854938045","147.63","-22.84","SALES-POS","3dbe3404-41c1-4e37-aed4-7e27cc6a0a16","James",10351.32,2018-08-25 07:00:00,"M",28,"Sorell","TAS",16.81,"795b04f867a248ecab2ff95014c04f0b","CUS-4023861240","147.56","-42.78","debit","Sat","09:35:13","09","August"
"3054","authorized","1","ACC-2828321672","153.03","-27.51","POS","eac8ac0c-17f2-482e-ae36-0d596d4a2a4a","Stephanie",1232.71,2018-08-25 07:00:00,"F",53,"Cleveland","QLD",22.96,"c5e196aa01e9461faad155a0fcda05b6","CUS-1005756958","153.27","-27.53","debit","Sat","09:44:04","09","August"
"3055","authorized","1","ACC-90814749","151.68","-32.98","POS","3f7a269b-4fce-41d9-8472-1ce1cab9e9b9","Christopher",9760.88,2018-08-25 07:00:00,"M",35,"Kotara","NSW",18.21,"8e65acd5ca43475a985c2c36cbd4d58d","CUS-1896554896","151.71","-32.94","debit","Sat","09:52:55","09","August"
"3056","posted",NA,"ACC-574997646","150.79","-33.64","PAYMENT",NA,"Mackenzie",3288.39,2018-08-25 07:00:00,"F",18,NA,NA,45,"99b68061922c47baa4a9a58d74e70384","CUS-586638664",NA,NA,"debit","Sat","10:00:00","10","August"
"3057","authorized","1","ACC-1222300524","151.23","-33.94","SALES-POS","16e2e89f-c7ba-40b9-ba89-26d0cf5bb9fd","Michael",1582.27,2018-08-25 07:00:00,"M",38,"Parramatta","NSW",77.25,"97f58cd2b253439c82b43a3d566ddb61","CUS-2142601169","151","-33.82","debit","Sat","10:02:10","10","August"
"3058","authorized","1","ACC-3084464802","145.15","-37.76","SALES-POS","afc10575-a978-432c-bf68-a80bc07ccca8","Susan",5169.95,2018-08-25 07:00:00,"F",19,"Sydney","NSW",23.1,"89eea20a7ec5402f9beeb72d2957c12a","CUS-1928710999","151.21","-33.87","debit","Sat","10:13:02","10","August"
"3059","authorized","1","ACC-1598451071","153.41","-27.95","POS","6399ce2b-7e1b-40c2-b5a0-5b56b98c89a5","Diana",1716.67,2018-08-25 07:00:00,"F",26,"Robina","QLD",8.64,"7b57a3fc4e264dd8927628fc2d677bc9","CUS-2487424745","153.39","-28.08","debit","Sat","10:23:54","10","August"
"3060","authorized","1","ACC-1037050564","153.10","-27.66","SALES-POS","6c5b7811-101f-4b48-ba42-cabd2883a833","Rhonda",2397.93,2018-08-25 07:00:00,"F",40,"Coffs Harbour","NSW",3.88,"278a03fd8f144d1794ab8a8cda6986fa","CUS-1614226872","153.13","-30.27","debit","Sat","10:34:46","10","August"
"3061","authorized","1","ACC-1496451953","145.16","-37.84","POS","5602cc9d-b9eb-4ccd-99d6-837649f6d209","Ricky",6154.41,2018-08-25 07:00:00,"M",43,"Caulfield East","VIC",14.01,"037d3f2e1ae44b29b5a8a785d4bb46a5","CUS-3142625864","145.04","-37.88","debit","Sat","10:45:39","10","August"
"3062","authorized","1","ACC-2828321672","153.03","-27.51","POS","bffb6c3a-5dfa-4422-bb30-49c0f9d38c62","Stephanie",1204.4,2018-08-25 07:00:00,"F",53,"Everton Park","QLD",28.31,"76407bad260f472da76a4b4770a5676f","CUS-1005756958","152.99","-27.41","debit","Sat","10:56:31","10","August"
"3063","posted",NA,"ACC-2681137560","151.11","-33.99","PAYMENT",NA,"Nathaniel",2567.82,2018-08-25 07:00:00,"M",31,NA,NA,17,"6456fac0bfb4412f9e9179a2ee09d854","CUS-2083971310",NA,NA,"debit","Sat","11:00:00","11","August"
"3064","authorized","0","ACC-1037050564","153.10","-27.66","POS","fa2bf76e-c908-4516-9763-a8539c144f95","Rhonda",2348.96,2018-08-25 07:00:00,"F",40,"Moorabbin Airport","VIC",48.97,"b495423d9bdd4ca980c83d9fdab2b0d7","CUS-1614226872","145.09","-37.97","debit","Sat","11:05:21","11","August"
"3065","authorized","1","ACC-4258502723","145.45","-37.74","POS","02c27399-a966-4882-953d-5dedae0cfce0","Kimberly",1759.25,2018-08-25 07:00:00,"F",24,"Preston","VIC",7.59,"bf79b41e895f4556a542350bd7718d07","CUS-3378712515","145","-37.74","debit","Sat","11:13:13","11","August"
"3066","authorized","1","ACC-154431271","153.09","-27.48","POS","120e98c5-0602-4a58-bc7d-e5fb8a6e8495","Lori",2170.47,2018-08-25 07:00:00,"F",18,"Capalaba","QLD",17.25,"2d3c620f6ded4ad8a00d310102c0aa67","CUS-3702001629","153.2","-27.54","debit","Sat","11:21:06","11","August"
"3067","authorized","0","ACC-1598451071","153.41","-27.95","POS","41e1824a-1b05-4fc3-9dac-a144c0b295e8","Diana",1697.36,2018-08-25 07:00:00,"F",26,"Mermaid Waters","QLD",19.31,"805d9bf761504cdd8285e95e2a244356","CUS-2487424745","153.41","-28.05","debit","Sat","11:28:58","11","August"
"3068","authorized","1","ACC-2890243754","153.32","-27.93","SALES-POS","8d80c6be-943c-4061-841e-e3586f4e75c2","Joseph",2539.21,2018-08-25 07:00:00,"M",37,"Broadbeach","QLD",36.35,"f382dd7dbee9492199cf20fa5f3231a5","CUS-2695611575","153.43","-28.03","debit","Sat","11:36:51","11","August"
"3069","authorized","1","ACC-2673069055","152.99","-27.49","POS","16f87b35-bf91-4632-83c5-b4d9041c7cbe","Richard",15846.22,2018-08-25 07:00:00,"M",24,"Wilsonton Heights","QLD",10.36,"e92f2e90fa654b4a91ee79235ac7f9e8","CUS-51506836","151.93","-27.53","debit","Sat","11:44:43","11","August"
"3070","authorized","1","ACC-2673069055","152.99","-27.49","SALES-POS","617a670e-a706-400a-bbfa-09858d56a871","Richard",15812.04,2018-08-25 07:00:00,"M",24,"Sippy Downs","QLD",34.18,"e753513ce7ef4a5f92080535face339e","CUS-51506836","153.06","-26.72","debit","Sat","11:52:35","11","August"
"3071","posted",NA,"ACC-602667573","151.23","-33.96","PAYMENT",NA,"Michael",4869.8,2018-08-25 07:00:00,"M",40,NA,NA,144,"14a812ddcd494bc99aacbdaf73d31114","CUS-2031327464",NA,NA,"debit","Sat","12:00:00","12","August"
"3072","posted",NA,"ACC-1998563091","149.03","-35.25","PAYMENT",NA,"David",14475.96,2018-08-25 07:00:00,"M",42,NA,NA,45,"ebf60b6e96374411affa3b2bc9bf1b0e","CUS-3395687666",NA,NA,"debit","Sat","12:00:00","12","August"
"3073","authorized","1","ACC-3689607373","115.79","-31.79","POS","f1ccef3b-7081-429a-acc9-c24b1ccde2e7","Virginia",4377.34,2018-08-25 07:00:00,"F",20,"Doubleview","WA",9.28,"f38b7b302cef43d1ac09004d6223f3dd","CUS-127297539","115.78","-31.9","debit","Sat","12:00:55","12","August"
"3074","authorized","0","ACC-1443681913","150.92","-33.77","POS","6b7bc24c-90dc-449e-9e3a-77846113bfbd","Ryan",2765.02,2018-08-25 07:00:00,"M",31,"Katoomba","NSW",12.34,"b5fa1280bf6d4b8c9b113474b7373933","CUS-3129499595","150.31","-33.72","debit","Sat","12:16:18","12","August"
"3075","authorized","1","ACC-2673069055","152.99","-27.49","SALES-POS","7b5603a6-fe3d-4f52-8a99-e4e54fbb9da5","Richard",15793.75,2018-08-25 07:00:00,"M",24,"Indooroopilly","QLD",18.29,"ae81e8dc478043fa8e91d937b17618bc","CUS-51506836","152.97","-27.5","debit","Sat","12:31:41","12","August"
"3076","authorized","1","ACC-1222300524","151.23","-33.94","POS","4a53422f-6e66-44ae-909f-ba93192dc76b","Michael",1577.23,2018-08-25 07:00:00,"M",38,"Liverpool","NSW",5.04,"20342dec499e472c9665e1f9e703b41e","CUS-2142601169","150.92","-33.92","debit","Sat","12:47:04","12","August"
"3077","posted",NA,"ACC-90814749","151.68","-32.98","INTER BANK",NA,"Christopher",9716.88,2018-08-25 07:00:00,"M",35,NA,NA,44,"7080e4dea9584ffebaeea6c1a46c81fd","CUS-1896554896",NA,NA,"debit","Sat","13:00:00","13","August"
"3078","authorized","1","ACC-1608363396","151.22","-33.87","SALES-POS","5646c071-7d25-4c6c-a19e-5a71f4e0a9c1","Robert",4766.32,2018-08-25 07:00:00,"M",20,"Bankstown","NSW",8.23,"b2882ad906f9435597dcf3cff700f177","CUS-2688605418","151.03","-33.93","debit","Sat","13:02:04","13","August"
"3079","authorized","1","ACC-1608363396","151.22","-33.87","SALES-POS","de440092-1855-4457-9f2f-746d3a78dfcd","Robert",4748.86,2018-08-25 07:00:00,"M",20,"Wallaroo","SA",17.46,"6ef9d902c54b4e7c8603a272f6582aea","CUS-2688605418","137.63","-33.93","debit","Sat","13:28:03","13","August"
"3080","authorized","1","ACC-4065652575","115.81","-31.82","SALES-POS","30b1938c-d627-46c3-b0f6-f1a3f1a8ff57","Lucas",8428.73,2018-08-25 07:00:00,"M",21,"Broken Hill","NSW",17.7,"720ba126c5234c239f1e0170f6527876","CUS-1117979751","141.47","-31.96","debit","Sat","13:41:02","13","August"
"3081","authorized","1","ACC-3689607373","115.79","-31.79","SALES-POS","b7da90dc-ce36-46d6-845c-a89d44a1fddc","Virginia",4372.18,2018-08-25 07:00:00,"F",20,"Malaga","WA",5.16,"ff6997c510c5452dbe67baee6c132cb0","CUS-127297539","115.9","-31.86","debit","Sat","13:54:01","13","August"
"3082","posted",NA,"ACC-2650850707","148.16","-23.52","PAYMENT",NA,"Brian",107780.26,2018-08-25 07:00:00,"M",42,NA,NA,627,"fde75b015b2c4c4197b6c5ae1d841ba0","CUS-2819545904",NA,NA,"debit","Sat","14:00:00","14","August"
"3083","posted",NA,"ACC-37709441","153.41","-28.01","INTER BANK",NA,"Charles",7097.8,2018-08-25 07:00:00,"M",18,NA,NA,45,"bd6d3229c2d245ca86f3e244fe963967","CUS-3336454548",NA,NA,"debit","Sat","14:00:00","14","August"
"3084","authorized","1","ACC-1037050564","153.10","-27.66","SALES-POS","27194f06-6f73-4b86-bc8b-cef90c71e9b0","Rhonda",2325.67,2018-08-25 07:00:00,"F",40,"Capalaba","QLD",23.29,"fe063402cafb477797e617640c57ae50","CUS-1614226872","153.2","-27.52","debit","Sat","14:04:32","14","August"
"3085","authorized","1","ACC-854938045","147.63","-22.84","POS","75b9d12a-839e-48ed-8115-d51837cb308d","James",10326.07,2018-08-25 07:00:00,"M",28,"Narre Warren","VIC",25.25,"ea99c95597af4e14b86aa51f8a3dcc7a","CUS-4023861240","145.3","-38.02","debit","Sat","14:12:56","14","August"
"3086","authorized","1","ACC-182446574","116.06","-32.00","POS","9d639f5d-bba4-42f2-8fb6-e256127e36d6","Tonya",3228.32,2018-08-25 07:00:00,"F",27,"Leeming","WA",17.67,"6ed1c46431a145d9bb186aa0d07a3c40","CUS-3026014945","115.86","-32.08","debit","Sat","14:21:20","14","August"
"3087","authorized","0","ACC-90814749","151.68","-32.98","SALES-POS","b0904b8b-80cf-40f0-a208-d190f5e565a1","Christopher",9683.53,2018-08-25 07:00:00,"M",35,"Whyalla Norrie","SA",33.35,"378d572fa73b46b39a88fc6774c53e14","CUS-1896554896","137.54","-33.02","debit","Sat","14:29:44","14","August"
"3088","authorized","1","ACC-1222300524","151.23","-33.94","SALES-POS","bcd0ee88-b7f0-4e27-a66a-c865787b88d2","Michael",1568.59,2018-08-25 07:00:00,"M",38,"Liverpool","NSW",8.64,"78be1dcac804461c95a3c824e0d983e7","CUS-2142601169","150.92","-33.92","debit","Sat","14:38:09","14","August"
"3089","authorized","1","ACC-1443681913","150.92","-33.77","POS","ecbdb80d-3d5a-4649-8bb0-6d56b1526933","Ryan",2268.26,2018-08-25 07:00:00,"M",31,"Fairlight","NSW",496.76,"8a2a06b5a82a44cf991c70d2c9056b6c","CUS-3129499595","151.27","-33.8","debit","Sat","14:46:33","14","August"
"3090","authorized","1","ACC-90814749","151.68","-32.98","SALES-POS","cc64c86b-30e3-4bed-ac9b-a1faa39946b2","Christopher",9626.62,2018-08-25 07:00:00,"M",35,"Narrogin","WA",56.91,"fbfdf41420964733af38c3f07de5d710","CUS-1896554896","117.18","-32.94","debit","Sat","14:54:57","14","August"
"3091","posted",NA,"ACC-1799207998","150.68","-33.79","PAYMENT",NA,"Susan",4144.29,2018-08-25 07:00:00,"F",20,NA,NA,197,"fbb3bc762cea40809cffacd5cbc6256d","CUS-164374203",NA,NA,"debit","Sat","15:00:00","15","August"
"3092","authorized","0","ACC-574997646","150.79","-33.64","POS","11909ca3-e107-4a69-9826-c47ff6bd9e70","Mackenzie",3249.56,2018-08-25 07:00:00,"F",18,"Rosebery","NSW",38.83,"4c08fbd6b7794ff9babd626f57c6a74c","CUS-586638664","151.2","-33.92","debit","Sat","15:04:23","15","August"
"3093","authorized","0","ACC-2249586092","115.98","-32.07","SALES-POS","f5446956-20a9-4c2f-8df8-3d93ce458ccf","Edward",5726.66,2018-08-25 07:00:00,"M",19,"Ceduna","SA",22.86,"1471d177103c49369e054b2a6b89d10a","CUS-443776336","133.67","-32.13","debit","Sat","15:15:23","15","August"
"3094","authorized","1","ACC-3481401842","115.74","-31.72","SALES-POS","9866035e-72bf-4438-a864-e870e845c92a","Tiffany",3245.03,2018-08-25 07:00:00,"F",25,"West Perth","WA",82.98,"0790e062e0ad493fa35e738833289ed6","CUS-1669695324","115.84","-31.95","debit","Sat","15:26:22","15","August"
"3095","authorized","1","ACC-1598451071","153.41","-27.95","SALES-POS","e4758c3b-e8d8-49bd-990a-a823a86dcabc","Diana",1670.86,2018-08-25 07:00:00,"F",26,"Mudgeeraba","QLD",26.5,"c96211ece72f481bb3be0fab800b980e","CUS-2487424745","153.36","-28.07","debit","Sat","15:37:21","15","August"
"3096","authorized","1","ACC-2249586092","115.98","-32.07","POS","c1186f92-1fa9-4e07-bebc-50cb972af694","Edward",5717.96,2018-08-25 07:00:00,"M",19,"Midland","WA",8.7,"fa2cc11fad7441fba1bd233cda51887c","CUS-443776336","116.01","-31.89","debit","Sat","15:48:21","15","August"
"3097","authorized","1","ACC-2828321672","153.03","-27.51","SALES-POS","78dadc29-bcee-4c16-992b-7e77841b166e","Stephanie",1184.44,2018-08-25 07:00:00,"F",53,"Brisbane","QLD",19.96,"3401a2088e3d494fa10a22c7947b0857","CUS-1005756958","152.95","-27.45","debit","Sat","15:59:20","15","August"
"3098","posted",NA,"ACC-2920611728","144.96","-37.76","PAYMENT",NA,"Tyler",4203.32,2018-08-25 07:00:00,"M",69,NA,NA,17,"7472eb02e78648129f284d1697f5285b","CUS-1388323263",NA,NA,"debit","Sat","16:00:00","16","August"
"3099","posted",NA,"ACC-37709441","153.41","-28.01","PHONE BANK",NA,"Charles",7076.8,2018-08-25 07:00:00,"M",18,NA,NA,21,"438f5675c1d44503aca21b2997fe8e9a","CUS-3336454548",NA,NA,"debit","Sat","16:00:00","16","August"
"3100","authorized","0","ACC-90814749","151.68","-32.98","SALES-POS","8127981a-4d2f-402a-8999-1177d0d720f2","Christopher",9570.86,2018-08-25 07:00:00,"M",35,"Warabrook","NSW",55.76,"6f2dec94479544099f52b97e4e7b18a7","CUS-1896554896","151.71","-32.89","debit","Sat","16:15:39","16","August"
"3101","authorized","0","ACC-3689607373","115.79","-31.79","SALES-POS","13e0ceb1-f8b6-4edc-9886-ef16aa48dbe1","Virginia",4354.09,2018-08-25 07:00:00,"F",20,"Innaloo","WA",18.09,"e9a9cf3b265344f58e7dd03b77cca0d3","CUS-127297539","115.8","-31.9","debit","Sat","16:32:19","16","August"
"3102","authorized","1","ACC-4065652575","115.81","-31.82","SALES-POS","326be4c0-2e6d-4b4a-bc3d-c26abe723c9f","Lucas",8409.74,2018-08-25 07:00:00,"M",21,"Hilton","WA",18.99,"de4d288729dd4a35a8aa5a82b80a9594","CUS-1117979751","115.78","-32.06","debit","Sat","16:48:59","16","August"
"3103","posted",NA,"ACC-854938045","147.63","-22.84","PAYMENT",NA,"James",10277.07,2018-08-25 07:00:00,"M",28,NA,NA,49,"ae702e50f81f47439c9466779547c50b","CUS-4023861240",NA,NA,"debit","Sat","17:00:00","17","August"
"3104","authorized","0","ACC-354106658","151.04","-33.80","POS","5a3c3a04-69ec-4c07-beb1-64e96cd3bceb","Christine",7615.76,2018-08-25 07:00:00,"F",39,"Busselton","WA",41.94,"081aa7dc4573496e8f0517e199c18292","CUS-2376382098","115.36","-33.66","debit","Sat","17:03:44","17","August"
"3105","authorized","1","ACC-1222300524","151.23","-33.94","POS","4d4a87fc-a840-450f-ac8d-d96c7bc5ec31","Michael",1530.91,2018-08-25 07:00:00,"M",38,"Macquarie Park","NSW",37.68,"90e5af37ecc04a2998cfa59109f4c4fd","CUS-2142601169","151.13","-33.79","debit","Sat","17:14:43","17","August"
"3106","authorized","1","ACC-182446574","116.06","-32.00","SALES-POS","e6bf85e7-6498-4c96-b8be-9634e444ad49","Tonya",3200.7,2018-08-25 07:00:00,"F",27,"Booragoon","WA",27.62,"87e632b8036345a6b4922115efb19cfb","CUS-3026014945","115.84","-32.03","debit","Sat","17:25:42","17","August"
"3107","authorized","1","ACC-958000567","130.90","-12.37","POS","dda21f62-8924-49ad-a804-2e3390414d15","Sandra",5488.44,2018-08-25 07:00:00,"F",34,"Melbourne","VIC",39.71,"49b7e3d118264e7aa9534e5dd3a807d7","CUS-4142663097","144.97","-37.84","debit","Sat","17:36:42","17","August"
"3108","authorized","1","ACC-3100725361","145.73","-17.03","SALES-POS","438425eb-d3bb-4942-8d5a-65ca88f63191","Ronald",587.02,2018-08-25 07:00:00,"M",25,"Alexandra","VIC",21.13,"76b82ee78f73442d837dd33efdd91471","CUS-2178051368","145.72","-37.19","debit","Sat","17:47:41","17","August"
"3109","authorized","1","ACC-3541460373","145.00","-37.83","SALES-POS","d29dc1fe-1240-45ff-afcb-1e17efda422a","Jeffrey",2390.34,2018-08-25 07:00:00,"M",24,"Elwood","VIC",25.96,"c4d2b436cf094015ae832f7231431c2b","CUS-1433879684","144.98","-37.88","debit","Sat","17:58:40","17","August"
"3110","posted",NA,"ACC-958000567","130.90","-12.37","PAYMENT",NA,"Sandra",5471.44,2018-08-25 07:00:00,"F",34,NA,NA,17,"596215264aad496f80da667870b5d865","CUS-4142663097",NA,NA,"debit","Sat","18:00:00","18","August"
"3111","authorized","1","ACC-240804743","121.48","-30.75","POS","c0729f54-a126-4607-968d-f7d4b0babcf3","Kenneth",7807.32,2018-08-25 07:00:00,"M",29,"Kalgoorlie","WA",15.89,"a86baf1d2f9b40be89d6bac10356e9b6","CUS-261674136","121.47","-30.75","debit","Sat","18:19:33","18","August"
"3112","authorized","1","ACC-1598451071","153.41","-27.95","POS","86703c27-a871-4aab-ab19-5133e765c7dd","Diana",1664.34,2018-08-25 07:00:00,"F",26,"Varsity Lakes","QLD",6.52,"9cf13b0d98f94f68986803c91ea0e091","CUS-2487424745","153.42","-28.09","debit","Sat","18:41:46","18","August"
"3113","authorized","1","ACC-3541460373","145.00","-37.83","POS","6f26079c-0269-473c-8db5-48c93b871572","Jeffrey",2379.3,2018-08-25 07:00:00,"M",24,"Doncaster East","VIC",11.04,"f7b42a3bbc3d4ae0a04e982df94bf7d5","CUS-1433879684","145.17","-37.76","debit","Sat","19:01:56","19","August"
"3114","authorized","1","ACC-854938045","147.63","-22.84","POS","989c53c1-692b-4602-ad5f-3f62b704a621","James",10267.88,2018-08-25 07:00:00,"M",28,"Lauderdale","TAS",9.19,"d9bba9422d2949e7b1b26b16afd7faee","CUS-4023861240","147.48","-42.91","debit","Sat","19:12:41","19","August"
"3115","authorized","1","ACC-2173390920","144.71","-37.58","POS","aef30de1-c67e-4ab7-8577-2931a4bf3c7e","Luis",3064.62,2018-08-25 07:00:00,"M",27,"Yowah","QLD",24.99,"a03ce97cf2ce47b1b6ffe485afc1ffa0","CUS-3180318393","144.64","-27.97","debit","Sat","19:23:26","19","August"
"3116","authorized","1","ACC-1598451071","153.41","-27.95","SALES-POS","5eb643ae-93ff-4af7-a134-99d6d3aa48be","Diana",1655.47,2018-08-25 07:00:00,"F",26,"Robina","QLD",8.87,"7cdc397b2d6c4716b6f872c8c8a7fc30","CUS-2487424745","153.39","-28.08","debit","Sat","19:34:11","19","August"
"3117","authorized","0","ACC-1598451071","153.41","-27.95","POS","58ca4138-eccc-44ed-b9f4-89f52f586b07","Diana",1645.79,2018-08-25 07:00:00,"F",26,"Biggera Waters","QLD",9.68,"095cda69360348f7bf71661efc37e140","CUS-2487424745","153.4","-27.94","debit","Sat","19:44:56","19","August"
"3118","authorized","1","ACC-2249586092","115.98","-32.07","POS","a4ca23f4-58ac-4a54-b853-b0fc1b77ea51","Edward",5686.69,2018-08-25 07:00:00,"M",19,"Joondalup","WA",31.27,"e9278bea375142928d5ad06d0e699827","CUS-443776336","115.77","-31.77","debit","Sat","19:55:41","19","August"
"3119","posted",NA,"ACC-4258502723","145.45","-37.74","INTER BANK",NA,"Kimberly",1731.25,2018-08-25 07:00:00,"F",24,NA,NA,28,"530dcd96f661483b927c2b990065ed69","CUS-3378712515",NA,NA,"debit","Sat","20:00:00","20","August"
"3120","authorized","1","ACC-2650850707","148.16","-23.52","POS","493c9aac-8cb8-4621-a565-59e08ecbd3cd","Brian",107737.19,2018-08-25 07:00:00,"M",42,"Emerald","QLD",43.07,"fb6107e8a59246c78b8949cec615fd0e","CUS-2819545904","148.15","-23.52","debit","Sat","20:06:22","20","August"
"3121","authorized","0","ACC-966140392","147.08","-37.97","SALES-POS","9048af37-4a3d-496f-a9d6-25ce11dbe914","Joseph",3086.16,2018-08-25 07:00:00,"M",21,"Glengala","VIC",7.25,"df581b50c42447c390b4bbe7776b6a3a","CUS-537508723","144.82","-37.78","debit","Sat","20:17:01","20","August"
"3122","authorized","1","ACC-2828321672","153.03","-27.51","POS","3642f4e7-d0a9-41bb-a93b-f10b83dc2bdf","Stephanie",1169.77,2018-08-25 07:00:00,"F",53,"Lutwyche","QLD",14.67,"501740ffdff747e09776d776d80331be","CUS-1005756958","153.02","-27.42","debit","Sat","20:27:39","20","August"
"3123","authorized","0","ACC-1799207998","150.68","-33.79","SALES-POS","7a2ee63d-876e-4b9f-aee3-07e3215ebdd6","Susan",4125.4,2018-08-25 07:00:00,"F",20,"Huskisson","NSW",18.89,"b02333688b6940029013b1a9390f1e1f","CUS-164374203","150.67","-35.04","debit","Sat","20:38:17","20","August"
"3124","authorized","1","ACC-2828321672","153.03","-27.51","SALES-POS","c95626b3-f07e-4087-b471-28daf712da5f","Stephanie",1162.6,2018-08-25 07:00:00,"F",53,"Coffs Harbour","NSW",7.17,"b1552ed602554b6e9f42bdd11a14743b","CUS-1005756958","153.11","-30.32","debit","Sat","20:48:56","20","August"
"3125","authorized","0","ACC-4065652575","115.81","-31.82","SALES-POS","5a2500c3-41bc-448e-9666-0e197622b647","Lucas",8389.56,2018-08-25 07:00:00,"M",21,"Broken Hill","NSW",20.18,"4d50bf427ab444f19f503d3c14eb703d","CUS-1117979751","141.46","-31.95","debit","Sat","20:59:34","20","August"
"3126","posted",NA,"ACC-1344825761","151.09","-33.91","PAYMENT",NA,"Sarah",17922.18,2018-08-25 07:00:00,"F",46,NA,NA,28,"0af818c1dc6b40a58916733f83409e61","CUS-1499065773",NA,NA,"debit","Sat","21:00:00","21","August"
"3127","authorized","1","ACC-2259139624","144.66","-37.91","SALES-POS","beab21f3-b006-4e80-8034-808c45f1d957","Cindy",7583.14,2018-08-25 07:00:00,"F",19,"Mount Gambier","SA",89.53,"40df60e1f2434e11887d84ed20d5c76b","CUS-3174332735","140.79","-37.83","debit","Sat","21:04:42","21","August"
"3128","authorized","1","ACC-3100725361","145.73","-17.03","POS","8e83c95f-f8d1-44c1-8cc1-a06fc34b5482","Ronald",575.36,2018-08-25 07:00:00,"M",25,"Annerley","QLD",11.66,"0d7f8c85b4104f7cb05622b88941a92f","CUS-2178051368","153.03","-27.5","debit","Sat","21:09:36","21","August"
"3129","authorized","1","ACC-958000567","130.90","-12.37","SALES-POS","ade44fed-cf6d-4c45-8141-790dadb96d8b","Sandra",5414.65,2018-08-25 07:00:00,"F",34,"Sydney","NSW",56.79,"4b06ef3cfe5d47448250b2ab823e2386","CUS-4142663097","151.21","-33.87","debit","Sat","21:14:30","21","August"
"3130","authorized","1","ACC-966140392","147.08","-37.97","SALES-POS","c097cbd3-b786-4846-ade9-9a50299dbed2","Joseph",3068.52,2018-08-25 07:00:00,"M",21,"Frankston","VIC",17.64,"9d480248da644e1a8c7e0f72550651cc","CUS-537508723","145.17","-38.15","debit","Sat","21:19:24","21","August"
"3131","authorized","1","ACC-966140392","147.08","-37.97","SALES-POS","910fa126-9077-43be-bf41-fa7072d5f0be","Joseph",3032.2,2018-08-25 07:00:00,"M",21,"Mornington","VIC",36.32,"8614bc9beacc462b875a1648bd1c8f52","CUS-537508723","145.04","-38.22","debit","Sat","21:24:18","21","August"
"3132","authorized","1","ACC-966140392","147.08","-37.97","POS","c3a5e1a8-83ce-47a6-a37f-5357fcf0137e","Joseph",3019.3,2018-08-25 07:00:00,"M",21,"Oakleigh","VIC",12.9,"f88de39c080e4a49bb74b84b0db2a411","CUS-537508723","145.09","-37.89","debit","Sat","21:29:12","21","August"
"3133","authorized","1","ACC-2259139624","144.66","-37.91","POS","c29e9319-d67f-43b7-93fe-fa3796ac521f","Cindy",7562.01,2018-08-25 07:00:00,"F",19,"Cranbourne","VIC",21.13,"04c75906423a4dfa98df01995358b50e","CUS-3174332735","145.28","-38.11","debit","Sat","21:34:07","21","August"
"3134","authorized","1","ACC-1799207998","150.68","-33.79","POS","36a1a359-3c31-4938-93ed-ec0a85c79654","Susan",4104.02,2018-08-25 07:00:00,"F",20,"Subiaco","WA",21.38,"2b5b7198c042442990676184778bb1f2","CUS-164374203","115.82","-31.94","debit","Sat","21:39:01","21","August"
"3135","authorized","1","ACC-4258502723","145.45","-37.74","SALES-POS","5d0f3f07-b027-44c1-a453-8e4b2e89cb7b","Kimberly",1722.44,2018-08-25 07:00:00,"F",24,"Doncaster East","VIC",8.81,"0d2966c22f9c44699d555c8b951f1ee5","CUS-3378712515","145.16","-37.78","debit","Sat","21:43:55","21","August"
"3136","authorized","1","ACC-3954677887","115.72","-32.28","SALES-POS","8a01afe8-1468-4e9f-8152-ccb237b7c614","Ruth",2878.86,2018-08-25 07:00:00,"F",47,"Rockingham","WA",18.97,"14302201336343a3af5c9d198ba425df","CUS-3716701010","115.74","-32.29","debit","Sat","21:48:49","21","August"
"3137","authorized","1","ACC-1990648130","114.62","-28.80","POS","32c03c46-713f-4603-8a67-14293e5090a7","Kaitlyn",2594.48,2018-08-25 07:00:00,"F",21,"Casino","NSW",22.3,"f0cd019f68604f3089e5c93e62a86926","CUS-809013380","153.05","-28.86","debit","Sat","21:53:43","21","August"
"3138","authorized","1","ACC-3100725361","145.73","-17.03","SALES-POS","fc133bc5-2c4a-4261-ba1e-6c6339a8363f","Ronald",553.73,2018-08-25 07:00:00,"M",25,"Sydney","NSW",21.63,"9a7aa59f571d460c9d587743626b2e3a","CUS-2178051368","151.21","-33.87","debit","Sat","21:58:37","21","August"
"3139","posted",NA,"ACC-1799207998","150.68","-33.79","PAYMENT",NA,"Susan",4074.02,2018-08-25 07:00:00,"F",20,NA,NA,30,"9fad9f104bc94b3185803fb1e1b819fc","CUS-164374203",NA,NA,"debit","Sat","22:00:00","22","August"
"3140","authorized","0","ACC-1496451953","145.16","-37.84","POS","e288a819-9b84-424f-b17c-e4e4869472b4","Ricky",6112.31,2018-08-25 07:00:00,"M",43,"Mount Gambier","SA",42.1,"cfcfec29d59d4bae8cf6d1485d558d39","CUS-3142625864","140.78","-37.83","debit","Sat","22:06:06","22","August"
"3141","authorized","1","ACC-1037050564","153.10","-27.66","POS","84874637-317c-4d84-8ac6-b9c83c125c12","Rhonda",2318.79,2018-08-25 07:00:00,"F",40,"Mooloolaba","QLD",6.88,"aa1ab0b0dc8b4f51beb5e72d94303a73","CUS-1614226872","153.12","-26.68","debit","Sat","22:14:34","22","August"
"3142","authorized","0","ACC-4258502723","145.45","-37.74","POS","a86a0eb0-20a0-4f3c-b617-d5199f3c132e","Kimberly",1717.93,2018-08-25 07:00:00,"F",24,"Moorabbin Airport","VIC",4.51,"3cc0d9b19d6c442d8bcf478c1b1c7f1e","CUS-3378712515","145.11","-37.97","debit","Sat","22:23:03","22","August"
"3143","authorized","1","ACC-4258502723","145.45","-37.74","POS","8e16b640-cd02-4272-99e1-e9955dfed3dd","Kimberly",1699.44,2018-08-25 07:00:00,"F",24,"Hampton Park","VIC",18.49,"b85b29310296461e801f34121d66b1bf","CUS-3378712515","145.28","-38.03","debit","Sat","22:31:31","22","August"
"3144","authorized","1","ACC-1496451953","145.16","-37.84","POS","6ef2c3ff-dd5e-47a9-a2d4-be8ec90fab1f","Ricky",6098.53,2018-08-25 07:00:00,"M",43,"Melbourne","VIC",13.78,"9da6bca24cb042abb70dfba9e79d8ecc","CUS-3142625864","144.96","-37.81","debit","Sat","22:39:59","22","August"
"3145","authorized","0","ACC-1890605467","143.88","-37.66","SALES-POS","18474c62-9208-4f15-a437-c6ec03768b70","Alexander",11809.4,2018-08-25 07:00:00,"M",38,"Dallas","VIC",50.85,"fdf1b1dbe54b4731a20cbacc7c8f75aa","CUS-1478398256","144.93","-37.67","debit","Sat","22:48:28","22","August"
"3146","authorized","1","ACC-1279356312","144.79","-37.73","SALES-POS","632ad1d4-16ae-4d8c-aac8-dec4c3aed886","Tyler",6019.83,2018-08-25 07:00:00,"M",44,"Epping","VIC",6.4,"b97dca92a62e4505b556f91ac95f0b64","CUS-1892177589","145.02","-37.65","debit","Sat","22:56:56","22","August"
"3147","posted",NA,"ACC-2014856841","144.99","-37.90","PAYMENT",NA,"Patrick",262110.86,2018-08-25 07:00:00,"M",46,NA,NA,43,"5cd9c8bf8a3043b69eb72c55bfe71437","CUS-2370108457",NA,NA,"debit","Sat","23:00:00","23","August"
"3148","posted",NA,"ACC-3954677887","115.72","-32.28","PAYMENT",NA,"Ruth",2854.86,2018-08-25 07:00:00,"F",47,NA,NA,24,"5bd9034a67ec4cc3b741c79eb8b80fa1","CUS-3716701010",NA,NA,"debit","Sat","23:00:00","23","August"
"3149","authorized","1","ACC-1990648130","114.62","-28.80","POS","b3dfd002-5a12-4da0-9a8c-7ae7178d4160","Kaitlyn",2526.31,2018-08-25 07:00:00,"F",21,"Frenchs Forest","NSW",68.17,"fe8984cb90e344f782d1d58b4d56421f","CUS-809013380","151.24","-33.75","debit","Sat","23:06:57","23","August"
"3150","authorized","1","ACC-90814749","151.68","-32.98","POS","42b9bd12-297b-4cae-a557-821c5c0c22b2","Christopher",9557.67,2018-08-25 07:00:00,"M",35,"Crawley","WA",13.19,"786b541c48b04054a31ebfd3e1dfc80a","CUS-1896554896","115.82","-31.98","debit","Sat","23:17:49","23","August"
"3151","authorized","1","ACC-2249586092","115.98","-32.07","SALES-POS","4c90fdf3-5b7d-4fdc-b734-8bd894ed6a89","Edward",5678.02,2018-08-25 07:00:00,"M",19,"Ceduna","SA",8.67,"e419544932b74aedbef046dc98613ed2","CUS-443776336","133.67","-32.12","debit","Sat","23:28:41","23","August"
"3152","authorized","1","ACC-2650850707","148.16","-23.52","POS","6c924952-b052-4561-88e1-01e6ef24e5d6","Brian",107698.54,2018-08-25 07:00:00,"M",42,"Scamander","TAS",38.65,"dd4622e164994490ab58ebb127eadb7e","CUS-2819545904","148.26","-41.46","debit","Sat","23:39:33","23","August"
"3153","authorized","1","ACC-1279356312","144.79","-37.73","POS","a61580ea-86e1-469c-84f6-b1e3bf8f81c5","Tyler",5997.76,2018-08-25 07:00:00,"M",44,"Croydon","VIC",22.07,"f72e46dfb0354070934f96eb1a6de2c5","CUS-1892177589","145.27","-37.78","debit","Sat","23:50:26","23","August"
"3154","authorized","1","ACC-4258502723","145.45","-37.74","POS","5013fc4b-fa35-4952-8500-5a22af779090","Kimberly",1650.52,2018-08-26 07:00:00,"F",24,"Braybrook","VIC",48.92,"5318fa147415409892a837ceadab34b3","CUS-3378712515","144.86","-37.78","debit","Sun","00:07:59","00","August"
"3155","authorized","1","ACC-2673069055","152.99","-27.49","SALES-POS","1bf290e1-ba37-4715-9f42-513fc26d155f","Richard",15784.22,2018-08-26 07:00:00,"M",24,"Wavell Heights","QLD",9.53,"54728f593156433bbe9568ab418eb2eb","CUS-51506836","153.04","-27.39","debit","Sun","01:05:38","01","August"
"3156","authorized","1","ACC-3689607373","115.79","-31.79","SALES-POS","9c2de398-341e-4c2e-8dc3-5da1a6cfa119","Virginia",4338.5,2018-08-26 07:00:00,"F",20,"East Perth","WA",15.59,"f4bd316344b84c3c966dd97cdad35762","CUS-127297539","115.88","-31.95","debit","Sun","01:31:16","01","August"
"3157","authorized","1","ACC-1496451953","145.16","-37.84","SALES-POS","615e2e91-00d1-4b4d-ab10-3b0255636fdc","Ricky",6078.01,2018-08-26 07:00:00,"M",43,"Altona Meadows","VIC",20.52,"00067fbc5d0648a58846078a251bf681","CUS-3142625864","144.78","-37.87","debit","Sun","01:56:55","01","August"
"3158","posted",NA,"ACC-2107684084","145.03","-37.88","PAYMENT",NA,"Richard",4198.69,2018-08-26 07:00:00,"M",22,NA,NA,25,"99b2d1d00a2e4659b570bab3ff9edb4e","CUS-2283904812",NA,NA,"debit","Sun","02:00:00","02","August"
"3159","authorized","1","ACC-4258502723","145.45","-37.74","SALES-POS","52caf85e-43d7-4bbe-a9b4-c4296ddfc28a","Kimberly",1631.52,2018-08-26 07:00:00,"F",24,"Mount Gambier","SA",19,"24bac12444b644e88e9ceb237c6bbfee","CUS-3378712515","140.77","-37.83","debit","Sun","02:48:53","02","August"
"3160","posted",NA,"ACC-4065652575","115.81","-31.82","PAYMENT",NA,"Lucas",8306.56,2018-08-26 07:00:00,"M",21,NA,NA,83,"c640edd76829416f8248372dbef7e170","CUS-1117979751",NA,NA,"debit","Sun","03:00:00","03","August"
"3161","posted",NA,"ACC-1056639002","145.03","-37.91","INTER BANK",NA,"Michael",42781.76,2018-08-26 07:00:00,"M",22,NA,NA,36,"75e56d28e08c4b16aec7948198ae9c72","CUS-3462882033",NA,NA,"debit","Sun","03:00:00","03","August"
"3162","authorized","0","ACC-3485804958","138.52","-35.01","POS","9d25e263-200f-42a4-98b2-aa84ad6e5034","Jessica",18244.76,2018-08-26 07:00:00,"F",34,"Applecross","WA",23.77,"fe2fb3e7925c41009d1b36346c5cd80f","CUS-1196156254","115.83","-32.02","debit","Sun","03:57:08","03","August"
"3163","posted",NA,"ACC-2890243754","153.32","-27.93","INTER BANK",NA,"Joseph",2412.21,2018-08-26 07:00:00,"M",37,NA,NA,127,"b54d174934e5441198cbe05c05eac518","CUS-2695611575",NA,NA,"debit","Sun","04:00:00","04","August"
"3164","posted",NA,"ACC-4258502723","145.45","-37.74","PAYMENT",NA,"Kimberly",1593.52,2018-08-26 07:00:00,"F",24,NA,NA,38,"1ff55f301b99454aa4806aa944fe75b3","CUS-3378712515",NA,NA,"debit","Sun","04:00:00","04","August"
"3165","authorized","1","ACC-2173390920","144.71","-37.58","SALES-POS","cd4dc247-4769-4eb9-a414-6ca2f82a2357","Luis",3046.63,2018-08-26 07:00:00,"M",27,"Sunbury","VIC",17.99,"b014de2e6d89471e8d638034c12c72a0","CUS-3180318393","144.73","-37.58","debit","Sun","04:43:38","04","August"
"3166","posted",NA,"ACC-3485804958","138.52","-35.01","PAYMENT",NA,"Jessica",18213.76,2018-08-26 07:00:00,"F",34,NA,NA,31,"bf0a0cd7281e4e8cbf9c67fc8f32f4eb","CUS-1196156254",NA,NA,"debit","Sun","05:00:00","05","August"
"3167","posted",NA,"ACC-559365433","147.31","-42.88","PAYMENT",NA,"Mary",1810.66,2018-08-26 07:00:00,"F",64,NA,NA,30,"5148b10592bd4e33b3e6144fb8f95412","CUS-1654129794",NA,NA,"debit","Sun","05:00:00","05","August"
"3168","posted",NA,"ACC-4059612845","130.98","-12.49","PAYMENT",NA,"Jonathan",52212.69,2018-08-26 07:00:00,"M",38,NA,NA,125,"fd1e417d16fe4f229527cfd1fc0dc860","CUS-495599312",NA,NA,"debit","Sun","05:00:00","05","August"
"3169","posted",NA,"ACC-1344825761","151.09","-33.91","INTER BANK",NA,"Sarah",17740.18,2018-08-26 07:00:00,"F",46,NA,NA,182,"74a5ae74e7544ea98244578ca9a674a7","CUS-1499065773",NA,NA,"debit","Sun","06:00:00","06","August"
"3170","posted",NA,"ACC-1523339231","115.83","-31.90","INTER BANK",NA,"Tim",62365.22,2018-08-26 07:00:00,"M",40,NA,NA,39,"f3ced20fc92a4ebcb4ac46f3b048d496","CUS-1816693151",NA,NA,"debit","Sun","06:00:00","06","August"
"3171","authorized","1","ACC-2828321672","153.03","-27.51","SALES-POS","e5aa64b5-d1a4-4b77-b3cc-12fb61481e9c","Stephanie",1128.67,2018-08-26 07:00:00,"F",53,"Glenreagh","NSW",33.93,"d333f490293c472e91bb9de8771d2bc0","CUS-1005756958","152.98","-30.05","debit","Sun","06:44:26","06","August"
"3172","posted",NA,"ACC-3771436525","145.04","-37.92","PAYMENT",NA,"Derek",1475.04,2018-08-26 07:00:00,"M",20,NA,NA,49,"4233044b32024811b816f6eea053fc59","CUS-3325710106",NA,NA,"debit","Sun","07:00:00","07","August"
"3173","authorized","1","ACC-2673069055","152.99","-27.49","SALES-POS","bffb6c3a-5dfa-4422-bb30-49c0f9d38c62","Richard",15766.25,2018-08-26 07:00:00,"M",24,"Everton Park","QLD",17.97,"e3ceed52f26c49e88eca29df9ed33c83","CUS-51506836","152.99","-27.41","debit","Sun","07:45:15","07","August"
"3174","posted",NA,"ACC-1890605467","143.88","-37.66","INTER BANK",NA,"Alexander",11675.4,2018-08-26 07:00:00,"M",38,NA,NA,134,"4567097065e64336b2b5964fcec27da8","CUS-1478398256",NA,NA,"debit","Sun","08:00:00","08","August"
"3175","posted",NA,"ACC-2107684084","145.03","-37.88","INTER BANK",NA,"Richard",4165.69,2018-08-26 07:00:00,"M",22,NA,NA,33,"f46ac8386a444f779216eb88eb3116ef","CUS-2283904812",NA,NA,"debit","Sun","08:00:00","08","August"
"3176","authorized","1","ACC-4065652575","115.81","-31.82","SALES-POS","a83f2b24-784d-4b24-bcd7-bc5f03b1f0e2","Lucas",8291.93,2018-08-26 07:00:00,"M",21,"Kinross","WA",14.63,"070f8c312271434fb70cf3b067c7cc4a","CUS-1117979751","115.74","-31.72","debit","Sun","08:17:59","08","August"
"3177","authorized","1","ACC-1496451953","145.16","-37.84","SALES-POS","2bb3f330-4c11-4e29-b7c5-e82157b5fbca","Ricky",6068.56,2018-08-26 07:00:00,"M",43,"Eltham North","VIC",9.45,"e8c2d22a405045bca5cb5b1b2a1cdd91","CUS-3142625864","145.14","-37.69","debit","Sun","08:42:59","08","August"
"3178","posted",NA,"ACC-38923874","151.27","-33.90","INTER BANK",NA,"Ryan",34783.29,2018-08-26 07:00:00,"M",38,NA,NA,150,"317a21de4a16432ba6ddbd64e53dd2d3","CUS-3249305314",NA,NA,"debit","Sun","09:00:00","09","August"
"3179","authorized","1","ACC-2897221629","150.90","-34.37","POS","e0f6a222-0585-4b68-80e6-300a88ff8ad5","Scott",2243.61,2018-08-26 07:00:00,"M",23,"Roselands","NSW",17.63,"fe24939340bf4085a3bd3c68d1690b98","CUS-511326734","151.09","-33.93","debit","Sun","09:01:48","09","August"
"3180","authorized","1","ACC-3100725361","145.73","-17.03","POS","4e380e66-5d03-4bd0-afe4-a27c6c4f0f74","Ronald",539.67,2018-08-26 07:00:00,"M",25,"Drouin","VIC",14.06,"8012c620ab2d4fa98a5add3bd5d1444f","CUS-2178051368","145.86","-38.14","debit","Sun","09:07:27","09","August"
"3181","authorized","1","ACC-4065652575","115.81","-31.82","POS","f0d50182-9f97-4071-9cd6-2dee18a94e4e","Lucas",8269.96,2018-08-26 07:00:00,"M",21,"East Fremantle","WA",21.97,"ebad5f2da3d84ea99244d631f07ced63","CUS-1117979751","115.76","-32.04","debit","Sun","09:13:06","09","August"
"3182","authorized","1","ACC-1496451953","145.16","-37.84","SALES-POS","b2a84303-95fe-4683-8136-d43d23ee6868","Ricky",6050.24,2018-08-26 07:00:00,"M",43,"South Melbourne","VIC",18.32,"2270574dab8f4ad39b86bbc4d12a74b2","CUS-3142625864","144.96","-37.83","debit","Sun","09:18:45","09","August"
"3183","authorized","0","ACC-2650850707","148.16","-23.52","POS","df7809c8-ddda-4b06-a593-ebe38f26d467","Brian",107681.34,2018-08-26 07:00:00,"M",42,"Blackwater","QLD",17.2,"aefefe9a6d7445d3a077bb50748da69c","CUS-2819545904","148.89","-23.59","debit","Sun","09:24:24","09","August"
"3184","authorized","1","ACC-1990648130","114.62","-28.80","POS","20f49fac-03e1-43fb-a497-d2463bc779a5","Kaitlyn",2518.29,2018-08-26 07:00:00,"F",21,"Laverton","WA",8.02,"6ac4fdd334f44b7898bcd658f196b240","CUS-809013380","122.05","-28.76","debit","Sun","09:30:03","09","August"
"3185","authorized","1","ACC-1598451071","153.41","-27.95","POS","e7a45030-2dbf-44c5-bcb3-d0970bece74b","Diana",1637.62,2018-08-26 07:00:00,"F",26,"Aratula","QLD",8.17,"2ca9811450aa4df5aa145b348e7f4039","CUS-2487424745","152.55","-27.98","debit","Sun","09:35:42","09","August"
"3186","authorized","1","ACC-3481401842","115.74","-31.72","POS","34eb1567-e548-4881-a70b-1de934a9116b","Tiffany",3232.96,2018-08-26 07:00:00,"F",25,"Perth","WA",12.07,"09737449da2d4c7c9f5c2878ed9321db","CUS-1669695324","115.87","-31.95","debit","Sun","09:41:21","09","August"
"3187","authorized","1","ACC-211792489","138.63","-34.93","SALES-POS","61bd7354-f2de-4839-a4db-896e7edcd333","Jacqueline",6625.62,2018-08-26 07:00:00,"F",30,"Albany","WA",22.9,"ed03f3a0ebb4470eb8bbc67d2cd41968","CUS-497688347","117.88","-35.03","debit","Sun","09:47:00","09","August"
"3188","authorized","1","ACC-1990648130","114.62","-28.80","POS","97f098ef-0fd9-4cb1-94d2-a68d8446ca6c","Kaitlyn",2505.74,2018-08-26 07:00:00,"F",21,"Ballina","NSW",12.55,"30f9906ab3264310ba8fa37f5ff95b9c","CUS-809013380","153.56","-28.87","debit","Sun","09:52:39","09","August"
"3189","authorized","1","ACC-4258502723","145.45","-37.74","SALES-POS","958da525-af63-4261-b326-2284eae8bfd0","Kimberly",1585.06,2018-08-26 07:00:00,"F",24,"South Yarra","VIC",8.46,"e3331b9a9eda4a9ba444c0088a04cd2d","CUS-3378712515","145","-37.84","debit","Sun","09:58:18","09","August"
"3190","posted",NA,"ACC-964839203","146.92","-36.07","PAYMENT",NA,"Michael",32893,2018-08-26 07:00:00,"M",21,NA,NA,42,"415dea7f607a4460a205caa518ec4a4b","CUS-2059096722",NA,NA,"debit","Sun","10:00:00","10","August"
"3191","authorized","1","ACC-1710017148","150.82","-34.01","SALES-POS","5ed7139b-d0fd-4ea1-b47c-a7d60499cb0f","Michelle",7343.29,2018-08-26 07:00:00,"F",19,"Rose Bay","NSW",31.14,"488d20a9ab4e49528be5052c908549b8","CUS-883482547","151.27","-33.87","debit","Sun","10:04:59","10","August"
"3192","authorized","1","ACC-1222300524","151.23","-33.94","SALES-POS","96828216-c471-47f3-b14b-e25f78f32c79","Michael",1516,2018-08-26 07:00:00,"M",38,"Penshurst","NSW",14.91,"09fd47bdd6214188b7d8849a66f69d5d","CUS-2142601169","151.08","-33.96","debit","Sun","10:12:08","10","August"
"3193","authorized","1","ACC-2249586092","115.98","-32.07","SALES-POS","f5446956-20a9-4c2f-8df8-3d93ce458ccf","Edward",5655.68,2018-08-26 07:00:00,"M",19,"Ceduna","SA",22.34,"a84b081a08e74544947fefd857b3a9e3","CUS-443776336","133.67","-32.13","debit","Sun","10:19:17","10","August"
"3194","authorized","1","ACC-3689607373","115.79","-31.79","POS","62ec8580-7b7f-4024-b09a-30c94d0f43f4","Virginia",4093.49,2018-08-26 07:00:00,"F",20,"Southport","QLD",245.01,"6b9a8059e9ae4f85a913e37452a89b18","CUS-127297539","153.41","-27.97","debit","Sun","10:26:25","10","August"
"3195","authorized","0","ACC-1710017148","150.82","-34.01","SALES-POS","f3df7829-6792-43ca-8241-57a33bbf50fb","Michelle",7319.12,2018-08-26 07:00:00,"F",19,"Marsden Park","NSW",24.17,"2df8a6c271b041deb766c9e201107f51","CUS-883482547","150.84","-33.72","debit","Sun","10:33:34","10","August"
"3196","authorized","0","ACC-1222300524","151.23","-33.94","POS","77d5548f-16a1-4821-a564-bed19ba18f24","Michael",1508.35,2018-08-26 07:00:00,"M",38,"Len Waters Estate","NSW",7.65,"6bfe43b0ebaa440ca139bc03645dbb3b","CUS-2142601169","150.86","-33.92","debit","Sun","10:40:42","10","August"
"3197","authorized","1","ACC-2890243754","153.32","-27.93","SALES-POS","c2fc1f3d-78c5-429b-97f3-78ac35f14b16","Joseph",2406.45,2018-08-26 07:00:00,"M",37,"Redland Bay","QLD",5.76,"22cb03e70d6d4166ad480c29e60085d6","CUS-2695611575","153.3","-27.61","debit","Sun","10:47:51","10","August"
"3198","authorized","1","ACC-1990648130","114.62","-28.80","SALES-POS","907956c3-283d-4f7e-80f9-d944b5735c30","Kaitlyn",2467.32,2018-08-26 07:00:00,"F",21,"Regents Park","NSW",38.42,"0c8677c5d51341159e64e5a67b7ebab1","CUS-809013380","151.02","-33.88","debit","Sun","10:54:59","10","August"
"3199","posted",NA,"ACC-3827517394","151.12","-33.89","PAYMENT",NA,"Craig",32542.16,2018-08-26 07:00:00,"M",28,NA,NA,28,"fdf0e08f4dd64c6da4df351dd0818a36","CUS-2663907001",NA,NA,"debit","Sun","11:00:00","11","August"
"3200","posted",NA,"ACC-1608363396","151.22","-33.87","INTER BANK",NA,"Robert",4565.86,2018-08-26 07:00:00,"M",20,NA,NA,183,"0176840120a742978a4e33a38e8ef8ed","CUS-2688605418",NA,NA,"debit","Sun","11:00:00","11","August"
"3201","posted",NA,"ACC-1496451953","145.16","-37.84","INTER BANK",NA,"Ricky",6019.24,2018-08-26 07:00:00,"M",43,NA,NA,31,"97216da5ea6649f29f71ea155674be01","CUS-3142625864",NA,NA,"debit","Sun","11:00:00","11","August"
"3202","posted",NA,"ACC-2615038700","145.35","-38.03","INTER BANK",NA,"Emily",29780.31,2018-08-26 07:00:00,"F",43,NA,NA,38,"f7662e878e6142e5a93b61e04be640df","CUS-3255104878",NA,NA,"debit","Sun","11:00:00","11","August"
"3203","posted",NA,"ACC-854938045","147.63","-22.84","PAYMENT",NA,"James",10233.88,2018-08-26 07:00:00,"M",28,NA,NA,34,"d25a0737a237419b9278a033dba3fa17","CUS-4023861240",NA,NA,"debit","Sun","11:00:00","11","August"
"3204","authorized","1","ACC-1710017148","150.82","-34.01","SALES-POS","9fb2eaeb-afed-4640-acf1-82ccadfe390d","Michelle",7281.88,2018-08-26 07:00:00,"F",19,"Baulkham Hills","NSW",37.24,"45913f6e09f4426abab34a73f2d753b2","CUS-883482547","150.99","-33.76","debit","Sun","11:03:36","11","August"
"3205","authorized","1","ACC-1990648130","114.62","-28.80","SALES-POS","995651b2-6592-49fe-8f54-1ac6753f67ea","Kaitlyn",2459.53,2018-08-26 07:00:00,"F",21,"Goolmangar","NSW",7.79,"27d292d9eb0f4be5888496b363dca497","CUS-809013380","153.23","-28.75","debit","Sun","11:15:39","11","August"
"3206","authorized","1","ACC-3100725361","145.73","-17.03","SALES-POS","1447e914-f668-4de2-a33a-d3d550410df8","Ronald",528.19,2018-08-26 07:00:00,"M",25,"Manoora","QLD",11.48,"617e587d8953428d86ea9252eb438749","CUS-2178051368","145.74","-16.91","debit","Sun","11:27:42","11","August"
"3207","authorized","1","ACC-3541460373","145.00","-37.83","POS","e060817e-ea41-469e-addb-01a2eb5411a2","Jeffrey",2362.04,2018-08-26 07:00:00,"M",24,"Mount Gambier","SA",17.26,"40e7a0c616474425b69dd049a5f75931","CUS-1433879684","140.79","-37.81","debit","Sun","11:39:45","11","August"
"3208","authorized","1","ACC-966140392","147.08","-37.97","SALES-POS","bfc2e4e8-43e2-4473-9a42-01eeaa5bc568","Joseph",2995.16,2018-08-26 07:00:00,"M",21,"Malvern","VIC",24.14,"3e967d3b418a41d1b1ea7196d23443c5","CUS-537508723","145.03","-37.86","debit","Sun","11:51:48","11","August"
"3209","posted",NA,"ACC-2249586092","115.98","-32.07","PAYMENT",NA,"Edward",5618.68,2018-08-26 07:00:00,"M",19,NA,NA,37,"f5fbdb3ba4c445c3995da7222ddff4e4","CUS-443776336",NA,NA,"debit","Sun","12:00:00","12","August"
"3210","authorized","1","ACC-1222300524","151.23","-33.94","SALES-POS","805e2d12-0bb1-44ca-bf7f-ede7377f09db","Michael",1496.39,2018-08-26 07:00:00,"M",38,"Brookvale","NSW",11.96,"751bdae27b0b4047a2dc700f5a82046f","CUS-2142601169","151.26","-33.77","debit","Sun","12:06:09","12","August"
"3211","authorized","0","ACC-1598451071","153.41","-27.95","SALES-POS","1922639f-c45a-4381-bf09-c840853a5859","Diana",1547.19,2018-08-26 07:00:00,"F",26,"Brisbane City","QLD",90.43,"dd569b3878404a3980dbd7d51d36e384","CUS-2487424745","153.02","-27.47","debit","Sun","12:25:23","12","August"
"3212","authorized","0","ACC-3485804958","138.52","-35.01","POS","2adfb016-d492-4baf-9cc8-566355cacea7","Jessica",18170.61,2018-08-26 07:00:00,"F",34,"Adelaide Airport","SA",43.15,"f493cb2bc0364d1e805e7fba7b70f7cd","CUS-1196156254","138.52","-34.95","debit","Sun","12:44:36","12","August"
"3213","authorized","1","ACC-1598451071","153.41","-27.95","SALES-POS","946f3a3f-4c0d-4761-af5e-9378354ac0c3","Diana",1537.52,2018-08-26 07:00:00,"F",26,"Robina","QLD",9.67,"59de3920a4a44a8abc483cb314490300","CUS-2487424745","153.39","-28.08","debit","Sun","13:03:59","13","August"
"3214","authorized","1","ACC-1222300524","151.23","-33.94","SALES-POS","a1563cc9-1efa-430f-808c-b7236e129749","Michael",1486.34,2018-08-26 07:00:00,"M",38,"Hart","SA",10.05,"dfdbf658ccee4055bec7d7a24c370c20","CUS-2142601169","138.44","-33.76","debit","Sun","13:23:59","13","August"
"3215","authorized","1","ACC-1598451071","153.41","-27.95","SALES-POS","430c23a4-b449-4225-8c79-d7f274810e6e","Diana",1525.97,2018-08-26 07:00:00,"F",26,"Arundel","QLD",11.55,"33d206d0d4644060937c8b2279001143","CUS-2487424745","153.38","-27.93","debit","Sun","13:43:59","13","August"
"3216","posted",NA,"ACC-37709441","153.41","-28.01","INTER BANK",NA,"Charles",7036.8,2018-08-26 07:00:00,"M",18,NA,NA,40,"3ca46415f724470f88bfa8b265119506","CUS-3336454548",NA,NA,"debit","Sun","14:00:00","14","August"
"3217","authorized","0","ACC-1598451071","153.41","-27.95","SALES-POS","2370e03c-2435-4c93-86a4-1e798799cb51","Diana",1507.27,2018-08-26 07:00:00,"F",26,"Federal","NSW",18.7,"a080c16aed9c4feab1aa10f72b47ecb1","CUS-2487424745","153.46","-28.65","debit","Sun","14:02:22","14","August"
"3218","authorized","0","ACC-958000567","130.90","-12.37","POS","61334d6d-b25d-4c6c-9145-029b9a988c70","Sandra",5399.39,2018-08-26 07:00:00,"F",34,"Palmerston City","NT",15.26,"a2186fc327924e86845c473b7377ccfd","CUS-4142663097","130.99","-12.48","debit","Sun","14:14:17","14","August"
"3219","authorized","1","ACC-2901672282","255.00","-573.00","POS","f0e656b5-fcfc-44a1-b297-29826efcb2a4","Daniel",3200.84,2018-08-26 07:00:00,"M",22,"Berwick","VIC",34.25,"7f1c654a4fd24be48ffb7efc6dab9327","CUS-1617121891","145.33","-38.02","debit","Sun","14:26:11","14","August"
"3220","authorized","1","ACC-1598451071","153.41","-27.95","POS","445d90d9-eee7-46ce-8457-5552c4227031","Diana",1500.75,2018-08-26 07:00:00,"F",26,"Upper Coomera","QLD",6.52,"065aea0f516648f0a541243950ea9117","CUS-2487424745","153.3","-27.85","debit","Sun","14:38:05","14","August"
"3221","authorized","1","ACC-2901672282","255.00","-573.00","SALES-POS","b0e3fc82-a4d3-4740-bfb1-e2339a5e96de","Daniel",3126.69,2018-08-26 07:00:00,"M",22,"Richmond","VIC",74.15,"67a5be3e113745eb865e5af5688e74d6","CUS-1617121891","145.01","-37.83","debit","Sun","14:49:59","14","August"
"3222","authorized","0","ACC-2890243754","153.32","-27.93","POS","5488a5bd-eea0-4742-a97b-d4d0058253f6","Joseph",2334.24,2018-08-26 07:00:00,"M",37,"Southport","QLD",72.21,"cf9cf28e852b4ad793ea9a17f82e12e3","CUS-2695611575","153.38","-27.96","debit","Sun","15:02:07","15","August"
"3223","authorized","1","ACC-3100725361","145.73","-17.03","POS","a79490f1-8469-4eec-9ad0-0a4726f48781","Ronald",467.2,2018-08-26 07:00:00,"M",25,"Haymarket","NSW",60.99,"311eb9d25aa54042a4a045d218ababa1","CUS-2178051368","151.21","-33.88","debit","Sun","15:15:27","15","August"
"3224","authorized","0","ACC-1710017148","150.82","-34.01","POS","abf31fa7-2b8d-421b-85ca-1c81a4a04b64","Michelle",7259.38,2018-08-26 07:00:00,"F",19,"Sydney","NSW",22.5,"249fe3fe5a174da7b28ade865a2a6303","CUS-883482547","151.2","-33.87","debit","Sun","15:28:47","15","August"
"3225","authorized","1","ACC-3317636250","153.02","-27.66","POS","ea58019c-28c3-491e-a912-546868e39b0f","Kenneth",9434.99,2018-08-26 07:00:00,"M",35,"Windsor","QLD",28.95,"7767729fea4043cda6caf76eccd3a33b","CUS-2738291516","153.02","-27.44","debit","Sun","15:42:07","15","August"
"3226","authorized","0","ACC-1598451071","153.41","-27.95","SALES-POS","2b8320d0-06eb-46af-96d4-b4af7128ae91","Diana",1488.61,2018-08-26 07:00:00,"F",26,"Labrador","QLD",12.14,"74d0e6bc850e472196565da2f9b0559d","CUS-2487424745","153.4","-27.97","debit","Sun","15:55:27","15","August"
"3227","authorized","1","ACC-2153562714","116.00","-31.88","POS","6d1bb943-6105-4d9e-9df5-2cfea7144fa4","Linda",3948.83,2018-08-26 07:00:00,"F",24,"Claremont","WA",16.95,"499f952d8cd545d1985dc01c1a768320","CUS-423725039","115.78","-31.98","debit","Sun","16:13:28","16","August"
"3228","authorized","1","ACC-1598451071","153.41","-27.95","SALES-POS","c41ce215-6d2f-45d2-a6a0-e342bb6e8f4e","Diana",1477.51,2018-08-26 07:00:00,"F",26,"Broadbeach","QLD",11.1,"68011d3c8fef449a810512998f42449d","CUS-2487424745","153.42","-28.04","debit","Sun","16:33:52","16","August"
"3229","authorized","0","ACC-2153562714","116.00","-31.88","SALES-POS","310bc95b-1a79-4b26-b404-cbafca1285c3","Linda",3935.81,2018-08-26 07:00:00,"F",24,"Duncraig","WA",13.02,"71ac34dd92a54b0b99156abf00c7a738","CUS-423725039","115.76","-31.84","debit","Sun","16:54:17","16","August"
"3230","posted",NA,"ACC-211792489","138.63","-34.93","PAYMENT",NA,"Jacqueline",6603.62,2018-08-26 07:00:00,"F",30,NA,NA,22,"31576090a7814e92aeb186fceade3831","CUS-497688347",NA,NA,"debit","Sun","17:00:00","17","August"
"3231","authorized","1","ACC-1990648130","114.62","-28.80","POS","9d225e05-23d6-4e29-acc8-8c09e251c22c","Kaitlyn",2452.17,2018-08-26 07:00:00,"F",21,"Goonellabah","NSW",7.36,"efcbc17e71a241709d529abe74adaaf6","CUS-809013380","153.33","-28.82","debit","Sun","17:12:24","17","August"
"3232","authorized","1","ACC-182446574","116.06","-32.00","POS","6d81850f-bac3-4f42-b06d-c4960ef9a4e4","Tonya",3143.19,2018-08-26 07:00:00,"F",27,"Belmont","WA",57.51,"74ab0262419e4d559653a86f3e8ab120","CUS-3026014945","115.94","-31.97","debit","Sun","17:29:39","17","August"
"3233","authorized","1","ACC-3689607373","115.79","-31.79","SALES-POS","87ba1b63-bf8b-49c7-bb2c-4ec5d4764bfb","Virginia",4078.66,2018-08-26 07:00:00,"F",20,"Applecross","WA",14.83,"3fa30513e5d84bd9abc820ec71d5a901","CUS-127297539","115.84","-32.01","debit","Sun","17:46:53","17","August"
"3234","posted",NA,"ACC-2681137560","151.11","-33.99","PAYMENT",NA,"Nathaniel",2522.82,2018-08-26 07:00:00,"M",31,NA,NA,45,"a70a352205244a24a134e2b9dbc71a84","CUS-2083971310",NA,NA,"debit","Sun","18:00:00","18","August"
"3235","authorized","1","ACC-2920611728","144.96","-37.76","SALES-POS","72cde54c-aa30-42de-bc67-54369a9cf904","Tyler",4192.91,2018-08-26 07:00:00,"M",69,"Mount Gambier Airport","SA",10.41,"f7d51ff273d64710ae9ec9359a77f4d3","CUS-1388323263","140.78","-37.74","debit","Sun","18:06:29","18","August"
"3236","authorized","1","ACC-2901672282","255.00","-573.00","SALES-POS","c517e9ce-fba4-4269-ac69-739d51ef969b","Daniel",3068.9,2018-08-26 07:00:00,"M",22,"Armidale","NSW",57.79,"9dbdb9e225874b948fa009329cbc347e","CUS-1617121891","151.67","-30.52","debit","Sun","18:33:30","18","August"
"3237","posted",NA,"ACC-1650504218","145.01","-37.93","PAYMENT",NA,"Marissa",5603.52,2018-08-26 07:00:00,"F",23,NA,NA,18,"9cc6f98d11ac4998baaf0de3884408ae","CUS-2500783281",NA,NA,"debit","Sun","19:00:00","19","August"
"3238","posted",NA,"ACC-37709441","153.41","-28.01","INTER BANK",NA,"Charles",7009.8,2018-08-26 07:00:00,"M",18,NA,NA,27,"c557f881e1214a39b12cc6d37006f4d7","CUS-3336454548",NA,NA,"debit","Sun","19:00:00","19","August"
"3239","authorized","1","ACC-4258502723","145.45","-37.74","SALES-POS","34995bdf-ac65-4a31-874c-9321b5e184d1","Kimberly",1580.49,2018-08-26 07:00:00,"F",24,"Tottenham","VIC",4.57,"0617af30c2bd4bbc8bb523cccd5c8956","CUS-3378712515","144.86","-37.81","debit","Sun","19:00:21","19","August"
"3240","authorized","0","ACC-1598451071","153.41","-27.95","POS","4a4b54f2-c012-420b-849b-5c07e88543db","Diana",1468.07,2018-08-26 07:00:00,"F",26,"Runaway Bay","QLD",9.44,"c02efc4a13fa418c83bae69fd636f7c6","CUS-2487424745","153.4","-27.91","debit","Sun","19:18:12","19","August"
"3241","authorized","1","ACC-3317636250","153.02","-27.66","SALES-POS","153c2c0b-f692-4ce0-9e3d-3257b6936d36","Kenneth",9390.03,2018-08-26 07:00:00,"M",35,"Middle Park","QLD",44.96,"a7f7418ecb25448b87520df8b67f8a0a","CUS-2738291516","152.93","-27.56","debit","Sun","19:36:04","19","August"
"3242","authorized","1","ACC-2901672282","255.00","-573.00","POS","b871810d-2737-45c0-8c1a-34dee0368cd3","Daniel",3038.53,2018-08-26 07:00:00,"M",22,"Miami","QLD",30.37,"af6ce6775c9e41e3b10ec7d60ef76cec","CUS-1617121891","153.45","-28.07","debit","Sun","19:53:55","19","August"
"3243","posted",NA,"ACC-240804743","121.48","-30.75","PAYMENT",NA,"Kenneth",7759.32,2018-08-26 07:00:00,"M",29,NA,NA,48,"00b48eb305104fa8ad64c22de42b269c","CUS-261674136",NA,NA,"debit","Sun","20:00:00","20","August"
"3244","posted",NA,"ACC-2897221629","150.90","-34.37","PAYMENT",NA,"Scott",2201.61,2018-08-26 07:00:00,"M",23,NA,NA,42,"fe5c1053b597451fba5eefe3283fa262","CUS-511326734",NA,NA,"debit","Sun","20:00:00","20","August"
"3245","authorized","1","ACC-1598451071","153.41","-27.95","POS","8d3e868f-f125-4bda-99d8-4a7dc760b94d","Diana",1460.62,2018-08-26 07:00:00,"F",26,"Reedy Creek","QLD",7.45,"5bc70d45bd264830be9fd807e548dcff","CUS-2487424745","153.41","-28.11","debit","Sun","20:07:57","20","August"
"3246","authorized","1","ACC-1279356312","144.79","-37.73","SALES-POS","62a97634-26c0-4828-a968-56c2a401f6ee","Tyler",5982.3,2018-08-26 07:00:00,"M",44,"Seville","VIC",15.46,"2ce60332c9964be18d87aadde84f3233","CUS-1892177589","145.46","-37.78","debit","Sun","20:19:59","20","August"
"3247","authorized","1","ACC-1598451071","153.41","-27.95","POS","b0d3259e-ee73-4a1d-b00c-c8e77317358a","Diana",1448.16,2018-08-26 07:00:00,"F",26,"Lismore","NSW",12.46,"f0ec08da1ec648e69aa1be7d6e6c66bf","CUS-2487424745","153.28","-28.81","debit","Sun","20:32:02","20","August"
"3248","authorized","1","ACC-3100725361","145.73","-17.03","POS","1eca2901-6392-4097-88d8-e41915133abe","Ronald",461.4,2018-08-26 07:00:00,"M",25,"Yarra Junction","VIC",5.8,"d96afdd1fa834a0e930058159944e3b7","CUS-2178051368","145.61","-37.78","debit","Sun","20:44:05","20","August"
"3249","authorized","1","ACC-1598451071","153.41","-27.95","POS","0db41b51-10e9-49d0-b6bd-2bb840dd76a9","Diana",1443.1,2018-08-26 07:00:00,"F",26,"Coomera","QLD",5.06,"3c5ca4071e8e468bb8f4252fc30fc678","CUS-2487424745","153.31","-27.86","debit","Sun","20:56:08","20","August"
"3250","posted",NA,"ACC-154431271","153.09","-27.48","PAYMENT",NA,"Lori",2120.47,2018-08-26 07:00:00,"F",18,NA,NA,50,"00a3965e100c460fb2a712e41c0f6bd1","CUS-3702001629",NA,NA,"debit","Sun","21:00:00","21","August"
"3251","posted",NA,"ACC-2153562714","116.00","-31.88","INTER BANK",NA,"Linda",3750.81,2018-08-26 07:00:00,"F",24,NA,NA,185,"d5d2bbabad75447796ce435c60e08ea5","CUS-423725039",NA,NA,"debit","Sun","21:00:00","21","August"
"3252","posted",NA,"ACC-3021093232","149.83","-29.47","PAYMENT",NA,"Melissa",3638.09,2018-08-26 07:00:00,"F",30,NA,NA,131,"c4d7cc7ea716448ca5acd9a3c0127248","CUS-55310383",NA,NA,"debit","Sun","21:00:00","21","August"
"3253","authorized","1","ACC-1990648130","114.62","-28.80","POS","e3956228-a9fc-4fae-b2ef-9cab5926c660","Kaitlyn",2413.67,2018-08-26 07:00:00,"F",21,"Preston","VIC",38.5,"79e15669bd2d46aab7959a1032de3c15","CUS-809013380","145.02","-37.75","debit","Sun","21:04:28","21","August"
"3254","authorized","1","ACC-3481401842","115.74","-31.72","POS","6be1e471-2abb-4704-82fe-e12489c24716","Tiffany",3227.01,2018-08-26 07:00:00,"F",25,"Karnup","WA",5.95,"071d27da23e54738921dcc2551e4695b","CUS-1669695324","115.77","-32.42","debit","Sun","21:11:03","21","August"
"3255","authorized","0","ACC-2970114956","144.89","-37.69","SALES-POS","1dd9c86d-b32f-4025-b6fb-bb51b938b45b","Robert",6712.31,2018-08-26 07:00:00,"M",26,"Hawthorn","VIC",6.04,"9ba432fb11fb4d0bac50202e35fcd12b","CUS-880898248","145.04","-37.82","debit","Sun","21:17:37","21","August"
"3256","authorized","0","ACC-2305712452","138.61","-34.89","POS","ecaa4bd8-21f7-4a11-bb2c-37c431071a6f","Debra",1884.75,2018-08-26 07:00:00,"F",18,"Redwood Park","SA",16.37,"4819253c1ebc4bdc93a2534e3ea86fe2","CUS-1842679196","138.7","-34.82","debit","Sun","21:24:12","21","August"
"3257","authorized","1","ACC-1222300524","151.23","-33.94","SALES-POS","1c4d189b-15f8-4e6a-bf26-8c6e59804408","Michael",1478.77,2018-08-26 07:00:00,"M",38,"Millmerran","QLD",7.57,"8068326c95bb4a7b8c61875d89c4c0b5","CUS-2142601169","151.27","-27.88","debit","Sun","21:30:47","21","August"
"3258","authorized","1","ACC-1890605467","143.88","-37.66","SALES-POS","fcc5f982-d673-4dbd-a893-f01800e9c7de","Alexander",11635.03,2018-08-26 07:00:00,"M",38,"Brisbane City","QLD",40.37,"5e054bd14f4f4a37bfe95333a75e9972","CUS-1478398256","153.02","-27.47","debit","Sun","21:37:22","21","August"
"3259","authorized","1","ACC-3541460373","145.00","-37.83","POS","f62d6734-f21c-454a-af57-55f77786e13c","Jeffrey",2339.61,2018-08-26 07:00:00,"M",24,"Murrumbeena","VIC",22.43,"5ef2ecee77bc4347bf98b08f0c15c7aa","CUS-1433879684","145.06","-37.9","debit","Sun","21:43:56","21","August"
"3260","authorized","1","ACC-3485804958","138.52","-35.01","POS","8f0ef063-4950-4175-895d-2df580d755fc","Jessica",18149.68,2018-08-26 07:00:00,"F",34,"Nowra","NSW",20.93,"a128fadd5d1e422098b535e98dbaa1e9","CUS-1196156254","150.6","-34.88","debit","Sun","21:50:31","21","August"
"3261","authorized","1","ACC-1710017148","150.82","-34.01","POS","711b6911-6ed7-42c0-ae19-2714f3a18953","Michelle",7183.86,2018-08-26 07:00:00,"F",19,"Caringbah South","NSW",75.52,"76d7907305844d5399f2c08c6edb3cba","CUS-883482547","151.12","-34.06","debit","Sun","21:57:06","21","August"
"3262","posted",NA,"ACC-602667573","151.23","-33.96","PAYMENT",NA,"Michael",4844.8,2018-08-26 07:00:00,"M",40,NA,NA,25,"8118e92c3a574d128def4cb295356c23","CUS-2031327464",NA,NA,"debit","Sun","22:00:00","22","August"
"3263","authorized","1","ACC-3541460373","145.00","-37.83","SALES-POS","9492bbba-b5f2-4372-afdc-bc0675f56014","Jeffrey",2331.63,2018-08-26 07:00:00,"M",24,"Chirnside Park","VIC",7.98,"dd5b912c2ad3451e84d2b84d8491e1c9","CUS-1433879684","145.31","-37.76","debit","Sun","22:06:44","22","August"
"3264","authorized","1","ACC-1222300524","151.23","-33.94","SALES-POS","9d51aada-0f7e-4664-aa5d-6119a888f759","Michael",1396.82,2018-08-26 07:00:00,"M",38,"Sydney","NSW",81.95,"289cf8f03a5b4406b573b753ac902640","CUS-2142601169","151.21","-33.87","debit","Sun","22:18:47","22","August"
"3265","authorized","0","ACC-4065652575","115.81","-31.82","SALES-POS","be37f62b-6874-494d-9905-54d7e27b1eec","Lucas",8264.32,2018-08-26 07:00:00,"M",21,"Perth","WA",5.64,"9b68e324ab384d8d8b05812b4029af64","CUS-1117979751","115.86","-31.95","debit","Sun","22:30:50","22","August"
"3266","authorized","1","ACC-958000567","130.90","-12.37","POS","ff7652a0-7d92-41bf-afbc-0f1bb6c5cde2","Sandra",5374.29,2018-08-26 07:00:00,"F",34,"Bakewell","NT",25.1,"e5ae5075582d4cf4920524ea9f32a3be","CUS-4142663097","130.99","-12.5","debit","Sun","22:42:53","22","August"
"3267","authorized","1","ACC-1199531521","116.02","-31.87","POS","ccbd17fa-2dc0-43d3-b0b1-95af4b6363c4","Billy",6748.24,2018-08-26 07:00:00,"M",52,"Hamilton Hill","WA",19.3,"414e2a91254b4f87ac8f2f23d1e172af","CUS-134833760","115.78","-32.08","debit","Sun","22:54:56","22","August"
"3268","authorized","0","ACC-1516130869","130.84","-12.45","SALES-POS","8420f84b-ac16-498e-be44-f3b2e01c1637","Jessica",3758.11,2018-08-26 07:00:00,"F",21,"Shoal Bay","NT",31.12,"12c19f2a58e245e89ac31c954caf9f7a","CUS-325142416","130.98","-12.44","debit","Sun","23:15:40","23","August"
"3269","authorized","0","ACC-1199531521","116.02","-31.87","SALES-POS","2d87c9e2-b0aa-472b-8afe-f7c1e1156af7","Billy",6719,2018-08-26 07:00:00,"M",52,"North Beach","WA",29.24,"a2510e26ac9f4ef29ada6d3f5f17826e","CUS-134833760","115.75","-31.87","debit","Sun","23:42:42","23","August"
"3270","authorized","1","ACC-1990648130","114.62","-28.80","POS","b53f4984-e11f-40e1-9b1d-e342e4350ca4","Kaitlyn",2356.02,2018-08-27 07:00:00,"F",21,"Ballina","NSW",57.65,"48895772e4c24a4dbf41687e8fd235fe","CUS-809013380","153.56","-28.86","debit","Mon","00:51:25","00","August"
"3271","authorized","1","ACC-4258502723","145.45","-37.74","SALES-POS","14391467-3b68-4107-b6c9-023c6b0b348f","Kimberly",1572.55,2018-08-27 07:00:00,"F",24,"Melbourne Airport","VIC",7.94,"034d94575b8f4879b125f804fc33b83b","CUS-3378712515","144.85","-37.67","debit","Mon","01:44:45","01","August"
"3272","posted",NA,"ACC-4281711154","144.98","-37.84","PAYMENT",NA,"Eric",36085.74,2018-08-27 07:00:00,"M",42,NA,NA,168,"eae4b8bdee7d4cef9879282fbead7986","CUS-3151318058",NA,NA,"debit","Mon","02:00:00","02","August"
"3273","posted",NA,"ACC-4065652575","115.81","-31.82","PAYMENT",NA,"Lucas",8074.32,2018-08-27 07:00:00,"M",21,NA,NA,190,"afc62fcb794b49b3a34e791f12d58652","CUS-1117979751",NA,NA,"debit","Mon","03:00:00","03","August"
"3274","posted",NA,"ACC-1349834573","145.17","-37.84","INTER BANK",NA,"Matthew",7835.22,2018-08-27 07:00:00,"M",39,NA,NA,33,"c3d35b1345ab45a69b8ff749fbc1ab37","CUS-1790886359",NA,NA,"debit","Mon","03:00:00","03","August"
"3275","posted",NA,"ACC-3084464802","145.15","-37.76","INTER BANK",NA,"Susan",5145.95,2018-08-27 07:00:00,"F",19,NA,NA,24,"a96cb233c6054721b59e7e39bc2534e0","CUS-1928710999",NA,NA,"debit","Mon","03:00:00","03","August"
"3276","posted",NA,"ACC-1990648130","114.62","-28.80","PAYMENT",NA,"Kaitlyn",2176.02,2018-08-27 07:00:00,"F",21,NA,NA,180,"e8f147417be14ac8b269ce3a13065cfb","CUS-809013380",NA,NA,"debit","Mon","03:00:00","03","August"
"3277","posted",NA,"ACC-80388494","144.97","-37.42","PAYMENT",NA,"Dustin",4074.52,2018-08-27 07:00:00,"M",28,NA,NA,96,"9b289b524c9844b89645f1a121165a64","CUS-1140341822",NA,NA,"debit","Mon","04:00:00","04","August"
"3278","posted",NA,"ACC-819621312","145.04","-37.85","PAYMENT",NA,"Michele",3467.73,2018-08-27 07:00:00,"F",30,NA,NA,66,"89356e213dd54fcfa981d500da2a16be","CUS-1271030853",NA,NA,"debit","Mon","04:00:00","04","August"
"3279","posted",NA,"ACC-2107684084","145.03","-37.88","PAYMENT",NA,"Richard",4131.69,2018-08-27 07:00:00,"M",22,NA,NA,34,"9dc139ce46af456096aeca96f49b0808","CUS-2283904812",NA,NA,"debit","Mon","05:00:00","05","August"
"3280","posted",NA,"ACC-1438600314","138.69","-34.84","PAYMENT",NA,"Maria",3435.23,2018-08-27 07:00:00,"F",35,NA,NA,35,"bd97202f08bc402599e967ce6a7faa9c","CUS-2650223890",NA,NA,"debit","Mon","06:00:00","06","August"
"3281","authorized","1","ACC-966140392","147.08","-37.97","SALES-POS","df08814b-3453-493e-8e5f-067ea52e1c22","Joseph",2973.69,2018-08-27 07:00:00,"M",21,"Lilydale","VIC",21.47,"21166c9011c54561a1ac5cf7293966eb","CUS-537508723","145.35","-37.75","debit","Mon","06:49:59","06","August"
"3282","posted",NA,"ACC-3879258709","143.83","-37.66","INTER BANK",NA,"Natasha",193479.49,2018-08-27 07:00:00,"F",40,NA,NA,51,"bbc9943f1d1b4a0a96a80b3076a5bf99","CUS-527400765",NA,NA,"debit","Mon","08:00:00","08","August"
"3283","authorized","1","ACC-1710017148","150.82","-34.01","SALES-POS","3c2fdebb-595a-4706-80cb-95eca94ff4ed","Michelle",7162.38,2018-08-27 07:00:00,"F",19,"Woolloongabba","QLD",21.48,"eb90957c07734590800494ac68cd8956","CUS-883482547","153.04","-27.5","debit","Mon","08:13:32","08","August"
"3284","authorized","0","ACC-2259139624","144.66","-37.91","SALES-POS","dd8f3a2c-c24f-4820-9c1b-4659c92adde7","Cindy",7536.15,2018-08-27 07:00:00,"F",19,"Hampton Park","VIC",25.86,"3a50839e2ac143b68fb078d97b611d81","CUS-3174332735","145.27","-38.03","debit","Mon","08:45:48","08","August"
"3285","posted",NA,"ACC-2673069055","152.99","-27.49","INTER BANK",NA,"Richard",15727.25,2018-08-27 07:00:00,"M",24,NA,NA,39,"35b6aa7bf552478b90d51d22a899927a","CUS-51506836",NA,NA,"debit","Mon","09:00:00","09","August"
"3286","authorized","1","ACC-3879258709","143.83","-37.66","SALES-POS","31b42b02-9c44-41fa-a885-42de728851ca","Natasha",193455,2018-08-27 07:00:00,"F",40,"Croydon","VIC",24.49,"58106c8bc26e42bebd9fbd5f53419b09","CUS-527400765","145.3","-37.79","debit","Mon","09:02:22","09","August"
"3287","authorized","1","ACC-3021093232","149.83","-29.47","POS","d076eb9a-abe5-4936-8182-d626bf62d504","Melissa",3551.55,2018-08-27 07:00:00,"F",30,"Sydney","NSW",86.54,"cdd9f7737cda40b9904e226bfc4605d1","CUS-55310383","151.21","-33.87","debit","Mon","09:06:36","09","August"
"3288","authorized","1","ACC-3536132544","144.93","-37.79","SALES-POS","7c94cdd9-dbe9-433a-bbb8-ea81e447b432","Heather",2982.21,2018-08-27 07:00:00,"F",41,"Melton West","VIC",9.9,"0668193ffdc54e8798302bceddccd49c","CUS-2348881191","144.56","-37.69","debit","Mon","09:10:50","09","August"
"3289","authorized","1","ACC-1443681913","150.92","-33.77","SALES-POS","c46b0e50-9a81-422a-8a3d-e0392d96ea43","Ryan",2256.04,2018-08-27 07:00:00,"M",31,"Macquarie Park","NSW",12.22,"cd49bf0adf4b45f1944a0488cd7a1e4d","CUS-3129499595","151.11","-33.78","debit","Mon","09:15:05","09","August"
"3290","authorized","1","ACC-211792489","138.63","-34.93","SALES-POS","cf063d0f-4c5c-45fc-ae90-5b0ed790be59","Jacqueline",6578.08,2018-08-27 07:00:00,"F",30,"Murray Bridge","SA",25.54,"85806eba3d5644299ed4ad309a9d5094","CUS-497688347","139.27","-35.12","debit","Mon","09:19:19","09","August"
"3291","authorized","1","ACC-4163822186","149.03","-34.97","SALES-POS","2660b4a7-c122-46e1-94ba-936d87a23e4e","Karen",5220.38,2018-08-27 07:00:00,"F",26,"Marian","QLD",22.31,"82deabed637a431d8d5bcc9ffa48de98","CUS-2630892467","148.95","-21.15","debit","Mon","09:23:33","09","August"
"3292","authorized","0","ACC-211792489","138.63","-34.93","POS","1eb2779c-f9b3-4265-879f-e8cd10243744","Jacqueline",6564.76,2018-08-27 07:00:00,"F",30,"Black Forest","SA",13.32,"b358ce4d32eb4f8a95ad62bee36bc70a","CUS-497688347","138.58","-34.96","debit","Mon","09:27:47","09","August"
"3293","authorized","1","ACC-3485804958","138.52","-35.01","POS","3f6d4985-d5eb-4fcf-8ff5-4bf543f64106","Jessica",18130.9,2018-08-27 07:00:00,"F",34,"Vincentia","NSW",18.78,"6891aa8e5b284304a9a19a7c878fea5d","CUS-1196156254","150.66","-35.07","debit","Mon","09:32:02","09","August"
"3294","authorized","1","ACC-2153562714","116.00","-31.88","POS","552b4220-1a02-4608-9e48-4b81003fb6e8","Linda",3738.1,2018-08-27 07:00:00,"F",24,"York","WA",12.71,"00a3f07d1369476abf7b0b8514cb9bdd","CUS-423725039","116.77","-31.89","debit","Mon","09:36:16","09","August"
"3295","authorized","1","ACC-1990648130","114.62","-28.80","SALES-POS","6894f899-b3f7-4f2c-8b53-a7792cf628fe","Kaitlyn",2162.15,2018-08-27 07:00:00,"F",21,"Ballina","NSW",13.87,"12a441ed9c524c318589351ac61a18b0","CUS-809013380","153.56","-28.85","debit","Mon","09:40:30","09","August"
"3296","authorized","1","ACC-3317636250","153.02","-27.66","SALES-POS","49cefe94-8c21-4db7-af58-cc5fbd9e8809","Kenneth",9365.19,2018-08-27 07:00:00,"M",35,"Kalbarri","WA",24.84,"3ce012bdf3fc40da912fd99365fff4ea","CUS-2738291516","114.16","-27.71","debit","Mon","09:44:44","09","August"
"3297","authorized","1","ACC-1037050564","153.10","-27.66","POS","f66b8549-7586-4571-b7ec-7ddc5f8bd9af","Rhonda",2168.19,2018-08-27 07:00:00,"F",40,"South Brisbane","QLD",150.6,"ab4c596d8d58473b89f8e5c6bf3740c4","CUS-1614226872","153.02","-27.47","debit","Mon","09:48:58","09","August"
"3298","authorized","1","ACC-3485804958","138.52","-35.01","SALES-POS","78ab2b76-4131-40df-89f1-aba4574144db","Jessica",18110.73,2018-08-27 07:00:00,"F",34,"Parkes","ACT",20.17,"10939e5eda504eb6b83cfab3afcc7809","CUS-1196156254","149.13","-35.3","debit","Mon","09:53:13","09","August"
"3299","authorized","1","ACC-182446574","116.06","-32.00","POS","cb31ac7e-24f0-48d2-bfca-0fcdac531c45","Tonya",3123.67,2018-08-27 07:00:00,"F",27,"Coolbellup","WA",19.52,"39d8dc3e2e6345b8b5e87082e857ded2","CUS-3026014945","115.81","-32.08","debit","Mon","09:57:27","09","August"
"3300","posted",NA,"ACC-182446574","116.06","-32.00","PAYMENT",NA,"Tonya",2929.67,2018-08-27 07:00:00,"F",27,NA,NA,194,"639c44f6b4d040eebd17551a014aac3d","CUS-3026014945",NA,NA,"debit","Mon","10:00:00","10","August"
"3301","authorized","1","ACC-2901672282","255.00","-573.00","POS","19e5d2d7-988b-44ff-a1b0-7523717189c3","Daniel",2934.49,2018-08-27 07:00:00,"M",22,"Sydney","NSW",104.04,"d4545c15c81c482180ce5ae52b5ee7f1","CUS-1617121891","151.21","-33.87","debit","Mon","10:03:06","10","August"
"3302","authorized","1","ACC-4258502723","145.45","-37.74","POS","645b4142-5a9b-49b5-a2a3-d41957505a50","Kimberly",1564.28,2018-08-27 07:00:00,"F",24,"Kew","VIC",8.27,"b553ad0fa49d4f43ad3978a1e92d0066","CUS-3378712515","145.03","-37.81","debit","Mon","10:10:51","10","August"
"3303","authorized","1","ACC-1222300524","151.23","-33.94","SALES-POS","4b70e3d4-96ca-407d-ab8a-f5c54c0b6036","Michael",1373.52,2018-08-27 07:00:00,"M",38,"Liverpool","NSW",23.3,"7eacc797b1d34cb08f53492cb110c816","CUS-2142601169","150.92","-33.93","debit","Mon","10:18:36","10","August"
"3304","authorized","1","ACC-1443681913","150.92","-33.77","POS","efefeb05-9ea1-4b28-ab11-eecdbeee8901","Ryan",2241.83,2018-08-27 07:00:00,"M",31,"Artarmon","NSW",14.21,"e53008171e5144cfb3eba04646e733f4","CUS-3129499595","151.19","-33.82","debit","Mon","10:26:21","10","August"
"3305","authorized","1","ACC-966140392","147.08","-37.97","SALES-POS","e33c4e9c-f14d-4ce4-90d4-369e532d0f79","Joseph",2943.36,2018-08-27 07:00:00,"M",21,"Beaumaris","VIC",30.33,"d6fb0977bf57425fb5fb49da722f75a7","CUS-537508723","145.03","-37.99","debit","Mon","10:34:06","10","August"
"3306","authorized","1","ACC-90814749","151.68","-32.98","POS","15388986-8d72-4006-aacb-2eacc4150ab3","Christopher",9546.41,2018-08-27 07:00:00,"M",35,"New Lambton Heights","NSW",11.26,"d6b173bfca6040c381479c803cfef027","CUS-1896554896","151.69","-32.92","debit","Mon","10:41:51","10","August"
"3307","authorized","1","ACC-574997646","150.79","-33.64","POS","e339d722-2349-4e18-a86a-7f17dd209523","Mackenzie",3244.57,2018-08-27 07:00:00,"F",18,"Shellharbour City Centre","NSW",4.99,"c0e34a20ceb44940a5bd03bc17b0ba8f","CUS-586638664","150.84","-34.56","debit","Mon","10:49:36","10","August"
"3308","authorized","1","ACC-3100725361","145.73","-17.03","SALES-POS","71cbf835-a5d9-44d8-8d58-d425865171b5","Ronald",432.46,2018-08-27 07:00:00,"M",25,"Spotswood","VIC",28.94,"72b02373738344c0a42c05108ae24e1a","CUS-2178051368","144.89","-37.83","debit","Mon","10:57:21","10","August"
"3309","posted",NA,"ACC-3233697971","151.04","-33.77","PAY/SALARY",NA,"Robin",5719.06,2018-08-27 07:00:00,"F",34,NA,NA,1711.39,"d0bd54391d674aa4846c422e559b10fe","CUS-1147642491",NA,NA,"credit","Mon","11:00:00","11","August"
"3310","posted",NA,"ACC-3233697971","151.04","-33.77","PAYMENT",NA,"Robin",5673.06,2018-08-27 07:00:00,"F",34,NA,NA,46,"f36efa3952b44115970d34f254c980c7","CUS-1147642491",NA,NA,"debit","Mon","11:00:00","11","August"
"3311","posted",NA,"ACC-847145727","115.90","-31.92","PAYMENT",NA,"Michael",52352.83,2018-08-27 07:00:00,"M",19,NA,NA,37,"a1ed59ae7e56457fa1b0bb3c4ce2632f","CUS-1609060617",NA,NA,"debit","Mon","11:00:00","11","August"
"3312","posted",NA,"ACC-1037050564","153.10","-27.66","PAY/SALARY",NA,"Rhonda",3060.28,2018-08-27 07:00:00,"F",40,NA,NA,892.09,"a11ace33fe2b484e9e512ca45516aeb7","CUS-1614226872",NA,NA,"credit","Mon","11:00:00","11","August"
"3313","posted",NA,"ACC-2650850707","148.16","-23.52","INTER BANK",NA,"Brian",107484.34,2018-08-27 07:00:00,"M",42,NA,NA,197,"6cfaebbab13d4a42af8b4df8f35917f5","CUS-2819545904",NA,NA,"debit","Mon","11:00:00","11","August"
"3314","posted",NA,"ACC-38923874","151.27","-33.90","PAYMENT",NA,"Ryan",34741.29,2018-08-27 07:00:00,"M",38,NA,NA,42,"e4a95177f18143f6ac9c298c2c0668d6","CUS-3249305314",NA,NA,"debit","Mon","11:00:00","11","August"
"3315","posted",NA,"ACC-2265520058","151.27","-33.85","PAY/SALARY",NA,"Catherine",3414.87,2018-08-27 07:00:00,"F",26,NA,NA,1843.14,"5c7f6ca760f64bf3b1ff5ad8cc335aac","CUS-331942311",NA,NA,"credit","Mon","11:00:00","11","August"
"3316","authorized","1","ACC-4258502723","145.45","-37.74","SALES-POS","535ea858-8516-4f9e-9467-498cee9d2dd3","Kimberly",1527.87,2018-08-27 07:00:00,"F",24,"Campbellfield","VIC",36.41,"a0e55c8af8b24249ac5d6d666cab0b8f","CUS-3378712515","144.97","-37.67","debit","Mon","11:16:05","11","August"
"3317","authorized","1","ACC-182446574","116.06","-32.00","SALES-POS","6a994815-187b-4c67-9dd8-b51ff0292ca8","Tonya",2909,2018-08-27 07:00:00,"F",27,"Balcatta","WA",20.67,"9a717d72b1b441ecb57d5720eeabe5eb","CUS-3026014945","115.81","-31.87","debit","Mon","11:40:29","11","August"
"3318","posted",NA,"ACC-1349834573","145.17","-37.84","PAYMENT",NA,"Matthew",7754.22,2018-08-27 07:00:00,"M",39,NA,NA,81,"43831634d9b14b6d95288944ec47f365","CUS-1790886359",NA,NA,"debit","Mon","12:00:00","12","August"
"3319","posted",NA,"ACC-4274272854","145.23","-37.86","PAY/SALARY",NA,"Timothy",5310.91,2018-08-27 07:00:00,"M",20,NA,NA,1640.83,"4a29660bd57f496b99a6f11e04847d81","CUS-2484453271",NA,NA,"credit","Mon","12:00:00","12","August"
"3320","posted",NA,"ACC-1438600314","138.69","-34.84","PAY/SALARY",NA,"Maria",4298.18,2018-08-27 07:00:00,"F",35,NA,NA,862.95,"0b26864f22aa4c569ee5573dd1255109","CUS-2650223890",NA,NA,"credit","Mon","12:00:00","12","August"
"3321","authorized","0","ACC-1598451071","153.41","-27.95","SALES-POS","996dfa41-bc48-4faa-aef3-b4366784b273","Diana",1439.35,2018-08-27 07:00:00,"F",26,"Southport","QLD",3.75,"f0259b83e23a45b0b81becf0fb7a8988","CUS-2487424745","153.42","-27.97","debit","Mon","12:04:39","12","August"
"3322","authorized","1","ACC-1443681913","150.92","-33.77","SALES-POS","b7a01aea-e488-47b1-9067-d8fb32a49f0d","Ryan",2213.68,2018-08-27 07:00:00,"M",31,"Freshwater","NSW",28.15,"618e45235d154f358b6314a3b0a15559","CUS-3129499595","151.29","-33.78","debit","Mon","12:27:54","12","August"
"3323","authorized","1","ACC-2259139624","144.66","-37.91","POS","3c460b16-7101-4147-acfa-2d689aa02f0f","Cindy",7517.77,2018-08-27 07:00:00,"F",19,"Dandenong","VIC",18.38,"76d48b09cf5a4a18b29f9b45ec8c26e9","CUS-3174332735","145.23","-37.99","debit","Mon","12:51:09","12","August"
"3324","posted",NA,"ACC-2681137560","151.11","-33.99","PAY/SALARY",NA,"Nathaniel",5409.34,2018-08-27 07:00:00,"M",31,NA,NA,2886.52,"73ef29ee367b4c05b617f58f6353a2fa","CUS-2083971310",NA,NA,"credit","Mon","13:00:00","13","August"
"3325","posted",NA,"ACC-1496451953","145.16","-37.84","PAY/SALARY",NA,"Ricky",8607.25,2018-08-27 07:00:00,"M",43,NA,NA,2588.01,"e9e2dcd6b8ef414a8d261e16681dc1ef","CUS-3142625864",NA,NA,"credit","Mon","13:00:00","13","August"
"3326","posted",NA,"ACC-2173390920","144.71","-37.58","PAY/SALARY",NA,"Luis",4442.86,2018-08-27 07:00:00,"M",27,NA,NA,1396.23,"30dc7e2c5fe3402cbabae3a2ff345c4b","CUS-3180318393",NA,NA,"credit","Mon","13:00:00","13","August"
"3327","posted",NA,"ACC-2615038700","145.35","-38.03","PAY/SALARY",NA,"Emily",30444.74,2018-08-27 07:00:00,"F",43,NA,NA,664.43,"893d00e5033142b589415b709cdeca63","CUS-3255104878",NA,NA,"credit","Mon","13:00:00","13","August"
"3328","posted",NA,"ACC-4258502723","145.45","-37.74","PAY/SALARY",NA,"Kimberly",2587.71,2018-08-27 07:00:00,"F",24,NA,NA,1059.84,"27fbe4564a494fe7ab4786443a846b9e","CUS-3378712515",NA,NA,"credit","Mon","13:00:00","13","August"
"3329","posted",NA,"ACC-2249586092","115.98","-32.07","PAY/SALARY",NA,"Edward",6609.23,2018-08-27 07:00:00,"M",19,NA,NA,990.55,"44613cb105574badb087c9c46ade4b6e","CUS-443776336",NA,NA,"credit","Mon","13:00:00","13","August"
"3330","posted",NA,"ACC-4059612845","130.98","-12.49","PAYMENT",NA,"Jonathan",52014.69,2018-08-27 07:00:00,"M",38,NA,NA,198,"abf0e03d25624f818b2bad0035ef3e77","CUS-495599312",NA,NA,"debit","Mon","13:00:00","13","August"
"3331","authorized","1","ACC-1990648130","114.62","-28.80","POS","357ed478-5937-4843-b53b-c3c68cfa26c4","Kaitlyn",2148.74,2018-08-27 07:00:00,"F",21,"Newrybar","NSW",13.41,"4948d5a689aa471582cc1af58165e738","CUS-809013380","153.53","-28.72","debit","Mon","13:15:07","13","August"
"3332","authorized","1","ACC-2153562714","116.00","-31.88","SALES-POS","0097a400-1f29-4dc5-80fd-72efda13ce03","Linda",3720.3,2018-08-27 07:00:00,"F",24,"Forrestfield","WA",17.8,"6e90e9a366a141bf955c882dd4647a52","CUS-423725039","116.01","-31.99","debit","Mon","13:39:30","13","August"
"3333","posted",NA,"ACC-4065652575","115.81","-31.82","PAYMENT",NA,"Lucas",8034.32,2018-08-27 07:00:00,"M",21,NA,NA,40,"4e0ccd98508a41069493e32265d04f73","CUS-1117979751",NA,NA,"debit","Mon","14:00:00","14","August"
"3334","posted",NA,"ACC-602667573","151.23","-33.96","PAY/SALARY",NA,"Michael",7125.16,2018-08-27 07:00:00,"M",40,NA,NA,2280.36,"ae85daf2579d45328aaf698745c219a5","CUS-2031327464",NA,NA,"credit","Mon","14:00:00","14","August"
"3335","posted",NA,"ACC-3827517394","151.12","-33.89","PAYMENT",NA,"Craig",32522.16,2018-08-27 07:00:00,"M",28,NA,NA,20,"df04612bd2f84f7092169bc3039ad26f","CUS-2663907001",NA,NA,"debit","Mon","14:00:00","14","August"
"3336","posted",NA,"ACC-1334819143","145.13","-37.70","INTER BANK",NA,"Christopher",58041.23,2018-08-27 07:00:00,"M",33,NA,NA,157,"9ad19033295141f293690581a1a8d288","CUS-3117610635",NA,NA,"debit","Mon","14:00:00","14","August"
"3337","posted",NA,"ACC-2897221629","150.90","-34.37","PAYMENT",NA,"Scott",2036.61,2018-08-27 07:00:00,"M",23,NA,NA,165,"17cc7952b7674eaa899bf0c679b73148","CUS-511326734",NA,NA,"debit","Mon","14:00:00","14","August"
"3338","posted",NA,"ACC-3021093232","149.83","-29.47","PAY/SALARY",NA,"Melissa",5188.27,2018-08-27 07:00:00,"F",30,NA,NA,1636.72,"4c19fac9a3f44246ba225945bbabcdf2","CUS-55310383",NA,NA,"credit","Mon","14:00:00","14","August"
"3339","authorized","0","ACC-1598451071","153.41","-27.95","SALES-POS","b0a6a7f9-b9c9-45b3-ac1b-eaf2e65a141c","Diana",1435.4,2018-08-27 07:00:00,"F",26,"Kalbarri","WA",3.95,"d0f382e64f554592bb38f5b7bdf67fa5","CUS-2487424745","114.17","-27.71","debit","Mon","14:04:06","14","August"
"3340","authorized","1","ACC-3100725361","145.73","-17.03","SALES-POS","12a1e4a6-4d48-4984-9afe-c16a4c1f623d","Ronald",403.69,2018-08-27 07:00:00,"M",25,"Cobram","VIC",28.77,"1fd95d0490f74d08bb103c7d4dba48dd","CUS-2178051368","145.64","-35.92","debit","Mon","14:29:44","14","August"
"3341","authorized","1","ACC-1799207998","150.68","-33.79","SALES-POS","87671a02-681f-463e-a72c-6d269de9ea1b","Susan",4047.05,2018-08-27 07:00:00,"F",20,"Northmead","NSW",26.97,"9ff6e88b2c50405793c4c09450fee190","CUS-164374203","151","-33.79","debit","Mon","14:55:23","14","August"
"3342","posted",NA,"ACC-819621312","145.04","-37.85","INTER BANK",NA,"Michele",3412.73,2018-08-27 07:00:00,"F",30,NA,NA,55,"a3abe04a8df544bba641e5c59d2729a5","CUS-1271030853",NA,NA,"debit","Mon","15:00:00","15","August"
"3343","posted",NA,"ACC-1650504218","145.01","-37.93","PAYMENT",NA,"Marissa",5581.52,2018-08-27 07:00:00,"F",23,NA,NA,22,"fe840ce9a1b443f1bb40a7be376ce2ef","CUS-2500783281",NA,NA,"debit","Mon","15:00:00","15","August"
"3344","authorized","1","ACC-3021093232","149.83","-29.47","SALES-POS","36849d50-8b9e-4074-b907-e4ab21901ee2","Melissa",5172.66,2018-08-27 07:00:00,"F",30,"Merrylands","NSW",15.61,"8eb0413c8d96415daba0053d9ea19aa1","CUS-55310383","151","-33.84","debit","Mon","15:16:44","15","August"
"3345","authorized","1","ACC-1598451071","153.41","-27.95","POS","bcc12489-906b-442f-9df8-c57f6a58cc2c","Diana",1414.4,2018-08-27 07:00:00,"F",26,"Sydney","NSW",21,"50880a5a301d418b912ada35db68e4ac","CUS-2487424745","151.21","-33.87","debit","Mon","15:37:08","15","August"
"3346","authorized","1","ACC-1799207998","150.68","-33.79","POS","a56f0166-ac0a-4d85-9a55-2aa088b9e8f8","Susan",4013.65,2018-08-27 07:00:00,"F",20,"West Ryde","NSW",33.4,"bc6f2ca13ac2406fa1813c0157ddabe3","CUS-164374203","151.09","-33.81","debit","Mon","15:57:33","15","August"
"3347","authorized","1","ACC-4258502723","145.45","-37.74","POS","958da525-af63-4261-b326-2284eae8bfd0","Kimberly",2579.84,2018-08-27 07:00:00,"F",24,"South Yarra","VIC",7.87,"49beb299f1af4d89af057e44a3606e74","CUS-3378712515","145","-37.84","debit","Mon","16:25:52","16","August"
"3348","authorized","1","ACC-1608363396","151.22","-33.87","POS","6989c34c-4fb7-425b-8f94-e708d2317ba4","Robert",4553.06,2018-08-27 07:00:00,"M",20,"Thornleigh","NSW",12.8,"c62f38eee53a4214bcb5f5c5937d37ef","CUS-2688605418","151.07","-33.74","debit","Mon","16:55:17","16","August"
"3349","posted",NA,"ACC-847145727","115.90","-31.92","PAY/SALARY",NA,"Michael",55207.57,2018-08-27 07:00:00,"M",19,NA,NA,2854.74,"26e99cb71f874ae68d0933cade64f2c6","CUS-1609060617",NA,NA,"credit","Mon","17:00:00","17","August"
"3350","posted",NA,"ACC-1523339231","115.83","-31.90","PAYMENT",NA,"Tim",62289.22,2018-08-27 07:00:00,"M",40,NA,NA,76,"1ff16b7112104f9999144e78f891b0cc","CUS-1816693151",NA,NA,"debit","Mon","17:00:00","17","August"
"3351","posted",NA,"ACC-3084464802","145.15","-37.76","PAYMENT",NA,"Susan",5109.95,2018-08-27 07:00:00,"F",19,NA,NA,36,"9aaa8afd4efe4e3993c28bc2298afb33","CUS-1928710999",NA,NA,"debit","Mon","17:00:00","17","August"
"3352","posted",NA,"ACC-3827517394","151.12","-33.89","PAY/SALARY",NA,"Craig",36576.93,2018-08-27 07:00:00,"M",28,NA,NA,4054.77,"54189e4ab38a4b54922c6f96caac2dd8","CUS-2663907001",NA,NA,"credit","Mon","17:00:00","17","August"
"3353","posted",NA,"ACC-4258502723","145.45","-37.74","PAYMENT",NA,"Kimberly",2526.84,2018-08-27 07:00:00,"F",24,NA,NA,53,"9d1be3f8afcb49a2b698fc5252b901d8","CUS-3378712515",NA,NA,"debit","Mon","17:00:00","17","August"
"3354","authorized","0","ACC-1710017148","150.82","-34.01","POS","da68404b-0d95-42e0-aa2e-0a8149d9efe9","Michelle",7141.82,2018-08-27 07:00:00,"F",19,"Blacktown","NSW",20.56,"0fe1f2a7c47049bdb2d2ec3dc956b8e7","CUS-883482547","150.91","-33.78","debit","Mon","17:27:05","17","August"
"3355","authorized","1","ACC-3954677887","115.72","-32.28","SALES-POS","c9744c93-e984-40f0-82b4-aa09b945fe50","Ruth",2820.89,2018-08-27 07:00:00,"F",47,"Wollongong","NSW",33.97,"2e94f5da91984566901d6f5121b95e76","CUS-3716701010","150.89","-34.43","debit","Mon","17:59:21","17","August"
"3356","posted",NA,"ACC-414431115","142.77","-37.06","PAYMENT",NA,"Amy",1276.94,2018-08-27 07:00:00,"F",43,NA,NA,189,"e6546280589443dfbdcecd29a9073ddb","CUS-2599279756",NA,NA,"debit","Mon","18:00:00","18","August"
"3357","authorized","1","ACC-2673069055","152.99","-27.49","POS","cfa1bc70-2600-4842-bcd7-0443e30bfee4","Richard",15713.1,2018-08-27 07:00:00,"M",24,"Coorparoo","QLD",14.15,"f4a88f0f663949acac450be29d91251f","CUS-51506836","153.05","-27.5","debit","Mon","18:33:47","18","August"
"3358","posted",NA,"ACC-37709441","153.41","-28.01","PAYMENT",NA,"Charles",6954.8,2018-08-27 07:00:00,"M",18,NA,NA,55,"285d20def816416a8d0867ab6ede92de","CUS-3336454548",NA,NA,"debit","Mon","19:00:00","19","August"
"3359","authorized","1","ACC-854938045","147.63","-22.84","SALES-POS","bb7006de-3d66-489a-bd1f-952cdadc6840","James",10223.38,2018-08-27 07:00:00,"M",28,"Cambridge","TAS",10.5,"6821c09c46e94598a161dbff6a91a9c5","CUS-4023861240","147.51","-42.84","debit","Mon","19:10:26","19","August"
"3360","authorized","1","ACC-3689607373","115.79","-31.79","POS","4486cfb1-b6f7-466b-9473-561db42f46d5","Virginia",4033.67,2018-08-27 07:00:00,"F",20,"Alexandria","NSW",44.99,"ed6a5520e1c1484fbf536ee591af91d4","CUS-127297539","151.2","-33.9","debit","Mon","19:53:54","19","August"
"3361","posted",NA,"ACC-2920611728","144.96","-37.76","PAYMENT",NA,"Tyler",4128.91,2018-08-27 07:00:00,"M",69,NA,NA,64,"3c8c860abb55408b94696d88550fd838","CUS-1388323263",NA,NA,"debit","Mon","20:00:00","20","August"
"3362","posted",NA,"ACC-2650850707","148.16","-23.52","PAYMENT",NA,"Brian",107451.34,2018-08-27 07:00:00,"M",42,NA,NA,33,"fb4f9b78849a48948f6627a17994efe1","CUS-2819545904",NA,NA,"debit","Mon","20:00:00","20","August"
"3363","posted",NA,"ACC-154431271","153.09","-27.48","PAYMENT",NA,"Lori",2059.47,2018-08-27 07:00:00,"F",18,NA,NA,61,"f334d65e1aa742688c70dcf9b3d9e237","CUS-3702001629",NA,NA,"debit","Mon","20:00:00","20","August"
"3364","authorized","1","ACC-1496451953","145.16","-37.84","POS","cfa55f6c-bcbd-41c6-ad2f-a311bba78f74","Ricky",8597.44,2018-08-27 07:00:00,"M",43,"Melbourne","VIC",9.81,"33f462d74f194b2ca4a3d24199a0c73b","CUS-3142625864","144.96","-37.81","debit","Mon","20:16:51","20","August"
"3365","authorized","1","ACC-182446574","116.06","-32.00","POS","162b53e8-7a5c-4ca6-9e23-e05526f7313b","Tonya",2896.26,2018-08-27 07:00:00,"F",27,"Beechboro","WA",12.74,"532c73a1f1f24d029fc9e917309d8e3f","CUS-3026014945","115.95","-31.87","debit","Mon","20:36:28","20","August"
"3366","authorized","1","ACC-1037050564","153.10","-27.66","POS","32a4151d-1ae3-4037-a011-9711e3214134","Rhonda",3047.48,2018-08-27 07:00:00,"F",40,"South Toowoomba","QLD",12.8,"0c1797177e184c7b90c5ded62385bf8d","CUS-1614226872","151.95","-27.57","debit","Mon","20:56:04","20","August"
"3367","posted",NA,"ACC-958000567","130.90","-12.37","INTER BANK",NA,"Sandra",5222.29,2018-08-27 07:00:00,"F",34,NA,NA,152,"ac62eae455e8492c9a20375c4702c9db","CUS-4142663097",NA,NA,"debit","Mon","21:00:00","21","August"
"3368","authorized","1","ACC-1037050564","153.10","-27.66","POS","6a478059-ed0e-48ce-a825-e7474d269678","Rhonda",3022.78,2018-08-27 07:00:00,"F",40,"Brisbane City","QLD",24.7,"0c118443193d4ade82ef5ba7efae75d1","CUS-1614226872","153.03","-27.47","debit","Mon","21:10:07","21","August"
"3369","authorized","0","ACC-1222300524","151.23","-33.94","SALES-POS","438fdb3a-9c2c-45ac-9583-f138420f0d18","Michael",1348.13,2018-08-27 07:00:00,"M",38,"Kadina","SA",25.39,"5ddd1374fc5f4e2eb4a97383aa09d454","CUS-2142601169","137.72","-33.96","debit","Mon","21:22:47","21","August"
"3370","authorized","0","ACC-1443681913","150.92","-33.77","SALES-POS","bc260cad-0f4a-414f-beda-45e56027380b","Ryan",2200.08,2018-08-27 07:00:00,"M",31,"Heathcote","NSW",13.6,"64336f99c68747a9b3dd1ad5277292b8","CUS-3129499595","151.01","-34.09","debit","Mon","21:35:26","21","August"
"3371","authorized","1","ACC-1990648130","114.62","-28.80","SALES-POS","7233bf62-03fc-4889-861e-83c4bb3aff13","Kaitlyn",2120.01,2018-08-27 07:00:00,"F",21,"Casino","NSW",28.73,"9f2fe4276c2b43a58f8605a775bc5a82","CUS-809013380","153.04","-28.86","debit","Mon","21:48:06","21","August"
"3372","posted",NA,"ACC-2249586092","115.98","-32.07","PAYMENT",NA,"Edward",6578.23,2018-08-27 07:00:00,"M",19,NA,NA,31,"871eec65bf4f419c889b11ea82efd325","CUS-443776336",NA,NA,"debit","Mon","22:00:00","22","August"
"3373","authorized","1","ACC-1608363396","151.22","-33.87","SALES-POS","48541d51-046c-4ffc-a0fe-146be5de2ff2","Robert",4514.98,2018-08-27 07:00:00,"M",20,"Lane Cove","NSW",38.08,"3215950c52dc447a88904bc2a4cdc3e1","CUS-2688605418","151.17","-33.81","debit","Mon","22:01:18","22","August"
"3374","authorized","1","ACC-2650850707","148.16","-23.52","SALES-POS","9a658f0a-e753-4367-befe-950ff80f40af","Brian",107401.35,2018-08-27 07:00:00,"M",42,"Gundagai","NSW",49.99,"025520641488451a97e509854861cf65","CUS-2819545904","148.09","-35.08","debit","Mon","22:23:02","22","August"
"3375","authorized","1","ACC-2650850707","148.16","-23.52","SALES-POS","07302d5b-4c80-4fd3-9db9-dcc4e673732d","Brian",107347.52,2018-08-27 07:00:00,"M",42,"Emerald","QLD",53.83,"079c430190524ed88ae1ddf74f2ec8c3","CUS-2819545904","148.17","-23.53","debit","Mon","22:44:46","22","August"
"3376","posted",NA,"ACC-1973887809","115.78","-31.90","PAYMENT",NA,"Antonio",2838.83,2018-08-27 07:00:00,"M",26,NA,NA,84,"a84aef235ae8498ba45503d435f61bef","CUS-1646621553",NA,NA,"debit","Mon","23:00:00","23","August"
"3377","posted",NA,"ACC-2259139624","144.66","-37.91","PAYMENT",NA,"Cindy",7429.77,2018-08-27 07:00:00,"F",19,NA,NA,88,"7872f986a35f46b8abc52c05612f6fac","CUS-3174332735",NA,NA,"debit","Mon","23:00:00","23","August"
"3378","posted",NA,"ACC-3881031190","149.19","-21.15","PAYMENT",NA,"Richard",3576.09,2018-08-27 07:00:00,"M",37,NA,NA,135,"3cc2e61406014b88beb281d4a4fbd1a2","CUS-3201519139",NA,NA,"debit","Mon","23:00:00","23","August"
"3379","posted",NA,"ACC-2970114956","144.89","-37.69","PAYMENT",NA,"Robert",6651.31,2018-08-27 07:00:00,"M",26,NA,NA,61,"17cc3673240c4638a9773da78f622b86","CUS-880898248",NA,NA,"debit","Mon","23:00:00","23","August"
"3380","authorized","1","ACC-1037050564","153.10","-27.66","SALES-POS","8468fd72-60c4-45aa-a49c-4129f51bf0c7","Rhonda",3011.4,2018-08-27 07:00:00,"F",40,"Saint Lucia","QLD",11.38,"7e19acb81fd649afb9851d786aece010","CUS-1614226872","153.02","-27.5","debit","Mon","23:24:59","23","August"
"3381","authorized","0","ACC-1990648130","114.62","-28.80","POS","60268e27-530a-4d30-bb9d-9b01072f1cf9","Kaitlyn",2110.39,2018-08-28 07:00:00,"F",21,"Alstonville","NSW",9.62,"4701e10d62484c729dfd466c50eb1054","CUS-809013380","153.44","-28.84","debit","Tue","01:01:19","01","August"
"3382","authorized","1","ACC-1037050564","153.10","-27.66","SALES-POS","8390a7a1-b9cd-4d86-9b06-a5229b2abf30","Rhonda",2995.81,2018-08-28 07:00:00,"F",40,"Brisbane City","QLD",15.59,"14da11296d394f61926dc84f8b30a2d5","CUS-1614226872","153.03","-27.47","debit","Tue","01:34:39","01","August"
"3383","posted",NA,"ACC-1349834573","145.17","-37.84","PAYMENT",NA,"Matthew",7672.22,2018-08-28 07:00:00,"M",39,NA,NA,82,"f6864bda7c9f4befa6991b6102f0c5ac","CUS-1790886359",NA,NA,"debit","Tue","02:00:00","02","August"
"3384","posted",NA,"ACC-1598451071","153.41","-27.95","INTER BANK",NA,"Diana",1394.4,2018-08-28 07:00:00,"F",26,NA,NA,20,"79f4bd46a7b248b0874539ad66fc6882","CUS-2487424745",NA,NA,"debit","Tue","02:00:00","02","August"
"3385","authorized","1","ACC-2153562714","116.00","-31.88","SALES-POS","57865c1f-5a8e-41d3-8086-f1b7650cd26c","Linda",3666.56,2018-08-28 07:00:00,"F",24,"Balcatta","WA",53.74,"61de4233ad754ad2b6bb6550f2c68587","CUS-423725039","115.82","-31.86","debit","Tue","02:17:08","02","August"
"3386","posted",NA,"ACC-2231965366","144.96","-37.84","INTER BANK",NA,"Linda",7895.77,2018-08-28 07:00:00,"F",35,NA,NA,17,"3f6414cc2e7c4530b19bab5e037b1459","CUS-2155701614",NA,NA,"debit","Tue","03:00:00","03","August"
"3387","posted",NA,"ACC-240804743","121.48","-30.75","PHONE BANK",NA,"Kenneth",7716.32,2018-08-28 07:00:00,"M",29,NA,NA,43,"b654c553e82e4d11b1b6f01ca08ad75a","CUS-261674136",NA,NA,"debit","Tue","03:00:00","03","August"
"3388","posted",NA,"ACC-1788473090","145.06","-37.95","INTER BANK",NA,"Rachael",3323.22,2018-08-28 07:00:00,"F",21,NA,NA,20,"c0c4112b5a5d4eada489b62dd1cbb7b9","CUS-134193016",NA,NA,"debit","Tue","04:00:00","04","August"
"3389","posted",NA,"ACC-3827517394","151.12","-33.89","PAYMENT",NA,"Craig",36546.93,2018-08-28 07:00:00,"M",28,NA,NA,30,"10fca34506b24415bba4ea03792150be","CUS-2663907001",NA,NA,"debit","Tue","04:00:00","04","August"
"3390","authorized","1","ACC-1222300524","151.23","-33.94","POS","ff07af80-5a16-4b43-9ce9-d471b3d0daf1","Michael",1333.37,2018-08-28 07:00:00,"M",38,"Sydney","NSW",14.76,"ead1aee7f61044e88498bdc7debdedce","CUS-2142601169","151.08","-33.93","debit","Tue","04:22:39","04","August"
"3391","posted",NA,"ACC-1890605467","143.88","-37.66","INTER BANK",NA,"Alexander",11593.03,2018-08-28 07:00:00,"M",38,NA,NA,42,"ca0419b6ef3b4c2a9313704289fa35f0","CUS-1478398256",NA,NA,"debit","Tue","05:00:00","05","August"
"3392","posted",NA,"ACC-1516130869","130.84","-12.45","INTER BANK",NA,"Jessica",3585.11,2018-08-28 07:00:00,"F",21,NA,NA,173,"3be56e2b32344143950cd04e4cd3b443","CUS-325142416",NA,NA,"debit","Tue","05:00:00","05","August"
"3393","posted",NA,"ACC-958000567","130.90","-12.37","PAYMENT",NA,"Sandra",5202.29,2018-08-28 07:00:00,"F",34,NA,NA,20,"41b9064f1337441da6d090f533c7fa7f","CUS-4142663097",NA,NA,"debit","Tue","05:00:00","05","August"
"3394","posted",NA,"ACC-354106658","151.04","-33.80","PAYMENT",NA,"Christine",7594.76,2018-08-28 07:00:00,"F",39,NA,NA,21,"bbc7c12824114ffa8e1161e5418032c1","CUS-2376382098",NA,NA,"debit","Tue","06:00:00","06","August"
"3395","posted",NA,"ACC-3881031190","149.19","-21.15","INTER BANK",NA,"Richard",3428.09,2018-08-28 07:00:00,"M",37,NA,NA,148,"424d3b8d558f441c98cceb9693070472","CUS-3201519139",NA,NA,"debit","Tue","06:00:00","06","August"
"3396","posted",NA,"ACC-1710017148","150.82","-34.01","PAYMENT",NA,"Michelle",6981.82,2018-08-28 07:00:00,"F",19,NA,NA,160,"f1635d975f154a09aadcb4533760dc75","CUS-883482547",NA,NA,"debit","Tue","06:00:00","06","August"
"3397","authorized","1","ACC-3954677887","115.72","-32.28","POS","ecc5b9df-b406-4131-827f-2414533885dc","Ruth",2799.68,2018-08-28 07:00:00,"F",47,"Waikiki","WA",21.21,"250ff617c1ad43b8b494205dc28e8ea3","CUS-3716701010","115.75","-32.32","debit","Tue","06:43:19","06","August"
"3398","posted",NA,"ACC-2270192619","138.56","-35.27","PAYMENT",NA,"Darren",9138.2,2018-08-28 07:00:00,"M",20,NA,NA,39,"04eed4d18e2245cb8d425ee50e39c181","CUS-2110742437",NA,NA,"debit","Tue","07:00:00","07","August"
"3399","posted",NA,"ACC-4274272854","145.23","-37.86","PAYMENT",NA,"Timothy",5276.91,2018-08-28 07:00:00,"M",20,NA,NA,34,"5a97227863174db58f1fe8af317639eb","CUS-2484453271",NA,NA,"debit","Tue","07:00:00","07","August"
"3400","posted",NA,"ACC-1598451071","153.41","-27.95","PAYMENT",NA,"Diana",1358.4,2018-08-28 07:00:00,"F",26,NA,NA,36,"9ab8c3ca95a14808a7e43d3e58030774","CUS-2487424745",NA,NA,"debit","Tue","07:00:00","07","August"
"3401","authorized","1","ACC-1037050564","153.10","-27.66","POS","55b0b1fe-4776-4af2-9527-d89b201f16bf","Rhonda",2985.6,2018-08-28 07:00:00,"F",40,"Chermside","QLD",10.21,"3fb8433183324d1d9e20cf9a5145c7fd","CUS-1614226872","153.03","-27.38","debit","Tue","07:56:14","07","August"
"3402","posted",NA,"ACC-3485804958","138.52","-35.01","PAYMENT",NA,"Jessica",17933.73,2018-08-28 07:00:00,"F",34,NA,NA,177,"9b50f359275c457d82c06125f0472f6e","CUS-1196156254",NA,NA,"debit","Tue","08:00:00","08","August"
"3403","posted",NA,"ACC-2231965366","144.96","-37.84","PAYMENT",NA,"Linda",7859.77,2018-08-28 07:00:00,"F",35,NA,NA,36,"b712dcd8a31c4a8eb395b403bd2f8e79","CUS-2155701614",NA,NA,"debit","Tue","08:00:00","08","August"
"3404","posted",NA,"ACC-3317636250","153.02","-27.66","PAYMENT",NA,"Kenneth",9272.19,2018-08-28 07:00:00,"M",35,NA,NA,93,"a81ab27940ab4840bdff62fa0f1d7fc2","CUS-2738291516",NA,NA,"debit","Tue","08:00:00","08","August"
"3405","authorized","1","ACC-90814749","151.68","-32.98","SALES-POS","615600a8-fe3c-42f9-9332-5dbc336daa50","Christopher",9523.03,2018-08-28 07:00:00,"M",35,"Armidale","NSW",23.38,"9fda2de18ff54cdd9be362596064ac8b","CUS-1896554896","151.67","-30.51","debit","Tue","08:19:34","08","August"
"3406","authorized","1","ACC-1334819143","145.13","-37.70","POS","9d59bd81-7a2e-4c7e-8a1c-09032217662f","Christopher",58020.53,2018-08-28 07:00:00,"M",33,"Melbourne","VIC",20.7,"69d79d8bc7254e508bbe507f73754763","CUS-3117610635","144.96","-37.81","debit","Tue","08:40:24","08","August"
"3407","posted",NA,"ACC-2107684084","145.03","-37.88","PAYMENT",NA,"Richard",4025.69,2018-08-28 07:00:00,"M",22,NA,NA,106,"7092647312164c07a09b8901f9966384","CUS-2283904812",NA,NA,"debit","Tue","09:00:00","09","August"
"3408","posted",NA,"ACC-3827517394","151.12","-33.89","INTER BANK",NA,"Craig",36517.93,2018-08-28 07:00:00,"M",28,NA,NA,29,"90fedccb06eb4423941f953667a6edaa","CUS-2663907001",NA,NA,"debit","Tue","09:00:00","09","August"
"3409","posted",NA,"ACC-1710017148","150.82","-34.01","PAYMENT",NA,"Michelle",6927.82,2018-08-28 07:00:00,"F",19,NA,NA,54,"74591bbbfb1c4b66b1cd5b23b48a159e","CUS-883482547",NA,NA,"debit","Tue","09:00:00","09","August"
"3410","authorized","1","ACC-1990648130","114.62","-28.80","SALES-POS","37cd09c5-f238-4d32-8a60-03755b38b744","Kaitlyn",2102.13,2018-08-28 07:00:00,"F",21,"Mansfield","QLD",8.26,"87a1af56f67f453883cb40119230fb9a","CUS-809013380","153.1","-27.53","debit","Tue","09:00:14","09","August"
"3411","authorized","1","ACC-2153562714","116.00","-31.88","POS","82ffa8d8-c0ab-444f-90fc-c9003f92e7a6","Linda",3655.65,2018-08-28 07:00:00,"F",24,"Northbridge","WA",10.91,"1fca3e4251ac499fa24174009b680fd9","CUS-423725039","115.86","-31.95","debit","Tue","09:04:16","09","August"
"3412","authorized","1","ACC-1222300524","151.23","-33.94","SALES-POS","8ca8ce61-1e0b-4bac-80ba-201190896c37","Michael",1327.43,2018-08-28 07:00:00,"M",38,"Revesby","NSW",5.94,"8bbd142e488d42309534d4e32b3f707a","CUS-2142601169","151.02","-33.95","debit","Tue","09:08:18","09","August"
"3413","authorized","1","ACC-854938045","147.63","-22.84","SALES-POS","6b519c78-9dc0-4911-9135-4594ff253217","James",10158.66,2018-08-28 07:00:00,"M",28,"Middlemount","QLD",64.72,"cd13a88e32be4da7910af8a2a3be3aae","CUS-4023861240","148.7","-22.81","debit","Tue","09:12:20","09","August"
"3414","authorized","0","ACC-3541460373","145.00","-37.83","SALES-POS","04e58626-ce51-4a2a-bc19-6a0862228acf","Jeffrey",2311.66,2018-08-28 07:00:00,"M",24,"Dandenong","VIC",19.97,"7c6bf4eae4ec4a91a811a2591d880091","CUS-1433879684","145.22","-37.99","debit","Tue","09:16:22","09","August"
"3415","authorized","1","ACC-2249586092","115.98","-32.07","SALES-POS","6c84c219-96ea-4c6f-9de5-0a28bcaec62f","Edward",6562.78,2018-08-28 07:00:00,"M",19,"Rainbow Flat","NSW",15.45,"a639c197980248aa9e812f98252a9727","CUS-443776336","152.47","-32.01","debit","Tue","09:20:24","09","August"
"3416","authorized","0","ACC-3100725361","145.73","-17.03","SALES-POS","df955769-9e51-4c5f-995d-70b40b0dacd4","Ronald",385.73,2018-08-28 07:00:00,"M",25,"Mount Waverley","VIC",17.96,"8a55563ef01d4be9a4c82c58270007ec","CUS-2178051368","145.13","-37.88","debit","Tue","09:24:26","09","August"
"3417","authorized","1","ACC-588564840","151.27","-33.76","POS","08f3e3e9-7877-4b52-ae5c-72670002b78b","Isaiah",9151.79,2018-08-28 07:00:00,"M",23,"Bella Vista","NSW",12.48,"16e7c79f58d84664ae68984315cca12f","CUS-1462656821","150.95","-33.73","debit","Tue","09:28:28","09","August"
"3418","authorized","1","ACC-1598451071","153.41","-27.95","POS","44abc19c-aa5c-40bd-b1d0-9b2f236189ea","Diana",1348.67,2018-08-28 07:00:00,"F",26,"Bundall","QLD",9.73,"5172f8a8d4af44658b5860bd8270e07d","CUS-2487424745","153.41","-28.01","debit","Tue","09:32:29","09","August"
"3419","authorized","1","ACC-966140392","147.08","-37.97","POS","1fd2c765-a10e-4108-b8d7-5a0aee909226","Joseph",2384.03,2018-08-28 07:00:00,"M",21,"West Wodonga","VIC",559.33,"3d3235a052d24736a936a84cbdb07ca9","CUS-537508723","146.87","-36.11","debit","Tue","09:36:31","09","August"
"3420","authorized","1","ACC-3084464802","145.15","-37.76","POS","80eaa491-4de7-494a-9f11-afb64ff1dbfa","Susan",5096.91,2018-08-28 07:00:00,"F",19,"Macleod","VIC",13.04,"54e1c4b9ada34edcb29e279ba5cb3dd6","CUS-1928710999","145.07","-37.73","debit","Tue","09:40:33","09","August"
"3421","authorized","1","ACC-1222300524","151.23","-33.94","POS","eff24725-7bf4-4609-b729-a5cb67288f3d","Michael",1302.84,2018-08-28 07:00:00,"M",38,"Padstow","NSW",24.59,"3d457495dab3465ab85fc2096489e9bf","CUS-2142601169","151.04","-33.94","debit","Tue","09:44:35","09","August"
"3422","authorized","1","ACC-3233697971","151.04","-33.77","SALES-POS","a336bf1c-1a4c-4848-8b0d-ee3122510a32","Robin",5657.67,2018-08-28 07:00:00,"F",34,"Haymarket","NSW",15.39,"cd37578a0921482e92b6e398774824ea","CUS-1147642491","151.21","-33.88","debit","Tue","09:48:37","09","August"
"3423","authorized","0","ACC-3541460373","145.00","-37.83","SALES-POS","e99b6b59-5e0b-41bd-96f3-d68537fb3fa9","Jeffrey",2298.6,2018-08-28 07:00:00,"M",24,"Melbourne","VIC",13.06,"c41ec678e06640948923181d0b15712a","CUS-1433879684","144.96","-37.81","debit","Tue","09:52:39","09","August"
"3424","authorized","1","ACC-37709441","153.41","-28.01","SALES-POS","8d7196ad-1377-4169-b035-42cbf36a7907","Charles",6933.41,2018-08-28 07:00:00,"M",18,"Helensvale","QLD",21.39,"fd112995c9ad49eaa24c65fbbff4d9de","CUS-3336454548","153.34","-27.93","debit","Tue","09:56:41","09","August"
"3425","authorized","1","ACC-1598451071","153.41","-27.95","SALES-POS","909f941c-5b52-462e-bfe0-f1922f63ff18","Diana",1328.09,2018-08-28 07:00:00,"F",26,"Toowoomba","QLD",20.58,"82d76b40e16347f59dbd3921e5dc68bf","CUS-2487424745","151.96","-27.55","debit","Tue","10:01:46","10","August"
"3426","authorized","1","ACC-2249586092","115.98","-32.07","SALES-POS","21496c3f-0761-4e48-8d58-c0ab87743aeb","Edward",6558.92,2018-08-28 07:00:00,"M",19,"Hallidays Point","NSW",3.86,"23e793f5f6614f68bc8d4a463cf9b094","CUS-443776336","152.54","-32.07","debit","Tue","10:11:40","10","August"
"3427","authorized","1","ACC-1199531521","116.02","-31.87","SALES-POS","116a4a48-eb6b-4ff8-8898-e758c2d5e379","Billy",6708.78,2018-08-28 07:00:00,"M",52,"Beeliar","WA",10.22,"46857db6ec3044cfa6a3bd24d3279ad8","CUS-134833760","115.8","-32.13","debit","Tue","10:21:35","10","August"
"3428","authorized","0","ACC-1710017148","150.82","-34.01","SALES-POS","de57c45e-87e6-433d-a756-d3d76be32150","Michelle",6896.46,2018-08-28 07:00:00,"F",19,"Merrylands","NSW",31.36,"d7dc6ab8f3dc4cd68449e1ee25c6dfb6","CUS-883482547","150.99","-33.84","debit","Tue","10:31:29","10","August"
"3429","authorized","1","ACC-3485804958","138.52","-35.01","SALES-POS","3e111141-2bd3-4035-b228-64c2e2092109","Jessica",17918.63,2018-08-28 07:00:00,"F",34,"Albany","WA",15.1,"2add260978f44da485e19052e63aa070","CUS-1196156254","117.88","-35.02","debit","Tue","10:41:23","10","August"
"3430","authorized","1","ACC-1710017148","150.82","-34.01","SALES-POS","155b0711-026f-464e-9640-d38da87add09","Michelle",6892.78,2018-08-28 07:00:00,"F",19,"Penrith","NSW",3.68,"3782509b9b7c4e7d87b7e6159b2afeea","CUS-883482547","150.7","-33.75","debit","Tue","10:51:17","10","August"
"3431","posted",NA,"ACC-2231965366","144.96","-37.84","PAYMENT",NA,"Linda",7814.77,2018-08-28 07:00:00,"F",35,NA,NA,45,"28ab386981ef478781db8fbaae15252c","CUS-2155701614",NA,NA,"debit","Tue","11:00:00","11","August"
"3432","authorized","1","ACC-1222300524","151.23","-33.94","POS","d7cf976a-7c9c-453a-9fdf-ece9ecb9a484","Michael",1277.5,2018-08-28 07:00:00,"M",38,"Clinton","QLD",25.34,"0220f94ae71c43ecbdb336064ba5f951","CUS-2142601169","151.22","-23.88","debit","Tue","11:01:02","11","August"
"3433","authorized","1","ACC-2673069055","152.99","-27.49","SALES-POS","7cbc7858-b82d-4ba3-884f-be894d456fb2","Richard",15693.17,2018-08-28 07:00:00,"M",24,"Clayfield","QLD",19.93,"7cd402be84bf449e960526dfe616cdcb","CUS-51506836","153.06","-27.42","debit","Tue","11:09:39","11","August"
"3434","authorized","0","ACC-854938045","147.63","-22.84","SALES-POS","a25d7bfa-76a9-475d-9251-c73b1f14b4bc","James",10117.14,2018-08-28 07:00:00,"M",28,"Ultimo","NSW",41.52,"bf3284f752ab4ee68aeab5d8e6008b92","CUS-4023861240","151.2","-33.88","debit","Tue","11:18:16","11","August"
"3435","authorized","1","ACC-1516130869","130.84","-12.45","POS","358e6a17-3f2d-4023-803d-b63b201c583e","Jessica",3577.75,2018-08-28 07:00:00,"F",21,"Eaton","NT",7.36,"12e66e8a03df4f07a87ad825267abc99","CUS-325142416","130.88","-12.41","debit","Tue","11:26:53","11","August"
"3436","authorized","1","ACC-2673069055","152.99","-27.49","SALES-POS","0de8b8cd-30e0-4b7f-96e2-7120d692a587","Richard",15683.89,2018-08-28 07:00:00,"M",24,"Nundah","QLD",9.28,"694992d1090e4416aa3e491fe1f3fcef","CUS-51506836","153.07","-27.4","debit","Tue","11:35:31","11","August"
"3437","authorized","0","ACC-4258502723","145.45","-37.74","SALES-POS","ca8118bd-cc76-4c17-8b06-d59faafbe4ef","Kimberly",2500.06,2018-08-28 07:00:00,"F",24,"Mooroolbark","VIC",26.78,"444d210b9300490db69507c870711f91","CUS-3378712515","145.31","-37.79","debit","Tue","11:44:08","11","August"
"3438","authorized","0","ACC-3689607373","115.79","-31.79","POS","769e1f46-30a6-4d5f-8054-d11d357e200d","Virginia",4027.7,2018-08-28 07:00:00,"F",20,"Nedlands","WA",5.97,"4c23c9d1fd2e47d39ca7df869a4bbd31","CUS-127297539","115.81","-31.97","debit","Tue","11:52:45","11","August"
"3439","posted",NA,"ACC-2920611728","144.96","-37.76","PAYMENT",NA,"Tyler",3961.91,2018-08-28 07:00:00,"M",69,NA,NA,167,"e11510c3d1e54fe1a8371d03e84de946","CUS-1388323263",NA,NA,"debit","Tue","12:00:00","12","August"
"3440","posted",NA,"ACC-2231965366","144.96","-37.84","PAY/SALARY",NA,"Linda",10258.01,2018-08-28 07:00:00,"F",35,NA,NA,2443.24,"9df11efb513f4b24a0af57a0902ab4b0","CUS-2155701614",NA,NA,"credit","Tue","12:00:00","12","August"
"3441","posted",NA,"ACC-1334819143","145.13","-37.70","PAY/SALARY",NA,"Christopher",60739.04,2018-08-28 07:00:00,"M",33,NA,NA,2718.51,"3e28c68b797b41ce9c660c7e2dfc514d","CUS-3117610635",NA,NA,"credit","Tue","12:00:00","12","August"
"3442","authorized","1","ACC-3541460373","145.00","-37.83","SALES-POS","6ec641b3-30d9-493e-ad0b-1aef39b6e7c7","Jeffrey",2267.73,2018-08-28 07:00:00,"M",24,"Rockbank","VIC",30.87,"7abbcb8b6e0f4d9aa71e2197760ea1b2","CUS-1433879684","144.63","-37.7","debit","Tue","12:03:33","12","August"
"3443","authorized","1","ACC-1710017148","150.82","-34.01","POS","dacaaef6-b43a-47b9-8873-30b83f7e7661","Michelle",6874.35,2018-08-28 07:00:00,"F",19,"Dapto","NSW",18.43,"9e8445b2ec844ae39186d79ba73d0ccc","CUS-883482547","150.8","-34.49","debit","Tue","12:25:46","12","August"
"3444","authorized","1","ACC-1037050564","153.10","-27.66","POS","1c507e4f-e0cb-424a-9ee4-ac3a102707cc","Rhonda",2977.88,2018-08-28 07:00:00,"F",40,"Toowong","QLD",7.72,"1a82773b2854494e8160418b95d0f577","CUS-1614226872","152.99","-27.48","debit","Tue","12:47:59","12","August"
"3445","posted",NA,"ACC-1443681913","150.92","-33.77","PAY/SALARY",NA,"Ryan",3183.94,2018-08-28 07:00:00,"M",31,NA,NA,996.24,"b8814521a4c94a1ebdc77ca1181ecf4a","CUS-3129499595",NA,NA,"credit","Tue","13:00:00","13","August"
"3446","posted",NA,"ACC-3881031190","149.19","-21.15","PAYMENT",NA,"Richard",3231.09,2018-08-28 07:00:00,"M",37,NA,NA,197,"772febd4026d4ff88c7b17cefa925209","CUS-3201519139",NA,NA,"debit","Tue","13:00:00","13","August"
"3447","posted",NA,"ACC-1998563091","149.03","-35.25","PAY/SALARY",NA,"David",16233.77,2018-08-28 07:00:00,"M",42,NA,NA,1757.81,"333624a8128f4b0099588c437db7d159","CUS-3395687666",NA,NA,"credit","Tue","13:00:00","13","August"
"3448","authorized","1","ACC-1056639002","145.03","-37.91","POS","fdbf07b8-a347-4dc1-9953-4aadee511d3a","Michael",42769.3,2018-08-28 07:00:00,"M",22,"Melbourne","VIC",12.46,"b3dc16675e894fbfbb30aeac09a0fbac","CUS-3462882033","144.96","-37.81","debit","Tue","13:09:59","13","August"
"3449","authorized","0","ACC-1443681913","150.92","-33.77","SALES-POS","63664ebd-b860-4f15-86d4-1c43abdcf61d","Ryan",2187.7,2018-08-28 07:00:00,"M",31,"Bowral","NSW",12.38,"1e403f24857c4eb7ad1c2053a63e17c3","CUS-3129499595","150.42","-34.48","debit","Tue","13:31:44","13","August"
"3450","authorized","1","ACC-3481401842","115.74","-31.72","POS","f0e656b5-fcfc-44a1-b297-29826efcb2a4","Tiffany",3204.12,2018-08-28 07:00:00,"F",25,"Berwick","VIC",22.89,"90c8fdc3347b4e0d967638b1538ed558","CUS-1669695324","145.33","-38.02","debit","Tue","13:53:28","13","August"
"3451","posted",NA,"ACC-3485804958","138.52","-35.01","PAYMENT",NA,"Jessica",17879.63,2018-08-28 07:00:00,"F",34,NA,NA,39,"6cd7e75bcabf42e69e16ccaaffc34553","CUS-1196156254",NA,NA,"debit","Tue","14:00:00","14","August"
"3452","posted",NA,"ACC-2305712452","138.61","-34.89","PAY/SALARY",NA,"Debra",2646.08,2018-08-28 07:00:00,"F",18,NA,NA,761.33,"6d211c321d064654815546ffaa9ea24b","CUS-1842679196",NA,NA,"credit","Tue","14:00:00","14","August"
"3453","posted",NA,"ACC-2173390920","144.71","-37.58","PAYMENT",NA,"Luis",4414.86,2018-08-28 07:00:00,"M",27,NA,NA,28,"43f1d8c4b787467cab3b0b9de9d7dc9a","CUS-3180318393",NA,NA,"debit","Tue","14:00:00","14","August"
"3454","posted",NA,"ACC-1990648130","114.62","-28.80","PAY/SALARY",NA,"Kaitlyn",3139.2,2018-08-28 07:00:00,"F",21,NA,NA,1037.07,"41e48fca189b46b78001e98a8a74d11c","CUS-809013380",NA,NA,"credit","Tue","14:00:00","14","August"
"3455","authorized","0","ACC-1279356312","144.79","-37.73","POS","f14b8e90-2e94-4249-841f-a8a16cb1f88e","Tyler",5950.68,2018-08-28 07:00:00,"M",44,"Eltham","VIC",31.62,"9d3720eda10d4451af21d3e411c7ab27","CUS-1892177589","145.15","-37.72","debit","Tue","14:10:08","14","August"
"3456","authorized","0","ACC-1890605467","143.88","-37.66","SALES-POS","76931b68-8dd8-47c4-98b6-690f1908713a","Alexander",11560.23,2018-08-28 07:00:00,"M",38,"Roxburgh Park","VIC",32.8,"36892ca7446841ab9ff1e9474d05c54b","CUS-1478398256","144.93","-37.64","debit","Tue","14:24:38","14","August"
"3457","authorized","1","ACC-2681137560","151.11","-33.99","POS","36fa6b5e-0d62-49f6-a02d-66cefe7f0301","Nathaniel",5267.36,2018-08-28 07:00:00,"M",31,"Homebush","NSW",141.98,"7fe4011a6d584800acef20c3996a799a","CUS-2083971310","151.08","-33.86","debit","Tue","14:39:07","14","August"
"3458","authorized","1","ACC-1516130869","130.84","-12.45","POS","736423ea-fa57-4f17-a0c9-3df15d9e158f","Jessica",3569.58,2018-08-28 07:00:00,"F",21,"Palmerston City","NT",8.17,"12033d4cfe744ccda3843be1563d1bd7","CUS-325142416","130.99","-12.48","debit","Tue","14:53:37","14","August"
"3459","posted",NA,"ACC-3481401842","115.74","-31.72","PAYMENT",NA,"Tiffany",3172.12,2018-08-28 07:00:00,"F",25,NA,NA,32,"09a2f2df6701412a9c67f78d282e01af","CUS-1669695324",NA,NA,"debit","Tue","15:00:00","15","August"
"3460","authorized","0","ACC-1443681913","150.92","-33.77","POS","700e9984-c27e-4277-9b21-db2ba02e64fb","Ryan",3155.31,2018-08-28 07:00:00,"M",31,"Rose Bay North","NSW",28.63,"f764658f09f545f2922e2b94e6fc0712","CUS-3129499595","151.28","-33.87","debit","Tue","15:05:39","15","August"
"3461","authorized","1","ACC-1334819143","145.13","-37.70","SALES-POS","cdd4ca72-31ed-42a0-b33f-217e138d30aa","Christopher",60727.17,2018-08-28 07:00:00,"M",33,"Melbourne","VIC",11.87,"22ccbdaf05ae4fb2903e53aa7af98d98","CUS-3117610635","144.97","-37.81","debit","Tue","15:25:51","15","August"
"3462","authorized","1","ACC-2901672282","255.00","-573.00","SALES-POS","ec501dcc-798e-48dd-b932-ca0fca72f92e","Daniel",2913.07,2018-08-28 07:00:00,"M",22,"Glen Waverley","VIC",21.42,"5f1c1b8d66934f169bb6195cf35a1ce2","CUS-1617121891","145.17","-37.88","debit","Tue","15:35:57","15","August"
"3463","authorized","1","ACC-1516130869","130.84","-12.45","SALES-POS","c4e46e6b-75d5-4ccc-9b36-cc8e8375f08e","Jessica",3554.52,2018-08-28 07:00:00,"F",21,"Bakewell","NT",15.06,"f5c60ca714154a3486af60170a8c12a3","CUS-325142416","130.99","-12.5","debit","Tue","15:46:03","15","August"
"3464","authorized","0","ACC-2173390920","144.71","-37.58","SALES-POS","9dae3fdb-7610-4919-bf87-dce490d6f123","Luis",4400.72,2018-08-28 07:00:00,"M",27,"Caroline Springs","VIC",14.14,"3cc05b5f601b4bc4aa1f33faa8628932","CUS-3180318393","144.75","-37.73","debit","Tue","15:56:09","15","August"
"3465","posted",NA,"ACC-2828321672","153.03","-27.51","PAY/SALARY",NA,"Stephanie",2099.14,2018-08-28 07:00:00,"F",53,NA,NA,970.47,"9bcd1945ef0a43b5a59d0ba2cf2ee4df","CUS-1005756958",NA,NA,"credit","Tue","16:00:00","16","August"
"3466","posted",NA,"ACC-3941181087","115.79","-31.94","PAYMENT",NA,"Paul",5469.03,2018-08-28 07:00:00,"M",25,NA,NA,46,"32bf938eaa264087813aed7c0b9081c4","CUS-3989008654",NA,NA,"debit","Tue","16:00:00","16","August"
"3467","authorized","0","ACC-37709441","153.41","-28.01","SALES-POS","368aab5c-85e7-42b3-8610-de85628a74ed","Charles",6927.24,2018-08-28 07:00:00,"M",18,"Yamba","NSW",6.17,"4d74ee000e184213a63ea57dcd26d9dc","CUS-3336454548","153.36","-29.44","debit","Tue","16:14:05","16","August"
"3468","authorized","1","ACC-1443681913","150.92","-33.77","POS","db000dad-7f99-4115-9149-de40200f0edc","Ryan",3111.84,2018-08-28 07:00:00,"M",31,"Green Valley","NSW",43.47,"b19c697bf8b84ac4a91f99cf6229adb8","CUS-3129499595","150.88","-33.9","debit","Tue","16:36:49","16","August"
"3469","authorized","1","ACC-1652235822","144.89","-37.81","POS","614e9f14-156f-47d5-8d89-704d21cefea9","Renee",19582.29,2018-08-28 07:00:00,"F",38,"Bulleen","VIC",18.09,"71b0d464a935438997d75d43244250ea","CUS-2206365095","145.09","-37.77","debit","Tue","16:59:32","16","August"
"3470","posted",NA,"ACC-2828321672","153.03","-27.51","PAYMENT",NA,"Stephanie",1971.14,2018-08-28 07:00:00,"F",53,NA,NA,128,"5cad6107b097460d8f2bac10ddc8ae41","CUS-1005756958",NA,NA,"debit","Tue","17:00:00","17","August"
"3471","posted",NA,"ACC-1199531521","116.02","-31.87","PAYMENT",NA,"Billy",6615.78,2018-08-28 07:00:00,"M",52,NA,NA,93,"3e6c44ee8b3941c581a565cdb99d7b8b","CUS-134833760",NA,NA,"debit","Tue","17:00:00","17","August"
"3472","posted",NA,"ACC-1279356312","144.79","-37.73","PAYMENT",NA,"Tyler",5923.68,2018-08-28 07:00:00,"M",44,NA,NA,27,"09107032d07242cd87f6f1e6cecd062b","CUS-1892177589",NA,NA,"debit","Tue","17:00:00","17","August"
"3473","posted",NA,"ACC-1222300524","151.23","-33.94","PAY/SALARY",NA,"Michael",2279.63,2018-08-28 07:00:00,"M",38,NA,NA,1002.13,"c313c9506ec44e8e80ca038c42b45d5f","CUS-2142601169",NA,NA,"credit","Tue","17:00:00","17","August"
"3474","posted",NA,"ACC-1652235822","144.89","-37.81","PAY/SALARY",NA,"Renee",21123.41,2018-08-28 07:00:00,"F",38,NA,NA,1541.12,"af89d0bb05734fa6b769366d20a97dd0","CUS-2206365095",NA,NA,"credit","Tue","17:00:00","17","August"
"3475","posted",NA,"ACC-3771436525","145.04","-37.92","PAY/SALARY",NA,"Derek",2574.74,2018-08-28 07:00:00,"M",20,NA,NA,1099.7,"ccbfb0d5b5d243788a4ef04cee5732f9","CUS-3325710106",NA,NA,"credit","Tue","17:00:00","17","August"
"3476","posted",NA,"ACC-3954677887","115.72","-32.28","PAY/SALARY",NA,"Ruth",4072.15,2018-08-28 07:00:00,"F",47,NA,NA,1272.47,"178890e03a594b6db9491a2783219a4d","CUS-3716701010",NA,NA,"credit","Tue","17:00:00","17","August"
"3477","posted",NA,"ACC-1243371644","150.90","-33.78","INTER BANK",NA,"Gregory",2958.07,2018-08-28 07:00:00,"M",42,NA,NA,20,"3bb8778979454faf93111b09bd1c0fa8","CUS-3904958894",NA,NA,"debit","Tue","17:00:00","17","August"
"3478","posted",NA,"ACC-2897221629","150.90","-34.37","PAY/SALARY",NA,"Scott",3019.32,2018-08-28 07:00:00,"M",23,NA,NA,982.71,"ae01a5673cc34af48976d51d037f6d2b","CUS-511326734",NA,NA,"credit","Tue","17:00:00","17","August"
"3479","authorized","1","ACC-1037050564","153.10","-27.66","SALES-POS","e0304e19-67ed-4182-aeef-c0cee26d4d5c","Rhonda",2953.87,2018-08-28 07:00:00,"F",40,"Newstead","QLD",24.01,"4eb9bde281e1405d9e6147d7d0bb256d","CUS-1614226872","153.04","-27.45","debit","Tue","17:19:35","17","August"
"3480","authorized","1","ACC-4258502723","145.45","-37.74","SALES-POS","7c8cee26-cfe7-4b60-be11-ec5a69a5aea3","Kimberly",2486.64,2018-08-28 07:00:00,"F",24,"Bentleigh","VIC",13.42,"fe114a5b8a064914a47fab0ffd8eccbb","CUS-3378712515","145.04","-37.92","debit","Tue","17:39:35","17","August"
"3481","authorized","1","ACC-2901672282","255.00","-573.00","POS","bdf4377a-77a8-4634-ae40-db1fd8128577","Daniel",2905.3,2018-08-28 07:00:00,"M",22,"Enmore","NSW",7.77,"c733840ec1994e458f1a7a6abd358692","CUS-1617121891","151.17","-33.9","debit","Tue","17:59:35","17","August"
"3482","posted",NA,"ACC-1344825761","151.09","-33.91","PAYMENT",NA,"Sarah",17695.18,2018-08-28 07:00:00,"F",46,NA,NA,45,"f0fcc229f21f4309a87fc9361f7bd08f","CUS-1499065773",NA,NA,"debit","Tue","18:00:00","18","August"
"3483","posted",NA,"ACC-38923874","151.27","-33.90","INTER BANK",NA,"Ryan",34712.29,2018-08-28 07:00:00,"M",38,NA,NA,29,"647ff38841764d22acc1b63727c9567a","CUS-3249305314",NA,NA,"debit","Tue","18:00:00","18","August"
"3484","posted",NA,"ACC-3879258709","143.83","-37.66","PAYMENT",NA,"Natasha",193426,2018-08-28 07:00:00,"F",40,NA,NA,29,"3dd05d9ffd9143d18151aa1037e16152","CUS-527400765",NA,NA,"debit","Tue","18:00:00","18","August"
"3485","authorized","1","ACC-1799207998","150.68","-33.79","POS","472848b8-fd24-4349-9557-aa41055136bf","Susan",3991.98,2018-08-28 07:00:00,"F",20,"Eastwood","NSW",21.67,"0659e4dac4f445fbb5344f4a6999d382","CUS-164374203","151.08","-33.79","debit","Tue","18:32:39","18","August"
"3486","authorized","1","ACC-3689607373","115.79","-31.79","SALES-POS","e91acea1-8221-4492-9f2a-d4a75fe2bb61","Virginia",4009.82,2018-08-28 07:00:00,"F",20,"Innaloo","WA",17.88,"c077346bd2f844da8673088a8ae2cf12","CUS-127297539","115.8","-31.9","debit","Tue","19:03:27","19","August"
"3487","authorized","0","ACC-90814749","151.68","-32.98","POS","1b946c71-30b4-4644-92da-bd0d92bf2909","Christopher",9421.6,2018-08-28 07:00:00,"M",35,"Narrogin","WA",101.43,"ad0ea75812034f2a94a63d9569720636","CUS-1896554896","117.18","-32.94","debit","Tue","19:22:41","19","August"
"3488","authorized","1","ACC-3233697971","151.04","-33.77","POS","77e29db9-c34c-4dc9-9948-074140255ddb","Robin",5224.75,2018-08-28 07:00:00,"F",34,"Kingswood","NSW",432.92,"9536d7bce9944c4f93ba24392332dc29","CUS-1147642491","150.72","-33.76","debit","Tue","19:41:55","19","August"
"3489","posted",NA,"ACC-1199531521","116.02","-31.87","PAYMENT",NA,"Billy",6595.78,2018-08-28 07:00:00,"M",52,NA,NA,20,"7b4e8591c05e47ed8ff945c722e7c2bb","CUS-134833760",NA,NA,"debit","Tue","20:00:00","20","August"
"3490","posted",NA,"ACC-1349834573","145.17","-37.84","PAYMENT",NA,"Matthew",7638.22,2018-08-28 07:00:00,"M",39,NA,NA,34,"cd500acbc6e94fb29ef15fda352cb3ac","CUS-1790886359",NA,NA,"debit","Tue","20:00:00","20","August"
"3491","posted",NA,"ACC-2305712452","138.61","-34.89","INTER BANK",NA,"Debra",2492.08,2018-08-28 07:00:00,"F",18,NA,NA,154,"3758f745c6cf402d8e97a6ba15f8f508","CUS-1842679196",NA,NA,"debit","Tue","20:00:00","20","August"
"3492","posted",NA,"ACC-90814749","151.68","-32.98","PAYMENT",NA,"Christopher",9288.6,2018-08-28 07:00:00,"M",35,NA,NA,133,"5968e5aa93c64829b0a7f9a9a455f58f","CUS-1896554896",NA,NA,"debit","Tue","20:00:00","20","August"
"3493","posted",NA,"ACC-2528867619","138.58","-34.96","PAYMENT",NA,"Abigail",6619.74,2018-08-28 07:00:00,"F",40,NA,NA,92,"b31c4a89b4624870931cd623328125f4","CUS-2505971401",NA,NA,"debit","Tue","20:00:00","20","August"
"3494","authorized","1","ACC-2249586092","115.98","-32.07","SALES-POS","10f3a3be-4aae-4d79-84e5-ca7ef05fe3ae","Edward",6550.99,2018-08-28 07:00:00,"M",19,"Hillarys","WA",7.93,"d43446660b9e4d199b2bc32e6de63616","CUS-443776336","115.75","-31.8","debit","Tue","20:01:29","20","August"
"3495","authorized","1","ACC-2901672282","255.00","-573.00","SALES-POS","f6cb6b79-8707-4c6d-a6bc-2b2012de5aed","Daniel",2857.48,2018-08-28 07:00:00,"M",22,"Pyrmont","NSW",47.82,"719b7ea9412045308e483548391bb313","CUS-1617121891","151.19","-33.87","debit","Tue","20:26:29","20","August"
"3496","authorized","1","ACC-1799207998","150.68","-33.79","SALES-POS","15539947-66a5-4409-be59-f8d3a0aeeb71","Susan",3985.28,2018-08-28 07:00:00,"F",20,"Forestville","NSW",6.7,"56e303255704449ca23fefc503fc5242","CUS-164374203","151.22","-33.76","debit","Tue","20:51:29","20","August"
"3497","posted",NA,"ACC-2259139624","144.66","-37.91","PAYMENT",NA,"Cindy",7276.77,2018-08-28 07:00:00,"F",19,NA,NA,153,"eda2202fae3245b59e328ff077b16a4e","CUS-3174332735",NA,NA,"debit","Tue","21:00:00","21","August"
"3498","posted",NA,"ACC-2173390920","144.71","-37.58","PAYMENT",NA,"Luis",4329.72,2018-08-28 07:00:00,"M",27,NA,NA,71,"e65824cfe3fe4e8ab6d65694f44fcb8e","CUS-3180318393",NA,NA,"debit","Tue","21:00:00","21","August"
"3499","authorized","1","ACC-1598451071","153.41","-27.95","POS","85188383-2318-413d-951b-631ba18d3ab8","Diana",1321.33,2018-08-28 07:00:00,"F",26,"Broadbeach","QLD",6.76,"e7c858852c1c4343bce9255805e708c4","CUS-2487424745","153.43","-28.03","debit","Tue","21:14:39","21","August"
"3500","authorized","0","ACC-4065652575","115.81","-31.82","SALES-POS","c174574a-035e-45ac-a012-734bb797bd07","Lucas",8023.89,2018-08-28 07:00:00,"M",21,"Northbridge","WA",10.43,"e2ade8a1ca8340b289a06d354b5c5ff2","CUS-1117979751","115.86","-31.95","debit","Tue","21:36:53","21","August"
"3501","authorized","1","ACC-2305712452","138.61","-34.89","POS","b4c27693-1e47-4b0c-b8ec-f2e142f578a2","Debra",2481.13,2018-08-28 07:00:00,"F",18,"Fyshwick","ACT",10.95,"5a3c0e8939a943bfa3fe53e6e0eaf509","CUS-1842679196","149.16","-35.32","debit","Tue","21:59:06","21","August"
"3502","authorized","1","ACC-3954677887","115.72","-32.28","SALES-POS","552b4220-1a02-4608-9e48-4b81003fb6e8","Ruth",4050.76,2018-08-28 07:00:00,"F",47,"York","WA",21.39,"4922643e09b942c49b2117b7f3c4d493","CUS-3716701010","116.77","-31.89","debit","Tue","22:34:17","22","August"
"3503","posted",NA,"ACC-2901672282","255.00","-573.00","PAYMENT",NA,"Daniel",2817.48,2018-08-28 07:00:00,"M",22,NA,NA,40,"9e16813c687d436385bfb97c285230e7","CUS-1617121891",NA,NA,"debit","Tue","23:00:00","23","August"
"3504","posted",NA,"ACC-3879258709","143.83","-37.66","PAYMENT",NA,"Natasha",193245,2018-08-28 07:00:00,"F",40,NA,NA,181,"db80c93f5d8a44f78e7255b31b62b780","CUS-527400765",NA,NA,"debit","Tue","23:00:00","23","August"
"3505","posted",NA,"ACC-3879258709","143.83","-37.66","PAYMENT",NA,"Natasha",193084,2018-08-28 07:00:00,"F",40,NA,NA,161,"37747849381c4171b752a32a88838f80","CUS-527400765",NA,NA,"debit","Tue","23:00:00","23","August"
"3506","authorized","1","ACC-574997646","150.79","-33.64","POS","57de149c-95cb-4fc4-89b1-c64249e6aee1","Mackenzie",3219.39,2018-08-28 07:00:00,"F",18,"South Melbourne","VIC",25.18,"8af6efc375a446a797d3a28cff3d86dc","CUS-586638664","144.96","-37.83","debit","Tue","23:06:13","23","August"
"3507","authorized","0","ACC-1334819143","145.13","-37.70","SALES-POS","c53fdadc-08f2-4241-b655-00c1f31c4917","Christopher",60703.71,2018-08-28 07:00:00,"M",33,"Melbourne","VIC",23.46,"6e901eb154de4893b321342eae9839b4","CUS-3117610635","144.96","-37.81","debit","Tue","23:28:26","23","August"
"3508","authorized","0","ACC-3233697971","151.04","-33.77","POS","bd534126-c967-4847-a0ec-97ee74e93f74","Robin",4922.84,2018-08-28 07:00:00,"F",34,"Wentworthville","NSW",301.91,"2d22336061e745549fca3a459db0c4d3","CUS-1147642491","150.97","-33.81","debit","Tue","23:50:39","23","August"
"3509","authorized","1","ACC-90814749","151.68","-32.98","SALES-POS","a254b32f-cf0d-476f-bce8-c579a623add7","Christopher",9268.73,2018-08-29 07:00:00,"M",35,"Cardiff","NSW",19.87,"51ef2038d61d4fb2a765f9914447b2f3","CUS-1896554896","151.66","-32.94","debit","Wed","00:30:31","00","August"
"3510","authorized","1","ACC-37709441","153.41","-28.01","SALES-POS","4f26fd31-c711-4f76-8e98-3edee26af677","Charles",6920.62,2018-08-29 07:00:00,"M",18,"Robina","QLD",6.62,"bda01e787bca4d2d92659623ef73e2d4","CUS-3336454548","153.39","-28.08","debit","Wed","01:09:59","01","August"
"3511","authorized","0","ACC-958000567","130.90","-12.37","SALES-POS","441fb5fc-693f-4898-a0e9-ac8ea1bbfbd4","Sandra",5007.26,2018-08-29 07:00:00,"F",34,"Darwin City","NT",195.03,"5e25769ef18a4dee80b5e24038c000ec","CUS-4142663097","130.78","-12.39","debit","Wed","01:55:27","01","August"
"3512","authorized","1","ACC-182446574","116.06","-32.00","POS","f5446956-20a9-4c2f-8df8-3d93ce458ccf","Tonya",2861.78,2018-08-29 07:00:00,"F",27,"Ceduna","SA",34.48,"a29ddc960d804ab2a2e553f3013e530a","CUS-3026014945","133.67","-32.13","debit","Wed","04:02:34","04","August"
"3513","authorized","0","ACC-2901672282","255.00","-573.00","POS","9c7a33fe-c1e9-48cd-b740-26325adc0457","Daniel",2736.02,2018-08-29 07:00:00,"M",22,"Sydney","NSW",81.46,"249bff3bf10c4e0497e99446e094b6ae","CUS-1617121891","151.21","-33.87","debit","Wed","04:34:50","04","August"
"3514","authorized","1","ACC-1598451071","153.41","-27.95","SALES-POS","8a2c577e-6d84-41ee-ba72-5148ad656792","Diana",1300.13,2018-08-29 07:00:00,"F",26,"Brisbane City","QLD",21.2,"e9d2e321b17743129d06a50c14e5d702","CUS-2487424745","153.02","-27.47","debit","Wed","05:54:59","05","August"
"3515","posted",NA,"ACC-602667573","151.23","-33.96","INTER BANK",NA,"Michael",7104.16,2018-08-29 07:00:00,"M",40,NA,NA,21,"e9ed2100900f44979bbfafaa9ac3a1b3","CUS-2031327464",NA,NA,"debit","Wed","06:00:00","06","August"
"3516","posted",NA,"ACC-2171593283","146.94","-36.04","PAYMENT",NA,"Fernando",8830.47,2018-08-29 07:00:00,"M",19,NA,NA,27,"54a871e037e64e87bd81d6212fe65997","CUS-2317998716",NA,NA,"debit","Wed","06:00:00","06","August"
"3517","posted",NA,"ACC-2776252858","144.95","-37.76","PAYMENT",NA,"Kristin",2071.98,2018-08-29 07:00:00,"F",43,NA,NA,29,"123f5352535f40fe842044ef66aae59d","CUS-4123612273",NA,NA,"debit","Wed","06:00:00","06","August"
"3518","posted",NA,"ACC-588564840","151.27","-33.76","INTER BANK",NA,"Isaiah",9126.79,2018-08-29 07:00:00,"M",23,NA,NA,25,"f88d1f8059e84f46a1a7e7ac7cf0bb58","CUS-1462656821",NA,NA,"debit","Wed","07:00:00","07","August"
"3519","posted",NA,"ACC-1496451953","145.16","-37.84","INTER BANK",NA,"Ricky",8558.44,2018-08-29 07:00:00,"M",43,NA,NA,39,"1c30722d053f4096bd57011b09872c73","CUS-3142625864",NA,NA,"debit","Wed","07:00:00","07","August"
"3520","authorized","1","ACC-4065652575","115.81","-31.82","POS","999bebd6-9b43-4a85-b17b-85c68b7042e5","Lucas",7983.69,2018-08-29 07:00:00,"M",21,"Northbridge","WA",40.2,"d2eeb6ccf8684186805673599ad82d4b","CUS-1117979751","115.86","-31.95","debit","Wed","07:15:49","07","August"
"3521","authorized","0","ACC-4258502723","145.45","-37.74","SALES-POS","b66afd3f-6bcb-4ac0-adfc-2689bc96bb4e","Kimberly",2441.08,2018-08-29 07:00:00,"F",24,"Footscray","VIC",45.56,"a95010c7f13841c3bab7f024259b7067","CUS-3378712515","144.89","-37.79","debit","Wed","07:57:29","07","August"
"3522","posted",NA,"ACC-2014856841","144.99","-37.90","INTER BANK",NA,"Patrick",262088.86,2018-08-29 07:00:00,"M",46,NA,NA,22,"cd44d7ec97154ff392b70aac591ad595","CUS-2370108457",NA,NA,"debit","Wed","08:00:00","08","August"
"3523","posted",NA,"ACC-4163822186","149.03","-34.97","PAYMENT",NA,"Karen",5165.38,2018-08-29 07:00:00,"F",26,NA,NA,55,"abf4abb32c824b9f889bdef50fdf09fe","CUS-2630892467",NA,NA,"debit","Wed","08:00:00","08","August"
"3524","posted",NA,"ACC-3954677887","115.72","-32.28","PAYMENT",NA,"Ruth",3992.76,2018-08-29 07:00:00,"F",47,NA,NA,58,"01bb959ba9704d16b18153d007737c8d","CUS-3716701010",NA,NA,"debit","Wed","08:00:00","08","August"
"3525","authorized","1","ACC-958000567","130.90","-12.37","POS","c50f2e29-5fb5-4ac5-a2ea-1ae575443069","Sandra",4895.97,2018-08-29 07:00:00,"F",34,"Haymarket","NSW",111.29,"08e70342338f41d2943ecb673c8dd08e","CUS-4142663097","151.21","-33.88","debit","Wed","08:11:11","08","August"
"3526","authorized","1","ACC-1598451071","153.41","-27.95","SALES-POS","b248adfc-cf4e-4985-bc4e-d6cde93d8a14","Diana",1298.54,2018-08-29 07:00:00,"F",26,"Box Hill South","VIC",1.59,"b3dc16e164d44322a28285eb7b50d858","CUS-2487424745","145.13","-37.84","debit","Wed","08:23:05","08","August"
"3527","authorized","1","ACC-2265520058","151.27","-33.85","SALES-POS","54ebf871-2553-4bb2-8542-cde92fc2b8d0","Catherine",3372.37,2018-08-29 07:00:00,"F",26,"Chatswood","NSW",42.5,"0482b6589e9f45ff99c7b221f217994f","CUS-331942311","151.18","-33.8","debit","Wed","08:34:59","08","August"
"3528","authorized","1","ACC-3233697971","151.04","-33.77","SALES-POS","648492a5-bfe0-4fd2-ae9b-07b8fe742e3c","Robin",4863.11,2018-08-29 07:00:00,"F",34,"Fairfield Heights","NSW",59.73,"ee3cca5fda6d4fb7949214c4036496b0","CUS-1147642491","150.94","-33.86","debit","Wed","08:46:54","08","August"
"3529","authorized","1","ACC-3689607373","115.79","-31.79","POS","ca7a3fbc-ceac-4a05-8904-9d5b05d643aa","Virginia",3989.26,2018-08-29 07:00:00,"F",20,"Darch","WA",20.56,"a72ee465615746feb78da64566fe9ea0","CUS-127297539","115.84","-31.8","debit","Wed","08:58:48","08","August"
"3530","posted",NA,"ACC-354106658","151.04","-33.80","INTER BANK",NA,"Christine",7569.76,2018-08-29 07:00:00,"F",39,NA,NA,25,"9fc1c1cf14ff4c95b0deeef3d44fc579","CUS-2376382098",NA,NA,"debit","Wed","09:00:00","09","August"
"3531","posted",NA,"ACC-1443681913","150.92","-33.77","PAYMENT",NA,"Ryan",3075.84,2018-08-29 07:00:00,"M",31,NA,NA,36,"e0c55b8678f64e12887426fecbdb3f70","CUS-3129499595",NA,NA,"debit","Wed","09:00:00","09","August"
"3532","authorized","0","ACC-3536132544","144.93","-37.79","SALES-POS","b952dc05-e859-4ade-b09f-1a138db6d88b","Heather",2916.5,2018-08-29 07:00:00,"F",41,"Strathmore","VIC",65.71,"e1ccdeb718a647988edd8e076a8ceac4","CUS-2348881191","144.9","-37.73","debit","Wed","09:03:59","09","August"
"3533","authorized","1","ACC-37709441","153.41","-28.01","POS","ddf112bb-15d5-4c0f-a0c5-5aa73fcd7ac7","Charles",6902.39,2018-08-29 07:00:00,"M",18,"Clear Island Waters","QLD",18.23,"c4f6e2fac92846398d4de51c5eecc576","CUS-3336454548","153.39","-28.03","debit","Wed","09:08:26","09","August"
"3534","authorized","1","ACC-182446574","116.06","-32.00","POS","36db97dd-4053-4fa2-8a4e-b2641cc236f6","Tonya",2852.85,2018-08-29 07:00:00,"F",27,"Churchlands","WA",8.93,"1f51ffd89c73460fb18cefbf7c23ea13","CUS-3026014945","115.8","-31.93","debit","Wed","09:12:53","09","August"
"3535","authorized","1","ACC-2305712452","138.61","-34.89","POS","15f959c2-f0c5-4ed1-afcd-9a7aa54d423b","Debra",2472.78,2018-08-29 07:00:00,"F",18,"Modbury","SA",8.35,"382d9e18df9b483f97e54e5b6375ec46","CUS-1842679196","138.69","-34.83","debit","Wed","09:17:19","09","August"
"3536","authorized","1","ACC-3084464802","145.15","-37.76","SALES-POS","57246be2-5a4d-4fbc-ad7c-eb826d12e430","Susan",5087.13,2018-08-29 07:00:00,"F",19,"Melton West","VIC",9.78,"4dcb64a2b7384921af5b2dd3e0de0fd3","CUS-1928710999","144.57","-37.69","debit","Wed","09:21:46","09","August"
"3537","authorized","0","ACC-1598451071","153.41","-27.95","SALES-POS","4ebc232a-cd11-42f7-88c5-3ac36610bcdc","Diana",1291.45,2018-08-29 07:00:00,"F",26,"Saint George","QLD",7.09,"fb3028971f014127b23fcae566e6bc29","CUS-2487424745","148.59","-28.04","debit","Wed","09:26:13","09","August"
"3538","authorized","1","ACC-2897221629","150.90","-34.37","POS","64f5d0e8-21a6-4430-807c-2f116a06f85c","Scott",3000.29,2018-08-29 07:00:00,"M",23,"Yagoona","NSW",19.03,"71bc09b7e6e444f9b4e05f6abd0636de","CUS-511326734","151.03","-33.91","debit","Wed","09:30:39","09","August"
"3539","authorized","1","ACC-1598451071","153.41","-27.95","SALES-POS","da686f15-cfd8-461d-a2d2-9472254150bb","Diana",1280.75,2018-08-29 07:00:00,"F",26,"Broadbeach","QLD",10.7,"1cd1490a2d4a40aa875c693179c26a67","CUS-2487424745","153.43","-28.03","debit","Wed","09:35:06","09","August"
"3540","authorized","1","ACC-3689607373","115.79","-31.79","SALES-POS","0bee35e7-b6d4-44ea-a9d7-c025acdc3d0e","Virginia",3971.12,2018-08-29 07:00:00,"F",20,"Sorrento","WA",18.14,"4cc80f9b880549479cb5a13f3d51c14d","CUS-127297539","115.76","-31.82","debit","Wed","09:39:33","09","August"
"3541","authorized","1","ACC-1279356312","144.79","-37.73","POS","8bee9f57-4517-4f80-b7ee-c161f33421e2","Tyler",5906.28,2018-08-29 07:00:00,"M",44,"Preston","VIC",17.4,"d87dc36be2a2414784dd1c84ced28c71","CUS-1892177589","145","-37.74","debit","Wed","09:43:59","09","August"
"3542","authorized","0","ACC-1598451071","153.41","-27.95","SALES-POS","430c23a4-b449-4225-8c79-d7f274810e6e","Diana",1268.06,2018-08-29 07:00:00,"F",26,"Arundel","QLD",12.69,"08555685b562493bb74aa68fd1627012","CUS-2487424745","153.38","-27.93","debit","Wed","09:48:26","09","August"
"3543","authorized","1","ACC-1799207998","150.68","-33.79","POS","e6b73afb-c2d4-498d-83d7-f7dc648ef2ac","Susan",3974.32,2018-08-29 07:00:00,"F",20,"Rosehill","NSW",10.96,"2c4cbf2adbee461f9179d88faad49c4d","CUS-164374203","151.02","-33.83","debit","Wed","09:52:53","09","August"
"3544","authorized","1","ACC-240804743","121.48","-30.75","SALES-POS","30d360f5-0df8-4949-997a-9ee51f7b9613","Kenneth",7707.46,2018-08-29 07:00:00,"M",29,"Somerville","WA",8.86,"a332c280946c4d419ba5e53812743067","CUS-261674136","121.46","-30.76","debit","Wed","09:57:19","09","August"
"3545","posted",NA,"ACC-1037050564","153.10","-27.66","PAYMENT",NA,"Rhonda",2921.87,2018-08-29 07:00:00,"F",40,NA,NA,32,"ec522fdd6ba74377a0d7dff437843e0a","CUS-1614226872",NA,NA,"debit","Wed","10:00:00","10","August"
"3546","posted",NA,"ACC-1799207998","150.68","-33.79","INTER BANK",NA,"Susan",3922.93,2018-08-29 07:00:00,"F",20,NA,NA,39,"b53362565aa14a408bc7d57eb836b622","CUS-164374203",NA,NA,"debit","Wed","10:00:00","10","August"
"3547","posted",NA,"ACC-2107684084","145.03","-37.88","PAYMENT",NA,"Richard",3991.69,2018-08-29 07:00:00,"M",22,NA,NA,34,"80859ac9c9154c5bb6b1df4935c77357","CUS-2283904812",NA,NA,"debit","Wed","10:00:00","10","August"
"3548","posted",NA,"ACC-2173390920","144.71","-37.58","PAYMENT",NA,"Luis",4300.72,2018-08-29 07:00:00,"M",27,NA,NA,29,"492f1fb5dd4547458e3019dc79865e73","CUS-3180318393",NA,NA,"debit","Wed","10:00:00","10","August"
"3549","posted",NA,"ACC-966140392","147.08","-37.97","PAYMENT",NA,"Joseph",2354.03,2018-08-29 07:00:00,"M",21,NA,NA,30,"1d15216d696941ecab584430c5d10062","CUS-537508723",NA,NA,"debit","Wed","10:00:00","10","August"
"3550","authorized","1","ACC-2901672282","255.00","-573.00","SALES-POS","f75d1ba6-c916-4906-92f6-d8beb6e19339","Daniel",2628.93,2018-08-29 07:00:00,"M",22,"Burnley","VIC",107.09,"552a5e273c7345b5b2eafcf24e81a9a7","CUS-1617121891","145.02","-37.83","debit","Wed","10:05:38","10","August"
"3551","authorized","1","ACC-1799207998","150.68","-33.79","POS","36849d50-8b9e-4074-b907-e4ab21901ee2","Susan",3961.93,2018-08-29 07:00:00,"F",20,"Merrylands","NSW",12.39,"568c3d9089744d628150bcd43117b6ec","CUS-164374203","151","-33.84","debit","Wed","10:19:43","10","August"
"3552","authorized","1","ACC-2897221629","150.90","-34.37","POS","2fa2d309-7f93-4e78-9888-e209790efed2","Scott",2980.49,2018-08-29 07:00:00,"M",23,"Roseworthy","SA",19.8,"511b126c89f048d99a70e47c11af76c1","CUS-511326734","138.75","-34.54","debit","Wed","10:33:48","10","August"
"3553","authorized","1","ACC-1598451071","153.41","-27.95","POS","82569bc7-3865-4737-b898-0e34e5544027","Diana",1260.3,2018-08-29 07:00:00,"F",26,"Burleigh Waters","QLD",7.76,"cdd68d3cb28244329512bff2e0b5463c","CUS-2487424745","153.42","-28.1","debit","Wed","10:47:53","10","August"
"3554","posted",NA,"ACC-588564840","151.27","-33.76","PAY/SALARY",NA,"Isaiah",13030.74,2018-08-29 07:00:00,"M",23,NA,NA,3903.95,"0d496e23bf2d461eb3ac886c1a16f3b4","CUS-1462656821",NA,NA,"credit","Wed","11:00:00","11","August"
"3555","authorized","0","ACC-1608363396","151.22","-33.87","POS","be1e4323-5323-418f-ab84-8dc7dcecb6a6","Robert",4501.87,2018-08-29 07:00:00,"M",20,"Chipping Norton","NSW",13.11,"03aed02f74f344349ef1a770ee2556c4","CUS-2688605418","150.95","-33.93","debit","Wed","11:01:08","11","August"
"3556","authorized","1","ACC-2650850707","148.16","-23.52","SALES-POS","7640c58c-f7d8-4cb5-971f-7754e72a8070","Brian",107258.77,2018-08-29 07:00:00,"M",42,"Barcaldine","QLD",88.75,"0fd9424ab27343f9b1543e8ecfc6339e","CUS-2819545904","145.28","-23.55","debit","Wed","11:09:16","11","August"
"3557","authorized","1","ACC-3541460373","145.00","-37.83","SALES-POS","b0f26c5a-1cb9-49d7-b2e7-566f0438e8cf","Jeffrey",2254.91,2018-08-29 07:00:00,"M",24,"Brighton","VIC",12.82,"faf923237ced4971b6649f422504bd60","CUS-1433879684","144.99","-37.92","debit","Wed","11:17:23","11","August"
"3558","authorized","0","ACC-3233697971","151.04","-33.77","POS","5cd13a16-b6cc-46d3-b5c4-18e4f10114ac","Robin",4800.04,2018-08-29 07:00:00,"F",34,"Busselton","WA",63.07,"8e8bf36270e44a879b076aeeed635328","CUS-1147642491","115.35","-33.67","debit","Wed","11:25:31","11","August"
"3559","authorized","0","ACC-182446574","116.06","-32.00","SALES-POS","d4819848-a051-4abd-84d3-52fe3e636292","Tonya",2833.85,2018-08-29 07:00:00,"F",27,"City Beach","WA",19,"188d57f5e589496f8eaccfb688a65b11","CUS-3026014945","115.77","-31.93","debit","Wed","11:33:39","11","August"
"3560","authorized","1","ACC-1279356312","144.79","-37.73","POS","eeb9bc98-a2b3-432d-9c90-9745f21912bc","Tyler",5880.15,2018-08-29 07:00:00,"M",44,"Hamilton","VIC",26.13,"01bc8ae1ea2c447ca3f69b4108f3041f","CUS-1892177589","142.02","-37.74","debit","Wed","11:41:47","11","August"
"3561","authorized","1","ACC-3541460373","145.00","-37.83","POS","2a01a45e-ff49-483a-9306-a26564c7d1fc","Jeffrey",2210.38,2018-08-29 07:00:00,"M",24,"Melbourne","VIC",44.53,"f6045b1c0edf48afb6ac7c9825deb45b","CUS-1433879684","144.97","-37.81","debit","Wed","11:49:55","11","August"
"3562","authorized","0","ACC-819621312","145.04","-37.85","SALES-POS","47914b27-cb1b-40b2-87c0-14a614c023cb","Michele",3379.53,2018-08-29 07:00:00,"F",30,"Wantirna South","VIC",33.2,"c0d54d39a92d4c3f8f610892a3179581","CUS-1271030853","145.24","-37.87","debit","Wed","11:58:02","11","August"
"3563","posted",NA,"ACC-1650504218","145.01","-37.93","PAY/SALARY",NA,"Marissa",7208,2018-08-29 07:00:00,"F",23,NA,NA,1626.48,"1fefa57cc7474050ba48a830eb1f0df0","CUS-2500783281",NA,NA,"credit","Wed","12:00:00","12","August"
"3564","posted",NA,"ACC-4163822186","149.03","-34.97","PAYMENT",NA,"Karen",5119.38,2018-08-29 07:00:00,"F",26,NA,NA,46,"26b0fb637427408f9ddd66c3af5f0cab","CUS-2630892467",NA,NA,"debit","Wed","12:00:00","12","August"
"3565","posted",NA,"ACC-182446574","116.06","-32.00","INTER BANK",NA,"Tonya",2776.85,2018-08-29 07:00:00,"F",27,NA,NA,57,"9c2091f57d934f759193bb2245c6a8ec","CUS-3026014945",NA,NA,"debit","Wed","12:00:00","12","August"
"3566","posted",NA,"ACC-3326339947","151.18","-33.80","PAY/SALARY",NA,"Eric",6224.19,2018-08-29 07:00:00,"M",22,NA,NA,983.36,"590afc33a45d4c0c949d9b01112ad343","CUS-326006476",NA,NA,"credit","Wed","12:00:00","12","August"
"3567","authorized","1","ACC-2970114956","144.89","-37.69","SALES-POS","99529eec-3416-4ee1-9e02-d6c118401b0d","Robert",6621.37,2018-08-29 07:00:00,"M",26,"Hawthorn East","VIC",29.94,"199d2cebb1a14ced80003f9cd15f60ce","CUS-880898248","145.05","-37.85","debit","Wed","12:14:04","12","August"
"3568","authorized","0","ACC-2897221629","150.90","-34.37","POS","41a54bc6-ca5b-452a-abf3-970ec2abf10a","Scott",2974.84,2018-08-29 07:00:00,"M",23,"Glendenning","NSW",5.65,"a809a25024d943189d7c3da5b3a4570b","CUS-511326734","150.85","-33.75","debit","Wed","12:32:35","12","August"
"3569","authorized","0","ACC-2970114956","144.89","-37.69","SALES-POS","a1393fa3-196b-4b47-bc66-91e287c25733","Robert",6605.73,2018-08-29 07:00:00,"M",26,"North Sydney","NSW",15.64,"af2b0e4f403d4eba993ac5aaeca6d565","CUS-880898248","151.21","-33.84","debit","Wed","12:51:06","12","August"
"3570","posted",NA,"ACC-3541460373","145.00","-37.83","PAY/SALARY",NA,"Jeffrey",3618.46,2018-08-29 07:00:00,"M",24,NA,NA,1408.08,"250cf46900ef455aa573e729321ccf45","CUS-1433879684",NA,NA,"credit","Wed","13:00:00","13","August"
"3571","posted",NA,"ACC-3100725361","145.73","-17.03","INTER BANK",NA,"Ronald",359.73,2018-08-29 07:00:00,"M",25,NA,NA,26,"eeed6df93b3a4c84b933f5e3410f992c","CUS-2178051368",NA,NA,"debit","Wed","13:00:00","13","August"
"3572","posted",NA,"ACC-2776252858","144.95","-37.76","PAY/SALARY",NA,"Kristin",3140.02,2018-08-29 07:00:00,"F",43,NA,NA,1068.04,"7a748507255e40d197ef649812661098","CUS-4123612273",NA,NA,"credit","Wed","13:00:00","13","August"
"3573","authorized","1","ACC-1279356312","144.79","-37.73","POS","3204a3c7-f065-4621-93c4-c332d9563c80","Tyler",5858.86,2018-08-29 07:00:00,"M",44,"Rowville","VIC",21.29,"34594e195c0c40feac1d46a0492ea32e","CUS-1892177589","145.23","-37.93","debit","Wed","13:10:11","13","August"
"3574","authorized","1","ACC-90814749","151.68","-32.98","POS","b059aa9e-10ab-46ce-9c18-5769a9020d0b","Christopher",9249.01,2018-08-29 07:00:00,"M",35,"Narrogin","WA",19.72,"46d2212b502149af84596481a9c2511b","CUS-1896554896","117.18","-32.94","debit","Wed","13:29:48","13","August"
"3575","authorized","1","ACC-182446574","116.06","-32.00","POS","786bc81f-6dbf-4f71-9d70-8278c5db4028","Tonya",2766.16,2018-08-29 07:00:00,"F",27,"Fremantle","WA",10.69,"599beb6dc1ea4c69b24f4b7c02203a25","CUS-3026014945","115.75","-32.05","debit","Wed","13:49:24","13","August"
"3576","posted",NA,"ACC-1598451071","153.41","-27.95","PAY/SALARY",NA,"Diana",2273.97,2018-08-29 07:00:00,"F",26,NA,NA,1013.67,"44941fc90d514b71990c07c2c09ce22a","CUS-2487424745",NA,NA,"credit","Wed","14:00:00","14","August"
"3577","posted",NA,"ACC-240804743","121.48","-30.75","PAYMENT",NA,"Kenneth",7651.46,2018-08-29 07:00:00,"M",29,NA,NA,56,"010cfffccf6c4fefb0a7d0b88a6d68da","CUS-261674136",NA,NA,"debit","Wed","14:00:00","14","August"
"3578","authorized","1","ACC-4258502723","145.45","-37.74","SALES-POS","f39c3860-b72a-403e-a325-b0773954e1a4","Kimberly",2423.22,2018-08-29 07:00:00,"F",24,"Saint Kilda East","VIC",17.86,"b6e9f222c96b46baa6a26343e2b07da6","CUS-3378712515","145","-37.87","debit","Wed","14:03:53","14","August"
"3579","authorized","1","ACC-2173390920","144.71","-37.58","SALES-POS","c1607430-2a27-4b6c-a0d1-cbb698023abf","Luis",4260.28,2018-08-29 07:00:00,"M",27,"Heathcote","VIC",40.44,"433c12ec9f884c05adbe37706535c64e","CUS-3180318393","144.71","-36.92","debit","Wed","14:12:22","14","August"
"3580","authorized","1","ACC-3536132544","144.93","-37.79","POS","c60b616f-96d9-4a9e-a7e7-b38b2f83b266","Heather",2867.09,2018-08-29 07:00:00,"F",41,"Seddon","VIC",49.41,"8207a441b3084beca7c5c7d159b456bf","CUS-2348881191","144.89","-37.81","debit","Wed","14:20:50","14","August"
"3581","authorized","1","ACC-2890243754","153.32","-27.93","POS","6ad817d9-62c1-4ae0-b58e-250def5ff24f","Joseph",2315.97,2018-08-29 07:00:00,"M",37,"Kenmore","QLD",18.27,"30579056722640ca8f5aa6c2d5fc1932","CUS-2695611575","152.95","-27.51","debit","Wed","14:29:19","14","August"
"3582","authorized","1","ACC-4258502723","145.45","-37.74","POS","2f3bc0c3-93fd-41a4-a1cc-5ad551adbecc","Kimberly",2337.44,2018-08-29 07:00:00,"F",24,"Sydney","NSW",85.78,"6624f0bad6a744e0bd3a71d119bef3ba","CUS-3378712515","151.2","-33.87","debit","Wed","14:37:47","14","August"
"3583","authorized","1","ACC-1222300524","151.23","-33.94","POS","79b9f09f-73fd-4bae-a1b9-0f8e13358b4c","Michael",2267.3,2018-08-29 07:00:00,"M",38,"Pyrmont","NSW",12.33,"b85c8fbfa55f416c8cda751ae9dec695","CUS-2142601169","151.2","-33.87","debit","Wed","14:46:16","14","August"
"3584","authorized","1","ACC-574997646","150.79","-33.64","POS","f5fa6091-a464-4f01-b563-4a3cba0ae50c","Mackenzie",3191.24,2018-08-29 07:00:00,"F",18,"Katanning","WA",28.15,"f3a59fb36ff9487997609b5e23b8c429","CUS-586638664","117.56","-33.69","debit","Wed","14:54:44","14","August"
"3585","posted",NA,"ACC-2305712452","138.61","-34.89","PAYMENT",NA,"Debra",2436.78,2018-08-29 07:00:00,"F",18,NA,NA,36,"2d3c59d3fa1b494ca3d3e543091e0b02","CUS-1842679196",NA,NA,"debit","Wed","15:00:00","15","August"
"3586","posted",NA,"ACC-38923874","151.27","-33.90","PAYMENT",NA,"Ryan",34677.29,2018-08-29 07:00:00,"M",38,NA,NA,35,"1bbea99896914495b8198a9317bca425","CUS-3249305314",NA,NA,"debit","Wed","15:00:00","15","August"
"3587","authorized","0","ACC-2890243754","153.32","-27.93","SALES-POS","b9970d9c-2621-4b85-b4eb-026aa612e696","Joseph",2268.89,2018-08-29 07:00:00,"M",37,"Taringa","QLD",47.08,"b626d24307f545a58d69274631daf1a2","CUS-2695611575","152.98","-27.49","debit","Wed","15:02:15","15","August"
"3588","authorized","0","ACC-1516130869","130.84","-12.45","SALES-POS","b65fbdcb-47f5-421b-9b42-c0057f43ab8a","Jessica",3544.05,2018-08-29 07:00:00,"F",21,"Melbourne","VIC",10.47,"b29f8d66cbf34d06874d23a1e756edd4","CUS-325142416","144.96","-37.82","debit","Wed","15:08:12","15","August"
"3589","authorized","0","ACC-1222300524","151.23","-33.94","SALES-POS","0ee8697e-18ad-41b7-a285-4973c6634982","Michael",2250.25,2018-08-29 07:00:00,"M",38,"Cambridge Park","NSW",17.05,"9a0fdc174139484f97c469709ebf7a2b","CUS-2142601169","150.72","-33.75","debit","Wed","15:14:09","15","August"
"3590","authorized","1","ACC-4258502723","145.45","-37.74","POS","6ef13e0c-7568-47c7-9dfe-80952f858fa8","Kimberly",2332,2018-08-29 07:00:00,"F",24,"Canterbury","VIC",5.44,"c53a5f03d22847e2895038bfd7ef7f66","CUS-3378712515","145.08","-37.83","debit","Wed","15:20:07","15","August"
"3591","authorized","1","ACC-3954677887","115.72","-32.28","SALES-POS","b5386da3-dd49-489a-a0a5-799de5429ec7","Ruth",3955.17,2018-08-29 07:00:00,"F",47,"Warwick","WA",37.59,"6790e4700b4d454cbe72bd382d9d268c","CUS-3716701010","115.81","-31.84","debit","Wed","15:26:04","15","August"
"3592","authorized","1","ACC-1598451071","153.41","-27.95","SALES-POS","fc660c03-775e-4f8b-8b53-9c00a9cc908a","Diana",2262.04,2018-08-29 07:00:00,"F",26,"Biggera Waters","QLD",11.93,"bda671ba7c8641618c3c3e0b88d7b38a","CUS-2487424745","153.39","-27.93","debit","Wed","15:32:01","15","August"
"3593","authorized","1","ACC-1222300524","151.23","-33.94","POS","3ce2653e-5bde-4459-9aef-af93e8ebaf1c","Michael",2242.15,2018-08-29 07:00:00,"M",38,"North Sydney","NSW",8.1,"6955ba8efb2d416a9f8921bd4fe4ece3","CUS-2142601169","151.21","-33.84","debit","Wed","15:37:58","15","August"
"3594","authorized","1","ACC-4258502723","145.45","-37.74","POS","1c629f4a-ab4c-432f-9fda-f6b9acb44c88","Kimberly",2307.21,2018-08-29 07:00:00,"F",24,"Melbourne","VIC",24.79,"650970ec09d6451a91b9b457c3ae623e","CUS-3378712515","144.97","-37.81","debit","Wed","15:43:55","15","August"
"3595","authorized","1","ACC-3541460373","145.00","-37.83","SALES-POS","f3c386d7-c74f-4eb5-ad11-71607fcdbb71","Jeffrey",3573.36,2018-08-29 07:00:00,"M",24,"Sydney","NSW",45.1,"e8427f80ec334ba1a3decde09e4ea966","CUS-1433879684","151.21","-33.87","debit","Wed","15:49:52","15","August"
"3596","authorized","1","ACC-958000567","130.90","-12.37","POS","acca7ddf-189d-4f37-a5f6-2425359f2270","Sandra",4873.63,2018-08-29 07:00:00,"F",34,"Coconut Grove","NT",22.34,"69d77e4251c24b7bb0778785512c3c91","CUS-4142663097","130.86","-12.4","debit","Wed","15:55:49","15","August"
"3597","posted",NA,"ACC-4065652575","115.81","-31.82","PAYMENT",NA,"Lucas",7928.69,2018-08-29 07:00:00,"M",21,NA,NA,55,"74a4b79a01f74bcd9469a53455e106d9","CUS-1117979751",NA,NA,"debit","Wed","16:00:00","16","August"
"3598","posted",NA,"ACC-3485804958","138.52","-35.01","PAY/SALARY",NA,"Jessica",21761.07,2018-08-29 07:00:00,"F",34,NA,NA,3903.73,"c1d8da8d4cdb48418e357451bacdb3c2","CUS-1196156254",NA,NA,"credit","Wed","16:00:00","16","August"
"3599","posted",NA,"ACC-1799207998","150.68","-33.79","PAYMENT",NA,"Susan",3887.93,2018-08-29 07:00:00,"F",20,NA,NA,35,"bdb9a3372a624eaa80cc5715e49d67a2","CUS-164374203",NA,NA,"debit","Wed","16:00:00","16","August"
"3600","posted",NA,"ACC-1973887809","115.78","-31.90","PAY/SALARY",NA,"Antonio",3937.74,2018-08-29 07:00:00,"M",26,NA,NA,1098.91,"0fc7ab19a9f04e47828ca1ca6a0fd52f","CUS-1646621553",NA,NA,"credit","Wed","16:00:00","16","August"
"3601","posted",NA,"ACC-4059612845","130.98","-12.49","PAY/SALARY",NA,"Jonathan",54662.07,2018-08-29 07:00:00,"M",38,NA,NA,2647.38,"5a6379a5850d43cd95462e75c54fe20b","CUS-495599312",NA,NA,"credit","Wed","16:00:00","16","August"
"3602","authorized","1","ACC-3485804958","138.52","-35.01","POS","fa38d743-985d-4138-b7cd-09ff48b3742d","Jessica",17857.34,2018-08-29 07:00:00,"F",34,"Brisbane City","QLD",22.29,"d2baac2666984e29b70dfaa3bdd677db","CUS-1196156254","153.02","-27.46","debit","Wed","16:03:42","16","August"
"3603","authorized","1","ACC-3100725361","145.73","-17.03","POS","d102321d-9e76-4322-8933-7d22a3a3764b","Ronald",351.83,2018-08-29 07:00:00,"M",25,"Drouin","VIC",7.9,"a975bd92c258478bae5c0d70ed6ed0b5","CUS-2178051368","145.86","-38.13","debit","Wed","16:16:02","16","August"
"3604","authorized","1","ACC-3689607373","115.79","-31.79","POS","0e7dc530-13fc-45db-a027-e754167a3312","Virginia",3954.74,2018-08-29 07:00:00,"F",20,"Morley","WA",16.38,"1d272bdc5ec14f65acc124d58c7f4014","CUS-127297539","115.9","-31.9","debit","Wed","16:28:23","16","August"
"3605","authorized","1","ACC-3084464802","145.15","-37.76","POS","34e74076-90f3-4ec8-8df4-af8a36b473bf","Susan",5077.66,2018-08-29 07:00:00,"F",19,"Melbourne","VIC",9.47,"20b7f5c5e1ff4737af20cfa179d8300b","CUS-1928710999","144.96","-37.81","debit","Wed","16:40:44","16","August"
"3606","authorized","1","ACC-958000567","130.90","-12.37","POS","012fee56-7727-4955-921a-f0369663dc65","Sandra",4854.95,2018-08-29 07:00:00,"F",34,"Darwin City","NT",18.68,"f3f528ceee214b40953a832f8afbeb44","CUS-4142663097","130.84","-12.46","debit","Wed","16:53:05","16","August"
"3607","posted",NA,"ACC-819621312","145.04","-37.85","PAY/SALARY",NA,"Michele",4537.68,2018-08-29 07:00:00,"F",30,NA,NA,1158.15,"6213c383935345edac8126f91327f0e5","CUS-1271030853",NA,NA,"credit","Wed","17:00:00","17","August"
"3608","posted",NA,"ACC-2920611728","144.96","-37.76","PAY/SALARY",NA,"Tyler",5005.03,2018-08-29 07:00:00,"M",69,NA,NA,1043.12,"7af1ca18f9764659a87bbf709cd9b815","CUS-1388323263",NA,NA,"credit","Wed","17:00:00","17","August"
"3609","posted",NA,"ACC-2901672282","255.00","-573.00","PAYMENT",NA,"Daniel",2595.93,2018-08-29 07:00:00,"M",22,NA,NA,33,"efb9266560ff437e894dec09a19851d2","CUS-1617121891",NA,NA,"debit","Wed","17:00:00","17","August"
"3610","posted",NA,"ACC-1799207998","150.68","-33.79","PAY/SALARY",NA,"Susan",5283.42,2018-08-29 07:00:00,"F",20,NA,NA,1395.49,"2bb22874edd7440a888880e6be7c9cae","CUS-164374203",NA,NA,"credit","Wed","17:00:00","17","August"
"3611","posted",NA,"ACC-1349834573","145.17","-37.84","PAY/SALARY",NA,"Matthew",10709.36,2018-08-29 07:00:00,"M",39,NA,NA,3071.14,"515ac107ec9946998b85d1e42ce9ea36","CUS-1790886359",NA,NA,"credit","Wed","17:00:00","17","August"
"3612","posted",NA,"ACC-4163822186","149.03","-34.97","PAYMENT",NA,"Karen",5069.38,2018-08-29 07:00:00,"F",26,NA,NA,50,"7c28a8f4421d4092ac4ddd04c539a7d5","CUS-2630892467",NA,NA,"debit","Wed","17:00:00","17","August"
"3613","authorized","1","ACC-3233697971","151.04","-33.77","SALES-POS","b106ee11-e182-40e9-97fd-b27844e78289","Robin",4776.07,2018-08-29 07:00:00,"F",34,"Thornleigh","NSW",23.97,"22eb0e42dcfb49a4a37b47eb4ddd5e56","CUS-1147642491","151.08","-33.73","debit","Wed","17:04:46","17","August"
"3614","authorized","1","ACC-1598451071","153.41","-27.95","POS","65049f44-035f-4e42-ace7-f73689049758","Diana",2237.72,2018-08-29 07:00:00,"F",26,"Peak Crossing","QLD",24.32,"773b6f3172704841ba79590d2e36be35","CUS-2487424745","152.73","-27.78","debit","Wed","17:15:39","17","August"
"3615","authorized","0","ACC-1199531521","116.02","-31.87","POS","2df8bd3d-ef44-4d84-8ef2-bace9ccfd7fb","Billy",6566.32,2018-08-29 07:00:00,"M",52,"Karrinyup","WA",29.46,"485eb85557b1449cad09729f89bf00e2","CUS-134833760","115.78","-31.88","debit","Wed","17:26:31","17","August"
"3616","authorized","1","ACC-1990648130","114.62","-28.80","POS","047e675b-ba97-4fd2-973f-bf14fa17f431","Kaitlyn",3108.35,2018-08-29 07:00:00,"F",21,"Geraldton","WA",30.85,"8541ad5e363843f48c58443971ea6ebf","CUS-809013380","114.61","-28.78","debit","Wed","17:37:23","17","August"
"3617","authorized","0","ACC-182446574","116.06","-32.00","POS","4e532832-a349-4cbf-8427-8f8e698170ae","Tonya",2748.14,2018-08-29 07:00:00,"F",27,"Success","WA",18.02,"070a25158d12445982847fe45bba2010","CUS-3026014945","115.86","-32.13","debit","Wed","17:48:15","17","August"
"3618","authorized","1","ACC-1598451071","153.41","-27.95","POS","f805f997-c939-49e2-9945-9b0b799b1f8d","Diana",2234.37,2018-08-29 07:00:00,"F",26,"Tweed Heads","NSW",3.35,"2651132d588c4db8804de8ed23659aaa","CUS-2487424745","153.54","-28.18","debit","Wed","17:59:07","17","August"
"3619","posted",NA,"ACC-2153562714","116.00","-31.88","PAYMENT",NA,"Linda",3609.65,2018-08-29 07:00:00,"F",24,NA,NA,46,"e3befe99febc430d84df23e3ebfdf520","CUS-423725039",NA,NA,"debit","Wed","18:00:00","18","August"
"3620","authorized","0","ACC-1334819143","145.13","-37.70","SALES-POS","b7595e30-e20c-4bd7-a024-094f3fa4a5b8","Christopher",60670.04,2018-08-29 07:00:00,"M",33,"Elsternwick","VIC",33.67,"8702df5077944a8b8bc7a2e9e2c17d30","CUS-3117610635","145","-37.88","debit","Wed","18:24:51","18","August"
"3621","authorized","1","ACC-1279356312","144.79","-37.73","SALES-POS","efce5f93-8e38-4b86-a643-0177ef9dc192","Tyler",5629.3,2018-08-29 07:00:00,"M",44,"Alphington","VIC",229.56,"0151859b57834d788ded8981cc711b3b","CUS-1892177589","145.03","-37.78","debit","Wed","18:51:53","18","August"
"3622","posted",NA,"ACC-1349834573","145.17","-37.84","PAYMENT",NA,"Matthew",10661.36,2018-08-29 07:00:00,"M",39,NA,NA,48,"a81148accf734909bc083e19c92b4d6b","CUS-1790886359",NA,NA,"debit","Wed","19:00:00","19","August"
"3623","authorized","0","ACC-1598451071","153.41","-27.95","POS","a1c4c7aa-b7da-4064-8ed1-d4a236d772c6","Diana",2229.05,2018-08-29 07:00:00,"F",26,"Tugun","QLD",5.32,"6af63f830b1b461ba47e57c7f8377f3e","CUS-2487424745","153.49","-28.15","debit","Wed","19:08:19","19","August"
"3624","authorized","1","ACC-1598451071","153.41","-27.95","SALES-POS","b5e612f7-2329-4a73-9639-c86449fa0cc3","Diana",2218.14,2018-08-29 07:00:00,"F",26,"Coolangatta","QLD",10.91,"e5ad7f02a47b428eacb6342c0b589aff","CUS-2487424745","153.54","-28.17","debit","Wed","19:20:14","19","August"
"3625","authorized","1","ACC-1598451071","153.41","-27.95","SALES-POS","174c502e-6804-4d22-bf4c-2b362b0b9c14","Diana",1644.48,2018-08-29 07:00:00,"F",26,"Newtown","NSW",573.66,"6cf96dec10bb4dd7bf1c60d063697141","CUS-2487424745","151.18","-33.9","debit","Wed","19:32:08","19","August"
"3626","authorized","1","ACC-3481401842","115.74","-31.72","POS","35075912-cb32-4224-bf96-b8f9c7bec968","Tiffany",3147.01,2018-08-29 07:00:00,"F",25,"Hillarys","WA",25.11,"2d283d8cecf742ad8923c3ccb75750c7","CUS-1669695324","115.75","-31.8","debit","Wed","19:44:02","19","August"
"3627","authorized","1","ACC-1598451071","153.41","-27.95","SALES-POS","b182afcd-b37f-47d4-afab-5d1ce407f1e5","Diana",1627.2,2018-08-29 07:00:00,"F",26,"Broadbeach","QLD",17.28,"30750bbc66bf4307b896421bbfdf7e80","CUS-2487424745","153.43","-28.03","debit","Wed","19:55:57","19","August"
"3628","posted",NA,"ACC-2171593283","146.94","-36.04","PAYMENT",NA,"Fernando",8813.47,2018-08-29 07:00:00,"M",19,NA,NA,17,"630d0ebec553426e923a3ede48273225","CUS-2317998716",NA,NA,"debit","Wed","20:00:00","20","August"
"3629","posted",NA,"ACC-1650504218","145.01","-37.93","PAYMENT",NA,"Marissa",7175,2018-08-29 07:00:00,"F",23,NA,NA,33,"0be583d23f504c6ba5180294534d6292","CUS-2500783281",NA,NA,"debit","Wed","20:00:00","20","August"
"3630","posted",NA,"ACC-182446574","116.06","-32.00","INTER BANK",NA,"Tonya",2715.14,2018-08-29 07:00:00,"F",27,NA,NA,33,"7ecbe8e8ce1149ea86cf99a699149c14","CUS-3026014945",NA,NA,"debit","Wed","20:00:00","20","August"
"3631","posted",NA,"ACC-4281711154","144.98","-37.84","PHONE BANK",NA,"Eric",36049.74,2018-08-29 07:00:00,"M",42,NA,NA,36,"dda1713896ee4823b094500fbdd074a8","CUS-3151318058",NA,NA,"debit","Wed","20:00:00","20","August"
"3632","authorized","1","ACC-3233697971","151.04","-33.77","SALES-POS","d7effe6e-ecfb-464b-aab6-6bb1390ffe97","Robin",4724.96,2018-08-29 07:00:00,"F",34,"Chatswood","NSW",51.11,"db4252e6f7d74c2a82e1b40420e45617","CUS-1147642491","151.18","-33.8","debit","Wed","20:18:19","20","August"
"3633","authorized","0","ACC-90814749","151.68","-32.98","POS","7e90d0c6-eacb-405e-97bc-c0bcbe562c3f","Christopher",9230.12,2018-08-29 07:00:00,"M",35,"Myalup","WA",18.89,"352670cf66ca42509d06ed08d010dbf4","CUS-1896554896","115.74","-33.01","debit","Wed","20:46:06","20","August"
"3634","posted",NA,"ACC-3536132544","144.93","-37.79","INTER BANK",NA,"Heather",2824.09,2018-08-29 07:00:00,"F",41,NA,NA,43,"81c7a997760a4ffb8bbd22079fa1244f","CUS-2348881191",NA,NA,"debit","Wed","21:00:00","21","August"
"3635","posted",NA,"ACC-2173390920","144.71","-37.58","PHONE BANK",NA,"Luis",4193.28,2018-08-29 07:00:00,"M",27,NA,NA,67,"7fbab519d46944ad9395a2efdf9312fe","CUS-3180318393",NA,NA,"debit","Wed","21:00:00","21","August"
"3636","authorized","1","ACC-3481401842","115.74","-31.72","POS","51cdcd94-2a4b-458b-b29b-e9dbad358427","Tiffany",3140.75,2018-08-29 07:00:00,"F",25,"Bayswater","WA",6.26,"d7565744fbe24129bf671e572cfcd7b7","CUS-1669695324","115.91","-31.92","debit","Wed","21:10:52","21","August"
"3637","authorized","0","ACC-1990648130","114.62","-28.80","POS","bde60467-effb-4a93-bdf3-6e84ef38156b","Kaitlyn",3083.55,2018-08-29 07:00:00,"F",21,"Goonellabah","NSW",24.8,"f586c711a72240188d3d7167e3dbce6b","CUS-809013380","153.33","-28.82","debit","Wed","21:32:36","21","August"
"3638","authorized","0","ACC-1199531521","116.02","-31.87","SALES-POS","f70d646b-d9a2-44a5-9ffa-becda2a18792","Billy",6537.65,2018-08-29 07:00:00,"M",52,"Glebe","NSW",28.67,"1395b4931ef74935a7faf237040bf9dc","CUS-134833760","151.19","-33.88","debit","Wed","21:54:20","21","August"
"3639","posted",NA,"ACC-1710017148","150.82","-34.01","PAYMENT",NA,"Michelle",6841.35,2018-08-29 07:00:00,"F",19,NA,NA,33,"ee6afa6837d643d5868c19aa4be55cfd","CUS-883482547",NA,NA,"debit","Wed","22:00:00","22","August"
"3640","authorized","1","ACC-3481401842","115.74","-31.72","SALES-POS","03f4de0d-d78b-421a-8a53-30a0d03479eb","Tiffany",3136.18,2018-08-29 07:00:00,"F",25,"Aveley","WA",4.57,"606d20eed32049bc8eb9f385cd2499a0","CUS-1669695324","115.98","-31.8","debit","Wed","22:23:07","22","August"
"3641","authorized","1","ACC-1334819143","145.13","-37.70","SALES-POS","1ddea015-d916-49e5-9705-a18ba0076a80","Christopher",60649.61,2018-08-29 07:00:00,"M",33,"North Melbourne","VIC",20.43,"4d26a83c0de340c79fb53b7fb9548689","CUS-3117610635","144.95","-37.8","debit","Wed","22:54:22","22","August"
"3642","posted",NA,"ACC-1973887809","115.78","-31.90","PAYMENT",NA,"Antonio",3908.74,2018-08-29 07:00:00,"M",26,NA,NA,29,"e3784796a1154cada4c65aeb5c7b3c5e","CUS-1646621553",NA,NA,"debit","Wed","23:00:00","23","August"
"3643","posted",NA,"ACC-1349834573","145.17","-37.84","PAYMENT",NA,"Matthew",10629.36,2018-08-29 07:00:00,"M",39,NA,NA,32,"d047335eb2c3416e909a35f6829b6047","CUS-1790886359",NA,NA,"debit","Wed","23:00:00","23","August"
"3644","posted",NA,"ACC-240804743","121.48","-30.75","PAYMENT",NA,"Kenneth",7612.46,2018-08-29 07:00:00,"M",29,NA,NA,39,"ca97d65b5a9e49498a9342d2b0e8e771","CUS-261674136",NA,NA,"debit","Wed","23:00:00","23","August"
"3645","authorized","1","ACC-182446574","116.06","-32.00","SALES-POS","6ecb4267-d0d9-4a3d-8336-6c41b3d4d941","Tonya",2701.76,2018-08-29 07:00:00,"F",27,"Applecross","WA",13.38,"31b550d3fce648dea6b2e23340a7bd3c","CUS-3026014945","115.83","-32.02","debit","Wed","23:13:00","23","August"
"3646","authorized","1","ACC-3536132544","144.93","-37.79","POS","236b298f-f2c8-487e-b399-38ae6959a2bd","Heather",2810.64,2018-08-29 07:00:00,"F",41,"Launching Place","VIC",13.45,"b257c60840de445ebb7498a95fccf3ff","CUS-2348881191","145.58","-37.78","debit","Wed","23:28:53","23","August"
"3647","authorized","0","ACC-1056639002","145.03","-37.91","SALES-POS","d11c5550-a396-4b1d-b085-cd76a6274280","Michael",42753.46,2018-08-29 07:00:00,"M",22,"Rosanna","VIC",15.84,"b793376496fb49389fcd5ce771322031","CUS-3462882033","145.07","-37.74","debit","Wed","23:44:45","23","August"
"3648","authorized","1","ACC-4258502723","145.45","-37.74","POS","60fe8a98-3ef5-446f-9174-10d77c8e995d","Kimberly",2293.59,2018-08-30 07:00:00,"F",24,"Epping","VIC",13.62,"ac978344251b43bfb2afd60dbbca674e","CUS-3378712515","145.02","-37.65","debit","Thu","00:01:19","00","August"
"3649","authorized","1","ACC-2890243754","153.32","-27.93","POS","de87aafc-b17e-4d34-ac3f-4eeb8053a6fe","Joseph",2261.15,2018-08-30 07:00:00,"M",37,"Southport","QLD",7.74,"c657c78bad6740f1bdeaca02011cf674","CUS-2695611575","153.41","-27.97","debit","Thu","00:34:39","00","August"
"3650","authorized","1","ACC-3084464802","145.15","-37.76","SALES-POS","3ad1d3a7-f65c-48e9-a2ef-a54b7de31e29","Susan",5059.17,2018-08-30 07:00:00,"F",19,"Laverton North","VIC",18.49,"c793c7a0a8ba4385bd46968cfeaebee0","CUS-1928710999","144.82","-37.82","debit","Thu","01:06:09","01","August"
"3651","authorized","1","ACC-2650850707","148.16","-23.52","POS","b141b0c5-537d-4b2e-8776-39396d8d20c0","Brian",107171.87,2018-08-30 07:00:00,"M",42,"Grenfell","NSW",86.9,"1c425475758b4b65bb518b1102413f3a","CUS-2819545904","148.16","-33.89","debit","Thu","01:31:47","01","August"
"3652","authorized","1","ACC-3689607373","115.79","-31.79","POS","41b90cfc-01e1-4771-8d3a-6914f8b165a9","Virginia",3941.53,2018-08-30 07:00:00,"F",20,"Broken Hill","NSW",13.21,"6cc8f172faea411686ad4e2bfb95d781","CUS-127297539","141.46","-31.98","debit","Thu","01:57:26","01","August"
"3653","posted",NA,"ACC-1496451953","145.16","-37.84","INTER BANK",NA,"Ricky",8542.44,2018-08-30 07:00:00,"M",43,NA,NA,16,"febe4716802840b8b3fb1ed761d9c2c1","CUS-3142625864",NA,NA,"debit","Thu","02:00:00","02","August"
"3654","posted",NA,"ACC-1523339231","115.83","-31.90","PAYMENT",NA,"Tim",62242.22,2018-08-30 07:00:00,"M",40,NA,NA,47,"3dfd2b61ad7b4905980c5987a095ca49","CUS-1816693151",NA,NA,"debit","Thu","03:00:00","03","August"
"3655","posted",NA,"ACC-2890243754","153.32","-27.93","PAYMENT",NA,"Joseph",2209.15,2018-08-30 07:00:00,"M",37,NA,NA,52,"bbbe28de413d4215b47453e6574cd74f","CUS-2695611575",NA,NA,"debit","Thu","03:00:00","03","August"
"3656","posted",NA,"ACC-2270192619","138.56","-35.27","PAYMENT",NA,"Darren",9099.2,2018-08-30 07:00:00,"M",20,NA,NA,39,"764efbc6f0c544bfa1627f67053417f4","CUS-2110742437",NA,NA,"debit","Thu","04:00:00","04","August"
"3657","posted",NA,"ACC-3536132544","144.93","-37.79","PAYMENT",NA,"Heather",2788.64,2018-08-30 07:00:00,"F",41,NA,NA,22,"97f4f967cbf340faa884c838b335f497","CUS-2348881191",NA,NA,"debit","Thu","04:00:00","04","August"
"3658","authorized","1","ACC-2890243754","153.32","-27.93","POS","58599f43-0a48-4767-be62-36ff44cee853","Joseph",2203.22,2018-08-30 07:00:00,"M",37,"Robina","QLD",5.93,"4d05e8f8c4ac4d0fb8f371106d3e0c4f","CUS-2695611575","153.39","-28.08","debit","Thu","04:01:45","04","August"
"3659","authorized","1","ACC-3485804958","138.52","-35.01","SALES-POS","36038911-5791-4b2a-aadc-438e4ad075ea","Jessica",21750.61,2018-08-30 07:00:00,"F",34,"Parkes","ACT",10.46,"17e0c34bb14d4ee58406ef64bd8a5203","CUS-1196156254","149.13","-35.3","debit","Thu","04:31:10","04","August"
"3660","posted",NA,"ACC-2171593283","146.94","-36.04","PAYMENT",NA,"Fernando",8780.47,2018-08-30 07:00:00,"M",19,NA,NA,33,"c82c4aae461f43379a09f39c025efa86","CUS-2317998716",NA,NA,"debit","Thu","05:00:00","05","August"
"3661","posted",NA,"ACC-2890243754","153.32","-27.93","PAYMENT",NA,"Joseph",2185.22,2018-08-30 07:00:00,"M",37,NA,NA,18,"843c371ea0da4c1486fa82de925279cd","CUS-2695611575",NA,NA,"debit","Thu","05:00:00","05","August"
"3662","authorized","1","ACC-1199531521","116.02","-31.87","POS","a3277e6b-3fe9-4c89-95fc-3b76207c2ccc","Billy",6497.75,2018-08-30 07:00:00,"M",52,"Noranda","WA",39.9,"aa1f0addc76d42f09bdeab37ef6ad5a1","CUS-134833760","115.89","-31.88","debit","Thu","05:03:59","05","August"
"3663","posted",NA,"ACC-3481401842","115.74","-31.72","PAYMENT",NA,"Tiffany",3090.18,2018-08-30 07:00:00,"F",25,NA,NA,46,"80b0dc318ae04f7babe17e2a7ebbc7e9","CUS-1669695324",NA,NA,"debit","Thu","06:00:00","06","August"
"3664","posted",NA,"ACC-211792489","138.63","-34.93","PAYMENT",NA,"Jacqueline",6517.76,2018-08-30 07:00:00,"F",30,NA,NA,47,"b20bf63452a342ac8c987d74faf58157","CUS-497688347",NA,NA,"debit","Thu","06:00:00","06","August"
"3665","authorized","0","ACC-2890243754","153.32","-27.93","SALES-POS","7fd1b176-d418-4ba9-959f-320e20a3ae05","Joseph",2169.21,2018-08-30 07:00:00,"M",37,"Highett","VIC",16.01,"473e41a5158c4694a36fc27173ebe277","CUS-2695611575","145.04","-37.95","debit","Thu","06:55:23","06","August"
"3666","posted",NA,"ACC-2231965366","144.96","-37.84","PAYMENT",NA,"Linda",10225.01,2018-08-30 07:00:00,"F",35,NA,NA,33,"f7f703236c2f466792728be3a1c9b688","CUS-2155701614",NA,NA,"debit","Thu","07:00:00","07","August"
"3667","posted",NA,"ACC-2259139624","144.66","-37.91","INTER BANK",NA,"Cindy",7226.85,2018-08-30 07:00:00,"F",19,NA,NA,22,"9732d99dd2974e80ac6e9b551b2afb9e","CUS-3174332735",NA,NA,"debit","Thu","07:00:00","07","August"
"3668","authorized","0","ACC-2259139624","144.66","-37.91","SALES-POS","43f22ffb-0954-4770-ac05-d6761aec5ccc","Cindy",7248.85,2018-08-30 07:00:00,"F",19,"Niddrie","VIC",27.92,"9dbf8852ff7d4adca788e512ff64bc75","CUS-3174332735","144.9","-37.74","debit","Thu","07:39:09","07","August"
"3669","posted",NA,"ACC-2776252858","144.95","-37.76","PAYMENT",NA,"Kristin",3097.02,2018-08-30 07:00:00,"F",43,NA,NA,43,"2c6a7fe791a4493a8ba09f2bb53d5b6b","CUS-4123612273",NA,NA,"debit","Thu","08:00:00","08","August"
"3670","authorized","1","ACC-3954677887","115.72","-32.28","POS","b09d863f-4ca8-4053-b342-8b2571dc1714","Ruth",3934.37,2018-08-30 07:00:00,"F",47,"Cloverdale","WA",20.8,"fcf2985704644b8fb5852c8884054c73","CUS-3716701010","115.93","-31.97","debit","Thu","08:05:19","08","August"
"3671","authorized","0","ACC-966140392","147.08","-37.97","POS","bfb6a27c-139c-4728-9be7-d1b68e430cb2","Joseph",2339.33,2018-08-30 07:00:00,"M",21,"Brisbane City","QLD",14.7,"31e0ee839b314ce5b2245e3b5d303189","CUS-537508723","153.03","-27.47","debit","Thu","08:15:57","08","August"
"3672","authorized","1","ACC-966140392","147.08","-37.97","POS","79dabde3-141d-4363-9b6d-043d695cba32","Joseph",2307.67,2018-08-30 07:00:00,"M",21,"Melbourne","VIC",31.66,"767ef2b449d8492dae892959115f31a5","CUS-537508723","145.01","-37.91","debit","Thu","08:26:35","08","August"
"3673","authorized","1","ACC-1334819143","145.13","-37.70","SALES-POS","317eb39a-df81-4a76-8ade-8bf0d049657e","Christopher",60620.55,2018-08-30 07:00:00,"M",33,"Wantirna South","VIC",29.06,"b69a37fd8fc94d06b61359a7419e24c4","CUS-3117610635","145.23","-37.88","debit","Thu","08:37:14","08","August"
"3674","authorized","1","ACC-182446574","116.06","-32.00","SALES-POS","c1138a8b-f026-4c0d-9c98-5c40823b0965","Tonya",2676.03,2018-08-30 07:00:00,"F",27,"Wanneroo","WA",25.73,"d453999c51194685ad753aeac7274f5d","CUS-3026014945","115.81","-31.78","debit","Thu","08:47:52","08","August"
"3675","authorized","1","ACC-3485804958","138.52","-35.01","POS","30dd6f5a-4a03-4d90-ac48-cdc92136900b","Jessica",21691.61,2018-08-30 07:00:00,"F",34,"Berry","NSW",59,"eafaa8d46cff495393a8601ebcc92c6e","CUS-1196156254","150.7","-34.78","debit","Thu","08:58:30","08","August"
"3676","posted",NA,"ACC-3485804958","138.52","-35.01","PAYMENT",NA,"Jessica",21664.61,2018-08-30 07:00:00,"F",34,NA,NA,27,"fd7a14ad17874901b6224d22544d913b","CUS-1196156254",NA,NA,"debit","Thu","09:00:00","09","August"
"3677","posted",NA,"ACC-1516130869","130.84","-12.45","INTER BANK",NA,"Jessica",3505.05,2018-08-30 07:00:00,"F",21,NA,NA,39,"9be66dcaa1e245f6a99d3ca71794906a","CUS-325142416",NA,NA,"debit","Thu","09:00:00","09","August"
"3678","authorized","1","ACC-4258502723","145.45","-37.74","SALES-POS","d9161ca9-1671-48ff-a78e-b3ed332d1950","Kimberly",2285.91,2018-08-30 07:00:00,"F",24,"Saint Kilda","VIC",7.68,"bfeace97d616437cada5054a7891c3bf","CUS-3378712515","144.98","-37.86","debit","Thu","09:05:14","09","August"
"3679","authorized","1","ACC-37709441","153.41","-28.01","POS","0a8608b7-efba-401b-b675-e17c4a802ba4","Charles",6892.66,2018-08-30 07:00:00,"M",18,"Broadbeach","QLD",9.73,"cdc87f94dc70414d919bd57f8a89828b","CUS-3336454548","153.43","-28.03","debit","Thu","09:11:20","09","August"
"3680","authorized","1","ACC-3536132544","144.93","-37.79","POS","29f0b89e-fba1-4e6d-8104-f13078787ede","Heather",2773.11,2018-08-30 07:00:00,"F",41,"Mount Gambier","SA",15.53,"77e5860af77d4f5d9c06ed2b3d596204","CUS-2348881191","140.78","-37.83","debit","Thu","09:17:26","09","August"
"3681","authorized","1","ACC-2650850707","148.16","-23.52","SALES-POS","25c15dab-30e0-4df3-bcb1-85b76bb7ec2b","Brian",107130.36,2018-08-30 07:00:00,"M",42,"Gracemere","QLD",41.51,"426d8b14a0184f039290cd6ee751c0eb","CUS-2819545904","150.45","-23.46","debit","Thu","09:23:32","09","August"
"3682","authorized","1","ACC-182446574","116.06","-32.00","POS","a97f43c9-3ba8-4050-8242-63c80574c1af","Tonya",2589.4,2018-08-30 07:00:00,"F",27,"Claremont","WA",86.63,"7a31a21e0d0648f49626bf7c58c2d3d5","CUS-3026014945","115.78","-31.98","debit","Thu","09:29:38","09","August"
"3683","authorized","0","ACC-958000567","130.90","-12.37","SALES-POS","b4ef8c0b-d288-4542-8be9-c310d56e2dff","Sandra",4729.71,2018-08-30 07:00:00,"F",34,"Howard Springs","NT",125.24,"1d598f8eb14e40c0a07da0109a9e9e41","CUS-4142663097","131.04","-12.5","debit","Thu","09:35:43","09","August"
"3684","authorized","0","ACC-1334819143","145.13","-37.70","POS","c6299974-d50a-4eea-8b23-a567df6e28ed","Christopher",60598.72,2018-08-30 07:00:00,"M",33,"Carlton","VIC",21.83,"e53b3c5c13e541959025fc93faacafbd","CUS-3117610635","144.97","-37.8","debit","Thu","09:41:49","09","August"
"3685","authorized","0","ACC-1199531521","116.02","-31.87","POS","294193ff-d76e-445f-b240-dea59df2caf8","Billy",6483.79,2018-08-30 07:00:00,"M",52,"Broken Hill","NSW",13.96,"0606bc7a6ed24fb6beaaca9a70dc8ac9","CUS-134833760","141.47","-31.94","debit","Thu","09:47:55","09","August"
"3686","authorized","1","ACC-2305712452","138.61","-34.89","POS","3bc7d519-5040-4e67-8530-9b5a69ffc918","Debra",2431.93,2018-08-30 07:00:00,"F",18,"Shoalhaven Heads","NSW",4.85,"45470a1958bb4bd2bbf6388ee8830e5d","CUS-1842679196","150.74","-34.85","debit","Thu","09:54:01","09","August"
"3687","authorized","1","ACC-3485804958","138.52","-35.01","POS","5a3c0cad-eb95-43f2-9d62-c55f9d325ce9","Jessica",21651.58,2018-08-30 07:00:00,"F",34,"North Wagga Wagga","NSW",13.03,"5bd478d164744a59a5d567b8358944b8","CUS-1196156254","147.38","-35.1","debit","Thu","10:00:24","10","August"
"3688","authorized","1","ACC-2270192619","138.56","-35.27","SALES-POS","1f7c911e-b78f-4a8f-9e68-77104639248c","Darren",9089.09,2018-08-30 07:00:00,"M",20,"Adelaide","SA",10.11,"f66e84d1f97147d5a171ca17a37e3767","CUS-2110742437","138.6","-34.92","debit","Thu","10:21:14","10","August"
"3689","authorized","1","ACC-1199531521","116.02","-31.87","SALES-POS","2596ec05-2838-49c6-a444-83548cad42a0","Billy",6459.55,2018-08-30 07:00:00,"M",52,"Myaree","WA",24.24,"9d98bfd7266b4e7e8b9a69ca8eb3652e","CUS-134833760","115.81","-32.05","debit","Thu","10:42:04","10","August"
"3690","posted",NA,"ACC-3541460373","145.00","-37.83","PAYMENT",NA,"Jeffrey",3532.36,2018-08-30 07:00:00,"M",24,NA,NA,41,"b859c3c294924c60b6da09364707727f","CUS-1433879684",NA,NA,"debit","Thu","11:00:00","11","August"
"3691","posted",NA,"ACC-4163822186","149.03","-34.97","PAY/SALARY",NA,"Karen",5990.09,2018-08-30 07:00:00,"F",26,NA,NA,920.71,"27f79cf5f9984310b2c1a9142dc0effd","CUS-2630892467",NA,NA,"credit","Thu","11:00:00","11","August"
"3692","posted",NA,"ACC-1608363396","151.22","-33.87","INTER BANK",NA,"Robert",4477.87,2018-08-30 07:00:00,"M",20,NA,NA,24,"ec0bf1cf1f5b4d87b690bedc7573a620","CUS-2688605418",NA,NA,"debit","Thu","11:00:00","11","August"
"3693","posted",NA,"ACC-3954677887","115.72","-32.28","PAYMENT",NA,"Ruth",3888.37,2018-08-30 07:00:00,"F",47,NA,NA,46,"b4c66c06651b4bc995c732408f6ac21a","CUS-3716701010",NA,NA,"debit","Thu","11:00:00","11","August"
"3694","authorized","1","ACC-3689607373","115.79","-31.79","POS","428f9cbe-9d7a-41b8-af5b-a9fa0cf63866","Virginia",3929.07,2018-08-30 07:00:00,"F",20,"Coorabie","SA",12.46,"f3ec3310f9484bddabb381fe0d350bc6","CUS-127297539","132.23","-31.79","debit","Thu","11:01:13","11","August"
"3695","authorized","1","ACC-966140392","147.08","-37.97","SALES-POS","078398fa-9310-47fa-9946-f04d3f182307","Joseph",2297.48,2018-08-30 07:00:00,"M",21,"Collingwood","VIC",10.19,"b10d927e66e049f285f508feda8bbf43","CUS-537508723","144.99","-37.8","debit","Thu","11:09:54","11","August"
"3696","authorized","1","ACC-90814749","151.68","-32.98","POS","0fab4c47-59e6-4978-a65d-921fc447728f","Christopher",9154.81,2018-08-30 07:00:00,"M",35,"Hinton","NSW",75.31,"b2c7bd69bdb64dd0ba53ecb917c6fdbb","CUS-1896554896","151.65","-32.72","debit","Thu","11:18:36","11","August"
"3697","authorized","1","ACC-966140392","147.08","-37.97","SALES-POS","93d9b4fe-7a24-47fb-a72e-05961625e9a8","Joseph",2287.38,2018-08-30 07:00:00,"M",21,"Maribyrnong","VIC",10.1,"74f271dc3676462db33f8a9ba63fd045","CUS-537508723","144.89","-37.77","debit","Thu","11:27:18","11","August"
"3698","authorized","1","ACC-2890243754","153.32","-27.93","SALES-POS","0a8608b7-efba-401b-b675-e17c4a802ba4","Joseph",2160.55,2018-08-30 07:00:00,"M",37,"Broadbeach","QLD",8.66,"c4f9a5088d9e4bd7b7bae28f7d3d5ea6","CUS-2695611575","153.43","-28.03","debit","Thu","11:35:59","11","August"
"3699","authorized","0","ACC-3689607373","115.79","-31.79","POS","566e20e5-188d-4e5b-b858-4e487730d3da","Virginia",3927.02,2018-08-30 07:00:00,"F",20,"South Bunbury","WA",2.05,"e0e35933d94644908bd2cf6b685f244c","CUS-127297539","115.64","-33.34","debit","Thu","11:44:41","11","August"
"3700","authorized","1","ACC-588564840","151.27","-33.76","SALES-POS","5678dcd2-c857-4297-9387-4a7f677fa5a1","Isaiah",12836.34,2018-08-30 07:00:00,"M",23,"Sydney","NSW",194.4,"36f170716eea4691ab0f519c573f69c4","CUS-1462656821","151.21","-33.87","debit","Thu","11:53:23","11","August"
"3701","posted",NA,"ACC-721712940","145.09","-37.82","PAY/SALARY",NA,"Andrew",53173.8,2018-08-30 07:00:00,"M",78,NA,NA,782.42,"4dc6271b9c3b43cd8c966f207d6a62e9","CUS-1646183815",NA,NA,"credit","Thu","12:00:00","12","August"
"3702","posted",NA,"ACC-3879258709","143.83","-37.66","PHONE BANK",NA,"Natasha",193043,2018-08-30 07:00:00,"F",40,NA,NA,41,"9df14c1972b2419ab1ccd0f5c6a07d85","CUS-527400765",NA,NA,"debit","Thu","12:00:00","12","August"
"3703","posted",NA,"ACC-966140392","147.08","-37.97","PAYMENT",NA,"Joseph",2252.38,2018-08-30 07:00:00,"M",21,NA,NA,35,"4965de38c7cb47b19ec1af98dffa03ac","CUS-537508723",NA,NA,"debit","Thu","12:00:00","12","August"
"3704","authorized","1","ACC-1334819143","145.13","-37.70","POS","0554e4ea-166b-4f1d-9515-53ef3c3980f4","Christopher",60545.28,2018-08-30 07:00:00,"M",33,"Sherbrooke","VIC",53.44,"d2a713f7ef8c4d9da2390844ba215af8","CUS-3117610635","145.36","-37.88","debit","Thu","12:04:17","12","August"
"3705","authorized","1","ACC-182446574","116.06","-32.00","POS","dd3d267a-e825-412c-b49b-650cd341f6f1","Tonya",2579.43,2018-08-30 07:00:00,"F",27,"Canning Vale","WA",9.97,"87a531ffd16d45228b3338c4840c2c21","CUS-3026014945","115.92","-32.09","debit","Thu","12:22:08","12","August"
"3706","authorized","1","ACC-3541460373","145.00","-37.83","POS","9148f42a-c5b8-487d-8f5a-a38264d30552","Jeffrey",3423.34,2018-08-30 07:00:00,"M",24,"Melbourne","VIC",109.02,"7963ca2d8a604a13a6188603430111fe","CUS-1433879684","144.97","-37.82","debit","Thu","12:39:59","12","August"
"3707","authorized","0","ACC-1334819143","145.13","-37.70","POS","ff0d46d6-c939-474e-8a08-6974387a4ed9","Christopher",60519.11,2018-08-30 07:00:00,"M",33,"Sunshine","VIC",26.17,"fc5e6e94008947dd8568a58f09ccac80","CUS-3117610635","144.83","-37.78","debit","Thu","12:57:51","12","August"
"3708","posted",NA,"ACC-2107684084","145.03","-37.88","PAY/SALARY",NA,"Richard",6210.42,2018-08-30 07:00:00,"M",22,NA,NA,2218.73,"2c23a95a384b447cb209722a2274dfe4","CUS-2283904812",NA,NA,"credit","Thu","13:00:00","13","August"
"3709","posted",NA,"ACC-4274272854","145.23","-37.86","PAYMENT",NA,"Timothy",5261.91,2018-08-30 07:00:00,"M",20,NA,NA,15,"9cf6bac786c04e84b26e3f922fbbc508","CUS-2484453271",NA,NA,"debit","Thu","13:00:00","13","August"
"3710","authorized","1","ACC-1279356312","144.79","-37.73","POS","f4ae589f-2e4c-4329-acec-19a947c4c73b","Tyler",5612.81,2018-08-30 07:00:00,"M",44,"Bacchus Marsh","VIC",16.49,"127082352c0546ce8b6744d5eafaa495","CUS-1892177589","144.44","-37.68","debit","Thu","13:16:55","13","August"
"3711","authorized","1","ACC-3541460373","145.00","-37.83","SALES-POS","fd372897-1e23-436a-9a72-92a685570e3f","Jeffrey",3354.02,2018-08-30 07:00:00,"M",24,"Chirnside Park","VIC",69.32,"48ceb2095a8c40889fb33d2a9cc92984","CUS-1433879684","145.3","-37.76","debit","Thu","13:36:09","13","August"
"3712","authorized","1","ACC-240804743","121.48","-30.75","SALES-POS","e28c426d-cbef-4e2d-aa06-1ba0b6b1902f","Kenneth",7596.19,2018-08-30 07:00:00,"M",29,"Boggabri","NSW",16.27,"71679ffbd59940e2be1927b300f7fc55","CUS-261674136","150.04","-30.7","debit","Thu","13:55:23","13","August"
"3713","posted",NA,"ACC-1349834573","145.17","-37.84","PAYMENT",NA,"Matthew",10569.36,2018-08-30 07:00:00,"M",39,NA,NA,60,"ca66f5cc4d614f408264595bf8b0b29f","CUS-1790886359",NA,NA,"debit","Thu","14:00:00","14","August"
"3714","posted",NA,"ACC-1903037542","153.05","-27.61","PAY/SALARY",NA,"Jeffrey",3362.02,2018-08-30 07:00:00,"M",30,NA,NA,1808.62,"d4ce31e0f08f434489eef2d277b5123b","CUS-860700529",NA,NA,"credit","Thu","14:00:00","14","August"
"3715","authorized","0","ACC-1279356312","144.79","-37.73","SALES-POS","08fa85a5-f949-47b2-9fd6-8fe2a7119e36","Tyler",5602.69,2018-08-30 07:00:00,"M",44,"Hay","NSW",10.12,"306037f360094962881739e93b850150","CUS-1892177589","144.84","-34.5","debit","Thu","14:07:22","14","August"
"3716","authorized","1","ACC-2673069055","152.99","-27.49","POS","3ce9c136-7b37-4255-91f2-bab26d1d4baf","Richard",15672.85,2018-08-30 07:00:00,"M",24,"Pullenvale","QLD",11.04,"c5f522c1a4154a45a1e63136a46706c5","CUS-51506836","152.91","-27.53","debit","Thu","14:17:05","14","August"
"3717","authorized","1","ACC-3689607373","115.79","-31.79","POS","e23c0ecf-8e9c-4b05-8ff9-b8d1e70fe08a","Virginia",3909.27,2018-08-30 07:00:00,"F",20,"Mirrabooka","WA",17.75,"98b4b3ad9fe24c4b9de89a0d2bae13a7","CUS-127297539","115.86","-31.87","debit","Thu","14:26:47","14","August"
"3718","authorized","0","ACC-958000567","130.90","-12.37","POS","61334d6d-b25d-4c6c-9145-029b9a988c70","Sandra",4714.59,2018-08-30 07:00:00,"F",34,"Palmerston City","NT",15.12,"52413edab17043248f3652d7ffc94214","CUS-4142663097","130.99","-12.48","debit","Thu","14:36:30","14","August"
"3719","authorized","1","ACC-2920611728","144.96","-37.76","SALES-POS","4bf1e62b-6e47-41a0-bee4-70651d0e5c62","Tyler",4965.62,2018-08-30 07:00:00,"M",69,"Melbourne","VIC",39.41,"5fd33869c9f3426db96f6a92ca44bf79","CUS-1388323263","144.96","-37.82","debit","Thu","14:46:12","14","August"
"3720","authorized","1","ACC-3481401842","115.74","-31.72","SALES-POS","61a4d6c9-f47c-4f10-984c-024c578d6af0","Tiffany",3081.05,2018-08-30 07:00:00,"F",25,"Success","WA",9.13,"57f69df79c1d4400b0bac793f84073b4","CUS-1669695324","115.86","-32.13","debit","Thu","14:55:55","14","August"
"3721","posted",NA,"ACC-2988263882","145.18","-37.90","PAY/SALARY",NA,"Michael",4366.17,2018-08-30 07:00:00,"M",44,NA,NA,596.33,"f66c22b581c742c78b1731ab15dddae8","CUS-1233833708",NA,NA,"credit","Thu","15:00:00","15","August"
"3722","posted",NA,"ACC-1037050564","153.10","-27.66","PAYMENT",NA,"Rhonda",2888.87,2018-08-30 07:00:00,"F",40,NA,NA,33,"d94d455b88fe4211b974b2b347105ac3","CUS-1614226872",NA,NA,"debit","Thu","15:00:00","15","August"
"3723","posted",NA,"ACC-2970114956","144.89","-37.69","PAY/SALARY",NA,"Robert",8039.71,2018-08-30 07:00:00,"M",26,NA,NA,1433.98,"615cd11c8e4a4edca03ae00c88176bea","CUS-880898248",NA,NA,"credit","Thu","15:00:00","15","August"
"3724","authorized","0","ACC-1222300524","151.23","-33.94","SALES-POS","4c7213c1-8e71-4c8a-917f-cea08a5cf4db","Michael",2214.8,2018-08-30 07:00:00,"M",38,"Lurnea","NSW",27.35,"8fbc2ea160364e93a08e8d5d8854033b","CUS-2142601169","150.9","-33.93","debit","Thu","15:03:04","15","August"
"3725","authorized","1","ACC-4258502723","145.45","-37.74","SALES-POS","6d447101-22cf-4181-894d-2dc37dccabf9","Kimberly",2250.84,2018-08-30 07:00:00,"F",24,"Melbourne Airport","VIC",35.07,"071f6268f6144c80b69b815a636e72e6","CUS-3378712515","144.84","-37.67","debit","Thu","15:08:21","15","August"
"3726","authorized","0","ACC-211792489","138.63","-34.93","POS","cb51887f-7267-4e74-8c5f-d170cedfe943","Jacqueline",6502.56,2018-08-30 07:00:00,"F",30,"Campbelltown","SA",15.2,"51f6b2d77a3d4e91bb00c38d0af12ff9","CUS-497688347","138.66","-34.88","debit","Thu","15:13:39","15","August"
"3727","authorized","1","ACC-3485804958","138.52","-35.01","SALES-POS","5b939344-c418-4b64-ace2-2087565e4dd2","Jessica",21644.17,2018-08-30 07:00:00,"F",34,"Rosewater","SA",7.41,"741e37ebed4e4d38b0a0d01b06132269","CUS-1196156254","138.53","-34.85","debit","Thu","15:18:56","15","August"
"3728","authorized","1","ACC-588564840","151.27","-33.76","SALES-POS","0b4f8b86-7164-4f05-9745-554d900ecaf9","Isaiah",12687.58,2018-08-30 07:00:00,"M",23,"Alexandria","NSW",148.76,"6a40ea14cf4a4eeda88b66e749c3218c","CUS-1462656821","151.2","-33.91","debit","Thu","15:24:13","15","August"
"3729","authorized","1","ACC-2673069055","152.99","-27.49","POS","8a0fab50-4efb-41e2-a569-29346eb6c9de","Richard",15658.11,2018-08-30 07:00:00,"M",24,"Granville","NSW",14.74,"1b102cbd7cf24d02a6dd19a97596ed2f","CUS-51506836","151","-33.83","debit","Thu","15:29:31","15","August"
"3730","authorized","1","ACC-1222300524","151.23","-33.94","SALES-POS","658fbab9-3626-4516-9ad0-d4fc2e7eafbc","Michael",2210.63,2018-08-30 07:00:00,"M",38,"Punchbowl","NSW",4.17,"83d9d4b9d63b42f39cd5c59e2d469327","CUS-2142601169","151.04","-33.93","debit","Thu","15:34:48","15","August"
"3731","authorized","1","ACC-1222300524","151.23","-33.94","POS","abe64210-3df3-4615-83d7-5cc2c28964d6","Michael",2197.34,2018-08-30 07:00:00,"M",38,"Ultimo","NSW",13.29,"b466499527744863bd4ecd461c3acbdf","CUS-2142601169","151.2","-33.88","debit","Thu","15:40:06","15","August"
"3732","authorized","0","ACC-37709441","153.41","-28.01","SALES-POS","9ddc1fae-1d52-4ecf-a212-a7f9c950b963","Charles",6880.8,2018-08-30 07:00:00,"M",18,"Robina","QLD",11.86,"249fb572f9014d0d805f363e42e079d9","CUS-3336454548","153.39","-28.08","debit","Thu","15:45:23","15","August"
"3733","authorized","1","ACC-182446574","116.06","-32.00","POS","de9e8d67-1e9e-4964-8b10-c2b4f65135b1","Tonya",2565.91,2018-08-30 07:00:00,"F",27,"Ceduna","SA",13.52,"398ce12c27954d8ab83be6aac1c20ccd","CUS-3026014945","133.68","-32.13","debit","Thu","15:50:41","15","August"
"3734","authorized","1","ACC-2673069055","152.99","-27.49","SALES-POS","236861a5-af94-42a9-aefc-660f30e395fa","Richard",15646.46,2018-08-30 07:00:00,"M",24,"Port Macquarie","NSW",11.65,"414a5beb42594d7ba711e4c281e48c51","CUS-51506836","152.89","-31.44","debit","Thu","15:55:58","15","August"
"3735","posted",NA,"ACC-414431115","142.77","-37.06","PAY/SALARY",NA,"Amy",2907.3,2018-08-30 07:00:00,"F",43,NA,NA,1630.36,"3008b3e4f7f24c968581f3145a388676","CUS-2599279756",NA,NA,"credit","Thu","16:00:00","16","August"
"3736","posted",NA,"ACC-3881031190","149.19","-21.15","PAY/SALARY",NA,"Richard",4147.84,2018-08-30 07:00:00,"M",37,NA,NA,916.75,"dc2294ace86a47baa74dbf87f0ede740","CUS-3201519139",NA,NA,"credit","Thu","16:00:00","16","August"
"3737","authorized","1","ACC-2528867619","138.58","-34.96","POS","8f49e7a9-c5ca-4c7a-81dc-911ec5e52ba6","Abigail",6585.86,2018-08-30 07:00:00,"F",40,"Ringwood","VIC",33.88,"c92b19ddce8743eab39cfd254cdb9a63","CUS-2505971401","145.15","-37.71","debit","Thu","16:02:10","16","August"
"3738","authorized","1","ACC-1222300524","151.23","-33.94","SALES-POS","6f483fb2-c860-4d75-8c48-846fd9ce5500","Michael",2175,2018-08-30 07:00:00,"M",38,"Emu Plains","NSW",22.34,"90de06607ab2415d88202218dbb8441c","CUS-2142601169","150.66","-33.75","debit","Thu","16:11:16","16","August"
"3739","authorized","0","ACC-1516130869","130.84","-12.45","POS","6f931528-3e0b-454b-ab7c-898c916b33a2","Jessica",3478.44,2018-08-30 07:00:00,"F",21,"Parap","NT",26.61,"f47c51aae6e14625bd6381c77094981d","CUS-325142416","130.84","-12.43","debit","Thu","16:20:21","16","August"
"3740","authorized","1","ACC-182446574","116.06","-32.00","POS","84812265-9b6e-4c7c-a438-d89ce74c9e61","Tonya",2563.12,2018-08-30 07:00:00,"F",27,"Black Head","NSW",2.79,"c8a56a26b1e741d48fdb4affb54bbccd","CUS-3026014945","152.54","-32.08","debit","Thu","16:29:27","16","August"
"3741","authorized","0","ACC-1279356312","144.79","-37.73","SALES-POS","414aa9fd-4062-4963-accd-2079ef2a93af","Tyler",5584.54,2018-08-30 07:00:00,"M",44,"Airport West","VIC",18.15,"27148b054c514ae7a89acbadbeeae04b","CUS-1892177589","144.89","-37.71","debit","Thu","16:38:32","16","August"
"3742","authorized","1","ACC-3689607373","115.79","-31.79","POS","14efaca9-7c78-4318-94e9-45f0415e1073","Virginia",3861.04,2018-08-30 07:00:00,"F",20,"Karrinyup","WA",48.23,"f28394631ad74445bd77df63a3eaa151","CUS-127297539","115.78","-31.88","debit","Thu","16:47:38","16","August"
"3743","authorized","1","ACC-182446574","116.06","-32.00","SALES-POS","89642d1f-df43-46dc-81ba-b443a1ee32ea","Tonya",2552.06,2018-08-30 07:00:00,"F",27,"Perth","WA",11.06,"b5faedcfa489475c8b786195a569b4f6","CUS-3026014945","115.85","-31.95","debit","Thu","16:56:43","16","August"
"3744","posted",NA,"ACC-1279356312","144.79","-37.73","PAYMENT",NA,"Tyler",5550.44,2018-08-30 07:00:00,"M",44,NA,NA,15,"113243cfcbf24286b7945c8e4c046343","CUS-1892177589",NA,NA,"debit","Thu","17:00:00","17","August"
"3745","posted",NA,"ACC-2173390920","144.71","-37.58","PAYMENT",NA,"Luis",4164.28,2018-08-30 07:00:00,"M",27,NA,NA,29,"db065db8c5fb49d5bcfb99ce542a01e4","CUS-3180318393",NA,NA,"debit","Thu","17:00:00","17","August"
"3746","posted",NA,"ACC-1056639002","145.03","-37.91","PAY/SALARY",NA,"Michael",45948.47,2018-08-30 07:00:00,"M",22,NA,NA,3195.01,"fa43714cbbef4af5bacd95f4762d8ff2","CUS-3462882033",NA,NA,"credit","Thu","17:00:00","17","August"
"3747","posted",NA,"ACC-958000567","130.90","-12.37","PAYMENT",NA,"Sandra",4677.59,2018-08-30 07:00:00,"F",34,NA,NA,37,"2a63ef9b09db42da8dfa3f7e81fda4d5","CUS-4142663097",NA,NA,"debit","Thu","17:00:00","17","August"
"3748","posted",NA,"ACC-53508546","150.62","-33.76","PAY/SALARY",NA,"Kimberly",3312.68,2018-08-30 07:00:00,"F",35,NA,NA,725.32,"2f11cd8a1b6b426caa5075921ff6c6dd","CUS-72755508",NA,NA,"credit","Thu","17:00:00","17","August"
"3749","authorized","1","ACC-1222300524","151.23","-33.94","SALES-POS","3075b265-3b29-4d54-a38e-c379113f73bf","Michael",2082.12,2018-08-30 07:00:00,"M",38,"Balingup","WA",92.88,"1f3dcc274d3944e5939f41499416a3b3","CUS-2142601169","115.97","-33.79","debit","Thu","17:07:31","17","August"
"3750","authorized","1","ACC-1222300524","151.23","-33.94","POS","134b1580-cc99-4261-992d-8aef5b5b1375","Michael",2072.55,2018-08-30 07:00:00,"M",38,"Westmead","NSW",9.57,"35d21ae2ed334b7481b106eeb1b48cf1","CUS-2142601169","150.99","-33.81","debit","Thu","17:19:17","17","August"
"3751","authorized","0","ACC-2673069055","152.99","-27.49","POS","88a0c51d-a601-4cef-afff-05a07a47343e","Richard",15515.16,2018-08-30 07:00:00,"M",24,"Karana Downs","QLD",131.3,"25100684d9e44876b96032f4d36aee94","CUS-51506836","152.82","-27.55","debit","Thu","17:31:03","17","August"
"3752","authorized","1","ACC-240804743","121.48","-30.75","SALES-POS","40f16a84-480f-47a5-bd17-16aecfb896cb","Kenneth",7587.3,2018-08-30 07:00:00,"M",29,"Hannans","WA",8.89,"bae05eb9c4b947bca8fd8e8cb761e94b","CUS-261674136","121.45","-30.73","debit","Thu","17:42:49","17","August"
"3753","authorized","0","ACC-1279356312","144.79","-37.73","POS","6f47afe3-a2b1-4022-bc74-0d6caf24db02","Tyler",5565.44,2018-08-30 07:00:00,"M",44,"Wantirna South","VIC",19.1,"af5530d99d39482dbe91c8df2cdab277","CUS-1892177589","145.24","-37.86","debit","Thu","17:54:35","17","August"
"3754","posted",NA,"ACC-588564840","151.27","-33.76","PAYMENT",NA,"Isaiah",12646.58,2018-08-30 07:00:00,"M",23,NA,NA,41,"ae58e431ce204233a94d5824f4dd43ee","CUS-1462656821",NA,NA,"debit","Thu","18:00:00","18","August"
"3755","posted",NA,"ACC-1683215619","138.67","-34.86","PAYMENT",NA,"Barry",4562.48,2018-08-30 07:00:00,"M",38,NA,NA,49,"f083e4622f4d4cfabd371baaa4748001","CUS-1604596597",NA,NA,"debit","Thu","18:00:00","18","August"
"3756","posted",NA,"ACC-3879258709","143.83","-37.66","PAYMENT",NA,"Natasha",193022,2018-08-30 07:00:00,"F",40,NA,NA,21,"aa32867a674047fab62c497d22446975","CUS-527400765",NA,NA,"debit","Thu","18:00:00","18","August"
"3757","authorized","1","ACC-1279356312","144.79","-37.73","POS","8b0785bf-16f2-42ec-a11b-e5c7538045da","Tyler",5526.45,2018-08-30 07:00:00,"M",44,"Werribee","VIC",23.99,"90fe33d7c80144728e29aaa271d50668","CUS-1892177589","144.66","-37.9","debit","Thu","18:12:33","18","August"
"3758","authorized","1","ACC-1973887809","115.78","-31.90","POS","8caf462b-ee93-48b6-b57e-865cc10f3a18","Antonio",3859.5,2018-08-30 07:00:00,"M",26,"Clarkson","WA",49.24,"d9571a76d16042fdb92f689e26e2e21f","CUS-1646621553","115.72","-31.69","debit","Thu","18:35:48","18","August"
"3759","authorized","1","ACC-1516130869","130.84","-12.45","POS","5689d17d-5202-4ad5-9333-2505f051c5dd","Jessica",2823.49,2018-08-30 07:00:00,"F",21,"Parap","NT",654.95,"63b8d6af76a44e1c96a2aabdfec99632","CUS-325142416","130.84","-12.44","debit","Thu","18:59:04","18","August"
"3760","posted",NA,"ACC-1222300524","151.23","-33.94","PAYMENT",NA,"Michael",2022.55,2018-08-30 07:00:00,"M",38,NA,NA,50,"b8c8649704f740a1a800028b020ff18e","CUS-2142601169",NA,NA,"debit","Thu","19:00:00","19","August"
"3761","posted",NA,"ACC-2014856841","144.99","-37.90","PAYMENT",NA,"Patrick",262038.86,2018-08-30 07:00:00,"M",46,NA,NA,50,"11a39608f74144e18232809b4b4a1078","CUS-2370108457",NA,NA,"debit","Thu","19:00:00","19","August"
"3762","authorized","1","ACC-854938045","147.63","-22.84","SALES-POS","39057114-0e63-476e-9877-dea209de407d","James",10035.06,2018-08-30 07:00:00,"M",28,"Trundle","NSW",82.08,"057d5ecf5dba47058b0c8482b13e5055","CUS-4023861240","147.71","-32.92","debit","Thu","19:09:19","19","August"
"3763","authorized","1","ACC-3954677887","115.72","-32.28","POS","da3deefd-e453-4ba6-9d32-54edf2dfd93d","Ruth",3851.91,2018-08-30 07:00:00,"F",47,"Docklands","VIC",36.46,"f23676c58b5d4a8fa6064657658f6a55","CUS-3716701010","144.95","-37.82","debit","Thu","19:19:01","19","August"
"3764","authorized","1","ACC-1443681913","150.92","-33.77","SALES-POS","0afff570-e732-4d08-9933-416d7a72cb62","Ryan",3064.91,2018-08-30 07:00:00,"M",31,"Chatswood","NSW",10.93,"25d712a3d92b44b986208653fe29fca6","CUS-3129499595","151.19","-33.79","debit","Thu","19:28:44","19","August"
"3765","authorized","1","ACC-3954677887","115.72","-32.28","SALES-POS","a2074a5f-2cc1-4dae-af9a-4fd4b6151d24","Ruth",3793.37,2018-08-30 07:00:00,"F",47,"Port Augusta West","SA",58.54,"d37f1a5e7a8a427e8365f03f56a6106e","CUS-3716701010","137.76","-32.48","debit","Thu","19:38:26","19","August"
"3766","authorized","0","ACC-4065652575","115.81","-31.82","POS","5ffb8a54-eab8-4a36-8703-badd60d3e783","Lucas",7891.28,2018-08-30 07:00:00,"M",21,"Hillarys","WA",37.41,"59fab504286446ed9d0256f85308184d","CUS-1117979751","115.74","-31.82","debit","Thu","19:48:09","19","August"
"3767","authorized","1","ACC-2249586092","115.98","-32.07","SALES-POS","1eae0e40-42e0-44c8-9c71-8dad9d2f8d59","Edward",6547.85,2018-08-30 07:00:00,"M",19,"Spearwood","WA",3.14,"10b5fec6a99440c3bbf145a9cf474847","CUS-443776336","115.78","-32.11","debit","Thu","19:57:51","19","August"
"3768","posted",NA,"ACC-1279356312","144.79","-37.73","PAYMENT",NA,"Tyler",5485.45,2018-08-30 07:00:00,"M",44,NA,NA,41,"15ce0c3ebe524a0a9835d56b8001ef2b","CUS-1892177589",NA,NA,"debit","Thu","20:00:00","20","August"
"3769","authorized","1","ACC-53508546","150.62","-33.76","SALES-POS","68d2fed9-2a8f-4d14-ac52-51e1afdacbc5","Kimberly",3272.39,2018-08-30 07:00:00,"F",35,"Wentworthville","NSW",40.29,"d77c41a4722c40e2925cb6cf2d51865f","CUS-72755508","150.97","-33.81","debit","Thu","20:13:41","20","August"
"3770","authorized","1","ACC-3541460373","145.00","-37.83","SALES-POS","bb32264f-eb69-4761-9d4a-9a7e6217496a","Jeffrey",3317.47,2018-08-30 07:00:00,"M",24,"Hampton","VIC",36.55,"a9fd7e68795847838785e32f9566437d","CUS-1433879684","145","-37.94","debit","Thu","20:31:13","20","August"
"3771","authorized","1","ACC-3741880913","150.50","-23.40","SALES-POS","46336324-57b4-4cf9-98c0-b74a4097c717","Ashley",5989.04,2018-08-30 07:00:00,"F",25,"Biloela","QLD",14.18,"f997022d37e34640b0c1c6545863fd44","CUS-1220154422","150.51","-24.4","debit","Thu","20:48:46","20","August"
"3772","posted",NA,"ACC-854938045","147.63","-22.84","PHONE BANK",NA,"James",9940.93,2018-08-30 07:00:00,"M",28,NA,NA,58,"fd6dd33e3e8f43418ce8dcc576dcf7b7","CUS-4023861240",NA,NA,"debit","Thu","21:00:00","21","August"
"3773","authorized","1","ACC-4258502723","145.45","-37.74","POS","014b2838-7331-4874-b792-9092327d96a2","Kimberly",2233.85,2018-08-30 07:00:00,"F",24,"Melbourne","VIC",16.99,"6c3cdb520c9c4b9fbcaff932be0cf441","CUS-3378712515","144.96","-37.82","debit","Thu","21:04:33","21","August"
"3774","authorized","1","ACC-1199531521","116.02","-31.87","POS","641b16cf-f933-45da-a71b-c4565a2aa4e9","Billy",6425.54,2018-08-30 07:00:00,"M",52,"Balcatta","WA",34.01,"694697a8b46d4504afa62c1f9297eecd","CUS-134833760","115.83","-31.87","debit","Thu","21:17:12","21","August"
"3775","authorized","1","ACC-854938045","147.63","-22.84","POS","3367da74-aa94-4f49-83a1-263705e30e83","James",9998.93,2018-08-30 07:00:00,"M",28,"Tieri","QLD",36.13,"980f648b48e44d17b0ad296c18953059","CUS-4023861240","148.35","-23.04","debit","Thu","21:29:52","21","August"
"3776","authorized","0","ACC-1199531521","116.02","-31.87","POS","a9d29a36-f712-4595-b775-2514f47c5917","Billy",6398.29,2018-08-30 07:00:00,"M",52,"Booragoon","WA",27.25,"8142fc938368488e94666caa60b3d500","CUS-134833760","115.83","-32.03","debit","Thu","21:42:31","21","August"
"3777","authorized","0","ACC-1222300524","151.23","-33.94","SALES-POS","a992af86-06b6-48e4-a951-ec1ceb529957","Michael",2005.24,2018-08-30 07:00:00,"M",38,"Peakhurst","NSW",17.31,"c971e3dc8c554cd796a7bbc1373125ec","CUS-2142601169","151.06","-33.96","debit","Thu","21:55:11","21","August"
"3778","posted",NA,"ACC-3741880913","150.50","-23.40","PAYMENT",NA,"Ashley",5957.04,2018-08-30 07:00:00,"F",25,NA,NA,32,"0ee3f8cedf854eec84d7ea39af46b210","CUS-1220154422",NA,NA,"debit","Thu","22:00:00","22","August"
"3779","posted",NA,"ACC-90814749","151.68","-32.98","PAYMENT",NA,"Christopher",9118.81,2018-08-30 07:00:00,"M",35,NA,NA,36,"26687223ba8d40a4aa27a7826114e96b","CUS-1896554896",NA,NA,"debit","Thu","22:00:00","22","August"
"3780","posted",NA,"ACC-2265520058","151.27","-33.85","PAYMENT",NA,"Catherine",3339.37,2018-08-30 07:00:00,"F",26,NA,NA,33,"e29913940c9f465bac1307dd080c9bb0","CUS-331942311",NA,NA,"debit","Thu","22:00:00","22","August"
"3781","authorized","1","ACC-4258502723","145.45","-37.74","POS","ea74dd90-6681-4d97-bb41-7bf308fa6388","Kimberly",2216.27,2018-08-30 07:00:00,"F",24,"Brisbane City","QLD",17.58,"9117012730da4eaebf32b18731789c34","CUS-3378712515","153.03","-27.46","debit","Thu","22:11:41","22","August"
"3782","authorized","1","ACC-3485804958","138.52","-35.01","POS","c5e7e0b4-e42b-49fc-a869-4e36bb42bf7c","Jessica",21562.11,2018-08-30 07:00:00,"F",34,"Goodwood","SA",82.06,"3b095425ae864c998e372e3c0357582f","CUS-1196156254","138.6","-34.95","debit","Thu","22:30:33","22","August"
"3783","authorized","1","ACC-37709441","153.41","-28.01","SALES-POS","c8fd614c-ccd6-41aa-ab6b-ea19681818bf","Charles",6849.03,2018-08-30 07:00:00,"M",18,"Upper Coomera","QLD",31.77,"3d0a21f02ea2446d9bde8ad2cae7a359","CUS-3336454548","153.29","-27.9","debit","Thu","22:49:26","22","August"
"3784","posted",NA,"ACC-354106658","151.04","-33.80","PAYMENT",NA,"Christine",7517.76,2018-08-30 07:00:00,"F",39,NA,NA,52,"8c6a9be544db4ba7b1af98ad5b9d0a5f","CUS-2376382098",NA,NA,"debit","Thu","23:00:00","23","August"
"3785","posted",NA,"ACC-3317636250","153.02","-27.66","PAYMENT",NA,"Kenneth",7721.19,2018-08-30 07:00:00,"M",35,NA,NA,1551,"cbee2e46d2d74a1f8dee14034c1d4d73","CUS-2738291516",NA,NA,"debit","Thu","23:00:00","23","August"
"3786","posted",NA,"ACC-1334819143","145.13","-37.70","INTER BANK",NA,"Christopher",60460.11,2018-08-30 07:00:00,"M",33,NA,NA,59,"c42258b1bc374ac3a7fbcd5d95e890ce","CUS-3117610635",NA,NA,"debit","Thu","23:00:00","23","August"
"3787","authorized","1","ACC-854938045","147.63","-22.84","SALES-POS","31f0219e-ba45-44bc-b9b6-9f6e9d60e67d","James",9855.12,2018-08-30 07:00:00,"M",28,"Albion","VIC",85.81,"c7d93dbbd806480a92ceb5b23f1d8129","CUS-4023861240","144.82","-37.78","debit","Thu","23:07:12","23","August"
"3788","authorized","1","ACC-2249586092","115.98","-32.07","SALES-POS","2e022ece-4bcb-4390-8f00-cc29b633af3f","Edward",6540.36,2018-08-30 07:00:00,"M",19,"Balcatta","WA",7.49,"3152bbb5e13f410296e8821bba331000","CUS-443776336","115.83","-31.87","debit","Thu","23:23:36","23","August"
"3789","authorized","0","ACC-1222300524","151.23","-33.94","POS","1e48b1a9-5fe2-408f-92f2-1b0406edb2c8","Michael",2001.99,2018-08-30 07:00:00,"M",38,"Mortdale","NSW",3.25,"2ac6a76a7550494eaec0fa87d1f33b91","CUS-2142601169","151.08","-33.97","debit","Thu","23:39:59","23","August"
"3790","authorized","0","ACC-2249586092","115.98","-32.07","SALES-POS","294193ff-d76e-445f-b240-dea59df2caf8","Edward",6534.18,2018-08-30 07:00:00,"M",19,"Broken Hill","NSW",6.18,"d868e30df2bb4cacaa818baf515ff147","CUS-443776336","141.47","-31.94","debit","Thu","23:56:23","23","August"
"3791","authorized","1","ACC-2897221629","150.90","-34.37","SALES-POS","51c6ffc4-622f-48c2-a82a-5787cdff3d63","Scott",2927.44,2018-08-31 07:00:00,"M",23,"Silverwater","NSW",47.4,"d69c902305f14bf98a018276ba0cb066","CUS-511326734","151.05","-33.83","debit","Fri","00:32:29","00","August"
"3792","authorized","0","ACC-1598451071","153.41","-27.95","POS","978b4966-1922-4d31-91cb-ca658ab3f969","Diana",1619.64,2018-08-31 07:00:00,"F",26,"Ocean Shores","NSW",7.56,"ae89cb26840c4e92ae2bc8ec424eb2d0","CUS-2487424745","153.54","-28.52","debit","Fri","01:05:51","01","August"
"3793","authorized","0","ACC-1890605467","143.88","-37.66","POS","9abc6dfb-5e63-40fb-8852-4eaebe967c80","Alexander",11537.37,2018-08-31 07:00:00,"M",38,"Fitzroy North","VIC",22.86,"64da74c314044fa5a9773e9e704c0097","CUS-1478398256","144.98","-37.78","debit","Fri","01:23:06","01","August"
"3794","authorized","0","ACC-4258502723","145.45","-37.74","POS","dd2f7c66-f3f9-4b71-bde3-3f86cbef3b12","Kimberly",2185.9,2018-08-31 07:00:00,"F",24,"Melbourne","VIC",30.37,"2c2bc8ac45fd4cbaac31d226f314925f","CUS-3378712515","144.96","-37.82","debit","Fri","01:40:20","01","August"
"3795","authorized","1","ACC-1222300524","151.23","-33.94","POS","31dfa493-202d-4c6f-93c6-a4722c1fc92f","Michael",1951.1,2018-08-31 07:00:00,"M",38,"Sydney","NSW",50.89,"364a88067bfb44a3947e46e9c54b26df","CUS-2142601169","151.2","-33.87","debit","Fri","01:57:35","01","August"
"3796","posted",NA,"ACC-1516130869","130.84","-12.45","INTER BANK",NA,"Jessica",1271.49,2018-08-31 07:00:00,"F",21,NA,NA,1552,"f4772436ce1947ae867d6795cccf5b33","CUS-325142416",NA,NA,"debit","Fri","02:00:00","02","August"
"3797","authorized","1","ACC-1279356312","144.79","-37.73","POS","7a356389-e911-4f7f-815a-9fed89acaf2e","Tyler",5478.84,2018-08-31 07:00:00,"M",44,"Melbourne","VIC",6.61,"a68ce4927e924b7f98856c309a592905","CUS-1892177589","144.96","-37.82","debit","Fri","02:22:03","02","August"
"3798","authorized","1","ACC-1279356312","144.79","-37.73","SALES-POS","7a5cb7fa-bc0f-45ce-80d8-d01f316ec58e","Tyler",5450.18,2018-08-31 07:00:00,"M",44,"Sorrento","VIC",28.66,"ac8fb63c0783409bacbefb28c2ee5a4a","CUS-1892177589","144.74","-38.34","debit","Fri","02:47:41","02","August"
"3799","posted",NA,"ACC-1683215619","138.67","-34.86","PAYMENT",NA,"Barry",4503.48,2018-08-31 07:00:00,"M",38,NA,NA,59,"498f6951fac74dd29428721b24d8167a","CUS-1604596597",NA,NA,"debit","Fri","03:00:00","03","August"
"3800","posted",NA,"ACC-2673069055","152.99","-27.49","PAYMENT",NA,"Richard",15472.16,2018-08-31 07:00:00,"M",24,NA,NA,43,"5b9b4b6b9aa44e138b0eae7853f38672","CUS-51506836",NA,NA,"debit","Fri","03:00:00","03","August"
"3801","posted",NA,"ACC-1496451953","145.16","-37.84","PAYMENT",NA,"Ricky",8519.44,2018-08-31 07:00:00,"M",43,NA,NA,23,"99bafd4a9eac4efd9bb3cca24132c102","CUS-3142625864",NA,NA,"debit","Fri","04:00:00","04","August"
"3802","posted",NA,"ACC-1710017148","150.82","-34.01","PAYMENT",NA,"Michelle",6801.35,2018-08-31 07:00:00,"F",19,NA,NA,40,"6f03a982d9c841a2b02c1a32a6c7941c","CUS-883482547",NA,NA,"debit","Fri","04:00:00","04","August"
"3803","authorized","1","ACC-2890243754","153.32","-27.93","POS","fa9e019d-037f-4d0e-8c55-29383b059b1f","Joseph",2129.18,2018-08-31 07:00:00,"M",37,"Ashmore","QLD",31.37,"40f0f471a73c4136a11038edc05ce742","CUS-2695611575","153.38","-27.98","debit","Fri","04:05:14","04","August"
"3804","authorized","0","ACC-1443681913","150.92","-33.77","SALES-POS","7b08b478-9639-4ec2-b389-c526887e5615","Ryan",2934.36,2018-08-31 07:00:00,"M",31,"Mascot","NSW",130.55,"d97147c71d23473087112c57b40961be","CUS-3129499595","151.18","-33.93","debit","Fri","04:29:02","04","August"
"3805","authorized","1","ACC-3485804958","138.52","-35.01","SALES-POS","310dc575-0166-4af8-b8c6-a62dab9426e1","Jessica",21551.2,2018-08-31 07:00:00,"F",34,"Kingston","ACT",10.91,"20841ba46da14c61b5a44b6e8f6791ba","CUS-1196156254","149.14","-35.31","debit","Fri","04:52:51","04","August"
"3806","posted",NA,"ACC-3827517394","151.12","-33.89","PAYMENT",NA,"Craig",36452.93,2018-08-31 07:00:00,"M",28,NA,NA,65,"9e37487ec90f47a68fadc7b0d384f6c5","CUS-2663907001",NA,NA,"debit","Fri","05:00:00","05","August"
"3807","posted",NA,"ACC-3941181087","115.79","-31.94","PAYMENT",NA,"Paul",5441.03,2018-08-31 07:00:00,"M",25,NA,NA,28,"a702a78623e842f7814017a1a9302de8","CUS-3989008654",NA,NA,"debit","Fri","06:00:00","06","August"
"3808","posted",NA,"ACC-1990648130","114.62","-28.80","PAYMENT",NA,"Kaitlyn",3055.55,2018-08-31 07:00:00,"F",21,NA,NA,28,"a27972a6807140568a60445f2a381789","CUS-809013380",NA,NA,"debit","Fri","06:00:00","06","August"
"3809","authorized","1","ACC-2920611728","144.96","-37.76","POS","d5b6fb02-8f78-467d-9bb1-2f2bafd8d422","Tyler",4936.17,2018-08-31 07:00:00,"M",69,"The University of Melbourne","VIC",29.45,"b0a90a969d004921a72889314a26d3f6","CUS-1388323263","144.96","-37.8","debit","Fri","06:15:42","06","August"
"3810","posted",NA,"ACC-1496451953","145.16","-37.84","PAYMENT",NA,"Ricky",8502.44,2018-08-31 07:00:00,"M",43,NA,NA,17,"86a995bc50ed4ce3af11dd2e7cf60466","CUS-3142625864",NA,NA,"debit","Fri","07:00:00","07","August"
"3811","authorized","0","ACC-1199531521","116.02","-31.87","POS","dbb1b4e2-04ae-4f77-b40c-7ea9495c7f21","Billy",6390.62,2018-08-31 07:00:00,"M",52,"Westminster","WA",7.67,"de755b39f63645249c0401523b94f68d","CUS-134833760","115.84","-31.87","debit","Fri","07:14:04","07","August"
"3812","authorized","1","ACC-1990648130","114.62","-28.80","POS","a18ccfc9-fc63-45a7-b359-715d1732b712","Kaitlyn",3046.77,2018-08-31 07:00:00,"F",21,"Casino","NSW",8.78,"2ac134a8e581450da7fef6e0ec4d1bf1","CUS-809013380","153.04","-28.87","debit","Fri","07:51:06","07","August"
"3813","authorized","1","ACC-1222300524","151.23","-33.94","POS","68b25786-f854-4deb-9e9b-bc3e11217907","Michael",1943.73,2018-08-31 07:00:00,"M",38,"Westmead","NSW",7.37,"e1e04ae854ff44d8b9d8e3a26224d948","CUS-2142601169","150.99","-33.81","debit","Fri","08:07:35","08","August"
"3814","authorized","1","ACC-211792489","138.63","-34.93","SALES-POS","bcf97b8e-b78f-489d-9703-cb0cfb4b23b9","Jacqueline",6450.97,2018-08-31 07:00:00,"F",30,"Glenside","SA",51.59,"1bbf240e0f9748748a2e8a46107d2b91","CUS-497688347","138.64","-34.94","debit","Fri","08:17:35","08","August"
"3815","authorized","1","ACC-559365433","147.31","-42.88","POS","2b81d172-bc5e-42fb-8569-098eaff5063d","Mary",1797.44,2018-08-31 07:00:00,"F",64,"Warburton","VIC",13.22,"a3f344cd83e54fbbbfcfd76de0c1a62c","CUS-1654129794","145.69","-37.75","debit","Fri","08:27:35","08","August"
"3816","authorized","1","ACC-1516130869","130.84","-12.45","POS","383aeeda-a0da-442e-b018-70389e109700","Jessica",1262.45,2018-08-31 07:00:00,"F",21,"Yarrawonga","NT",9.04,"bc8aaa4cdfc4463abaf707c7f9931366","CUS-325142416","130.98","-12.47","debit","Fri","08:37:35","08","August"
"3817","authorized","1","ACC-1516130869","130.84","-12.45","POS","5ffbbe16-b16b-44fb-94c4-202bd885499e","Jessica",1249.32,2018-08-31 07:00:00,"F",21,"Casuarina","NT",13.13,"862cb634074145a1b3ff81962fbb4df2","CUS-325142416","130.88","-12.38","debit","Fri","08:47:35","08","August"
"3818","authorized","1","ACC-2173390920","144.71","-37.58","POS","d78c4cd3-d6b0-4d6c-a800-2e7def79d9db","Luis",4140.02,2018-08-31 07:00:00,"M",27,"Werribee","VIC",24.26,"52ac3a0d5a924869bbc5a02d1d46ada5","CUS-3180318393","144.66","-37.9","debit","Fri","08:57:35","08","August"
"3819","authorized","1","ACC-2897221629","150.90","-34.37","SALES-POS","0d05f6d3-b8cd-4c32-b997-22cf8eb5019b","Scott",2907.29,2018-08-31 07:00:00,"M",23,"Bulli","NSW",20.15,"1be305f0f35e4c01b67a0597109745e3","CUS-511326734","150.91","-34.34","debit","Fri","09:06:13","09","August"
"3820","authorized","1","ACC-1424176027","151.08","-33.93","POS","3a1a327b-db5e-4db3-bd83-df84d8253096","Donald",3786.23,2018-08-31 07:00:00,"M",22,"Cowell","SA",16.9,"96cce48cb606485ea051cc223d88d617","CUS-3431016847","136.93","-33.68","debit","Fri","09:14:25","09","August"
"3821","authorized","1","ACC-1496451953","145.16","-37.84","SALES-POS","b2064789-cb26-4828-8874-20cf146cba01","Ricky",8474.38,2018-08-31 07:00:00,"M",43,"Prahran","VIC",28.06,"e1265226b51e49fd87d93bb3ddc4706d","CUS-3142625864","145","-37.85","debit","Fri","09:22:37","09","August"
"3822","authorized","1","ACC-2305712452","138.61","-34.89","POS","5f956c3e-cc5f-4860-b4e4-d6a2b3943758","Debra",2408.92,2018-08-31 07:00:00,"F",18,"Bruce","ACT",23.01,"cd2f426caae84b3190468ff8aada8e86","CUS-1842679196","149.08","-35.24","debit","Fri","09:30:49","09","August"
"3823","authorized","1","ACC-3485804958","138.52","-35.01","POS","0b971b7b-6fd6-4abe-819a-9fab9bf75293","Jessica",21525.61,2018-08-31 07:00:00,"F",34,"Narrabundah","ACT",25.59,"5638ff6ffad545708830f8533821f2c7","CUS-1196156254","149.15","-35.34","debit","Fri","09:39:00","09","August"
"3824","authorized","1","ACC-1598451071","153.41","-27.95","POS","d0619380-8617-465a-8dbf-22627a125790","Diana",1610.49,2018-08-31 07:00:00,"F",26,"Elanora","QLD",9.15,"7c6b87bc723e4d919e0ae537c35f54d9","CUS-2487424745","153.45","-28.13","debit","Fri","09:47:12","09","August"
"3825","authorized","1","ACC-2897221629","150.90","-34.37","POS","0cb0d502-bc1d-4405-ad2a-44e856c4ec41","Scott",2896.62,2018-08-31 07:00:00,"M",23,"Crows Nest","NSW",10.67,"12f9cd44e8fe4bfd94cb51360a8f78bc","CUS-511326734","151.2","-33.83","debit","Fri","09:55:24","09","August"
"3826","posted",NA,"ACC-1334819143","145.13","-37.70","PAYMENT",NA,"Christopher",60410.11,2018-08-31 07:00:00,"M",33,NA,NA,50,"c96a3cb7f63d4f0ea6ec298cba9bf747","CUS-3117610635",NA,NA,"debit","Fri","10:00:00","10","August"
"3827","authorized","1","ACC-1598451071","153.41","-27.95","POS","f3720aac-32cc-43ef-a924-9d923af42601","Diana",1601.06,2018-08-31 07:00:00,"F",26,"Tweed Heads South","NSW",9.43,"dbb855c2cdf840a1be5bd63eb97caa5a","CUS-2487424745","153.55","-28.21","debit","Fri","10:08:58","10","August"
"3828","authorized","0","ACC-3100725361","145.73","-17.03","SALES-POS","b8649567-81b9-465e-938b-393ddd20104d","Ronald",328.73,2018-08-31 07:00:00,"M",25,"Upper Burnie","TAS",23.1,"01b413aede9543d0958f88045ff30feb","CUS-2178051368","145.9","-41.07","debit","Fri","10:29:23","10","August"
"3829","authorized","0","ACC-3541460373","145.00","-37.83","SALES-POS","d504059c-aac7-47bd-95f0-d89fa29b3eff","Jeffrey",3305.68,2018-08-31 07:00:00,"M",24,"Ringwood","VIC",11.79,"8d3cb515314744209875933dbdaa2125","CUS-1433879684","145.23","-37.81","debit","Fri","10:49:47","10","August"
"3830","posted",NA,"ACC-1788473090","145.06","-37.95","INTER BANK",NA,"Rachael",3257.22,2018-08-31 07:00:00,"F",21,NA,NA,66,"33e87514af5b4aecbf38e2c16afdfe3b","CUS-134193016",NA,NA,"debit","Fri","11:00:00","11","August"
"3831","posted",NA,"ACC-3536132544","144.93","-37.79","PAYMENT",NA,"Heather",2740.11,2018-08-31 07:00:00,"F",41,NA,NA,33,"f326190d2de34c538ac2bd5ba2f3003f","CUS-2348881191",NA,NA,"debit","Fri","11:00:00","11","August"
"3832","posted",NA,"ACC-414431115","142.77","-37.06","INTER BANK",NA,"Amy",2889.3,2018-08-31 07:00:00,"F",43,NA,NA,18,"4953101aaa5f49649e4ef6cc901a800b","CUS-2599279756",NA,NA,"debit","Fri","11:00:00","11","August"
"3833","posted",NA,"ACC-38923874","151.27","-33.90","PAY/SALARY",NA,"Ryan",36558.24,2018-08-31 07:00:00,"M",38,NA,NA,1880.95,"a7829be099c14536a77ccd456e4c938b","CUS-3249305314",NA,NA,"credit","Fri","11:00:00","11","August"
"3834","authorized","1","ACC-1598451071","153.41","-27.95","SALES-POS","beeb6931-4e16-45cc-a6e0-30c23cf76d55","Diana",1589.81,2018-08-31 07:00:00,"F",26,"Arundel","QLD",11.25,"a3d18b3a00af48b780bcc9dc1a611233","CUS-2487424745","153.35","-27.95","debit","Fri","11:03:56","11","August"
"3835","authorized","0","ACC-4065652575","115.81","-31.82","SALES-POS","ad61874f-6b54-4a56-ab41-4a1ba9b95a24","Lucas",7881.98,2018-08-31 07:00:00,"M",21,"Nedlands","WA",9.3,"bd4f8c76da304afca181de8d1e56984e","CUS-1117979751","115.81","-31.99","debit","Fri","11:11:48","11","August"
"3836","authorized","1","ACC-3771436525","145.04","-37.92","SALES-POS","741b088c-4a16-42a3-b4d6-3b9a5e018613","Derek",2558.14,2018-08-31 07:00:00,"M",20,"Brunswick East","VIC",16.6,"4783fc6636134fdaa4a3273c7d1a62c7","CUS-3325710106","144.97","-37.77","debit","Fri","11:19:41","11","August"
"3837","authorized","1","ACC-1990648130","114.62","-28.80","SALES-POS","d4a36b62-4e26-461b-a18a-bbdb7800b004","Kaitlyn",3035.41,2018-08-31 07:00:00,"F",21,"Perth","WA",11.36,"0f0448d8015a40c085266a0ca4c6834d","CUS-809013380","115.86","-31.96","debit","Fri","11:27:33","11","August"
"3838","authorized","1","ACC-1516130869","130.84","-12.45","POS","63821ef6-be41-48de-872a-fdd5cc4e29ea","Jessica",1236.03,2018-08-31 07:00:00,"F",21,"Yarrawonga","NT",13.29,"0abe4f92062549d0b3a492f9520af95c","CUS-325142416","130.98","-12.47","debit","Fri","11:35:25","11","August"
"3839","authorized","1","ACC-1598451071","153.41","-27.95","POS","6d400acf-6aa9-404f-9cf0-f932559d0c38","Diana",1585.15,2018-08-31 07:00:00,"F",26,"Pimpama","QLD",4.66,"f785acbf2a4a4da98f307973e75c073d","CUS-2487424745","153.32","-27.82","debit","Fri","11:43:18","11","August"
"3840","authorized","1","ACC-3233697971","151.04","-33.77","SALES-POS","05494f88-46bb-4e8f-a3c1-e9e98d7b7c5f","Robin",4707.48,2018-08-31 07:00:00,"F",34,"Katanning","WA",17.48,"9d9b13ce36de4d59ab2cbbc747e407b9","CUS-1147642491","117.56","-33.69","debit","Fri","11:51:10","11","August"
"3841","authorized","0","ACC-1890605467","143.88","-37.66","SALES-POS","b6c1fb32-bd29-48fa-a650-1d2604ce8f26","Alexander",11476.07,2018-08-31 07:00:00,"M",38,"Taylors Lakes","VIC",61.3,"dbc0ac87b826497e9926d9969e69ad21","CUS-1478398256","144.8","-37.7","debit","Fri","11:59:03","11","August"
"3842","posted",NA,"ACC-3485804958","138.52","-35.01","PAYMENT",NA,"Jessica",21509.61,2018-08-31 07:00:00,"F",34,NA,NA,16,"365f179e1e75445598aae0b78dab60c5","CUS-1196156254",NA,NA,"debit","Fri","12:00:00","12","August"
"3843","posted",NA,"ACC-3689607373","115.79","-31.79","PAY/SALARY",NA,"Virginia",4999.83,2018-08-31 07:00:00,"F",20,NA,NA,1138.79,"776eb3e74b534b8cbb6ab81196273bba","CUS-127297539",NA,NA,"credit","Fri","12:00:00","12","August"
"3844","posted",NA,"ACC-2890243754","153.32","-27.93","PAY/SALARY",NA,"Joseph",3046.63,2018-08-31 07:00:00,"M",37,NA,NA,917.45,"45eb88c070ba4b1390de775db62d5a69","CUS-2695611575",NA,NA,"credit","Fri","12:00:00","12","August"
"3845","authorized","1","ACC-3100725361","145.73","-17.03","SALES-POS","7aa35faa-c607-489f-b7ea-226b095b16ee","Ronald",246.54,2018-08-31 07:00:00,"M",25,"Melbourne","VIC",82.19,"1e2edf532f1c438aa947dd515e5f47ba","CUS-2178051368","144.96","-37.82","debit","Fri","12:14:54","12","August"
"3846","authorized","0","ACC-4258502723","145.45","-37.74","SALES-POS","c77784c1-e6b8-4d16-b7f2-95811569db8e","Kimberly",2161.47,2018-08-31 07:00:00,"F",24,"Eltham","VIC",24.43,"fe582f4991c64d07b09f9c82a6747c68","CUS-3378712515","145.15","-37.71","debit","Fri","12:31:51","12","August"
"3847","authorized","1","ACC-854938045","147.63","-22.84","POS","640a9df2-a42d-4d8b-8393-c1199cd413f2","James",9648.09,2018-08-31 07:00:00,"M",28,"Brighton","VIC",207.03,"169492f536d44cb89db74ef615e1bda6","CUS-4023861240","145","-37.91","debit","Fri","12:48:48","12","August"
"3848","posted",NA,"ACC-1788473090","145.06","-37.95","PAY/SALARY",NA,"Rachael",5280.9,2018-08-31 07:00:00,"F",21,NA,NA,2023.68,"df26ec928b604d1290bb4d2f797c4efc","CUS-134193016",NA,NA,"credit","Fri","13:00:00","13","August"
"3849","posted",NA,"ACC-1199531521","116.02","-31.87","PAY/SALARY",NA,"Billy",10176.4,2018-08-31 07:00:00,"M",52,NA,NA,3785.78,"8f92f3ea88fb456f8da40dafdfb879e4","CUS-134833760",NA,NA,"credit","Fri","13:00:00","13","August"
"3850","posted",NA,"ACC-559365433","147.31","-42.88","PAY/SALARY",NA,"Mary",2373.44,2018-08-31 07:00:00,"F",64,NA,NA,576,"f65d420896c2449abd8c02ffb9bd952a","CUS-1654129794",NA,NA,"credit","Fri","13:00:00","13","August"
"3851","posted",NA,"ACC-3481401842","115.74","-31.72","PAY/SALARY",NA,"Tiffany",4306.38,2018-08-31 07:00:00,"F",25,NA,NA,1225.33,"8d2d1cca8ab54090adbf51db90a212a0","CUS-1669695324",NA,NA,"credit","Fri","13:00:00","13","August"
"3852","posted",NA,"ACC-2528867619","138.58","-34.96","PAY/SALARY",NA,"Abigail",8532.43,2018-08-31 07:00:00,"F",40,NA,NA,1946.57,"8e1bad39009c4356aef19c44de6bae7b","CUS-2505971401",NA,NA,"credit","Fri","13:00:00","13","August"
"3853","posted",NA,"ACC-1516130869","130.84","-12.45","PAYMENT",NA,"Jessica",1207.03,2018-08-31 07:00:00,"F",21,NA,NA,29,"522759f1c859442f927113dbd020c63c","CUS-325142416",NA,NA,"debit","Fri","13:00:00","13","August"
"3854","authorized","1","ACC-1334819143","145.13","-37.70","SALES-POS","d1e92e58-202c-4640-aa12-295663cde4c2","Christopher",60402.34,2018-08-31 07:00:00,"M",33,"Melbourne","VIC",7.77,"d7914c4565f841ec99db178453ecd0c9","CUS-3117610635","144.96","-37.81","debit","Fri","13:06:10","13","August"
"3855","authorized","1","ACC-1424176027","151.08","-33.93","POS","20350a17-ead5-464b-bea9-5cbf33362de2","Donald",3738.4,2018-08-31 07:00:00,"M",22,"Oakleigh","VIC",47.83,"1476d6c58cc44e64a56036158ed4ae0a","CUS-3431016847","145.09","-37.9","debit","Fri","13:24:21","13","August"
"3856","authorized","1","ACC-1496451953","145.16","-37.84","POS","5c7ccfe3-1e4d-4a0c-bc0b-684e878a6992","Ricky",8447.84,2018-08-31 07:00:00,"M",43,"Williams Landing","VIC",26.54,"59372e57e6c34f419a1cb370fd771d35","CUS-3142625864","144.74","-37.87","debit","Fri","13:42:32","13","August"
"3857","posted",NA,"ACC-1344825761","151.09","-33.91","PAYMENT",NA,"Sarah",17673.18,2018-08-31 07:00:00,"F",46,NA,NA,22,"32d806e17752466eb1e82a3d3ae3d952","CUS-1499065773",NA,NA,"debit","Fri","14:00:00","14","August"
"3858","posted",NA,"ACC-1523339231","115.83","-31.90","PAYMENT",NA,"Tim",62202.22,2018-08-31 07:00:00,"M",40,NA,NA,40,"9b8bd5b1999e4e4f88b9883d469a332b","CUS-1816693151",NA,NA,"debit","Fri","14:00:00","14","August"
"3859","posted",NA,"ACC-2674800293","144.96","-37.69","PAY/SALARY",NA,"Elizabeth",28076.1,2018-08-31 07:00:00,"F",50,NA,NA,1436.98,"a8cb7f41af97447e806d4de1a51f88e4","CUS-2977593493",NA,NA,"credit","Fri","14:00:00","14","August"
"3860","authorized","1","ACC-1990648130","114.62","-28.80","SALES-POS","ff1f7f98-6258-48d5-9b2c-0b45d9d01e9d","Kaitlyn",2957.78,2018-08-31 07:00:00,"F",21,"Ballandean","QLD",77.63,"98f425fde1a54b8d91ada96d67624f1c","CUS-809013380","151.9","-28.8","debit","Fri","14:00:24","14","August"
"3861","authorized","1","ACC-3689607373","115.79","-31.79","POS","2d97a89b-8ded-4e13-9d64-da1793a29eae","Virginia",4963.81,2018-08-31 07:00:00,"F",20,"Laurieton","NSW",36.02,"9a2f78b8b38b46af8cfeb152bf513ac5","CUS-127297539","152.8","-31.65","debit","Fri","14:10:43","14","August"
"3862","authorized","1","ACC-2173390920","144.71","-37.58","SALES-POS","451cb577-798b-4e80-be73-0cff5f8e7c4f","Luis",4125.23,2018-08-31 07:00:00,"M",27,"Sydenham","VIC",14.79,"7ccb0014a82d40669f012fbca556dc4b","CUS-3180318393","144.76","-37.69","debit","Fri","14:21:01","14","August"
"3863","authorized","1","ACC-3879258709","143.83","-37.66","POS","055b3022-a5b4-44b4-b4b6-a03eaea535d5","Natasha",192986.49,2018-08-31 07:00:00,"F",40,"Maribyrnong","VIC",35.51,"88978db38fc24a16bf30dc33ad0d7776","CUS-527400765","144.89","-37.77","debit","Fri","14:31:20","14","August"
"3864","authorized","1","ACC-4258502723","145.45","-37.74","POS","df85de79-140f-4114-9e59-248008da934d","Kimberly",2154.72,2018-08-31 07:00:00,"F",24,"Burwood","VIC",6.75,"073ea78fcabf4c5d9f616e9cf17cea29","CUS-3378712515","145.12","-37.85","debit","Fri","14:41:38","14","August"
"3865","authorized","1","ACC-3689607373","115.79","-31.79","SALES-POS","18d056a5-a6ac-4435-a130-2a2cc5114f30","Virginia",4949.95,2018-08-31 07:00:00,"F",20,"Brentwood","WA",13.86,"a1041349e73646bb9145c482aa445133","CUS-127297539","115.85","-32.04","debit","Fri","14:51:57","14","August"
"3866","posted",NA,"ACC-182446574","116.06","-32.00","PAY/SALARY",NA,"Tonya",5392.21,2018-08-31 07:00:00,"F",27,NA,NA,2840.15,"7bd46e8199df4f10aaf42ec30b9ffe25","CUS-3026014945",NA,NA,"credit","Fri","15:00:00","15","August"
"3867","authorized","0","ACC-1990648130","114.62","-28.80","POS","efaf871e-5d3e-40a2-8990-218c13e5a78e","Kaitlyn",2937.02,2018-08-31 07:00:00,"F",21,"Tabulam","NSW",20.76,"03203d58b53a4e5faa15483e92700103","CUS-809013380","152.57","-28.89","debit","Fri","15:01:49","15","August"
"3868","authorized","0","ACC-1516130869","130.84","-12.45","POS","dabb2aa4-31fa-4f27-9ed9-ca87e5966428","Jessica",1203.89,2018-08-31 07:00:00,"F",21,"Darwin City","NT",3.14,"f242975c40db4629a507543fcbb84ca6","CUS-325142416","130.84","-12.46","debit","Fri","15:10:04","15","August"
"3869","authorized","1","ACC-1998563091","149.03","-35.25","POS","467279fa-b8a2-4468-86aa-af8aa15a1d6e","David",16196.11,2018-08-31 07:00:00,"M",42,"Milton","NSW",37.66,"e714f9776a774276a28f4c86b7b18bc8","CUS-3395687666","150.44","-35.32","debit","Fri","15:18:20","15","August"
"3870","authorized","1","ACC-1334819143","145.13","-37.70","POS","05702806-40c5-4a79-82ac-e1bf781a723c","Christopher",60375.29,2018-08-31 07:00:00,"M",33,"Melbourne","VIC",27.05,"007c9b9c221341769e5335952de61fc3","CUS-3117610635","144.97","-37.81","debit","Fri","15:26:36","15","August"
"3871","authorized","1","ACC-819621312","145.04","-37.85","POS","82858de0-5a6d-4b2a-a1a2-8d902328336d","Michele",4519.67,2018-08-31 07:00:00,"F",30,"Huntingdale","VIC",18.01,"8c763454f7cf4a7585ece491da3d5eb5","CUS-1271030853","145.1","-37.91","debit","Fri","15:34:52","15","August"
"3872","authorized","1","ACC-3485804958","138.52","-35.01","SALES-POS","56155437-b395-47cc-827c-fd7009450bd3","Jessica",21478.35,2018-08-31 07:00:00,"F",34,"Adelaide","SA",31.26,"6f894ecc33ee4708932b7256d1874a17","CUS-1196156254","138.6","-34.93","debit","Fri","15:43:08","15","August"
"3873","authorized","1","ACC-3689607373","115.79","-31.79","SALES-POS","ccbd17fa-2dc0-43d3-b0b1-95af4b6363c4","Virginia",4938.26,2018-08-31 07:00:00,"F",20,"Hamilton Hill","WA",11.69,"e7dae551c5564d75a30c900e5fdc804d","CUS-127297539","115.78","-32.08","debit","Fri","15:51:24","15","August"
"3874","authorized","1","ACC-2249586092","115.98","-32.07","SALES-POS","0c4bd181-32b2-4b81-8cbc-5f17b0ea5a20","Edward",6482.67,2018-08-31 07:00:00,"M",19,"Sydney","NSW",51.51,"899ff0dfa46e4b8ba64f44f1c11338ef","CUS-443776336","151.2","-33.87","debit","Fri","15:59:40","15","August"
"3875","posted",NA,"ACC-3741880913","150.50","-23.40","PAY/SALARY",NA,"Ashley",8239.4,2018-08-31 07:00:00,"F",25,NA,NA,2282.36,"a241350330274e5f8f16fed5eb37b5e8","CUS-1220154422",NA,NA,"credit","Fri","16:00:00","16","August"
"3876","posted",NA,"ACC-602667573","151.23","-33.96","PAYMENT",NA,"Michael",7063.16,2018-08-31 07:00:00,"M",40,NA,NA,41,"15fcd2ff034d4f28a3e12161baa50848","CUS-2031327464",NA,NA,"debit","Fri","16:00:00","16","August"
"3877","posted",NA,"ACC-964839203","146.92","-36.07","PAY/SALARY",NA,"Michael",34453.2,2018-08-31 07:00:00,"M",21,NA,NA,1560.2,"09119bfd8bfb47e68a2578ff69fd5485","CUS-2059096722",NA,NA,"credit","Fri","16:00:00","16","August"
"3878","posted",NA,"ACC-3827517394","151.12","-33.89","PAYMENT",NA,"Craig",36409.93,2018-08-31 07:00:00,"M",28,NA,NA,43,"2d91b48aaeec4b748cfb5c5a175499d3","CUS-2663907001",NA,NA,"debit","Fri","16:00:00","16","August"
"3879","posted",NA,"ACC-2153562714","116.00","-31.88","PAYMENT",NA,"Linda",3582.65,2018-08-31 07:00:00,"F",24,NA,NA,27,"4f40d7824cbc415b8a4a2c5c4694b8b7","CUS-423725039",NA,NA,"debit","Fri","16:00:00","16","August"
"3880","authorized","1","ACC-4258502723","145.45","-37.74","SALES-POS","3c7da1c3-394a-472f-92b3-3ded0fabbf02","Kimberly",2146.84,2018-08-31 07:00:00,"F",24,"Richmond","VIC",7.88,"562af1db2fd7409f97af58871cc6ddb1","CUS-3378712515","145","-37.82","debit","Fri","16:11:02","16","August"
"3881","authorized","1","ACC-3689607373","115.79","-31.79","SALES-POS","4d1c882d-8b38-4de0-8b1d-c486d2202d2e","Virginia",4923.2,2018-08-31 07:00:00,"F",20,"Gloucester","NSW",15.06,"1dee4a26ee9c4267b577d89880fe8d10","CUS-127297539","151.96","-32.01","debit","Fri","16:22:31","16","August"
"3882","authorized","1","ACC-182446574","116.06","-32.00","SALES-POS","8ae15cfd-7ffc-4987-8e62-c75c1b555bbd","Tonya",5375.87,2018-08-31 07:00:00,"F",27,"Balcatta","WA",16.34,"a7fe40ec41e34eec9e1c584cc872e570","CUS-3026014945","115.81","-31.87","debit","Fri","16:34:01","16","August"
"3883","authorized","1","ACC-958000567","130.90","-12.37","POS","9a245a63-48f8-48ef-830e-cf3421d030e9","Sandra",4653.14,2018-08-31 07:00:00,"F",34,"Darwin City","NT",24.45,"4718781e53bf4bf2b0866303c51cb7f8","CUS-4142663097","130.84","-12.47","debit","Fri","16:45:31","16","August"
"3884","authorized","1","ACC-1516130869","130.84","-12.45","SALES-POS","49927e3c-dc7a-416b-b860-9334ead4fe41","Jessica",1193.86,2018-08-31 07:00:00,"F",21,"Holtze","NT",10.03,"25afac99dbfe455eb4afa5f4d36c703e","CUS-325142416","130.97","-12.46","debit","Fri","16:57:00","16","August"
"3885","posted",NA,"ACC-2901672282","255.00","-573.00","PAY/SALARY",NA,"Daniel",5924.7,2018-08-31 07:00:00,"M",22,NA,NA,3328.77,"e31dccf666dd4520b1c3636f5f81ca1e","CUS-1617121891",NA,NA,"credit","Fri","17:00:00","17","August"
"3886","posted",NA,"ACC-3317636250","153.02","-27.66","PAY/SALARY",NA,"Kenneth",10265.95,2018-08-31 07:00:00,"M",35,NA,NA,2544.76,"d0afe39d68e244d6a8b87cc1e2ff1f77","CUS-2738291516",NA,NA,"credit","Fri","17:00:00","17","August"
"3887","posted",NA,"ACC-966140392","147.08","-37.97","PAY/SALARY",NA,"Joseph",4816.4,2018-08-31 07:00:00,"M",21,NA,NA,2572.91,"3e7b05f58ef648c0be177f21308467c5","CUS-537508723",NA,NA,"credit","Fri","17:00:00","17","August"
"3888","authorized","1","ACC-958000567","130.90","-12.37","POS","281346a6-a8aa-4180-a14b-1408c707e55e","Sandra",4639.7,2018-08-31 07:00:00,"F",34,"Ramingining","NT",13.44,"0b5f6af339c742e1846266aedc4a35db","CUS-4142663097","134.93","-12.33","debit","Fri","17:09:01","17","August"
"3889","authorized","1","ACC-2270192619","138.56","-35.27","SALES-POS","ce609109-2426-49c9-9455-223c71e06797","Darren",9066.17,2018-08-31 07:00:00,"M",20,"Fyshwick","ACT",22.92,"d160d736588544e1b839d4a839d32345","CUS-2110742437","149.17","-35.33","debit","Fri","17:21:13","17","August"
"3890","authorized","1","ACC-182446574","116.06","-32.00","POS","1e06835d-e4ea-4aa1-9d5c-b92692e00f39","Tonya",5361.91,2018-08-31 07:00:00,"F",27,"Booragoon","WA",13.96,"090d2cf257fb406488cc386aa021b59f","CUS-3026014945","115.84","-32.03","debit","Fri","17:33:24","17","August"
"3891","authorized","1","ACC-1990648130","114.62","-28.80","POS","ce4dfff9-2a03-43b3-96c6-4cfd104bce00","Kaitlyn",2913.6,2018-08-31 07:00:00,"F",21,"South Lismore","NSW",23.42,"58a39f6cdc3444799cec1fc93bd6fc06","CUS-809013380","153.27","-28.81","debit","Fri","17:45:36","17","August"
"3892","authorized","1","ACC-966140392","147.08","-37.97","SALES-POS","f18e2613-241a-403c-82e4-5dcd4b454f9c","Joseph",2243.49,2018-08-31 07:00:00,"M",21,"Ormond","VIC",8.89,"009a7fe21a444b37bf62e898b7d30164","CUS-537508723","145.04","-37.9","debit","Fri","17:57:48","17","August"
"3893","posted",NA,"ACC-1788473090","145.06","-37.95","INTER BANK",NA,"Rachael",5247.9,2018-08-31 07:00:00,"F",21,NA,NA,33,"ed9321f44e244a369aace6c6a52fc665","CUS-134193016",NA,NA,"debit","Fri","18:00:00","18","August"
"3894","posted",NA,"ACC-3541460373","145.00","-37.83","PAYMENT",NA,"Jeffrey",3252.68,2018-08-31 07:00:00,"M",24,NA,NA,53,"a519ab98a8234ccc8ca557560b34246d","CUS-1433879684",NA,NA,"debit","Fri","18:00:00","18","August"
"3895","posted",NA,"ACC-1652235822","144.89","-37.81","PAYMENT",NA,"Renee",21057.41,2018-08-31 07:00:00,"F",38,NA,NA,66,"2c6f6838e6a945d2860b604cc0ebaf0d","CUS-2206365095",NA,NA,"debit","Fri","18:00:00","18","August"
"3896","authorized","1","ACC-182446574","116.06","-32.00","SALES-POS","6c84c219-96ea-4c6f-9de5-0a28bcaec62f","Tonya",5341.14,2018-08-31 07:00:00,"F",27,"Rainbow Flat","NSW",20.77,"dc9a439aaffa487898098795cbb4b542","CUS-3026014945","152.47","-32.01","debit","Fri","18:17:49","18","August"
"3897","authorized","1","ACC-3084464802","145.15","-37.76","POS","01aa962e-70a1-4e8a-8df2-590e790a00d9","Susan",5032.09,2018-08-31 07:00:00,"F",19,"Heidelberg","VIC",27.08,"cfb6d9bcb4e148ea995e0d3a06fe5f53","CUS-1928710999","145.06","-37.76","debit","Fri","18:39:33","18","August"
"3898","posted",NA,"ACC-3485804958","138.52","-35.01","PAYMENT",NA,"Jessica",21415.35,2018-08-31 07:00:00,"F",34,NA,NA,63,"b5c2f8871c624e818e33c621812c326e","CUS-1196156254",NA,NA,"debit","Fri","19:00:00","19","August"
"3899","posted",NA,"ACC-3689607373","115.79","-31.79","INTER BANK",NA,"Virginia",4859,2018-08-31 07:00:00,"F",20,NA,NA,55,"06c99811f1b8414280273369b04e6cd8","CUS-127297539",NA,NA,"debit","Fri","19:00:00","19","August"
"3900","posted",NA,"ACC-2171593283","146.94","-36.04","PAYMENT",NA,"Fernando",8740.47,2018-08-31 07:00:00,"M",19,NA,NA,40,"5a3a9b068c7048d18637b48fe16e3c15","CUS-2317998716",NA,NA,"debit","Fri","19:00:00","19","August"
"3901","posted",NA,"ACC-1438600314","138.69","-34.84","PAYMENT",NA,"Maria",4253.18,2018-08-31 07:00:00,"F",35,NA,NA,45,"b0a79a8dd1264e8d8077a35839ec67ae","CUS-2650223890",NA,NA,"debit","Fri","19:00:00","19","August"
"3902","authorized","1","ACC-3689607373","115.79","-31.79","SALES-POS","f1ccef3b-7081-429a-acc9-c24b1ccde2e7","Virginia",4914,2018-08-31 07:00:00,"F",20,"Doubleview","WA",9.2,"f390b6722428415292233ae865dc874a","CUS-127297539","115.78","-31.9","debit","Fri","19:00:39","19","August"
"3903","authorized","1","ACC-3771436525","145.04","-37.92","SALES-POS","4cc213cb-2959-47b0-83a4-924d99e26216","Derek",2526.58,2018-08-31 07:00:00,"M",20,"Oakleigh","VIC",31.56,"e6a3a2c5d69b47bebe9c6e3d4d173e44","CUS-3325710106","145.09","-37.89","debit","Fri","19:11:46","19","August"
"3904","authorized","1","ACC-2249586092","115.98","-32.07","SALES-POS","2150c863-93fd-4de5-a6c6-4f703c42948b","Edward",6470.56,2018-08-31 07:00:00,"M",19,"Southern River","WA",12.11,"9026e78c701d4bb7af7bbf82e2b0a672","CUS-443776336","115.94","-32.09","debit","Fri","19:22:53","19","August"
"3905","authorized","1","ACC-211792489","138.63","-34.93","SALES-POS","60d76015-c18d-4d8d-a6a9-8ce46669fafb","Jacqueline",6422.51,2018-08-31 07:00:00,"F",30,"Hyde Park","SA",28.46,"f55c5b75c3664f25ad71a1b0c9acd93b","CUS-497688347","138.61","-34.95","debit","Fri","19:33:59","19","August"
"3906","authorized","0","ACC-958000567","130.90","-12.37","POS","73c0924f-dc35-4ab1-8136-2b5775cf4280","Sandra",4615.4,2018-08-31 07:00:00,"F",34,"Stuart Park","NT",24.3,"1ad3ae9b83574198b617821e04d5b941","CUS-4142663097","130.84","-12.44","debit","Fri","19:45:06","19","August"
"3907","authorized","1","ACC-3100725361","145.73","-17.03","SALES-POS","0fc4e975-d30b-4bfe-ba2e-47268890a7d0","Ronald",237.05,2018-08-31 07:00:00,"M",25,"Tully","QLD",9.49,"acd93e8a942d45cb9e5ebb5b2b0d9518","CUS-2178051368","145.92","-17.93","debit","Fri","19:56:13","19","August"
"3908","posted",NA,"ACC-37709441","153.41","-28.01","PAYMENT",NA,"Charles",6822.03,2018-08-31 07:00:00,"M",18,NA,NA,27,"fb1f021b3cee44868d988d8e3a8b5e08","CUS-3336454548",NA,NA,"debit","Fri","20:00:00","20","August"
"3909","authorized","1","ACC-819621312","145.04","-37.85","POS","a4e65e35-4a97-4406-9e56-48a831ef9d91","Michele",4401.37,2018-08-31 07:00:00,"F",30,"Maribyrnong","VIC",118.3,"dcddc0a070964e97a8fa33989f05f34e","CUS-1271030853","144.89","-37.77","debit","Fri","20:05:56","20","August"
"3910","authorized","1","ACC-4258502723","145.45","-37.74","POS","18276409-7398-4abf-94a8-a631dd3e4e32","Kimberly",2128.6,2018-08-31 07:00:00,"F",24,"Fitzroy North","VIC",18.24,"71bb3dce0c114e4096381e3b5ec5658d","CUS-3378712515","144.98","-37.78","debit","Fri","20:14:57","20","August"
"3911","authorized","1","ACC-2173390920","144.71","-37.58","POS","c3f373c8-84fb-483e-a855-7364223b6521","Luis",4087.22,2018-08-31 07:00:00,"M",27,"Dunkeld","VIC",38.01,"d66e6148f5af40069d04cebbae612345","CUS-3180318393","142.35","-37.65","debit","Fri","20:23:57","20","August"
"3912","authorized","1","ACC-3689607373","115.79","-31.79","SALES-POS","1f03f1d0-3cac-42e7-b949-4efab26faebd","Virginia",4850.39,2018-08-31 07:00:00,"F",20,"Bondi Junction","NSW",8.61,"f980ef669bed4dabbce18c81f0c0c66a","CUS-127297539","151.25","-33.89","debit","Fri","20:32:58","20","August"
"3913","authorized","1","ACC-1496451953","145.16","-37.84","SALES-POS","4fec12c6-b31f-41aa-a1b1-9fa793452fa5","Ricky",8385.32,2018-08-31 07:00:00,"M",43,"Maroochydore","QLD",62.52,"ac0ca41f0f56485a99c3cd061e9d71a0","CUS-3142625864","153.09","-26.65","debit","Fri","20:41:58","20","August"
"3914","authorized","1","ACC-819621312","145.04","-37.85","SALES-POS","d5887d53-1850-4274-8348-c5751e7148ac","Michele",4377.1,2018-08-31 07:00:00,"F",30,"Mt Gambier","SA",24.27,"fb13c37126df419895ecbb67370cb3c8","CUS-1271030853","140.79","-37.85","debit","Fri","20:50:59","20","August"
"3915","authorized","1","ACC-1990648130","114.62","-28.80","POS","c19c0f54-5006-441a-9bd2-1055cb84084c","Kaitlyn",2883.01,2018-08-31 07:00:00,"F",21,"Lismore","NSW",30.59,"880d948900604c71a0804ff20a4dd486","CUS-809013380","153.29","-28.81","debit","Fri","20:59:59","20","August"
"3916","posted",NA,"ACC-3689607373","115.79","-31.79","PAYMENT",NA,"Virginia",4781.39,2018-08-31 07:00:00,"F",20,NA,NA,69,"f20818ffee4a446e99a8711a8898a431","CUS-127297539",NA,NA,"debit","Fri","21:00:00","21","August"
"3917","posted",NA,"ACC-721712940","145.09","-37.82","PAYMENT",NA,"Andrew",53135.8,2018-08-31 07:00:00,"M",78,NA,NA,38,"61480e6e03c54d58bc801ff62097e3b0","CUS-1646183815",NA,NA,"debit","Fri","21:00:00","21","August"
"3918","posted",NA,"ACC-2681137560","151.11","-33.99","PAYMENT",NA,"Nathaniel",5238.36,2018-08-31 07:00:00,"M",31,NA,NA,29,"b8f91fc2aa3e4d22b41454bb639df116","CUS-2083971310",NA,NA,"debit","Fri","21:00:00","21","August"
"3919","posted",NA,"ACC-2171593283","146.94","-36.04","PAYMENT",NA,"Fernando",8690.47,2018-08-31 07:00:00,"M",19,NA,NA,50,"ca1e80e7bb7c445db19cd003ff91ec74","CUS-2317998716",NA,NA,"debit","Fri","21:00:00","21","August"
"3920","posted",NA,"ACC-1903037542","153.05","-27.61","PAYMENT",NA,"Jeffrey",3311.65,2018-08-31 07:00:00,"M",30,NA,NA,23,"4c924d211a6f4ae18a2f842df0d5bd69","CUS-860700529",NA,NA,"debit","Fri","21:00:00","21","August"
"3921","authorized","1","ACC-2173390920","144.71","-37.58","SALES-POS","1e7a10df-3fec-4eec-844c-4505c1b91c94","Luis",4063.98,2018-08-31 07:00:00,"M",27,"Craigieburn","VIC",23.24,"db844daf84fe468c915ee46a9cc480aa","CUS-3180318393","144.94","-37.59","debit","Fri","21:04:57","21","August"
"3922","authorized","1","ACC-1424176027","151.08","-33.93","POS","08f4f809-fafc-4123-8a7d-a0ab650b27cd","Donald",3724.19,2018-08-31 07:00:00,"M",22,"Ryde","NSW",14.21,"5284ecd11125439fbac2054190804317","CUS-3431016847","151.12","-33.79","debit","Fri","21:09:54","21","August"
"3923","authorized","1","ACC-1990648130","114.62","-28.80","POS","122883a5-9d03-4192-bfd2-927eb4800e55","Kaitlyn",2857.6,2018-08-31 07:00:00,"F",21,"Goonellabah","NSW",25.41,"2e8da146e84449888d1ccb080bb570e3","CUS-809013380","153.34","-28.82","debit","Fri","21:14:51","21","August"
"3924","authorized","1","ACC-2305712452","138.61","-34.89","SALES-POS","ae05bf40-b7dc-41a1-8ac1-61c0e8608760","Debra",2390.88,2018-08-31 07:00:00,"F",18,"Gilles Plains","SA",18.04,"03a5e32154914752a4316fa6663633b6","CUS-1842679196","138.66","-34.85","debit","Fri","21:19:48","21","August"
"3925","authorized","0","ACC-1990648130","114.62","-28.80","SALES-POS","6078b36f-b7a8-4171-806e-813ae73bf628","Kaitlyn",2848.73,2018-08-31 07:00:00,"F",21,"Ballina","NSW",8.87,"05a2f78ecced44fe86ff46a45d432218","CUS-809013380","153.56","-28.86","debit","Fri","21:24:45","21","August"
"3926","authorized","1","ACC-3084464802","145.15","-37.76","SALES-POS","3794505f-1ad4-4b8e-9dd1-866311c34481","Susan",4854.94,2018-08-31 07:00:00,"F",19,"Mount Gambier","SA",177.15,"c4c3fff820ec42a18fa868ac216ad8bf","CUS-1928710999","140.78","-37.84","debit","Fri","21:29:42","21","August"
"3927","authorized","1","ACC-1903037542","153.05","-27.61","SALES-POS","b871810d-2737-45c0-8c1a-34dee0368cd3","Jeffrey",3341.52,2018-08-31 07:00:00,"M",30,"Miami","QLD",20.5,"d1ebd664ca5141de86b56ae0ac07c324","CUS-860700529","153.45","-28.07","debit","Fri","21:34:39","21","August"
"3928","authorized","1","ACC-1443681913","150.92","-33.77","POS","45a37c0b-7008-45ce-b6e0-449d3e91e293","Ryan",2835.43,2018-08-31 07:00:00,"M",31,"North Curl Curl","NSW",98.93,"68f0bbe85ab943a4922f113cfb3fa2e6","CUS-3129499595","151.28","-33.76","debit","Fri","21:39:36","21","August"
"3929","authorized","1","ACC-1903037542","153.05","-27.61","SALES-POS","db9c1b81-1ae7-4032-8623-06e46ea919c3","Jeffrey",3334.65,2018-08-31 07:00:00,"M",30,"Redcliffe","QLD",6.87,"32de04450bd64d9e80459541995fd010","CUS-860700529","153.11","-27.23","debit","Fri","21:44:33","21","August"
"3930","authorized","0","ACC-958000567","130.90","-12.37","POS","281346a6-a8aa-4180-a14b-1408c707e55e","Sandra",4603.58,2018-08-31 07:00:00,"F",34,"Ramingining","NT",11.82,"b471637414c44007aa5dc0432110d60b","CUS-4142663097","134.93","-12.33","debit","Fri","21:49:30","21","August"
"3931","authorized","0","ACC-819621312","145.04","-37.85","POS","a89086cf-e639-43bc-8039-eb0b46ae7fd2","Michele",4358.99,2018-08-31 07:00:00,"F",30,"Melbourne","VIC",18.11,"12630b9cdabd4bf6b51aeee94fadfecb","CUS-1271030853","144.96","-37.81","debit","Fri","21:54:27","21","August"
"3932","authorized","1","ACC-3485804958","138.52","-35.01","SALES-POS","cec6c173-d338-458d-8de3-0268e91dfcd6","Jessica",21024.68,2018-08-31 07:00:00,"F",34,"Lowlands","WA",390.67,"a8997bb6e0824fb3b3dbcb61cbe74d6e","CUS-1196156254","117.53","-35.06","debit","Fri","21:59:24","21","August"
"3933","authorized","0","ACC-3771436525","145.04","-37.92","POS","660292cf-7b01-4be6-b1be-9277e7ca4290","Derek",2394,2018-08-31 07:00:00,"M",20,"Sydney","NSW",132.58,"22cc457f720d4a638430e9dbf72f506b","CUS-3325710106","151.2","-33.87","debit","Fri","22:09:09","22","August"
"3934","authorized","1","ACC-2270192619","138.56","-35.27","POS","7d49a08a-6a87-409a-9353-ae2476f3f5ea","Darren",9052.86,2018-08-31 07:00:00,"M",20,"Canberra","ACT",13.31,"46077b1eb09342138ae4115439ec7ae9","CUS-2110742437","149.13","-35.28","debit","Fri","22:19:34","22","August"
"3935","authorized","1","ACC-3771436525","145.04","-37.92","SALES-POS","c0821855-94c7-4780-be17-2c03ba190657","Derek",2379.55,2018-08-31 07:00:00,"M",20,"Malvern East","VIC",14.45,"9785644a187947128d8baa8875aff133","CUS-3325710106","145.05","-37.88","debit","Fri","22:29:59","22","August"
"3936","authorized","0","ACC-2681137560","151.11","-33.99","POS","de38f401-f2aa-48e2-a2fd-c739dd6006b7","Nathaniel",5220.17,2018-08-31 07:00:00,"M",31,"Smithfield","NSW",18.19,"af3d0cfe225444d2bcf168b6f6e6b6b2","CUS-2083971310","150.94","-33.85","debit","Fri","22:40:24","22","August"
"3937","authorized","0","ACC-1903037542","153.05","-27.61","SALES-POS","5139f9a3-9391-4462-933f-a9a9400c4d62","Jeffrey",3302.72,2018-08-31 07:00:00,"M",30,"Red Hill","QLD",8.93,"6bbe708bfea845819d964aff825765a7","CUS-860700529","153.01","-27.45","debit","Fri","22:50:49","22","August"
"3938","posted",NA,"ACC-3541460373","145.00","-37.83","PAYMENT",NA,"Jeffrey",3211.68,2018-08-31 07:00:00,"M",24,NA,NA,41,"6374a019a1144381bea331fad2c7b330","CUS-1433879684",NA,NA,"debit","Fri","23:00:00","23","August"
"3939","authorized","1","ACC-588564840","151.27","-33.76","SALES-POS","edadc46b-f158-4c81-a040-7f615aaf9c4d","Isaiah",12624.72,2018-08-31 07:00:00,"M",23,"Castle Hill","NSW",21.86,"4291ddcf81c54f5b9a420289f679f0a1","CUS-1462656821","151.01","-33.73","debit","Fri","23:01:41","23","August"
"3940","authorized","1","ACC-2265520058","151.27","-33.85","SALES-POS","6fcf2543-343c-497c-ab74-63660c75cac5","Catherine",3295.8,2018-08-31 07:00:00,"F",26,"Bondi Beach","NSW",43.57,"cb130761591b4095b1fb922aba36ec48","CUS-331942311","151.27","-33.89","debit","Fri","23:15:46","23","August"
"3941","authorized","1","ACC-1903037542","153.05","-27.61","SALES-POS","9f3694c1-cdf2-4a95-9908-1e590194a552","Jeffrey",3288.26,2018-08-31 07:00:00,"M",30,"Chermside","QLD",14.46,"42f4afcfcf0d475aacb31c845ce67ad4","CUS-860700529","153.03","-27.39","debit","Fri","23:29:51","23","August"
"3942","authorized","1","ACC-2231965366","144.96","-37.84","POS","ad1404e0-42fe-4df6-ab2b-ed1b8fd73c1a","Linda",10213.95,2018-08-31 07:00:00,"F",35,"Docklands","VIC",11.06,"8fd0b5addc654dce9db7fd1b093e9604","CUS-2155701614","144.95","-37.82","debit","Fri","23:43:56","23","August"
"3943","authorized","1","ACC-2270192619","138.56","-35.27","POS","a92e41a3-6cc6-4367-baba-43247a332def","Darren",9045.27,2018-08-31 07:00:00,"M",20,"Queanbeyan","NSW",7.59,"f0d22c8764554c048f3a560bd4d7e91f","CUS-2110742437","149.24","-35.35","debit","Fri","23:58:01","23","August"
"3944","authorized","1","ACC-1903037542","153.05","-27.61","POS","35703b7a-216b-4a01-9056-0bfd36d2ec03","Jeffrey",3279.11,2018-09-01 07:00:00,"M",30,"Redbank","QLD",9.15,"900330f3b6e64a4aa547e90ff93b8326","CUS-860700529","152.87","-27.61","debit","Sat","00:35:49","00","September"
"3945","authorized","1","ACC-2897221629","150.90","-34.37","POS","86bbe984-a9a6-48a8-a449-c59edbdf7032","Scott",2810.78,2018-09-01 07:00:00,"M",23,"Parramatta","NSW",85.84,"d451a84695e6409b8e92dd45f0f28832","CUS-511326734","151.02","-33.81","debit","Sat","01:08:04","01","September"
"3946","authorized","1","ACC-2681137560","151.11","-33.99","POS","ffb4538f-cf69-434f-8c0a-5c9e7a8d359b","Nathaniel",5204.51,2018-09-01 07:00:00,"M",31,"Ryde","NSW",15.66,"59377e7f435944729ed6fed10868337f","CUS-2083971310","151.11","-33.81","debit","Sat","01:27:18","01","September"
"3947","authorized","1","ACC-3541460373","145.00","-37.83","SALES-POS","727f70ec-7434-44fd-8cd7-0583a1b07097","Jeffrey",3196.81,2018-09-01 07:00:00,"M",24,"Bairnsdale","VIC",14.87,"7301eeeda28a4ca3a578b2e09a786ed8","CUS-1433879684","147.63","-37.83","debit","Sat","01:46:32","01","September"
"3948","posted",NA,"ACC-3481401842","115.74","-31.72","PAYMENT",NA,"Tiffany",4280.38,2018-09-01 07:00:00,"F",25,NA,NA,26,"37ed6589ae98454988284d6c7e15d5c1","CUS-1669695324",NA,NA,"debit","Sat","02:00:00","02","September"
"3949","posted",NA,"ACC-1608363396","151.22","-33.87","PAYMENT",NA,"Robert",4314.87,2018-09-01 07:00:00,"M",20,NA,NA,163,"acef22a46f714087a7cbb07f1d68bd91","CUS-2688605418",NA,NA,"debit","Sat","02:00:00","02","September"
"3950","authorized","1","ACC-3100725361","145.73","-17.03","POS","43f4b696-fd6a-4236-a6bf-00fb26ea9c75","Ronald",214.7,2018-09-01 07:00:00,"M",25,"Somerset","TAS",22.35,"3e4b2c4d5d1e455dbc42e7e2a967386b","CUS-2178051368","145.83","-41.04","debit","Sat","02:07:29","02","September"
"3951","authorized","1","ACC-3771436525","145.04","-37.92","POS","0bccc0f0-5538-4fdc-8897-63e5b07a68d2","Derek",2357.03,2018-09-01 07:00:00,"M",20,"Melbourne","VIC",22.52,"cc5039b1ea7e4407a2eb1fa751a756b5","CUS-3325710106","144.97","-37.82","debit","Sat","02:32:29","02","September"
"3952","authorized","0","ACC-819621312","145.04","-37.85","SALES-POS","229b2f27-a417-48ee-b121-526b156558d6","Michele",4331.53,2018-09-01 07:00:00,"F",30,"Edithvale","VIC",27.46,"0328899508d84fdd90bf3abd26a5f58c","CUS-1271030853","145.11","-38.03","debit","Sat","02:57:29","02","September"
"3953","authorized","1","ACC-3100725361","145.73","-17.03","SALES-POS","f1741d09-69b2-4f5f-b1bd-6282476ef072","Ronald",201.01,2018-09-01 07:00:00,"M",25,"Mareeba","QLD",13.69,"dfc6ed6e855548e9a77b675a363467e4","CUS-2178051368","145.43","-17.01","debit","Sat","03:56:14","03","September"
"3954","posted",NA,"ACC-964839203","146.92","-36.07","PAYMENT",NA,"Michael",34425.2,2018-09-01 07:00:00,"M",21,NA,NA,28,"98a9d117fb2b44d5a59009c35f5fddb1","CUS-2059096722",NA,NA,"debit","Sat","04:00:00","04","September"
"3955","authorized","1","ACC-958000567","130.90","-12.37","POS","ece151d2-3e52-4c95-b47c-38cc75b4a517","Sandra",4597.62,2018-09-01 07:00:00,"F",34,"North Sydney","NSW",5.96,"bef9406f7d9a47e58c344093ff4b11d0","CUS-4142663097","151.21","-33.84","debit","Sat","04:20:26","04","September"
"3956","authorized","1","ACC-90814749","151.68","-32.98","SALES-POS","fc76d86e-a1ac-4864-a500-9ca999e84d61","Christopher",9104.68,2018-09-01 07:00:00,"M",35,"Kotara","NSW",14.13,"c33d9296dca14cfd935f1db3d3b19b74","CUS-1896554896","151.71","-32.94","debit","Sat","04:42:10","04","September"
"3957","posted",NA,"ACC-2681137560","151.11","-33.99","PAYMENT",NA,"Nathaniel",5178.51,2018-09-01 07:00:00,"M",31,NA,NA,26,"6c86cc2702c94d1bb70870a80b28c30b","CUS-2083971310",NA,NA,"debit","Sat","05:00:00","05","September"
"3958","posted",NA,"ACC-1652235822","144.89","-37.81","PAYMENT",NA,"Renee",21012.41,2018-09-01 07:00:00,"F",38,NA,NA,45,"2d41ede9848e49a8ad8e8ff86450fe76","CUS-2206365095",NA,NA,"debit","Sat","05:00:00","05","September"
"3959","posted",NA,"ACC-1650504218","145.01","-37.93","PAYMENT",NA,"Marissa",7132,2018-09-01 07:00:00,"F",23,NA,NA,43,"09e297238df346cf8d08b5e1cbf5ce88","CUS-2500783281",NA,NA,"debit","Sat","05:00:00","05","September"
"3960","posted",NA,"ACC-4281711154","144.98","-37.84","PAYMENT",NA,"Eric",36012.74,2018-09-01 07:00:00,"M",42,NA,NA,37,"7811819db0a44b48b9e50b90bfb3db92","CUS-3151318058",NA,NA,"debit","Sat","05:00:00","05","September"
"3961","authorized","1","ACC-3771436525","145.04","-37.92","POS","1c2da096-2a2a-4a01-b6ad-0aaa87787ec3","Derek",2354.05,2018-09-01 07:00:00,"M",20,"Clyde North","VIC",2.98,"15a4fa261dec48478717cf1db667ad9f","CUS-3325710106","145.32","-38.1","debit","Sat","05:22:29","05","September"
"3962","authorized","1","ACC-588564840","151.27","-33.76","SALES-POS","e3f89d2c-ee69-46cf-a77f-909926fdda0f","Isaiah",12592.28,2018-09-01 07:00:00,"M",23,"Kings Langley","NSW",32.44,"197d785554c146c09ac1d67f5c4ec9c9","CUS-1462656821","150.94","-33.76","debit","Sat","06:46:39","06","September"
"3963","authorized","1","ACC-90814749","151.68","-32.98","POS","0fab4c47-59e6-4978-a65d-921fc447728f","Christopher",9029.89,2018-09-01 07:00:00,"M",35,"Hinton","NSW",74.79,"6acd1e388e5d43c088ee7b2a9bbada95","CUS-1896554896","151.65","-32.72","debit","Sat","07:28:34","07","September"
"3964","authorized","1","ACC-588564840","151.27","-33.76","POS","5e30d5e8-c4e0-4bd5-843c-63cb2e1db2bf","Isaiah",12439.1,2018-09-01 07:00:00,"M",23,"Mascot","NSW",153.18,"2be801fa85a947d98a670d1610f76150","CUS-1462656821","151.19","-33.93","debit","Sat","08:02:13","08","September"
"3965","authorized","1","ACC-3084464802","145.15","-37.76","SALES-POS","1e53dd68-faec-440e-81c4-f18cb3eecd76","Susan",4840.71,2018-09-01 07:00:00,"F",19,"Melbourne","VIC",14.23,"d3081e2c371143a795d93bd3ca9c7372","CUS-1928710999","144.96","-37.82","debit","Sat","08:20:44","08","September"
"3966","authorized","1","ACC-1056639002","145.03","-37.91","SALES-POS","34982e8c-3d7e-4833-a9e2-905af0d7ae71","Michael",45927.92,2018-09-01 07:00:00,"M",22,"Ringwood","VIC",20.55,"ada5829b67db44d582411d70e32d9d29","CUS-3462882033","145.23","-37.81","debit","Sat","08:39:15","08","September"
"3967","authorized","1","ACC-819621312","145.04","-37.85","POS","a8d4ae96-b786-474a-b65c-12b76a2bab55","Michele",4252.8,2018-09-01 07:00:00,"F",30,"Carlton North","VIC",78.73,"981cedc5fb184e438c06ea8dbc90f0c0","CUS-1271030853","144.97","-37.79","debit","Sat","08:57:46","08","September"
"3968","authorized","1","ACC-3771436525","145.04","-37.92","POS","88ab68ca-28ea-4baf-9719-04fd94cb7628","Derek",2340.36,2018-09-01 07:00:00,"M",20,"North Essendon","VIC",13.69,"0c909e32f9bb4f4ebf4d16627f17ad08","CUS-3325710106","144.9","-37.74","debit","Sat","09:08:27","09","September"
"3969","authorized","1","ACC-3100725361","145.73","-17.03","SALES-POS","814b74ef-67a5-472d-82f0-6c1dace99cf3","Ronald",194.57,2018-09-01 07:00:00,"M",25,"Cobar","NSW",6.44,"d593cd36e1e94bccaa302ffd092f8895","CUS-2178051368","145.84","-31.5","debit","Sat","09:18:04","09","September"
"3970","authorized","1","ACC-182446574","116.06","-32.00","POS","c6f1642d-7309-4970-a380-da4656c569ed","Tonya",5302.85,2018-09-01 07:00:00,"F",27,"Edgewater","WA",38.29,"8c6a446fe9ba40e38e322104e740d852","CUS-3026014945","115.78","-31.77","debit","Sat","09:27:41","09","September"
"3971","authorized","1","ACC-3771436525","145.04","-37.92","POS","ee6f52f2-b39d-497f-84ff-5bab1e80dda6","Derek",2324.52,2018-09-01 07:00:00,"M",20,"Malvern East","VIC",15.84,"15a8c89ca3ea41edadabe5160463446d","CUS-3325710106","145.08","-37.89","debit","Sat","09:37:18","09","September"
"3972","authorized","1","ACC-819621312","145.04","-37.85","POS","5d2fe9e6-efb6-44e5-be25-85ac9bb7a4bf","Michele",4195.03,2018-09-01 07:00:00,"F",30,"Aberfeldie","VIC",57.77,"deb6b4940f904f1d88099730e83bac96","CUS-1271030853","144.9","-37.76","debit","Sat","09:46:55","09","September"
"3973","authorized","1","ACC-1443681913","150.92","-33.77","POS","0bacf8a8-2ffe-4b09-b1de-e4004a9ea52d","Ryan",2796.97,2018-09-01 07:00:00,"M",31,"Liverpool","NSW",38.46,"94bafbf560974215ac97b2df99517548","CUS-3129499595","150.92","-33.93","debit","Sat","09:56:32","09","September"
"3974","posted",NA,"ACC-1243371644","150.90","-33.78","PAYMENT",NA,"Gregory",2808.07,2018-09-01 07:00:00,"M",42,NA,NA,150,"c89458a5f26545069f51e4cc883c6300","CUS-3904958894",NA,NA,"debit","Sat","10:00:00","10","September"
"3975","posted",NA,"ACC-574997646","150.79","-33.64","PAYMENT",NA,"Mackenzie",3146.24,2018-09-01 07:00:00,"F",18,NA,NA,45,"6a205d2eac134d95a4e4ae4a99db180e","CUS-586638664",NA,NA,"debit","Sat","10:00:00","10","September"
"3976","authorized","1","ACC-3084464802","145.15","-37.76","SALES-POS","91596333-18b9-4045-91a0-6b91cfcc86a5","Susan",4807.85,2018-09-01 07:00:00,"F",19,"Richmond","VIC",32.86,"db4612cb6a06443a9163af4c4029347f","CUS-1928710999","145","-37.82","debit","Sat","10:06:39","10","September"
"3977","authorized","0","ACC-3771436525","145.04","-37.92","SALES-POS","a14b058d-1c59-4c98-b71f-044d65cdd118","Derek",2295.76,2018-09-01 07:00:00,"M",20,"Carrum Downs","VIC",28.76,"879bc2dd2f1145f49edb90108663efd6","CUS-3325710106","145.18","-38.1","debit","Sat","10:17:04","10","September"
"3978","authorized","1","ACC-2249586092","115.98","-32.07","SALES-POS","a684e8da-788b-48e2-8e9e-68dcca90266d","Edward",6460.27,2018-09-01 07:00:00,"M",19,"Midland","WA",10.29,"a6c0764ecae64d0396784c7cbe4913e8","CUS-443776336","116","-31.89","debit","Sat","10:27:29","10","September"
"3979","authorized","1","ACC-2173390920","144.71","-37.58","SALES-POS","19498dcc-b4b9-4e23-9926-63f044e073a2","Luis",4036.27,2018-09-01 07:00:00,"M",27,"Brunswick","VIC",27.71,"5dd20ac28644404d946c1860e34b0fb3","CUS-3180318393","144.96","-37.76","debit","Sat","10:37:54","10","September"
"3980","authorized","1","ACC-3689607373","115.79","-31.79","SALES-POS","eff5148f-7b5f-4214-8a3f-445ecf89802a","Virginia",4773.01,2018-09-01 07:00:00,"F",20,"Perth","WA",8.38,"4ffe36a0d389466eb8e36b4df45a196a","CUS-127297539","115.86","-31.95","debit","Sat","10:48:19","10","September"
"3981","authorized","0","ACC-3485804958","138.52","-35.01","POS","9148f42a-c5b8-487d-8f5a-a38264d30552","Jessica",20934.77,2018-09-01 07:00:00,"F",34,"Melbourne","VIC",89.91,"75ecde03039f4288856bfe27d1d7cfe8","CUS-1196156254","144.97","-37.82","debit","Sat","10:58:44","10","September"
"3982","posted",NA,"ACC-2901672282","255.00","-573.00","PAYMENT",NA,"Daniel",5829.7,2018-09-01 07:00:00,"M",22,NA,NA,95,"f810a114e2c544b0a5fcb7ebe3f19167","CUS-1617121891",NA,NA,"debit","Sat","11:00:00","11","September"
"3983","posted",NA,"ACC-2681137560","151.11","-33.99","PAYMENT",NA,"Nathaniel",5161.51,2018-09-01 07:00:00,"M",31,NA,NA,17,"b98c6abcb3d74c35b78e78a7b66c71ec","CUS-2083971310",NA,NA,"debit","Sat","11:00:00","11","September"
"3984","authorized","1","ACC-90814749","151.68","-32.98","SALES-POS","9fbd34f1-3a80-45ce-9784-e76c763fa428","Christopher",9019.95,2018-09-01 07:00:00,"M",35,"The Junction","NSW",9.94,"8e36192eb7df49e38d130e4bd9909043","CUS-1896554896","151.76","-32.94","debit","Sat","11:06:14","11","September"
"3985","authorized","1","ACC-1279356312","144.79","-37.73","SALES-POS","51c5261f-1bb0-4913-8a7f-f59224213151","Tyler",5085.49,2018-09-01 07:00:00,"M",44,"Greensborough","VIC",364.69,"cb2a40b3523f4a2ea7d359ddb7b0542a","CUS-1892177589","145.11","-37.69","debit","Sat","11:13:19","11","September"
"3986","authorized","1","ACC-1279356312","144.79","-37.73","POS","76760ebf-de38-4ca6-a239-81751a689133","Tyler",5074.21,2018-09-01 07:00:00,"M",44,"Cockatoo","VIC",11.28,"13639c80014f459282d324d32654759a","CUS-1892177589","145.49","-37.94","debit","Sat","11:20:25","11","September"
"3987","authorized","1","ACC-3689607373","115.79","-31.79","POS","7a696b6f-7586-4d4d-a2c6-e32904de84dd","Virginia",4749.58,2018-09-01 07:00:00,"F",20,"Ceduna","SA",23.43,"25c91a9983ea43848d9fd9f3d47d1e1e","CUS-127297539","133.67","-32.13","debit","Sat","11:27:31","11","September"
"3988","authorized","1","ACC-3689607373","115.79","-31.79","SALES-POS","02e67fcd-b41a-4cb4-8b8e-b76c4ac06d96","Virginia",4729.3,2018-09-01 07:00:00,"F",20,"Madeley","WA",20.28,"36f166628c20496eba0d3adf2040a91a","CUS-127297539","115.82","-31.82","debit","Sat","11:34:36","11","September"
"3989","authorized","1","ACC-1056639002","145.03","-37.91","POS","fcff708f-9da5-4150-8650-d9aaa3cac19f","Michael",45878.53,2018-09-01 07:00:00,"M",22,"Richmond","VIC",49.39,"fd5bd940a9be4187bf23b414174361e4","CUS-3462882033","144.99","-37.83","debit","Sat","11:41:42","11","September"
"3990","authorized","1","ACC-854938045","147.63","-22.84","POS","a24bb055-ef5a-4930-8023-d3cd9a7b8ae7","James",9634.57,2018-09-01 07:00:00,"M",28,"Campbell Town","TAS",13.52,"81f29922e21d4f6d9cbac78e53006a41","CUS-4023861240","147.49","-41.93","debit","Sat","11:48:47","11","September"
"3991","authorized","0","ACC-958000567","130.90","-12.37","POS","ade44fed-cf6d-4c45-8141-790dadb96d8b","Sandra",4539.43,2018-09-01 07:00:00,"F",34,"Sydney","NSW",58.19,"5818677875b142dd988111e4420c5a68","CUS-4142663097","151.21","-33.87","debit","Sat","11:55:53","11","September"
"3992","posted",NA,"ACC-1998563091","149.03","-35.25","PAYMENT",NA,"David",16151.11,2018-09-01 07:00:00,"M",42,NA,NA,45,"3392333cd1b84f8d89a0da672cbc8b32","CUS-3395687666",NA,NA,"debit","Sat","12:00:00","12","September"
"3993","posted",NA,"ACC-3879258709","143.83","-37.66","PAYMENT",NA,"Natasha",192816.49,2018-09-01 07:00:00,"F",40,NA,NA,170,"91305a8a6afa4daa95c85be8a00224c7","CUS-527400765",NA,NA,"debit","Sat","12:00:00","12","September"
"3994","authorized","1","ACC-3485804958","138.52","-35.01","SALES-POS","f2f0934b-a448-4e8f-b742-46c66073aee8","Jessica",20917.9,2018-09-01 07:00:00,"F",34,"Seacliff Park","SA",16.87,"11f2281ba261424588471e639ba64001","CUS-1196156254","138.53","-35.03","debit","Sat","12:06:46","12","September"
"3995","authorized","1","ACC-4065652575","115.81","-31.82","POS","0b9582bf-aee0-494b-86f9-08ed5a989322","Lucas",7871.19,2018-09-01 07:00:00,"M",21,"Aubin Grove","WA",10.79,"e3d5a663efc941e2910a994d26c9ccad","CUS-1117979751","115.86","-32.17","debit","Sat","12:22:54","12","September"
"3996","authorized","1","ACC-37709441","153.41","-28.01","SALES-POS","e1c0331f-3ec5-4d0b-85ad-1ef31a5eb6a1","Charles",6808.64,2018-09-01 07:00:00,"M",18,"Mermaid Beach","QLD",13.39,"c3e677761e61426ba5ffebd4ccbfad5a","CUS-3336454548","153.43","-28.04","debit","Sat","12:39:01","12","September"
"3997","authorized","1","ACC-958000567","130.90","-12.37","SALES-POS","5218e5e3-8971-47bc-986a-0428a0fc7a04","Sandra",4524.73,2018-09-01 07:00:00,"F",34,"Palmerston City","NT",14.7,"0689f97adc234d6e955f471e8abb52bc","CUS-4142663097","130.99","-12.48","debit","Sat","12:55:09","12","September"
"3998","posted",NA,"ACC-90814749","151.68","-32.98","INTER BANK",NA,"Christopher",8975.95,2018-09-01 07:00:00,"M",35,NA,NA,44,"1d8b2962c87e45ddbc240557e37a80eb","CUS-1896554896",NA,NA,"debit","Sat","13:00:00","13","September"
"3999","authorized","1","ACC-2920611728","144.96","-37.76","SALES-POS","7b69c603-686d-46c9-9d1c-e27a693e638b","Tyler",4913.34,2018-09-01 07:00:00,"M",69,"Donnybrook","VIC",22.83,"7b880973ac8c4b42952341271b939bdf","CUS-1388323263","144.94","-37.54","debit","Sat","13:11:51","13","September"
"4000","authorized","0","ACC-3541460373","145.00","-37.83","POS","59ba0b94-0a95-4a8c-b11c-7ee934e3ea4d","Jeffrey",3164.66,2018-09-01 07:00:00,"M",24,"West Perth","WA",32.15,"0e186c77594c48f7a2027653f636c5eb","CUS-1433879684","115.84","-31.95","debit","Sat","13:28:48","13","September"
"4001","authorized","1","ACC-3689607373","115.79","-31.79","SALES-POS","deb7ade5-9552-4ab1-abff-a0ba6721bb15","Virginia",4702.8,2018-09-01 07:00:00,"F",20,"Gilgandra","NSW",26.5,"9303f55ff3354e47977c802621e94ac0","CUS-127297539","148.67","-31.71","debit","Sat","13:45:45","13","September"
"4002","posted",NA,"ACC-37709441","153.41","-28.01","INTER BANK",NA,"Charles",6763.64,2018-09-01 07:00:00,"M",18,NA,NA,45,"713999d9a12c4d22967a1e3315d4b487","CUS-3336454548",NA,NA,"debit","Sat","14:00:00","14","September"
"4003","authorized","1","ACC-1998563091","149.03","-35.25","SALES-POS","f759fd6a-0d41-4a72-a65a-a9ae2d47eee0","David",16111.86,2018-09-01 07:00:00,"M",42,"Christies Beach","SA",39.25,"00c7e252fb31417394073456694c0666","CUS-3395687666","138.47","-35.14","debit","Sat","14:01:11","14","September"
"4004","authorized","1","ACC-1890605467","143.88","-37.66","POS","231f5f5b-628b-4365-a00f-22bc51095a5a","Alexander",11432.95,2018-09-01 07:00:00,"M",38,"Bundoora","VIC",43.12,"e69b5e77f2a64700bd626edc316c0eb5","CUS-1478398256","145.06","-37.7","debit","Sat","14:08:35","14","September"
"4005","authorized","0","ACC-3084464802","145.15","-37.76","SALES-POS","ab7309b7-ad87-4d24-bd87-111c70b56759","Susan",4774.82,2018-09-01 07:00:00,"F",19,"Melbourne","VIC",33.03,"1865f79880b74c339f0cbaa7d0cf25a3","CUS-1928710999","144.97","-37.84","debit","Sat","14:15:59","14","September"
"4006","authorized","1","ACC-3536132544","144.93","-37.79","SALES-POS","f7e32ec1-8be1-4cc9-bed6-9968d20f0f9c","Heather",2719.71,2018-09-01 07:00:00,"F",41,"Epping","VIC",20.4,"745df73418ea4b119364225f5589520a","CUS-2348881191","145.02","-37.65","debit","Sat","14:23:24","14","September"
"4007","authorized","1","ACC-182446574","116.06","-32.00","POS","51f03efa-4903-425b-b27e-c7ecfbc7789d","Tonya",5277.81,2018-09-01 07:00:00,"F",27,"Parramatta","NSW",25.04,"463d007840ac44fc9947645828b77732","CUS-3026014945","151.02","-33.81","debit","Sat","14:30:48","14","September"
"4008","authorized","1","ACC-2897221629","150.90","-34.37","SALES-POS","c74f36a4-3ddb-47b4-9125-98671a3d904e","Scott",2786.8,2018-09-01 07:00:00,"M",23,"Galston","NSW",23.98,"0590f45aba9048f9adf85c6b23dc48bc","CUS-511326734","151.05","-33.65","debit","Sat","14:45:37","14","September"
"4009","authorized","1","ACC-3689607373","115.79","-31.79","SALES-POS","8096c474-820e-43b4-bfe5-c4ef722d0677","Virginia",4679.94,2018-09-01 07:00:00,"F",20,"Hillarys","WA",22.86,"382aad3ee5944350babc6f921d000136","CUS-127297539","115.74","-31.82","debit","Sat","14:53:02","14","September"
"4010","authorized","1","ACC-2681137560","151.11","-33.99","POS","cf4fea2f-dd7b-4b20-bc43-40e99f576e59","Nathaniel",5152.68,2018-09-01 07:00:00,"M",31,"Roseville","NSW",8.83,"4d50a7fdd08f404e9affa77da1e0d45f","CUS-2083971310","151.19","-33.79","debit","Sat","15:00:34","15","September"
"4011","authorized","1","ACC-1222300524","151.23","-33.94","SALES-POS","fce3c46f-5fa7-47aa-a50a-7b12ad1644b8","Michael",1933.66,2018-09-01 07:00:00,"M",38,"Roselands","NSW",10.07,"1f67543070b54735aa156b3a7476510d","CUS-2142601169","151.07","-33.93","debit","Sat","15:10:17","15","September"
"4012","authorized","1","ACC-1890605467","143.88","-37.66","POS","15116f50-f83d-4e87-ae55-bfbefc312a7f","Alexander",11405.36,2018-09-01 07:00:00,"M",38,"Roxburgh Park","VIC",27.59,"3d5f73706e444a07a0426d65361dd334","CUS-1478398256","144.93","-37.64","debit","Sat","15:19:59","15","September"
"4013","authorized","0","ACC-3771436525","145.04","-37.92","POS","df39e155-fa65-4da8-a339-13a91b6841e0","Derek",2274.42,2018-09-01 07:00:00,"M",20,"Saint Kilda","VIC",21.34,"515eaae556294278ba709f8b46c2bbdc","CUS-3325710106","144.98","-37.87","debit","Sat","15:29:42","15","September"
"4014","authorized","1","ACC-182446574","116.06","-32.00","POS","7fbd6363-a171-4ce6-ad92-c59fd7991396","Tonya",5266.35,2018-09-01 07:00:00,"F",27,"Lidcombe","NSW",11.46,"6674f480b3ea427f946081efd3bdf2a5","CUS-3026014945","151.06","-33.86","debit","Sat","15:39:25","15","September"
"4015","authorized","1","ACC-90814749","151.68","-32.98","SALES-POS","a67930fa-c3e4-4d0a-99ca-fce0c8391dbf","Christopher",8949.92,2018-09-01 07:00:00,"M",35,"Oakey","QLD",26.03,"56f264846c1e41af84eb12bb7ee8458f","CUS-1896554896","151.72","-27.44","debit","Sat","15:49:07","15","September"
"4016","authorized","0","ACC-4258502723","145.45","-37.74","POS","fd80b331-9f35-4ea8-9cf1-8fbb1ee77c89","Kimberly",2109.94,2018-09-01 07:00:00,"F",24,"Melbourne","VIC",18.66,"5062d45cf8084e85a5c1ba6da35678db","CUS-3378712515","144.97","-37.81","debit","Sat","15:58:50","15","September"
"4017","posted",NA,"ACC-2920611728","144.96","-37.76","PAYMENT",NA,"Tyler",4896.34,2018-09-01 07:00:00,"M",69,NA,NA,17,"d2c47f9b4daf4304a48630624cf871eb","CUS-1388323263",NA,NA,"debit","Sat","16:00:00","16","September"
"4018","posted",NA,"ACC-37709441","153.41","-28.01","PHONE BANK",NA,"Charles",6742.64,2018-09-01 07:00:00,"M",18,NA,NA,21,"51d1a92e56ea4fb0907821d73113e642","CUS-3336454548",NA,NA,"debit","Sat","16:00:00","16","September"
"4019","authorized","0","ACC-1990648130","114.62","-28.80","POS","86f6f266-ca2e-4a5e-b563-2a40bda8d2e0","Kaitlyn",2803.56,2018-09-01 07:00:00,"F",21,"Melbourne","VIC",45.17,"2649c5bdfe1a4e8c9138c2a49d1ab14b","CUS-809013380","144.96","-37.82","debit","Sat","16:13:44","16","September"
"4020","authorized","1","ACC-1222300524","151.23","-33.94","SALES-POS","5bef6f4d-3555-4b95-9419-bb8816864048","Michael",1924.92,2018-09-01 07:00:00,"M",38,"Ashburton","VIC",8.74,"2085c18ea33c4a06aab92fff65045894","CUS-2142601169","145.09","-37.86","debit","Sat","16:29:22","16","September"
"4021","authorized","0","ACC-1443681913","150.92","-33.77","POS","badad515-2c08-4896-b2f2-3d50a4505fe2","Ryan",2753.79,2018-09-01 07:00:00,"M",31,"Guildford","NSW",43.18,"9916bc8730984e648e20343e2882ad09","CUS-3129499595","150.99","-33.85","debit","Sat","16:44:59","16","September"
"4022","posted",NA,"ACC-854938045","147.63","-22.84","PAYMENT",NA,"James",9585.57,2018-09-01 07:00:00,"M",28,NA,NA,49,"1792f3653c4846c78a8b4970b694ddee","CUS-4023861240",NA,NA,"debit","Sat","17:00:00","17","September"
"4023","posted",NA,"ACC-958000567","130.90","-12.37","PAYMENT",NA,"Sandra",4356.73,2018-09-01 07:00:00,"F",34,NA,NA,168,"fbd1d58bd55e4cb69b3b693dfe832e2d","CUS-4142663097",NA,NA,"debit","Sat","17:00:00","17","September"
"4024","authorized","1","ACC-1990648130","114.62","-28.80","POS","ca76c244-2b13-4760-8832-3d02d0ef8bae","Kaitlyn",2797.18,2018-09-01 07:00:00,"F",21,"Surry Hills","NSW",6.38,"d8b7c28afac942bf81c816483c78d90f","CUS-809013380","151.21","-33.88","debit","Sat","17:00:19","17","September"
"4025","authorized","0","ACC-1222300524","151.23","-33.94","POS","14dceb58-aa1a-4fa3-9633-e359b7247c0b","Michael",1907.97,2018-09-01 07:00:00,"M",38,"Five Dock","NSW",16.95,"063fba39c72b46ab853c9d9359cb8132","CUS-2142601169","151.11","-33.87","debit","Sat","17:08:23","17","September"
"4026","authorized","0","ACC-1990648130","114.62","-28.80","POS","f75cba91-43f5-48cb-83ac-c4c2254e0028","Kaitlyn",2784.33,2018-09-01 07:00:00,"F",21,"Alstonville","NSW",12.85,"82bfdd4b89514327bd0d51f3ef254460","CUS-809013380","153.45","-28.85","debit","Sat","17:16:27","17","September"
"4027","authorized","0","ACC-37709441","153.41","-28.01","POS","96771859-4bff-4c75-8db7-0132179e1380","Charles",6719.55,2018-09-01 07:00:00,"M",18,"Southport","QLD",23.09,"489e482ad801469492da973680bc43cc","CUS-3336454548","153.42","-27.97","debit","Sat","17:24:30","17","September"
"4028","authorized","0","ACC-3689607373","115.79","-31.79","SALES-POS","293fb8f1-9c16-4271-a64d-7fc03b56f673","Virginia",4494.16,2018-09-01 07:00:00,"F",20,"Ashfield","NSW",185.78,"29e8970ac30748ffb7eeec66f56c243e","CUS-127297539","151.12","-33.89","debit","Sat","17:32:34","17","September"
"4029","authorized","1","ACC-2897221629","150.90","-34.37","SALES-POS","25ba61f5-a9e8-4330-8a4e-74246f6e631d","Scott",2773.11,2018-09-01 07:00:00,"M",23,"Marrickville","NSW",13.69,"43e1b23ad5234ca484d01229faae864f","CUS-511326734","151.17","-33.91","debit","Sat","17:40:38","17","September"
"4030","authorized","1","ACC-3100725361","145.73","-17.03","SALES-POS","dbbe8885-57f9-4724-b6f5-c3e34e1030b8","Ronald",187.74,2018-09-01 07:00:00,"M",25,"Inverloch","VIC",6.83,"22965534d23f4cf2ac068b082c1449bd","CUS-2178051368","145.73","-38.63","debit","Sat","17:48:42","17","September"
"4031","authorized","1","ACC-3879258709","143.83","-37.66","SALES-POS","acf1a6ca-3f83-4511-aa48-302b1bfef3aa","Natasha",192790.29,2018-09-01 07:00:00,"F",40,"Kerang","VIC",26.2,"e41382be940b4138b95f6e751ef32531","CUS-527400765","143.92","-35.73","debit","Sat","17:56:46","17","September"
"4032","posted",NA,"ACC-958000567","130.90","-12.37","PAYMENT",NA,"Sandra",4259.66,2018-09-01 07:00:00,"F",34,NA,NA,17,"4d7bf32d7c7849c2ba1046ab37a9942e","CUS-4142663097",NA,NA,"debit","Sat","18:00:00","18","September"
"4033","authorized","1","ACC-3741880913","150.50","-23.40","POS","6f7d6056-ab46-4f90-8c33-840e1986c030","Ashley",8228.63,2018-09-01 07:00:00,"F",25,"Narrawallee","NSW",10.77,"aa867dffd04e4d89b23f4b1fae74292b","CUS-1220154422","150.47","-35.32","debit","Sat","18:12:29","18","September"
"4034","authorized","1","ACC-80388494","144.97","-37.42","POS","af49051a-591d-4b08-bd3c-27730b70ed37","Dustin",4053.45,2018-09-01 07:00:00,"M",28,"Oakleigh","VIC",21.07,"0298fe066c7243e2acd575613bedddb9","CUS-1140341822","145.09","-37.91","debit","Sat","18:33:19","18","September"
"4035","authorized","1","ACC-958000567","130.90","-12.37","POS","d78bc180-93c4-4358-a9c3-0ac1845763f2","Sandra",4276.66,2018-09-01 07:00:00,"F",34,"Yulara","NT",80.07,"ae3b9ea5999a4dbcaf2b4b3711998cb0","CUS-4142663097","130.99","-25.24","debit","Sat","18:54:09","18","September"
"4036","authorized","0","ACC-1598451071","153.41","-27.95","POS","994f51ea-1a1f-49a7-b117-6651005b4bec","Diana",1582.75,2018-09-01 07:00:00,"F",26,"Brisbane City","QLD",2.4,"65ac637026be4e15a21b52fd5bf92fc8","CUS-2487424745","153.03","-27.47","debit","Sat","19:07:34","19","September"
"4037","authorized","1","ACC-2897221629","150.90","-34.37","POS","75ecb1a9-7214-44b3-b547-60fe12510d7c","Scott",2766.06,2018-09-01 07:00:00,"M",23,"Cherrybrook","NSW",7.05,"f4c11223578147be93d769581a76769e","CUS-511326734","151.04","-33.72","debit","Sat","19:18:06","19","September"
"4038","authorized","1","ACC-2249586092","115.98","-32.07","POS","84812265-9b6e-4c7c-a438-d89ce74c9e61","Edward",6456.82,2018-09-01 07:00:00,"M",19,"Black Head","NSW",3.45,"e807e1609f4d4b8498dd687a39354903","CUS-443776336","152.54","-32.08","debit","Sat","19:28:37","19","September"
"4039","authorized","1","ACC-240804743","121.48","-30.75","POS","41aa5103-841a-4f87-8cd2-577fe3e2b269","Kenneth",7570.06,2018-09-01 07:00:00,"M",29,"Loganholme","QLD",17.24,"f9f908c893e24ccf8dbfdb781fbe90b9","CUS-261674136","152.87","-30.8","debit","Sat","19:39:09","19","September"
"4040","authorized","1","ACC-1516130869","130.84","-12.45","SALES-POS","e41588f5-21f9-4949-807d-f08781ec112a","Jessica",1162.11,2018-09-01 07:00:00,"F",21,"Darwin City","NT",31.75,"9e8a3c1217b447bdaa8158591ecfec86","CUS-325142416","130.84","-12.46","debit","Sat","19:49:41","19","September"
"4041","posted",NA,"ACC-4258502723","145.45","-37.74","INTER BANK",NA,"Kimberly",2081.94,2018-09-01 07:00:00,"F",24,NA,NA,28,"4ca73467d311406e9ad0a0ce8cf2fa66","CUS-3378712515",NA,NA,"debit","Sat","20:00:00","20","September"
"4042","authorized","0","ACC-1056639002","145.03","-37.91","POS","b627037c-26e1-42dc-9a1b-51d2c73b4629","Michael",45870.67,2018-09-01 07:00:00,"M",22,"Heidelberg","VIC",7.86,"08a03516c6c546a586078e141cbfa1f6","CUS-3462882033","145.07","-37.76","debit","Sat","20:00:08","20","September"
"4043","authorized","1","ACC-1990648130","114.62","-28.80","POS","6a71cdc2-672a-4f84-b4bd-13eaaef07d9e","Kaitlyn",2746.54,2018-09-01 07:00:00,"F",21,"Ballina","NSW",37.79,"4693f04d0c764b82b2a9df78faa24538","CUS-809013380","153.56","-28.86","debit","Sat","20:06:53","20","September"
"4044","authorized","1","ACC-958000567","130.90","-12.37","SALES-POS","d6d6bb87-b92b-4ee5-99cf-aeb4f7b60c6f","Sandra",4221.61,2018-09-01 07:00:00,"F",34,"Batchelor","NT",38.05,"0f0da5591fb84f2e9016d9393bf435fb","CUS-4142663097","131.02","-13.05","debit","Sat","20:13:38","20","September"
"4045","authorized","1","ACC-240804743","121.48","-30.75","SALES-POS","f66f5f5a-ebd4-4fd5-9471-3dbbc4c65894","Kenneth",7513.89,2018-09-01 07:00:00,"M",29,"Milton","QLD",56.17,"7a173ad8a2ed420abf60a4719d907d18","CUS-261674136","153","-27.47","debit","Sat","20:20:24","20","September"
"4046","authorized","1","ACC-1990648130","114.62","-28.80","POS","3a12af3d-a155-4e6f-aaf0-24d4ad71a57d","Kaitlyn",2734.94,2018-09-01 07:00:00,"F",21,"East Lismore","NSW",11.6,"25023deb7ccf44ffa528aea5bb909a81","CUS-809013380","153.3","-28.82","debit","Sat","20:27:09","20","September"
"4047","authorized","1","ACC-1598451071","153.41","-27.95","SALES-POS","150a461b-53a5-4a53-9d26-8a6d4434308e","Diana",1557.87,2018-09-01 07:00:00,"F",26,"Broadbeach","QLD",24.88,"bebea0e0835947719ecb36845d0c130f","CUS-2487424745","153.43","-28.03","debit","Sat","20:33:55","20","September"
"4048","authorized","1","ACC-1443681913","150.92","-33.77","POS","a0a75540-9552-439d-a258-fdbe92d1f3de","Ryan",2744.9,2018-09-01 07:00:00,"M",31,"St Leonards","NSW",8.89,"3e16158609c74faba41acaddb60bdf15","CUS-3129499595","151.19","-33.82","debit","Sat","20:40:40","20","September"
"4049","authorized","1","ACC-3689607373","115.79","-31.79","SALES-POS","20350a17-ead5-464b-bea9-5cbf33362de2","Virginia",4448.08,2018-09-01 07:00:00,"F",20,"Oakleigh","VIC",46.08,"8e244424c1bc43a99fee5a72649ee9ab","CUS-127297539","145.09","-37.9","debit","Sat","20:47:25","20","September"
"4050","authorized","1","ACC-90814749","151.68","-32.98","SALES-POS","3d429f5a-6a5b-482b-9c30-5357af5b569f","Christopher",8910.95,2018-09-01 07:00:00,"M",35,"Whyalla","SA",38.97,"f48bd40b6ec040c885de3b0c07240aa8","CUS-1896554896","137.57","-33.03","debit","Sat","20:54:11","20","September"
"4051","posted",NA,"ACC-1344825761","151.09","-33.91","PAYMENT",NA,"Sarah",17645.18,2018-09-01 07:00:00,"F",46,NA,NA,28,"01b220ed27a64416b208f3f5e8667b4f","CUS-1499065773",NA,NA,"debit","Sat","21:00:00","21","September"
"4052","authorized","1","ACC-1598451071","153.41","-27.95","SALES-POS","efab2733-f248-47f8-aa0d-e92d3f436a43","Diana",1543.1,2018-09-01 07:00:00,"F",26,"Burleigh Waters","QLD",14.77,"409a2b6237854a0faa2b23b3ddb7d585","CUS-2487424745","153.42","-28.1","debit","Sat","21:00:36","21","September"
"4053","authorized","1","ACC-3100725361","145.73","-17.03","POS","a42d4595-dcd9-41ca-95e4-946b8243355b","Ronald",172.35,2018-09-01 07:00:00,"M",25,"Berrigan","NSW",15.39,"c08f370d2658426bbf1e9548cfb02781","CUS-2178051368","145.81","-35.66","debit","Sat","21:04:58","21","September"
"4054","authorized","1","ACC-2173390920","144.71","-37.58","SALES-POS","4009eacb-a18b-477b-b4e5-bc4eb97fcbe2","Luis",3989.03,2018-09-01 07:00:00,"M",27,"Narbethong","VIC",47.24,"086541d1fdb448bfbfb211a9199a8aa8","CUS-3180318393","145.64","-37.57","debit","Sat","21:09:20","21","September"
"4055","authorized","1","ACC-2249586092","115.98","-32.07","SALES-POS","6bbcd84f-2bd6-466b-9084-d0998fe887b2","Edward",6361.94,2018-09-01 07:00:00,"M",19,"Collingwood","VIC",94.88,"fcdc0fdc3da64900acaa73457df42599","CUS-443776336","144.99","-37.8","debit","Sat","21:13:42","21","September"
"4056","authorized","1","ACC-182446574","116.06","-32.00","POS","58cd3120-ac03-4968-9c6d-0f3523469769","Tonya",5228.94,2018-09-01 07:00:00,"F",27,"Old Bar","NSW",37.41,"d8878f885e3a434688ddd27e9e4e5df6","CUS-3026014945","152.58","-31.97","debit","Sat","21:18:04","21","September"
"4057","authorized","1","ACC-1598451071","153.41","-27.95","POS","e67cbcbd-e44b-4cf0-b318-30827a7425af","Diana",1472.88,2018-09-01 07:00:00,"F",26,"Docklands","VIC",70.22,"ccdf83d242b440738a0fca54ae8c5abf","CUS-2487424745","144.95","-37.82","debit","Sat","21:22:26","21","September"
"4058","authorized","0","ACC-3771436525","145.04","-37.92","SALES-POS","7b3f4761-3330-4537-8c58-96949bc12314","Derek",2175.45,2018-09-01 07:00:00,"M",20,"Melbourne","VIC",98.97,"99bf9916cff94720adfff5dc704852b3","CUS-3325710106","144.96","-37.81","debit","Sat","21:26:48","21","September"
"4059","authorized","1","ACC-1903037542","153.05","-27.61","SALES-POS","6703c648-7b87-4417-b2c4-43ae4a2d5579","Jeffrey",3258.94,2018-09-01 07:00:00,"M",30,"Nambour","QLD",20.17,"89cc6687099d4f83af0d88f3f2d90b7b","CUS-860700529","152.96","-26.63","debit","Sat","21:31:10","21","September"
"4060","authorized","1","ACC-354106658","151.04","-33.80","SALES-POS","2d9bae98-81ec-4c16-8b72-2d19123eafda","Christine",6743.77,2018-09-01 07:00:00,"F",39,"Sydney","NSW",773.99,"21b59ddabb91482db1237a299a701c95","CUS-2376382098","151.2","-33.87","debit","Sat","21:35:32","21","September"
"4061","authorized","1","ACC-1710017148","150.82","-34.01","SALES-POS","cc41785e-0e26-4e86-a5d0-40ca04413a35","Michelle",6707.13,2018-09-01 07:00:00,"F",19,"North Willoughby","NSW",94.22,"1a954ee6471e46759bd3548b1b414e4e","CUS-883482547","151.2","-33.8","debit","Sat","21:39:54","21","September"
"4062","authorized","0","ACC-3954677887","115.72","-32.28","POS","fa3a6b8e-fe87-45e8-96c1-c6560e487575","Ruth",3779.96,2018-09-01 07:00:00,"F",47,"Dubbo","NSW",13.41,"d841660d4625413ba65a7483c5d66e1d","CUS-3716701010","148.6","-32.24","debit","Sat","21:44:16","21","September"
"4063","authorized","1","ACC-354106658","151.04","-33.80","SALES-POS","123f64f0-fcb1-44d3-80c8-3f7febf31fcd","Christine",6693.5,2018-09-01 07:00:00,"F",39,"Illawong","NSW",50.27,"58483d8c233142259cf2ca3977be4849","CUS-2376382098","151.04","-34","debit","Sat","21:48:38","21","September"
"4064","authorized","1","ACC-958000567","130.90","-12.37","SALES-POS","da5df8d1-1e08-4749-ba78-6e1b6f305877","Sandra",4206.22,2018-09-01 07:00:00,"F",34,"Darwin City","NT",15.39,"fd9df69e90c045aa84d3509c5692fb36","CUS-4142663097","130.84","-12.46","debit","Sat","21:53:00","21","September"
"4065","authorized","1","ACC-1710017148","150.82","-34.01","SALES-POS","8e46c116-18e7-442f-8863-88b6b79ed8bb","Michelle",6694.37,2018-09-01 07:00:00,"F",19,"Canterbury","NSW",12.76,"a172ca32eaeb436398b8b8708a617ab2","CUS-883482547","151.12","-33.91","debit","Sat","21:57:22","21","September"
"4066","posted",NA,"ACC-1890605467","143.88","-37.66","PAYMENT",NA,"Alexander",10559.36,2018-09-01 07:00:00,"M",38,NA,NA,846,"df0bb9d85390456387bedf12c81a83a8","CUS-1478398256",NA,NA,"debit","Sat","22:00:00","22","September"
"4067","posted",NA,"ACC-1799207998","150.68","-33.79","PAYMENT",NA,"Susan",5253.42,2018-09-01 07:00:00,"F",20,NA,NA,30,"9305fde1a6c94788851087a28c511427","CUS-164374203",NA,NA,"debit","Sat","22:00:00","22","September"
"4068","authorized","0","ACC-2231965366","144.96","-37.84","POS","8caef465-4a6c-46fd-a286-483a6a22fa57","Linda",10192.02,2018-09-01 07:00:00,"F",35,"Heidelberg","VIC",21.93,"9f7d3a94c782469aabc0710c198d22d6","CUS-2155701614","145.07","-37.76","debit","Sat","22:04:32","22","September"
"4069","authorized","1","ACC-3689607373","115.79","-31.79","SALES-POS","bd19a059-abcb-4c59-83f4-ca0a07c93d4d","Virginia",4442.85,2018-09-01 07:00:00,"F",20,"Mascot","NSW",5.23,"b85f936219074db7981da18222a2d154","CUS-127297539","151.19","-33.93","debit","Sat","22:15:54","22","September"
"4070","authorized","1","ACC-3100725361","145.73","-17.03","SALES-POS","017fe51b-2e55-4adc-bf20-6d1f9973fb2f","Ronald",151.34,2018-09-01 07:00:00,"M",25,"Burnie","TAS",21.01,"13ae080f6e244d619d3a66751e819685","CUS-2178051368","145.9","-41.05","debit","Sat","22:27:16","22","September"
"4071","authorized","1","ACC-2231965366","144.96","-37.84","POS","c6f8db8d-b03c-4e19-b2b1-2c366982e2a7","Linda",10168.86,2018-09-01 07:00:00,"F",35,"Lakes Entrance","VIC",23.16,"d5e704fc58bd40e491de4440c81454ca","CUS-2155701614","147.97","-37.88","debit","Sat","22:38:38","22","September"
"4072","authorized","0","ACC-2897221629","150.90","-34.37","SALES-POS","dea2fd5f-f8d8-476d-a324-5855744663bf","Scott",2756.68,2018-09-01 07:00:00,"M",23,"Neutral Bay","NSW",9.38,"9654e4cb997d43f79d56f8a26be536d3","CUS-511326734","151.21","-33.84","debit","Sat","22:49:59","22","September"
"4073","posted",NA,"ACC-2988263882","145.18","-37.90","PAYMENT",NA,"Michael",4209.17,2018-09-01 07:00:00,"M",44,NA,NA,157,"ef286d7e0d6f42099dbb7c3cc2f48897","CUS-1233833708",NA,NA,"debit","Sat","23:00:00","23","September"
"4074","posted",NA,"ACC-2014856841","144.99","-37.90","PAYMENT",NA,"Patrick",261995.86,2018-09-01 07:00:00,"M",46,NA,NA,43,"880fe1bb3aae4b9fbd60421fb3b599be","CUS-2370108457",NA,NA,"debit","Sat","23:00:00","23","September"
"4075","posted",NA,"ACC-3954677887","115.72","-32.28","PAYMENT",NA,"Ruth",3755.96,2018-09-01 07:00:00,"F",47,NA,NA,24,"99d4dffe1b7e485a9bd8e3592c4aac04","CUS-3716701010",NA,NA,"debit","Sat","23:00:00","23","September"
"4076","authorized","1","ACC-1903037542","153.05","-27.61","POS","a01f26fd-0a90-4522-9206-687a8091125c","Jeffrey",3237.85,2018-09-01 07:00:00,"M",30,"Labrador","QLD",21.09,"bd87dbabe27d4ef4b1f8d5cf34df0452","CUS-860700529","153.4","-27.94","debit","Sat","23:01:34","23","September"
"4077","authorized","1","ACC-2901672282","255.00","-573.00","POS","b35c0649-12ba-428b-a82d-09ad6bb11bdb","Daniel",5739.08,2018-09-01 07:00:00,"M",22,"Ellenbrook","WA",90.62,"06f78d90b9064a48abd10d25aa20f044","CUS-1617121891","115.97","-31.78","debit","Sat","23:14:44","23","September"
"4078","authorized","1","ACC-3689607373","115.79","-31.79","SALES-POS","08e69e96-622a-4faa-9322-b6ba1a96d94e","Virginia",4410.49,2018-09-01 07:00:00,"F",20,"Karrinyup","WA",32.36,"3a412f9ae70e436c8e4b732bfc96d642","CUS-127297539","115.78","-31.88","debit","Sat","23:27:53","23","September"
"4079","authorized","1","ACC-2901672282","255.00","-573.00","SALES-POS","4c28d42b-d6ce-4a81-a3ed-8d69611b5bd4","Daniel",5718.72,2018-09-01 07:00:00,"M",22,"Parkside","SA",20.36,"813f3190221649a1b0a18678318631b8","CUS-1617121891","138.61","-34.94","debit","Sat","23:41:03","23","September"
"4080","authorized","1","ACC-1903037542","153.05","-27.61","SALES-POS","3fbd914e-7602-46b5-9dca-a5ad2ffb27a3","Jeffrey",3217.68,2018-09-01 07:00:00,"M",30,"Chermside","QLD",20.17,"c2308ed03d5c45959cc30cbca477d43d","CUS-860700529","153.02","-27.39","debit","Sat","23:54:12","23","September"
"4081","authorized","0","ACC-3100725361","145.73","-17.03","SALES-POS","e475c328-f4bb-4542-b036-e7ee08661afc","Ronald",126.8,2018-09-02 07:00:00,"M",25,"Elliott","TAS",24.54,"a65173159e1440a18f75fa3c0998ce02","CUS-2178051368","145.79","-41.08","debit","Sun","00:34:59","00","September"
"4082","authorized","1","ACC-854938045","147.63","-22.84","POS","b2bfeb0c-0b50-493e-a1e4-bd6c571b22a6","James",9541.21,2018-09-02 07:00:00,"M",28,"Melbourne","VIC",44.36,"b3709b324c964a43813e313a21a4a084","CUS-4023861240","144.97","-37.81","debit","Sun","01:13:38","01","September"
"4083","authorized","1","ACC-1903037542","153.05","-27.61","POS","9bd98735-8b39-4eb1-9226-4624430f74a1","Jeffrey",3192.08,2018-09-02 07:00:00,"M",30,"Rangeville","QLD",25.6,"9e5e8a77dd1b48748b8a84efdd69d28c","CUS-860700529","151.98","-27.59","debit","Sun","01:36:21","01","September"
"4084","authorized","1","ACC-3100725361","145.73","-17.03","SALES-POS","a42d4595-dcd9-41ca-95e4-946b8243355b","Ronald",111.02,2018-09-02 07:00:00,"M",25,"Berrigan","NSW",15.78,"eb5f86aa95044496821449eb0507010d","CUS-2178051368","145.81","-35.66","debit","Sun","01:59:05","01","September"
"4085","posted",NA,"ACC-2107684084","145.03","-37.88","PAYMENT",NA,"Richard",6185.42,2018-09-02 07:00:00,"M",22,NA,NA,25,"3b6d9ed44f3d4935b6221df550ba1a84","CUS-2283904812",NA,NA,"debit","Sun","02:00:00","02","September"
"4086","authorized","1","ACC-37709441","153.41","-28.01","SALES-POS","92b064b0-5bc8-48f9-9294-7145b058d4e6","Charles",6711.84,2018-09-02 07:00:00,"M",18,"Pimpama","QLD",7.71,"d75e274f265349df99c1ce268e7b129e","CUS-3336454548","153.32","-27.82","debit","Sun","02:31:59","02","September"
"4087","posted",NA,"ACC-1056639002","145.03","-37.91","INTER BANK",NA,"Michael",45834.67,2018-09-02 07:00:00,"M",22,NA,NA,36,"be8385e9b31c453e82305c3e22347854","CUS-3462882033",NA,NA,"debit","Sun","03:00:00","03","September"
"4088","authorized","1","ACC-3689607373","115.79","-31.79","POS","7acb0082-2056-4040-8c99-ad7fba5662f3","Virginia",4393.98,2018-09-02 07:00:00,"F",20,"Port Kennedy","WA",16.51,"005d1b9be38d4984bf6761e5121281d6","CUS-127297539","115.76","-32.37","debit","Sun","03:09:59","03","September"
"4089","posted",NA,"ACC-4258502723","145.45","-37.74","PAYMENT",NA,"Kimberly",2043.94,2018-09-02 07:00:00,"F",24,NA,NA,38,"de7c4bed4ff04054837c605b5ca04f5d","CUS-3378712515",NA,NA,"debit","Sun","04:00:00","04","September"
"4090","authorized","0","ACC-1598451071","153.41","-27.95","POS","d7f79527-7860-4e9c-b96c-ec8d371fa06a","Diana",1465.37,2018-09-02 07:00:00,"F",26,"Labrador","QLD",7.51,"871fdb737a26439ebbdddbbe582fbb20","CUS-2487424745","153.39","-27.95","debit","Sun","04:07:08","04","September"
"4091","authorized","1","ACC-958000567","130.90","-12.37","POS","869c5966-86e4-476f-9795-38b0b9908a66","Sandra",4184.66,2018-09-02 07:00:00,"F",34,"Darwin","NT",21.56,"0be87db38aba458f816702fee2a8e0f5","CUS-4142663097","130.84","-12.46","debit","Sun","04:42:51","04","September"
"4092","posted",NA,"ACC-3485804958","138.52","-35.01","PAYMENT",NA,"Jessica",20886.9,2018-09-02 07:00:00,"F",34,NA,NA,31,"35664ffb488d43a88772e15ef5893353","CUS-1196156254",NA,NA,"debit","Sun","05:00:00","05","September"
"4093","posted",NA,"ACC-559365433","147.31","-42.88","PAYMENT",NA,"Mary",2343.44,2018-09-02 07:00:00,"F",64,NA,NA,30,"8b8c2ac9ff964e53b866400db701293f","CUS-1654129794",NA,NA,"debit","Sun","05:00:00","05","September"
"4094","authorized","1","ACC-1598451071","153.41","-27.95","POS","4ebc232a-cd11-42f7-88c5-3ac36610bcdc","Diana",1459.1,2018-09-02 07:00:00,"F",26,"Saint George","QLD",6.27,"23f1bbd8fc534357a5a7ad401aeff82d","CUS-2487424745","148.59","-28.04","debit","Sun","05:43:19","05","September"
"4095","posted",NA,"ACC-1523339231","115.83","-31.90","INTER BANK",NA,"Tim",62163.22,2018-09-02 07:00:00,"M",40,NA,NA,39,"0865216cc6114b4390f6402e6fe00402","CUS-1816693151",NA,NA,"debit","Sun","06:00:00","06","September"
"4096","posted",NA,"ACC-3771436525","145.04","-37.92","PAYMENT",NA,"Derek",2126.45,2018-09-02 07:00:00,"M",20,NA,NA,49,"c487b7013d0b4f7d897dd5cfec23ff11","CUS-3325710106",NA,NA,"debit","Sun","07:00:00","07","September"
"4097","posted",NA,"ACC-2776252858","144.95","-37.76","INTER BANK",NA,"Kristin",2900.02,2018-09-02 07:00:00,"F",43,NA,NA,197,"19c9fab5e4b54d0ab0bd3af4cb580756","CUS-4123612273",NA,NA,"debit","Sun","07:00:00","07","September"
"4098","authorized","1","ACC-3689607373","115.79","-31.79","SALES-POS","4a03543c-04c2-434d-9d76-b3bf5411cbf1","Virginia",4375.13,2018-09-02 07:00:00,"F",20,"Duncraig","WA",18.85,"b310b537762a4dbba2a627a1e1c64941","CUS-127297539","115.79","-31.84","debit","Sun","07:06:39","07","September"
"4099","authorized","1","ACC-2681137560","151.11","-33.99","POS","438fdb3a-9c2c-45ac-9583-f138420f0d18","Nathaniel",5122.38,2018-09-02 07:00:00,"M",31,"Kadina","SA",30.3,"3e8c903ce2f2405cad9cf72deaa06b1d","CUS-2083971310","137.72","-33.96","debit","Sun","07:54:17","07","September"
"4100","posted",NA,"ACC-2107684084","145.03","-37.88","INTER BANK",NA,"Richard",6152.42,2018-09-02 07:00:00,"M",22,NA,NA,33,"2d5ab86c17354c2e8978b585a82f0a26","CUS-2283904812",NA,NA,"debit","Sun","08:00:00","08","September"
"4101","posted",NA,"ACC-240804743","121.48","-30.75","PAYMENT",NA,"Kenneth",7438.89,2018-09-02 07:00:00,"M",29,NA,NA,75,"f7e58243b7ed4ed382048667b2652d8e","CUS-261674136",NA,NA,"debit","Sun","08:00:00","08","September"
"4102","posted",NA,"ACC-574997646","150.79","-33.64","PAYMENT",NA,"Mackenzie",2995.24,2018-09-02 07:00:00,"F",18,NA,NA,151,"96f8a9e68c9442619d486d16437b99d2","CUS-586638664",NA,NA,"debit","Sun","08:00:00","08","September"
"4103","authorized","1","ACC-2988263882","145.18","-37.90","POS","392389f2-0068-4ec2-b95d-c229e0893935","Michael",4155.52,2018-09-02 07:00:00,"M",44,"Essendon","VIC",53.65,"ed2f183d7f56464daa7743ec78ac8942","CUS-1233833708","144.91","-37.75","debit","Sun","08:16:17","08","September"
"4104","authorized","1","ACC-3100725361","145.73","-17.03","POS","bcfecba6-8652-4413-bfd6-4e9f6e51cfdf","Ronald",99.16,2018-09-02 07:00:00,"M",25,"Maribyrnong","VIC",11.86,"2a7a869af44e44ff814282cd5c7a92e1","CUS-2178051368","144.89","-37.77","debit","Sun","08:34:48","08","September"
"4105","authorized","1","ACC-1334819143","145.13","-37.70","SALES-POS","b2e29946-a170-4f2c-a164-43a06197ae92","Christopher",60357.21,2018-09-02 07:00:00,"M",33,"Melbourne","VIC",18.08,"dc470041c8004186803aa2ab59f19980","CUS-3117610635","144.97","-37.82","debit","Sun","08:53:19","08","September"
"4106","authorized","0","ACC-3689607373","115.79","-31.79","SALES-POS","552b4220-1a02-4608-9e48-4b81003fb6e8","Virginia",4362.87,2018-09-02 07:00:00,"F",20,"York","WA",12.26,"0b0609e32db546349af866fc840bf34f","CUS-127297539","116.77","-31.89","debit","Sun","09:03:40","09","September"
"4107","authorized","0","ACC-3536132544","144.93","-37.79","SALES-POS","60098adb-5a6a-46c8-ae27-f9837e4405ea","Heather",2689.21,2018-09-02 07:00:00,"F",41,"Melbourne","VIC",30.5,"e0264ad1ff934ef99b3404b5d3466481","CUS-2348881191","144.95","-37.82","debit","Sun","09:09:25","09","September"
"4108","authorized","0","ACC-819621312","145.04","-37.85","SALES-POS","375fd692-ea5d-43f5-bfc4-1eec96af7cee","Michele",4168.47,2018-09-02 07:00:00,"F",30,"Ravenhall","VIC",26.56,"a4f00fc46f7e44deaa6840d55a1415a2","CUS-1271030853","144.75","-37.76","debit","Sun","09:15:10","09","September"
"4109","authorized","1","ACC-1334819143","145.13","-37.70","SALES-POS","878da03f-55da-4c4a-9a65-568dea0206cd","Christopher",60334.9,2018-09-02 07:00:00,"M",33,"Keilor Downs","VIC",22.31,"cade45de93c447d089617e858daa6902","CUS-3117610635","144.81","-37.72","debit","Sun","09:20:55","09","September"
"4110","authorized","0","ACC-1598451071","153.41","-27.95","SALES-POS","4f9d4f51-26fb-4afb-b65f-6e05d31a9aca","Diana",1454.82,2018-09-02 07:00:00,"F",26,"Tweed Heads","NSW",4.28,"a40aa94ddcdf459288337660d226ecb8","CUS-2487424745","153.54","-28.17","debit","Sun","09:26:39","09","September"
"4111","authorized","1","ACC-2681137560","151.11","-33.99","SALES-POS","d816309c-7cd6-4975-8ef4-e8b3d7ea33e8","Nathaniel",5088.65,2018-09-02 07:00:00,"M",31,"Eastwood","NSW",33.73,"8258d38c142c4e39bab4abb7121e83dd","CUS-2083971310","151.08","-33.79","debit","Sun","09:32:24","09","September"
"4112","authorized","1","ACC-37709441","153.41","-28.01","POS","26c92de4-4848-4c65-aba4-f33884e7545a","Charles",6630.94,2018-09-02 07:00:00,"M",18,"Ashmore","QLD",80.9,"7cf8b2e6e87d4a588a7cf98063a6323e","CUS-3336454548","153.39","-27.99","debit","Sun","09:38:09","09","September"
"4113","authorized","1","ACC-2988263882","145.18","-37.90","POS","948749e3-471e-4a8f-92ad-73e934b95ec4","Michael",4129.19,2018-09-02 07:00:00,"M",44,"Sydney","NSW",26.33,"849b254a63364dcdbec744df319bf122","CUS-1233833708","151.21","-33.87","debit","Sun","09:43:54","09","September"
"4114","authorized","1","ACC-854938045","147.63","-22.84","SALES-POS","eb0272c4-ab58-4e30-a0bf-278a58032a40","James",9512.52,2018-09-02 07:00:00,"M",28,"Tom Price","WA",28.69,"d84484e0ea264fccbe97db0badb129aa","CUS-4023861240","117.8","-22.69","debit","Sun","09:49:39","09","September"
"4115","authorized","1","ACC-958000567","130.90","-12.37","POS","f26401e1-93c1-4dc9-92e2-79cd25e902e2","Sandra",4146.54,2018-09-02 07:00:00,"F",34,"Brookvale","NSW",38.12,"6167d8f02607490c86ed4edf55c7bbe4","CUS-4142663097","151.26","-33.77","debit","Sun","09:55:24","09","September"
"4116","posted",NA,"ACC-964839203","146.92","-36.07","PAYMENT",NA,"Michael",34383.2,2018-09-02 07:00:00,"M",21,NA,NA,42,"8db1107faf13495bad97d8214b314a47","CUS-2059096722",NA,NA,"debit","Sun","10:00:00","10","September"
"4117","authorized","0","ACC-3741880913","150.50","-23.40","POS","a7362ad4-39ad-40ed-a2c8-646ae8b1568d","Ashley",8114.87,2018-09-02 07:00:00,"F",25,"South Melbourne","VIC",113.76,"d0d2eeb3705a4b488e557bf19e9c162e","CUS-1220154422","144.95","-37.83","debit","Sun","10:01:22","10","September"
"4118","authorized","1","ACC-1598451071","153.41","-27.95","POS","e7bffb4e-8d57-49cf-a546-7f4d7e0e54ea","Diana",1446.36,2018-09-02 07:00:00,"F",26,"Worongary","QLD",8.46,"e8734e717f794ce2a8585d853acb2901","CUS-2487424745","153.35","-28.04","debit","Sun","10:08:13","10","September"
"4119","authorized","1","ACC-2674800293","144.96","-37.69","SALES-POS","0a142703-a518-46ac-b854-a98a334f9b27","Elizabeth",28061.47,2018-09-02 07:00:00,"F",50,"Lakes Entrance","VIC",14.63,"1a6640a6946443ceaee661764ff4210a","CUS-2977593493","147.99","-37.88","debit","Sun","10:15:04","10","September"
"4120","authorized","1","ACC-819621312","145.04","-37.85","POS","84570b8f-77c1-4a6c-b4fc-fb7ac8c1205f","Michele",4147.64,2018-09-02 07:00:00,"F",30,"Saint Kilda East","VIC",20.83,"d8412c6091a84d6089f6091f529bc3b5","CUS-1271030853","144.99","-37.87","debit","Sun","10:21:55","10","September"
"4121","authorized","1","ACC-1222300524","151.23","-33.94","POS","81c98cac-899b-4aea-b50b-8382e706a5ad","Michael",1901.53,2018-09-02 07:00:00,"M",38,"Bankstown","NSW",6.44,"a4c274a24ac144ea9488b737607fc4ec","CUS-2142601169","151.04","-33.92","debit","Sun","10:28:46","10","September"
"4122","authorized","1","ACC-3536132544","144.93","-37.79","SALES-POS","497ca549-1d9a-44c6-8d02-5c041e809440","Heather",2663.48,2018-09-02 07:00:00,"F",41,"Windsor","VIC",25.73,"a63aaa62a3e44782b38e811517a6c341","CUS-2348881191","144.99","-37.85","debit","Sun","10:35:36","10","September"
"4123","authorized","0","ACC-1598451071","153.41","-27.95","POS","6a4ae845-a0ef-4ea6-9832-82b898c9b59d","Diana",1434.21,2018-09-02 07:00:00,"F",26,"Biggera Waters","QLD",12.15,"c3a68f1743f3464da0acbff3d39417c9","CUS-2487424745","153.39","-27.93","debit","Sun","10:42:27","10","September"
"4124","authorized","1","ACC-3100725361","145.73","-17.03","POS","e66ffcab-8b3d-4bfe-9786-6f6e062f3812","Ronald",92.66,2018-09-02 07:00:00,"M",25,"Drouin","VIC",6.5,"ac9997182b114e3185407e7bdbb52e50","CUS-2178051368","145.84","-38.13","debit","Sun","10:49:18","10","September"
"4125","authorized","0","ACC-2890243754","153.32","-27.93","POS","981c64c8-5e95-451b-9d4c-8a19e8b4f999","Joseph",3025.78,2018-09-02 07:00:00,"M",37,"Palm Beach","QLD",20.85,"866d5e4cb76346859c7238702652e370","CUS-2695611575","153.47","-28.12","debit","Sun","10:56:09","10","September"
"4126","posted",NA,"ACC-3827517394","151.12","-33.89","PAYMENT",NA,"Craig",36381.93,2018-09-02 07:00:00,"M",28,NA,NA,28,"fdbca1f0cf9d4f1fb332b941168a19c5","CUS-2663907001",NA,NA,"debit","Sun","11:00:00","11","September"
"4127","posted",NA,"ACC-1496451953","145.16","-37.84","INTER BANK",NA,"Ricky",8354.32,2018-09-02 07:00:00,"M",43,NA,NA,31,"3bd44bb7a7c949deaf7cf3a633bf0b17","CUS-3142625864",NA,NA,"debit","Sun","11:00:00","11","September"
"4128","posted",NA,"ACC-2615038700","145.35","-38.03","INTER BANK",NA,"Emily",30406.74,2018-09-02 07:00:00,"F",43,NA,NA,38,"7aae7f617c374daaa3afd831227513a5","CUS-3255104878",NA,NA,"debit","Sun","11:00:00","11","September"
"4129","posted",NA,"ACC-854938045","147.63","-22.84","PAYMENT",NA,"James",9478.52,2018-09-02 07:00:00,"M",28,NA,NA,34,"29e24448de9743f2ac6fc245b0a72d97","CUS-4023861240",NA,NA,"debit","Sun","11:00:00","11","September"
"4130","authorized","0","ACC-3485804958","138.52","-35.01","SALES-POS","33be4fb6-9e56-4bc3-a6a9-ec95ab6e55e0","Jessica",20878.68,2018-09-02 07:00:00,"F",34,"Adelaide","SA",8.22,"0417b1feb77a43fb86c9e36a74cbbc33","CUS-1196156254","138.6","-34.92","debit","Sun","11:03:51","11","September"
"4131","authorized","1","ACC-2890243754","153.32","-27.93","POS","dee29734-d544-4e69-a6ef-4e923632c8a4","Joseph",3018.05,2018-09-02 07:00:00,"M",37,"Saint Lucia","QLD",7.73,"0e16023e6d9c457889c749986020791e","CUS-2695611575","153","-27.49","debit","Sun","11:12:37","11","September"
"4132","authorized","1","ACC-3084464802","145.15","-37.76","POS","6853e2a5-8300-47c8-83b5-3064da462516","Susan",4759.28,2018-09-02 07:00:00,"F",19,"Doncaster East","VIC",15.54,"3b5bb47355474a77a3ecba7604501a3a","CUS-1928710999","145.17","-37.76","debit","Sun","11:21:24","11","September"
"4133","authorized","1","ACC-2249586092","115.98","-32.07","SALES-POS","71e68b5c-d855-40e1-844e-decd9f93fb97","Edward",6351.96,2018-09-02 07:00:00,"M",19,"Success","WA",9.98,"82d9b81d9a1f4122aef597e72b15c4f1","CUS-443776336","115.86","-32.13","debit","Sun","11:30:10","11","September"
"4134","authorized","1","ACC-2901672282","255.00","-573.00","SALES-POS","0e976dfc-9444-4756-930f-164e5d5aaa21","Daniel",5713.98,2018-09-02 07:00:00,"M",22,"Hawthorn East","VIC",4.74,"501ff15f0022414f8a13bd235f53ce03","CUS-1617121891","145.05","-37.85","debit","Sun","11:38:56","11","September"
"4135","authorized","0","ACC-1990648130","114.62","-28.80","POS","8c17f994-bf4e-4045-ad13-7cbf4173eea4","Kaitlyn",2728.76,2018-09-02 07:00:00,"F",21,"Geraldton","WA",6.18,"4ea93df2e24e4c238c1580c705b7dff0","CUS-809013380","114.61","-28.77","debit","Sun","11:47:43","11","September"
"4136","authorized","1","ACC-1990648130","114.62","-28.80","SALES-POS","97f098ef-0fd9-4cb1-94d2-a68d8446ca6c","Kaitlyn",2716.41,2018-09-02 07:00:00,"F",21,"Ballina","NSW",12.35,"fd9538c030d7458da20afa3067e9dca6","CUS-809013380","153.56","-28.87","debit","Sun","11:56:29","11","September"
"4137","posted",NA,"ACC-2249586092","115.98","-32.07","PAYMENT",NA,"Edward",6314.96,2018-09-02 07:00:00,"M",19,NA,NA,37,"a0afbb1dfd9845c4a24dbbd75eb2146c","CUS-443776336",NA,NA,"debit","Sun","12:00:00","12","September"
"4138","authorized","1","ACC-1516130869","130.84","-12.45","SALES-POS","ff7652a0-7d92-41bf-afbc-0f1bb6c5cde2","Jessica",1149.27,2018-09-02 07:00:00,"F",21,"Bakewell","NT",12.84,"8e700d8c72ce40629a02fe8a116c9288","CUS-325142416","130.99","-12.5","debit","Sun","12:10:31","12","September"
"4139","authorized","1","ACC-2270192619","138.56","-35.27","POS","a851a118-cfad-4232-8dec-f528125fc2a1","Darren",9021.51,2018-09-02 07:00:00,"M",20,"Prospect","SA",23.76,"6d662e6220444c88afdec9ad01fdffe4","CUS-2110742437","138.59","-34.88","debit","Sun","12:28:04","12","September"
"4140","authorized","1","ACC-2901672282","255.00","-573.00","POS","75b47942-0fb3-40c5-aab3-a15f60f53e61","Daniel",5657.92,2018-09-02 07:00:00,"M",22,"Keswick","SA",56.06,"38ed79a34ae54b579b517ab527acebc7","CUS-1617121891","138.57","-34.95","debit","Sun","12:45:36","12","September"
"4141","posted",NA,"ACC-588564840","151.27","-33.76","INTER BANK",NA,"Isaiah",12322.1,2018-09-02 07:00:00,"M",23,NA,NA,117,"a17d310a9ec649e8a0150e48e3ac21d3","CUS-1462656821",NA,NA,"debit","Sun","13:00:00","13","September"
"4142","authorized","1","ACC-3084464802","145.15","-37.76","POS","5b6c51c7-5794-46d6-98cb-a6fbf53fb1a4","Susan",4725.26,2018-09-02 07:00:00,"F",19,"Melbourne","VIC",34.02,"1365792cc9684f1b9056c237ad9b2181","CUS-1928710999","144.96","-37.82","debit","Sun","13:03:19","13","September"
"4143","authorized","1","ACC-2249586092","115.98","-32.07","SALES-POS","9223d7eb-268f-41d4-a975-3378517186e6","Edward",6291.5,2018-09-02 07:00:00,"M",19,"Subiaco","WA",23.46,"78fbac4643184bdb8d8bd23af0c87c97","CUS-443776336","115.82","-31.95","debit","Sun","13:21:51","13","September"
"4144","authorized","1","ACC-1222300524","151.23","-33.94","SALES-POS","5cf787f7-83e4-4354-bae2-05be0334d290","Michael",1855.51,2018-09-02 07:00:00,"M",38,"Eagle Farm","QLD",46.02,"bbd610a2571b4299a0efdb9f48f54791","CUS-2142601169","153.08","-27.41","debit","Sun","13:40:22","13","September"
"4145","authorized","1","ACC-1222300524","151.23","-33.94","SALES-POS","7747bd2b-e29e-486f-b6aa-ad20ec5f6971","Michael",1834.58,2018-09-02 07:00:00,"M",38,"Bankstown","NSW",20.93,"152da5aedd6f4a96a43db48e0af96f64","CUS-2142601169","151.04","-33.92","debit","Sun","13:58:53","13","September"
"4146","posted",NA,"ACC-37709441","153.41","-28.01","INTER BANK",NA,"Charles",6590.94,2018-09-02 07:00:00,"M",18,NA,NA,40,"298afaf3391d4841ae0f4f80ae1e27a7","CUS-3336454548",NA,NA,"debit","Sun","14:00:00","14","September"
"4147","authorized","0","ACC-2901672282","255.00","-573.00","POS","9eff6ea8-061d-4e88-93a5-6711962d80ed","Daniel",5494.37,2018-09-02 07:00:00,"M",22,"Kew","VIC",163.55,"25c067e977ed4073826d2de0060ee6c6","CUS-1617121891","145.03","-37.81","debit","Sun","14:08:10","14","September"
"4148","authorized","1","ACC-3100725361","145.73","-17.03","POS","1eca2901-6392-4097-88d8-e41915133abe","Ronald",87.06,2018-09-02 07:00:00,"M",25,"Yarra Junction","VIC",5.6,"93f927911a3146868188646c3628f140","CUS-2178051368","145.61","-37.78","debit","Sun","14:16:52","14","September"
"4149","authorized","1","ACC-1990648130","114.62","-28.80","SALES-POS","5c011d61-fbbe-437f-9ffa-3d9910cd2c7a","Kaitlyn",2660.06,2018-09-02 07:00:00,"F",21,"Blackburn","VIC",56.35,"0cc49c6e4d02467ab9d946a1d5bc4e15","CUS-809013380","145.15","-37.83","debit","Sun","14:25:33","14","September"
"4150","authorized","1","ACC-1990648130","114.62","-28.80","POS","f4b6a8b6-df07-4da7-9a9d-b46f3aff014b","Kaitlyn",2612.73,2018-09-02 07:00:00,"F",21,"Ballina","NSW",47.33,"1649678e940b4d2a8c48c96f810bf322","CUS-809013380","153.56","-28.86","debit","Sun","14:34:15","14","September"
"4151","authorized","1","ACC-1710017148","150.82","-34.01","POS","d1eb59dc-1878-4f0c-ae70-99221c4389f4","Michelle",6676.05,2018-09-02 07:00:00,"F",19,"Eastgardens","NSW",18.32,"68a325d6eb5041e2aa72ec9c9779f011","CUS-883482547","151.22","-33.94","debit","Sun","14:42:57","14","September"
"4152","authorized","1","ACC-1334819143","145.13","-37.70","POS","fc77266a-68d0-47a5-8d33-b7bdf25d3330","Christopher",60310.07,2018-09-02 07:00:00,"M",33,"Fitzroy","VIC",24.83,"f4e5a65eafe6469ea58119a63af153fc","CUS-3117610635","144.98","-37.8","debit","Sun","14:51:39","14","September"
"4153","authorized","0","ACC-3689607373","115.79","-31.79","SALES-POS","79adbf92-bca9-4da2-b8cf-bcc47bd73267","Virginia",4357.3,2018-09-02 07:00:00,"F",20,"Claremont","WA",5.57,"fee4331c3a814778a452e5a924b544f7","CUS-127297539","115.78","-31.98","debit","Sun","15:00:43","15","September"
"4154","authorized","0","ACC-1056639002","145.03","-37.91","POS","24751771-4535-46e7-959c-78dee7b00db0","Michael",45778.89,2018-09-02 07:00:00,"M",22,"Clifton Hill","VIC",55.78,"30d5ad91835b47298b96c0a215ba473f","CUS-3462882033","144.99","-37.79","debit","Sun","15:18:54","15","September"
"4155","authorized","1","ACC-2681137560","151.11","-33.99","POS","25d3cec1-491f-4041-aa54-10560b598c1d","Nathaniel",5083.29,2018-09-02 07:00:00,"M",31,"Concord West","NSW",5.36,"f05af1349fe9427f820ef25a1be8eb3f","CUS-2083971310","151.09","-33.85","debit","Sun","15:37:05","15","September"
"4156","authorized","1","ACC-2920611728","144.96","-37.76","SALES-POS","e67cbcbd-e44b-4cf0-b318-30827a7425af","Tyler",4731.97,2018-09-02 07:00:00,"M",69,"Docklands","VIC",164.37,"c1818e08188545aab828b30e0df841c3","CUS-1388323263","144.95","-37.82","debit","Sun","15:55:16","15","September"
"4157","authorized","1","ACC-3689607373","115.79","-31.79","POS","c3d5aef3-61f9-4520-8287-28f072d870c0","Virginia",4337.62,2018-09-02 07:00:00,"F",20,"Eaton","WA",19.68,"02cd1ad305ac48bf883b682c1ceb68d0","CUS-127297539","115.72","-33.32","debit","Sun","16:13:57","16","September"
"4158","authorized","1","ACC-3084464802","145.15","-37.76","POS","3647e656-341b-4fc7-b46e-d4b5fd2c93d4","Susan",4615.75,2018-09-02 07:00:00,"F",19,"Alexandria","NSW",109.51,"f5a19992e21b4d10a183737c41417533","CUS-1928710999","151.2","-33.9","debit","Sun","16:51:41","16","September"
"4159","posted",NA,"ACC-3233697971","151.04","-33.77","INTER BANK",NA,"Robin",4582.48,2018-09-02 07:00:00,"F",34,NA,NA,125,"aa310f299b2245f3ad19de21c52423ba","CUS-1147642491",NA,NA,"debit","Sun","17:00:00","17","September"
"4160","posted",NA,"ACC-588564840","151.27","-33.76","PAYMENT",NA,"Isaiah",12141.1,2018-09-02 07:00:00,"M",23,NA,NA,181,"f05c43542c514c3bb79c05aac38a8a16","CUS-1462656821",NA,NA,"debit","Sun","17:00:00","17","September"
"4161","posted",NA,"ACC-211792489","138.63","-34.93","PAYMENT",NA,"Jacqueline",6400.51,2018-09-02 07:00:00,"F",30,NA,NA,22,"896a45fbe1c04884bffdf46d1d37f060","CUS-497688347",NA,NA,"debit","Sun","17:00:00","17","September"
"4162","authorized","0","ACC-3689607373","115.79","-31.79","SALES-POS","6ebae375-77d4-4b6d-a004-c67eef82fd1f","Virginia",4312.38,2018-09-02 07:00:00,"F",20,"Meckering","WA",25.24,"0ec2eed7b6174d66b73be268c6521c0f","CUS-127297539","117.01","-31.63","debit","Sun","17:08:06","17","September"
"4163","authorized","1","ACC-2171593283","146.94","-36.04","SALES-POS","cafe47f2-556a-4080-895b-f2adf7c0b8b3","Fernando",8660.71,2018-09-02 07:00:00,"M",19,"Altona North","VIC",29.76,"8a82c6cc537b44bca88babf90f7266cd","CUS-2317998716","144.85","-37.83","debit","Sun","17:22:36","17","September"
"4164","authorized","1","ACC-559365433","147.31","-42.88","SALES-POS","90df79a5-5cdc-4611-a332-b8cb7dd8c61a","Mary",2313.94,2018-09-02 07:00:00,"F",64,"Somerville","VIC",29.5,"afbaef6fcfb4422b9e88a28a64084e00","CUS-1654129794","145.18","-38.2","debit","Sun","17:37:06","17","September"
"4165","authorized","0","ACC-1056639002","145.03","-37.91","POS","65db74fb-6e0a-4d76-9c2d-dd96c66de08b","Michael",45763.71,2018-09-02 07:00:00,"M",22,"Truganina","VIC",15.18,"6aca27f0567f4fd48998e82bbc027773","CUS-3462882033","144.75","-37.84","debit","Sun","17:51:35","17","September"
"4166","posted",NA,"ACC-2681137560","151.11","-33.99","PAYMENT",NA,"Nathaniel",5038.29,2018-09-02 07:00:00,"M",31,NA,NA,45,"b2a07801b63c433d9607fe4642b8b599","CUS-2083971310",NA,NA,"debit","Sun","18:00:00","18","September"
"4167","posted",NA,"ACC-1990648130","114.62","-28.80","PAYMENT",NA,"Kaitlyn",2477.73,2018-09-02 07:00:00,"F",21,NA,NA,135,"de0fc5a562b240d092552306edc5d521","CUS-809013380",NA,NA,"debit","Sun","18:00:00","18","September"
"4168","authorized","1","ACC-2901672282","255.00","-573.00","POS","c4d6e945-af74-4562-a295-79b8b4a1d2b7","Daniel",5479.91,2018-09-02 07:00:00,"M",22,"West Perth","WA",14.46,"27e6c2bffc5e4501934f08be576b647e","CUS-1617121891","115.85","-31.95","debit","Sun","18:10:29","18","September"
"4169","authorized","1","ACC-1516130869","130.84","-12.45","SALES-POS","d4f3292b-5c68-4f47-9e0c-2661ab143e88","Jessica",1141.43,2018-09-02 07:00:00,"F",21,"Eaton","NT",7.84,"42dff2e9179742e6b68623522c0b44aa","CUS-325142416","130.86","-12.4","debit","Sun","18:35:29","18","September"
"4170","posted",NA,"ACC-1650504218","145.01","-37.93","PAYMENT",NA,"Marissa",7114,2018-09-02 07:00:00,"F",23,NA,NA,18,"9d54a5bbfde0489aab11a2c30ca316a4","CUS-2500783281",NA,NA,"debit","Sun","19:00:00","19","September"
"4171","posted",NA,"ACC-37709441","153.41","-28.01","INTER BANK",NA,"Charles",6563.94,2018-09-02 07:00:00,"M",18,NA,NA,27,"55c01d92d53e41b4987c0efca6c9a50d","CUS-3336454548",NA,NA,"debit","Sun","19:00:00","19","September"
"4172","authorized","1","ACC-3689607373","115.79","-31.79","SALES-POS","15f95e2b-b264-42da-843b-bde7a0d9c62a","Virginia",4301.09,2018-09-02 07:00:00,"F",20,"Modbury","SA",11.29,"18429951169a432f822fb4d2f97330a8","CUS-127297539","138.69","-34.83","debit","Sun","19:00:17","19","September"
"4173","authorized","1","ACC-90814749","151.68","-32.98","POS","a40690d5-f670-49ad-87e0-4ebd4d901364","Christopher",8875.92,2018-09-02 07:00:00,"M",35,"Narrogin","WA",35.03,"125ac8bc64bf4ec69bddaa0b810ae1fe","CUS-1896554896","117.18","-32.93","debit","Sun","19:14:46","19","September"
"4174","authorized","1","ACC-1279356312","144.79","-37.73","SALES-POS","065491b2-7c30-488c-be7f-c7a20fe4e041","Tyler",5040.28,2018-09-02 07:00:00,"M",44,"Ivanhoe","VIC",33.93,"7db8de9b673042adaf51f4478da81c73","CUS-1892177589","145.06","-37.78","debit","Sun","19:29:16","19","September"
"4175","authorized","1","ACC-3485804958","138.52","-35.01","POS","d6688d4c-9653-4051-8623-16233df27cde","Jessica",20835.9,2018-09-02 07:00:00,"F",34,"Tumut","NSW",42.78,"5ffcce791bfb4485927f4b7ff70de363","CUS-1196156254","148.22","-35.3","debit","Sun","19:43:46","19","September"
"4176","authorized","1","ACC-819621312","145.04","-37.85","SALES-POS","05360bfc-bb3f-4995-8712-b1887fff73a1","Michele",4134.2,2018-09-02 07:00:00,"F",30,"Chadstone","VIC",13.44,"79e46de6216145128f3a0cfc5d784583","CUS-1271030853","145.08","-37.89","debit","Sun","19:58:15","19","September"
"4177","posted",NA,"ACC-240804743","121.48","-30.75","PAYMENT",NA,"Kenneth",7371.46,2018-09-02 07:00:00,"M",29,NA,NA,48,"27db9e61adf84b1280177a95c3a6bc00","CUS-261674136",NA,NA,"debit","Sun","20:00:00","20","September"
"4178","posted",NA,"ACC-1424176027","151.08","-33.93","PAYMENT",NA,"Donald",3529.19,2018-09-02 07:00:00,"M",22,NA,NA,195,"16b1d8ae70de4556b640498a35c34617","CUS-3431016847",NA,NA,"debit","Sun","20:00:00","20","September"
"4179","posted",NA,"ACC-2897221629","150.90","-34.37","PAYMENT",NA,"Scott",2680.83,2018-09-02 07:00:00,"M",23,NA,NA,42,"50f4573320a640dcbecc43452eeafabc","CUS-511326734",NA,NA,"debit","Sun","20:00:00","20","September"
"4180","authorized","1","ACC-2920611728","144.96","-37.76","SALES-POS","df5575c7-916e-47df-91bb-b6bd0e7bd890","Tyler",4674.18,2018-09-02 07:00:00,"M",69,"Lilydale","VIC",57.79,"2057159346c84e5fa37c59006e0c2a12","CUS-1388323263","145.37","-37.77","debit","Sun","20:07:31","20","September"
"4181","authorized","0","ACC-2897221629","150.90","-34.37","SALES-POS","e04fee7c-8e11-44e3-8fdd-574dbd5be4a5","Scott",2722.83,2018-09-02 07:00:00,"M",23,"Woolooware","NSW",33.85,"d361e06af5224900abfabcfcc5ec5215","CUS-511326734","151.14","-34.04","debit","Sun","20:16:04","20","September"
"4182","authorized","1","ACC-1652235822","144.89","-37.81","POS","f0e656b5-fcfc-44a1-b297-29826efcb2a4","Renee",20988.21,2018-09-02 07:00:00,"F",38,"Berwick","VIC",24.2,"f022209e439d4fc2b2fe40ecabb14bec","CUS-2206365095","145.33","-38.02","debit","Sun","20:24:36","20","September"
"4183","authorized","1","ACC-240804743","121.48","-30.75","POS","15e1c7bb-bd96-4304-8679-5815422382b1","Kenneth",7419.46,2018-09-02 07:00:00,"M",29,"Kalgoorlie","WA",19.43,"7ff0113af6074e94a75ff83fc1991ed7","CUS-261674136","121.47","-30.75","debit","Sun","20:33:09","20","September"
"4184","authorized","1","ACC-3879258709","143.83","-37.66","SALES-POS","4731a2be-f711-4ba0-8eb5-59d9af96296a","Natasha",192768.92,2018-09-02 07:00:00,"F",40,"Carlton","VIC",21.37,"d6465489a5b943869cf47d0a2c9fa241","CUS-527400765","144.96","-37.8","debit","Sun","20:41:42","20","September"
"4185","authorized","0","ACC-1443681913","150.92","-33.77","POS","1b1140e3-9149-4738-9916-028e5527d1b1","Ryan",2730.77,2018-09-02 07:00:00,"M",31,"Lansvale","NSW",14.13,"4c7ccddb27b5425ea84b9f804d86723c","CUS-3129499595","150.95","-33.9","debit","Sun","20:50:15","20","September"
"4186","authorized","0","ACC-1279356312","144.79","-37.73","POS","5bd759ba-27b5-4aa0-971f-a4e7fb5c8cd3","Tyler",5018.36,2018-09-02 07:00:00,"M",44,"Cheltenham","VIC",21.92,"d5b832ffc1844b788922aeaca1a6858d","CUS-1892177589","145.06","-37.97","debit","Sun","20:58:48","20","September"
"4187","posted",NA,"ACC-1056639002","145.03","-37.91","PAYMENT",NA,"Michael",45677.71,2018-09-02 07:00:00,"M",22,NA,NA,86,"7d0fd2ccd71c4dbcae5013b0ba342b6f","CUS-3462882033",NA,NA,"debit","Sun","21:00:00","21","September"
"4188","posted",NA,"ACC-154431271","153.09","-27.48","PAYMENT",NA,"Lori",2009.47,2018-09-02 07:00:00,"F",18,NA,NA,50,"53b2c550f2834cafa64b0a86dd3409fd","CUS-3702001629",NA,NA,"debit","Sun","21:00:00","21","September"
"4189","authorized","1","ACC-3481401842","115.74","-31.72","POS","ac52f8d3-161a-4bc7-92a3-f4beb57bb9dd","Tiffany",4269.26,2018-09-02 07:00:00,"F",25,"Kensington","WA",11.12,"a0bd895b8cc0482ca4efa4c93e612368","CUS-1669695324","115.88","-31.99","debit","Sun","21:05:08","21","September"
"4190","authorized","1","ACC-1424176027","151.08","-33.93","POS","a79036c3-1880-4066-81cf-2daea81ac507","Donald",3505.73,2018-09-02 07:00:00,"M",22,"Redfern","NSW",23.46,"769d6a3c7ee34d63bdca4f599bd97a63","CUS-3431016847","151.21","-33.9","debit","Sun","21:11:08","21","September"
"4191","authorized","1","ACC-3741880913","150.50","-23.40","SALES-POS","8bd01dc0-2bf8-49a0-8765-efd6b0676edd","Ashley",8093.9,2018-09-02 07:00:00,"F",25,"Biloela","QLD",20.97,"a0c17ef744124d95b46b804225de97cd","CUS-1220154422","150.51","-24.4","debit","Sun","21:17:07","21","September"
"4192","authorized","1","ACC-2897221629","150.90","-34.37","SALES-POS","5723fe96-24c1-41ca-a549-322f75fc6785","Scott",2662.42,2018-09-02 07:00:00,"M",23,"Dural","NSW",18.41,"b2bac49780f14905aec9296cf617bc5d","CUS-511326734","151.02","-33.69","debit","Sun","21:23:06","21","September"
"4193","authorized","0","ACC-90814749","151.68","-32.98","SALES-POS","3d429f5a-6a5b-482b-9c30-5357af5b569f","Christopher",8838.93,2018-09-02 07:00:00,"M",35,"Whyalla","SA",36.99,"19250c7c35bf42229e3028c2f2f614c5","CUS-1896554896","137.57","-33.03","debit","Sun","21:29:06","21","September"
"4194","authorized","1","ACC-38923874","151.27","-33.90","SALES-POS","05341afb-03ea-4331-8d4b-1b519af2784d","Ryan",36535.78,2018-09-02 07:00:00,"M",38,"Newtown","NSW",22.46,"55fc103a375548b7ac4fb2f43d1ff052","CUS-3249305314","151.18","-33.9","debit","Sun","21:35:05","21","September"
"4195","authorized","1","ACC-3536132544","144.93","-37.79","POS","98f8bc1c-462f-4adb-9fbc-c135364ff429","Heather",2564.72,2018-09-02 07:00:00,"F",41,"Ballarat Central","VIC",98.76,"0b115ff2284b42e5b3fa5275f0f2c50c","CUS-2348881191","143.86","-37.56","debit","Sun","21:41:04","21","September"
"4196","authorized","1","ACC-2890243754","153.32","-27.93","POS","8a0e9a21-4360-4421-8aac-9af5114c9cda","Joseph",3009.8,2018-09-02 07:00:00,"M",37,"Robina","QLD",8.25,"cd7abb7bba0c4a5a971ea30dd717e056","CUS-2695611575","153.39","-28.08","debit","Sun","21:47:03","21","September"
"4197","authorized","1","ACC-3481401842","115.74","-31.72","SALES-POS","9904f9e6-144e-4452-ba62-cb41a07a3f96","Tiffany",4238.39,2018-09-02 07:00:00,"F",25,"Duncraig","WA",30.87,"c0d05f9903d2470abd5e5d7abd225ea3","CUS-1669695324","115.77","-31.83","debit","Sun","21:53:03","21","September"
"4198","authorized","0","ACC-2528867619","138.58","-34.96","SALES-POS","2013fab2-4c62-4f96-8199-22db61f0d0ed","Abigail",8397.98,2018-09-02 07:00:00,"F",40,"Parramatta","NSW",134.45,"6bab267cc9e545aa847c6ad1edc5626a","CUS-2505971401","151.01","-33.82","debit","Sun","21:59:02","21","September"
"4199","posted",NA,"ACC-602667573","151.23","-33.96","PAYMENT",NA,"Michael",7038.16,2018-09-02 07:00:00,"M",40,NA,NA,25,"264f21839a034308990ca21a8fb6bb60","CUS-2031327464",NA,NA,"debit","Sun","22:00:00","22","September"
"4200","posted",NA,"ACC-3536132544","144.93","-37.79","INTER BANK",NA,"Heather",2435.85,2018-09-02 07:00:00,"F",41,NA,NA,109,"6f8f067e746646159b5dd985259f451b","CUS-2348881191",NA,NA,"debit","Sun","22:00:00","22","September"
"4201","posted",NA,"ACC-2259139624","144.66","-37.91","PAYMENT",NA,"Cindy",7118.85,2018-09-02 07:00:00,"F",19,NA,NA,108,"6956a694edb14fd49b80a414218939f0","CUS-3174332735",NA,NA,"debit","Sun","22:00:00","22","September"
"4202","authorized","1","ACC-1056639002","145.03","-37.91","SALES-POS","e3de18b7-b11a-45fd-b1fe-1c4e337242df","Michael",45663.09,2018-09-02 07:00:00,"M",22,"Wantirna","VIC",14.62,"471da4f1604740ccb40c778dadd135c7","CUS-3462882033","145.23","-37.85","debit","Sun","22:12:43","22","September"
"4203","authorized","0","ACC-2171593283","146.94","-36.04","SALES-POS","3c5e8df8-2981-4586-b358-47f813797b8d","Fernando",8614.51,2018-09-02 07:00:00,"M",19,"Annandale","QLD",46.2,"1014a0889d5f4f69ba6c8657294734e3","CUS-2317998716","146.79","-19.32","debit","Sun","22:27:52","22","September"
"4204","authorized","1","ACC-3536132544","144.93","-37.79","SALES-POS","e91d53ff-54bd-4a99-9161-c77d8f43d82c","Heather",2544.85,2018-09-02 07:00:00,"F",41,"Bairnsdale","VIC",19.87,"36872bb160bd4d769df5ca8d335ea425","CUS-2348881191","147.62","-37.83","debit","Sun","22:43:01","22","September"
"4205","authorized","1","ACC-3084464802","145.15","-37.76","SALES-POS","042f2b17-e4bc-48a8-9537-ffef2838d3dd","Susan",4588.54,2018-09-02 07:00:00,"F",19,"Forest Hill","VIC",27.21,"5d1f337fcfd14e7aa9e6e90a9106b1d2","CUS-1928710999","145.16","-37.84","debit","Sun","22:58:10","22","September"
"4206","posted",NA,"ACC-1222300524","151.23","-33.94","PAYMENT",NA,"Michael",1732.58,2018-09-02 07:00:00,"M",38,NA,NA,102,"7f82031ee2674ddea7ed3da4b8ee1dac","CUS-2142601169",NA,NA,"debit","Sun","23:00:00","23","September"
"4207","authorized","1","ACC-2249586092","115.98","-32.07","SALES-POS","4a168885-e50f-45d8-a2cc-acb19023406b","Edward",6280.07,2018-09-02 07:00:00,"M",19,"Victoria Park","WA",11.43,"a503d2513e4a4e858d08a10232cf1928","CUS-443776336","115.88","-31.97","debit","Sun","23:18:19","23","September"
"4208","authorized","1","ACC-4258502723","145.45","-37.74","SALES-POS","c8eceabd-a059-494b-ad51-2909222cf772","Kimberly",2016.27,2018-09-02 07:00:00,"F",24,"Preston","VIC",27.67,"822a3b48adc84f66a5c88c05c947a943","CUS-3378712515","145.01","-37.75","debit","Sun","23:39:09","23","September"
"4209","authorized","1","ACC-1710017148","150.82","-34.01","SALES-POS","a86e898d-8740-452a-8d2d-59718c4e8b6c","Michelle",6664.45,2018-09-02 07:00:00,"F",19,"Yallingup","WA",11.6,"83df2c2c6e9b42109ea69eccd1b949b3","CUS-883482547","115.03","-33.65","debit","Sun","23:59:59","23","September"
"4210","authorized","1","ACC-2890243754","153.32","-27.93","POS","663064e6-36b7-4a9e-803c-4bb8339491d6","Joseph",2989.91,2018-09-03 07:00:00,"M",37,"Broadbeach","QLD",19.89,"2bf9786b891142acb5e3e413a00a837e","CUS-2695611575","153.43","-28.04","debit","Mon","01:25:13","01","September"
"4211","posted",NA,"ACC-1349834573","145.17","-37.84","INTER BANK",NA,"Matthew",10536.36,2018-09-03 07:00:00,"M",39,NA,NA,33,"f79dd71b584f43db8ec7c2b8acf4a459","CUS-1790886359",NA,NA,"debit","Mon","03:00:00","03","September"
"4212","posted",NA,"ACC-3084464802","145.15","-37.76","INTER BANK",NA,"Susan",4564.54,2018-09-03 07:00:00,"F",19,NA,NA,24,"da48342d5138451b8c08c30339ccfaaa","CUS-1928710999",NA,NA,"debit","Mon","03:00:00","03","September"
"4213","authorized","1","ACC-1990648130","114.62","-28.80","SALES-POS","122883a5-9d03-4192-bfd2-927eb4800e55","Kaitlyn",2451.23,2018-09-03 07:00:00,"F",21,"Goonellabah","NSW",26.5,"04932da035ab4b56a373e85d0cd566be","CUS-809013380","153.34","-28.82","debit","Mon","03:09:59","03","September"
"4214","posted",NA,"ACC-819621312","145.04","-37.85","PAYMENT",NA,"Michele",4068.2,2018-09-03 07:00:00,"F",30,NA,NA,66,"e35662c92cb3444088e35b34c646fa49","CUS-1271030853",NA,NA,"debit","Mon","04:00:00","04","September"
"4215","posted",NA,"ACC-3827517394","151.12","-33.89","PAYMENT",NA,"Craig",36257.93,2018-09-03 07:00:00,"M",28,NA,NA,124,"f91f09d7f5e644589071a6dfdeb8f1aa","CUS-2663907001",NA,NA,"debit","Mon","04:00:00","04","September"
"4216","posted",NA,"ACC-2107684084","145.03","-37.88","PAYMENT",NA,"Richard",6118.42,2018-09-03 07:00:00,"M",22,NA,NA,34,"326aca5f1ccc45dbb74c2b4d0d058676","CUS-2283904812",NA,NA,"debit","Mon","05:00:00","05","September"
"4217","posted",NA,"ACC-1598451071","153.41","-27.95","PAYMENT",NA,"Diana",1239.21,2018-09-03 07:00:00,"F",26,NA,NA,195,"6ec674c02a684c80a6898a7d9346788a","CUS-2487424745",NA,NA,"debit","Mon","06:00:00","06","September"
"4218","posted",NA,"ACC-1438600314","138.69","-34.84","PAYMENT",NA,"Maria",4218.18,2018-09-03 07:00:00,"F",35,NA,NA,35,"90f8ee5ded6343e9a8e9d5755f3027c9","CUS-2650223890",NA,NA,"debit","Mon","06:00:00","06","September"
"4219","posted",NA,"ACC-1056639002","145.03","-37.91","INTER BANK",NA,"Michael",45516.09,2018-09-03 07:00:00,"M",22,NA,NA,147,"885790ce9fa942a7a65653e960d1faca","CUS-3462882033",NA,NA,"debit","Mon","06:00:00","06","September"
"4220","posted",NA,"ACC-1523339231","115.83","-31.90","PAYMENT",NA,"Tim",62032.22,2018-09-03 07:00:00,"M",40,NA,NA,131,"9d93a6df4b5b4b70a761a6ce29abb263","CUS-1816693151",NA,NA,"debit","Mon","07:00:00","07","September"
"4221","posted",NA,"ACC-90814749","151.68","-32.98","INTER BANK",NA,"Christopher",8728.93,2018-09-03 07:00:00,"M",35,NA,NA,110,"73e611a7af1345c581ea14921ac677fd","CUS-1896554896",NA,NA,"debit","Mon","07:00:00","07","September"
"4222","authorized","1","ACC-2528867619","138.58","-34.96","POS","ab2d9fe5-e435-4c50-a839-3604df4c0def","Abigail",8379.67,2018-09-03 07:00:00,"F",40,"Para Vista","SA",18.31,"bc3bd5c20fed48c7bfd917355059dde0","CUS-2505971401","138.66","-34.82","debit","Mon","07:41:59","07","September"
"4223","posted",NA,"ACC-2173390920","144.71","-37.58","PAYMENT",NA,"Luis",3810.03,2018-09-03 07:00:00,"M",27,NA,NA,179,"201f8c95003c4b27a5c5b9c9cfb1bd43","CUS-3180318393",NA,NA,"debit","Mon","08:00:00","08","September"
"4224","posted",NA,"ACC-3879258709","143.83","-37.66","INTER BANK",NA,"Natasha",192717.92,2018-09-03 07:00:00,"F",40,NA,NA,51,"68d1b0db0d5b41d38e228b08186895d4","CUS-527400765",NA,NA,"debit","Mon","08:00:00","08","September"
"4225","authorized","0","ACC-3481401842","115.74","-31.72","POS","02e67fcd-b41a-4cb4-8b8e-b76c4ac06d96","Tiffany",4210.93,2018-09-03 07:00:00,"F",25,"Madeley","WA",27.46,"9758635508f944199fcbdcb5efe256c4","CUS-1669695324","115.82","-31.82","debit","Mon","08:13:26","08","September"
"4226","authorized","1","ACC-1222300524","151.23","-33.94","POS","7aa35faa-c607-489f-b7ea-226b095b16ee","Michael",1652.07,2018-09-03 07:00:00,"M",38,"Melbourne","VIC",80.51,"bd12331fd9734731a8f876985492c0ba","CUS-2142601169","144.96","-37.82","debit","Mon","08:29:50","08","September"
"4227","authorized","1","ACC-1516130869","130.84","-12.45","SALES-POS","4fec12c6-b31f-41aa-a1b1-9fa793452fa5","Jessica",1106.47,2018-09-03 07:00:00,"F",21,"Maroochydore","QLD",34.96,"ebf1c48a0cba4e548474bb95789351c2","CUS-325142416","153.09","-26.65","debit","Mon","08:46:13","08","September"
"4228","posted",NA,"ACC-2673069055","152.99","-27.49","INTER BANK",NA,"Richard",15433.16,2018-09-03 07:00:00,"M",24,NA,NA,39,"8c73c21c038740e2b36d7189301963fb","CUS-51506836",NA,NA,"debit","Mon","09:00:00","09","September"
"4229","authorized","1","ACC-1710017148","150.82","-34.01","SALES-POS","85262d2a-9173-4d21-9de5-39fbc01a74fe","Michelle",6658.66,2018-09-03 07:00:00,"F",19,"Newtown","NSW",5.79,"41c8ab08a7484c54b513470a7c29be75","CUS-883482547","151.18","-33.9","debit","Mon","09:00:43","09","September"
"4230","authorized","0","ACC-3485804958","138.52","-35.01","SALES-POS","7dbb70bb-832e-4d68-ab1b-d882a2a8a7cc","Jessica",20816.17,2018-09-03 07:00:00,"F",34,"Wagga Wagga","NSW",19.73,"4fa9bc7000844058be43359e604ea8a6","CUS-1196156254","147.37","-35.11","debit","Mon","09:05:14","09","September"
"4231","authorized","1","ACC-819621312","145.04","-37.85","SALES-POS","9482865d-8e79-444d-8d25-36469faaba54","Michele",4042.4,2018-09-03 07:00:00,"F",30,"Olinda","VIC",25.8,"5fe2b033ff3b4e27b3db32e7c3d71e62","CUS-1271030853","145.38","-37.85","debit","Mon","09:09:46","09","September"
"4232","authorized","1","ACC-354106658","151.04","-33.80","SALES-POS","3800fde8-2b82-4dea-a497-41cbcae043a7","Christine",6655.04,2018-09-03 07:00:00,"F",39,"Hornsby","NSW",38.46,"6b34a7b14e4944d3a35aa9c714005f08","CUS-2376382098","151.1","-33.7","debit","Mon","09:18:49","09","September"
"4233","authorized","0","ACC-2249586092","115.98","-32.07","POS","a92e16c3-14a3-4d19-b4e9-19ccd297e4f8","Edward",6263.74,2018-09-03 07:00:00,"M",19,"Broken Hill","NSW",16.33,"a1afc93ab46a405e962f3ac490979f0e","CUS-443776336","141.45","-31.95","debit","Mon","09:23:20","09","September"
"4234","authorized","0","ACC-38923874","151.27","-33.90","SALES-POS","8e83c95f-f8d1-44c1-8cc1-a06fc34b5482","Ryan",36511.18,2018-09-03 07:00:00,"M",38,"Annerley","QLD",24.6,"ba1951ae9cea417b8ccadad3511b17eb","CUS-3249305314","153.03","-27.5","debit","Mon","09:27:52","09","September"
"4235","authorized","1","ACC-3485804958","138.52","-35.01","POS","88ea1229-f823-4600-811d-c39ee5270e8c","Jessica",20786.82,2018-09-03 07:00:00,"F",34,"Gundagai","NSW",29.35,"f62aafb43a844b19820fc0679c330f48","CUS-1196156254","148.1","-35.06","debit","Mon","09:32:23","09","September"
"4236","authorized","1","ACC-1890605467","143.88","-37.66","SALES-POS","9f87eb59-be5e-4687-8d25-5745329ad419","Alexander",10535.17,2018-09-03 07:00:00,"M",38,"Bundoora","VIC",24.19,"4f769e2d26f14b72a3e25a9fb8702b5a","CUS-1478398256","145.07","-37.68","debit","Mon","09:36:55","09","September"
"4237","authorized","1","ACC-1903037542","153.05","-27.61","POS","ba23d4fd-81e8-4850-8e24-412e2e985541","Jeffrey",3187.3,2018-09-03 07:00:00,"M",30,"Fyshwick","ACT",4.78,"40f225a874e244be96ab341caee3201e","CUS-860700529","149.18","-35.32","debit","Mon","09:41:26","09","September"
"4238","authorized","1","ACC-240804743","121.48","-30.75","SALES-POS","8cd6e1d8-7197-416b-bfbc-b621fb041d71","Kenneth",7348.09,2018-09-03 07:00:00,"M",29,"Nambucca Heads","NSW",23.37,"48e4b39f1fb64f53937a389952c29db4","CUS-261674136","152.99","-30.66","debit","Mon","09:45:58","09","September"
"4239","authorized","1","ACC-2901672282","255.00","-573.00","SALES-POS","8c1a0ca1-7b1b-4812-8f79-8d63ca374fcc","Daniel",5418.97,2018-09-03 07:00:00,"M",22,"Royal National Park","NSW",60.94,"652db34e13b24f9fbd3ca72cdece6d1c","CUS-1617121891","151.06","-34.06","debit","Mon","09:50:29","09","September"
"4240","authorized","0","ACC-3317636250","153.02","-27.66","SALES-POS","c317edf0-8d1a-4dfd-b272-dee1ea4f3331","Kenneth",10190.22,2018-09-03 07:00:00,"M",35,"Toowoomba City","QLD",75.73,"04d2f7502ecc4ff2a576a00698aded81","CUS-2738291516","151.95","-27.56","debit","Mon","09:55:01","09","September"
"4241","authorized","1","ACC-2681137560","151.11","-33.99","SALES-POS","c3d9b906-8111-4c76-acf8-7b23fe2a34bf","Nathaniel",5034.33,2018-09-03 07:00:00,"M",31,"Marsfield","NSW",3.96,"88d27819a13e4f47963626c0fd695798","CUS-2083971310","151.1","-33.77","debit","Mon","09:59:32","09","September"
"4242","authorized","1","ACC-1903037542","153.05","-27.61","SALES-POS","dd4b2615-de83-4f80-ae6f-62681f218108","Jeffrey",3176.26,2018-09-03 07:00:00,"M",30,"Birtinya","QLD",11.04,"70bb0e8111974e70914da9e09698d0d9","CUS-860700529","153.12","-26.73","debit","Mon","10:07:26","10","September"
"4243","authorized","1","ACC-80388494","144.97","-37.42","POS","f54e8993-7ae0-4b69-9e65-6f43eb27d210","Dustin",4045.05,2018-09-03 07:00:00,"M",28,"Fitzroy","VIC",8.4,"5995b9cdc37b4774b95dd9cd4530079e","CUS-1140341822","144.97","-37.81","debit","Mon","10:15:42","10","September"
"4244","authorized","0","ACC-3741880913","150.50","-23.40","SALES-POS","633d03c8-2319-4802-aaa9-f2c9c366a820","Ashley",7947.98,2018-09-03 07:00:00,"F",25,"Newman","WA",145.92,"a3607eaafd44432982fcccb53cfa950a","CUS-1220154422","119.8","-23.39","debit","Mon","10:23:58","10","September"
"4245","authorized","1","ACC-80388494","144.97","-37.42","SALES-POS","5c17df84-8fa4-4f1b-b0de-30d8d855e144","Dustin",4019.53,2018-09-03 07:00:00,"M",28,"Yarraville","VIC",25.52,"f046a1b8e78c49a58d9e324dc67c5aad","CUS-1140341822","144.88","-37.82","debit","Mon","10:32:13","10","September"
"4246","authorized","1","ACC-3481401842","115.74","-31.72","POS","a2b45675-f00c-4a65-a2a6-656de2740052","Tiffany",4200.91,2018-09-03 07:00:00,"F",25,"Herron","WA",10.02,"8b7e945adde243bfbfaddffaa10e4053","CUS-1669695324","115.66","-32.75","debit","Mon","10:40:29","10","September"
"4247","authorized","1","ACC-3481401842","115.74","-31.72","POS","b5d118eb-8230-43c1-afc0-c91060a2666a","Tiffany",4186.2,2018-09-03 07:00:00,"F",25,"Gilgandra","NSW",14.71,"c0004333ec794cba879a86070ae66f1f","CUS-1669695324","148.66","-31.71","debit","Mon","10:48:45","10","September"
"4248","authorized","1","ACC-3481401842","115.74","-31.72","SALES-POS","d3444b1e-0055-4f5a-98e0-1c6174692a94","Tiffany",4154.58,2018-09-03 07:00:00,"F",25,"Mount Lawley","WA",31.62,"79fb70eedba24912bad9939e77f4a930","CUS-1669695324","115.88","-31.94","debit","Mon","10:57:01","10","September"
"4249","posted",NA,"ACC-4065652575","115.81","-31.82","PAY/SALARY",NA,"Lucas",11449.84,2018-09-03 07:00:00,"M",21,NA,NA,3578.65,"7f1bbe5e434940bba95cba96ea35f482","CUS-1117979751",NA,NA,"credit","Mon","11:00:00","11","September"
"4250","posted",NA,"ACC-3233697971","151.04","-33.77","PAY/SALARY",NA,"Robin",6293.87,2018-09-03 07:00:00,"F",34,NA,NA,1711.39,"a001c1f03c2e410097f2edab070bea73","CUS-1147642491",NA,NA,"credit","Mon","11:00:00","11","September"
"4251","posted",NA,"ACC-3233697971","151.04","-33.77","PAYMENT",NA,"Robin",6247.87,2018-09-03 07:00:00,"F",34,NA,NA,46,"f4a15ff333744e41bfbc9ce2c0e32e5b","CUS-1147642491",NA,NA,"debit","Mon","11:00:00","11","September"
"4252","posted",NA,"ACC-847145727","115.90","-31.92","PAYMENT",NA,"Michael",55170.57,2018-09-03 07:00:00,"M",19,NA,NA,37,"37ccc936115d49089c4d8e1753ae8d22","CUS-1609060617",NA,NA,"debit","Mon","11:00:00","11","September"
"4253","posted",NA,"ACC-1037050564","153.10","-27.66","PAY/SALARY",NA,"Rhonda",3780.96,2018-09-03 07:00:00,"F",40,NA,NA,892.09,"586a7325e8d54385bf732eae289f670b","CUS-1614226872",NA,NA,"credit","Mon","11:00:00","11","September"
"4254","posted",NA,"ACC-2231965366","144.96","-37.84","PAYMENT",NA,"Linda",10021.86,2018-09-03 07:00:00,"F",35,NA,NA,147,"e2d61d5c690f43e8b9e21e4df26f1a73","CUS-2155701614",NA,NA,"debit","Mon","11:00:00","11","September"
"4255","posted",NA,"ACC-240804743","121.48","-30.75","PAY/SALARY",NA,"Kenneth",11753.39,2018-09-03 07:00:00,"M",29,NA,NA,4405.3,"0c2a160976714ebba65c9f39bdb6c9f6","CUS-261674136",NA,NA,"credit","Mon","11:00:00","11","September"
"4256","posted",NA,"ACC-38923874","151.27","-33.90","PAYMENT",NA,"Ryan",36469.18,2018-09-03 07:00:00,"M",38,NA,NA,42,"b5260505d0644b1cb9a4741f62b4738e","CUS-3249305314",NA,NA,"debit","Mon","11:00:00","11","September"
"4257","posted",NA,"ACC-3879258709","143.83","-37.66","PAY/SALARY",NA,"Natasha",196933.96,2018-09-03 07:00:00,"F",40,NA,NA,4216.04,"4e34057828fb45a3997ca4e84270f0be","CUS-527400765",NA,NA,"credit","Mon","11:00:00","11","September"
"4258","posted",NA,"ACC-966140392","147.08","-37.97","PAYMENT",NA,"Joseph",4686.4,2018-09-03 07:00:00,"M",21,NA,NA,130,"f13a78e18c0d4eb4b4d737bdbe1be0b8","CUS-537508723",NA,NA,"debit","Mon","11:00:00","11","September"
"4259","authorized","1","ACC-2305712452","138.61","-34.89","POS","fc9f21ad-a8f1-4bc0-8527-c1bf4bda82d5","Debra",2376.75,2018-09-03 07:00:00,"F",18,"Torrens Park","SA",14.13,"5ff184b744f54356ae5e5445415c5554","CUS-1842679196","138.61","-34.98","debit","Mon","11:14:53","11","September"
"4260","authorized","1","ACC-1516130869","130.84","-12.45","POS","6d108ed0-8eb1-4dba-8da6-1f0ae968b908","Jessica",1066.95,2018-09-03 07:00:00,"F",21,"Melbourne","VIC",39.52,"0639f3e36b4349f0854599f321c2af76","CUS-325142416","144.98","-37.84","debit","Mon","11:38:08","11","September"
"4261","posted",NA,"ACC-819621312","145.04","-37.85","INTER BANK",NA,"Michele",3874.4,2018-09-03 07:00:00,"F",30,NA,NA,168,"196c39062b4c4d9a916801e8e83a9ff0","CUS-1271030853",NA,NA,"debit","Mon","12:00:00","12","September"
"4262","posted",NA,"ACC-1438600314","138.69","-34.84","PAY/SALARY",NA,"Maria",5081.13,2018-09-03 07:00:00,"F",35,NA,NA,862.95,"b089cb7aca424cf992c8b41db125fb8b","CUS-2650223890",NA,NA,"credit","Mon","12:00:00","12","September"
"4263","authorized","1","ACC-4258502723","145.45","-37.74","POS","76760ebf-de38-4ca6-a239-81751a689133","Kimberly",2008.57,2018-09-03 07:00:00,"F",24,"Cockatoo","VIC",7.7,"8592356821c14561acc995ac60b4abed","CUS-3378712515","145.49","-37.94","debit","Mon","12:01:19","12","September"
"4264","authorized","0","ACC-2171593283","146.94","-36.04","POS","c34d1bb1-04b3-407e-b7e6-45ef0b497902","Fernando",8606.05,2018-09-03 07:00:00,"M",19,"Springvale","VIC",8.46,"e29ebb2de35d415c88b4d47b9c3c0b86","CUS-2317998716","145.16","-37.93","debit","Mon","12:23:33","12","September"
"4265","authorized","0","ACC-1990648130","114.62","-28.80","SALES-POS","b53f4984-e11f-40e1-9b1d-e342e4350ca4","Kaitlyn",2392.91,2018-09-03 07:00:00,"F",21,"Ballina","NSW",58.32,"61006d5f87114721be70aefabb466e6d","CUS-809013380","153.56","-28.86","debit","Mon","12:45:46","12","September"
"4266","posted",NA,"ACC-2650850707","148.16","-23.52","PAY/SALARY",NA,"Brian",110361.62,2018-09-03 07:00:00,"M",42,NA,NA,3231.26,"5e2f0c23195f4fb4b31bfc4080d6596c","CUS-2819545904",NA,NA,"credit","Mon","13:00:00","13","September"
"4267","posted",NA,"ACC-1496451953","145.16","-37.84","PAY/SALARY",NA,"Ricky",10942.33,2018-09-03 07:00:00,"M",43,NA,NA,2588.01,"7a9bd9f3a08e41859490d703c2117363","CUS-3142625864",NA,NA,"credit","Mon","13:00:00","13","September"
"4268","posted",NA,"ACC-2173390920","144.71","-37.58","PAY/SALARY",NA,"Luis",5206.26,2018-09-03 07:00:00,"M",27,NA,NA,1396.23,"5d29e59dfaa346efb744d98f30efbf90","CUS-3180318393",NA,NA,"credit","Mon","13:00:00","13","September"
"4269","posted",NA,"ACC-2615038700","145.35","-38.03","PAY/SALARY",NA,"Emily",31071.17,2018-09-03 07:00:00,"F",43,NA,NA,664.43,"6dcaa668861b4d598d3dde412e300116","CUS-3255104878",NA,NA,"credit","Mon","13:00:00","13","September"
"4270","posted",NA,"ACC-4258502723","145.45","-37.74","PAY/SALARY",NA,"Kimberly",3068.41,2018-09-03 07:00:00,"F",24,NA,NA,1059.84,"babc13a6d2a9481dae7efdfa02287ea8","CUS-3378712515",NA,NA,"credit","Mon","13:00:00","13","September"
"4271","posted",NA,"ACC-2249586092","115.98","-32.07","PAY/SALARY",NA,"Edward",7254.29,2018-09-03 07:00:00,"M",19,NA,NA,990.55,"3492ea5435844d35b2d617b71743f57a","CUS-443776336",NA,NA,"credit","Mon","13:00:00","13","September"
"4272","authorized","1","ACC-1990648130","114.62","-28.80","POS","047e675b-ba97-4fd2-973f-bf14fa17f431","Kaitlyn",2362.87,2018-09-03 07:00:00,"F",21,"Geraldton","WA",30.04,"ae4afbc66c664088a7b068efc91aa5aa","CUS-809013380","114.61","-28.78","debit","Mon","13:08:22","13","September"
"4273","authorized","1","ACC-3536132544","144.93","-37.79","SALES-POS","56bf7d92-9b46-4fd8-9d5b-15fff15c95db","Heather",2412.01,2018-09-03 07:00:00,"F",41,"Chirnside Park","VIC",23.84,"6c0a377596994d7b85605afe8a38dd3d","CUS-2348881191","145.31","-37.76","debit","Mon","13:31:37","13","September"
"4274","authorized","1","ACC-958000567","130.90","-12.37","SALES-POS","3350174a-e801-4a9f-b8b8-aea6f075d792","Sandra",4080.59,2018-09-03 07:00:00,"F",34,"Ludmilla","NT",65.95,"26f189adb25145d8b47786aab392ab15","CUS-4142663097","130.86","-12.41","debit","Mon","13:54:53","13","September"
"4275","posted",NA,"ACC-4065652575","115.81","-31.82","PAYMENT",NA,"Lucas",11409.84,2018-09-03 07:00:00,"M",21,NA,NA,40,"f377feb628164b61a69907920659b958","CUS-1117979751",NA,NA,"debit","Mon","14:00:00","14","September"
"4276","posted",NA,"ACC-602667573","151.23","-33.96","PAY/SALARY",NA,"Michael",9318.52,2018-09-03 07:00:00,"M",40,NA,NA,2280.36,"01f49a91e8524aed8fa456709b5d03ea","CUS-2031327464",NA,NA,"credit","Mon","14:00:00","14","September"
"4277","posted",NA,"ACC-3827517394","151.12","-33.89","PAYMENT",NA,"Craig",36237.93,2018-09-03 07:00:00,"M",28,NA,NA,20,"8508847de9334ca9bf546735bc37b150","CUS-2663907001",NA,NA,"debit","Mon","14:00:00","14","September"
"4278","posted",NA,"ACC-3021093232","149.83","-29.47","PAY/SALARY",NA,"Melissa",6809.38,2018-09-03 07:00:00,"F",30,NA,NA,1636.72,"cb2822399f7a4ec78bfbaec88463baaf","CUS-55310383",NA,NA,"credit","Mon","14:00:00","14","September"
"4279","authorized","1","ACC-3481401842","115.74","-31.72","POS","cec1a590-3bfa-476d-a9bb-3bb1b3b9b334","Tiffany",4141.22,2018-09-03 07:00:00,"F",25,"Broken Hill","NSW",13.36,"9022ec014e974e5ebf2b35e786a27e90","CUS-1669695324","141.46","-31.95","debit","Mon","14:19:01","14","September"
"4280","authorized","1","ACC-2173390920","144.71","-37.58","POS","013eeee6-d966-402e-aa99-5dd41c8732fd","Luis",5194.37,2018-09-03 07:00:00,"M",27,"Eltham","VIC",11.89,"a7554a3a8a4446c8911136340797b582","CUS-3180318393","145.14","-37.72","debit","Mon","14:43:24","14","September"
"4281","posted",NA,"ACC-819621312","145.04","-37.85","INTER BANK",NA,"Michele",3819.4,2018-09-03 07:00:00,"F",30,NA,NA,55,"f9462f0cd69e4fd98e9384eb737c30ca","CUS-1271030853",NA,NA,"debit","Mon","15:00:00","15","September"
"4282","posted",NA,"ACC-3689607373","115.79","-31.79","INTER BANK",NA,"Virginia",4120.09,2018-09-03 07:00:00,"F",20,NA,NA,181,"84b83266ddbc41228b38e92ffb633857","CUS-127297539",NA,NA,"debit","Mon","15:00:00","15","September"
"4283","posted",NA,"ACC-1650504218","145.01","-37.93","PAYMENT",NA,"Marissa",7092,2018-09-03 07:00:00,"F",23,NA,NA,22,"7e1699046d424af8a3e75dc2eeda3c4e","CUS-2500783281",NA,NA,"debit","Mon","15:00:00","15","September"
"4284","authorized","1","ACC-964839203","146.92","-36.07","SALES-POS","31f0219e-ba45-44bc-b9b6-9f6e9d60e67d","Michael",34312.54,2018-09-03 07:00:00,"M",21,"Albion","VIC",70.66,"9ccf19960ede4002968ea7ebb34dcf62","CUS-2059096722","144.82","-37.78","debit","Mon","15:06:23","15","September"
"4285","authorized","1","ACC-1222300524","151.23","-33.94","POS","bcd0ee88-b7f0-4e27-a66a-c865787b88d2","Michael",1646.26,2018-09-03 07:00:00,"M",38,"Liverpool","NSW",5.81,"34d064aed5e241f79c8ec44c03657e22","CUS-2142601169","150.92","-33.92","debit","Mon","15:26:23","15","September"
"4286","authorized","0","ACC-1799207998","150.68","-33.79","POS","1458e47b-d2e2-4ea3-8e2d-2d3b995b2138","Susan",5244.74,2018-09-03 07:00:00,"F",20,"Haywards Bay","NSW",8.68,"5596b8fc95b044ceb5b8baf9bb3dab8a","CUS-164374203","150.79","-34.54","debit","Mon","15:46:23","15","September"
"4287","posted",NA,"ACC-2650850707","148.16","-23.52","PAYMENT",NA,"Brian",110168.62,2018-09-03 07:00:00,"M",42,NA,NA,193,"226a16dba6104f149713510567324066","CUS-2819545904",NA,NA,"debit","Mon","16:00:00","16","September"
"4288","authorized","1","ACC-3485804958","138.52","-35.01","SALES-POS","abf377ce-3e2a-4f49-adff-d52bc3e93488","Jessica",20777.52,2018-09-03 07:00:00,"F",34,"North Wagga Wagga","NSW",9.3,"3884bf0d793b480e885b13097ee6e64d","CUS-1196156254","147.36","-35.08","debit","Mon","16:08:53","16","September"
"4289","authorized","1","ACC-1443681913","150.92","-33.77","POS","08490e90-f0e5-4b39-84f8-7ae90b79f549","Ryan",2695.99,2018-09-03 07:00:00,"M",31,"Potts Point","NSW",34.78,"58ba3ebbb1334928882bffc091967ebe","CUS-3129499595","151.22","-33.87","debit","Mon","16:36:39","16","September"
"4290","posted",NA,"ACC-3741880913","150.50","-23.40","PAYMENT",NA,"Ashley",7775.98,2018-09-03 07:00:00,"F",25,NA,NA,172,"7ebe27832d944c7e913397f0d0c4a4fc","CUS-1220154422",NA,NA,"debit","Mon","17:00:00","17","September"
"4291","posted",NA,"ACC-3084464802","145.15","-37.76","PAYMENT",NA,"Susan",4528.54,2018-09-03 07:00:00,"F",19,NA,NA,36,"7003547609e145838bebd0bbbf9f2eda","CUS-1928710999",NA,NA,"debit","Mon","17:00:00","17","September"
"4292","posted",NA,"ACC-4258502723","145.45","-37.74","PAYMENT",NA,"Kimberly",3015.41,2018-09-03 07:00:00,"F",24,NA,NA,53,"20fa8c479d714478b2618f42ef64b14f","CUS-3378712515",NA,NA,"debit","Mon","17:00:00","17","September"
"4293","posted",NA,"ACC-854938045","147.63","-22.84","PAY/SALARY",NA,"James",12017.2,2018-09-03 07:00:00,"M",28,NA,NA,2538.68,"fef99a266627463f9db994c9856cfefa","CUS-4023861240",NA,NA,"credit","Mon","17:00:00","17","September"
"4294","posted",NA,"ACC-1710017148","150.82","-34.01","PAY/SALARY",NA,"Michelle",10636.12,2018-09-03 07:00:00,"F",19,NA,NA,3977.46,"fcbe30a25f774e7c80d5b94d991a6d15","CUS-883482547",NA,NA,"credit","Mon","17:00:00","17","September"
"4295","authorized","1","ACC-1903037542","153.05","-27.61","POS","8cd6e1d8-7197-416b-bfbc-b621fb041d71","Jeffrey",3151.83,2018-09-03 07:00:00,"M",30,"Nambucca Heads","NSW",24.43,"3c9844bab6d9497ab67ae39bc614141d","CUS-860700529","152.99","-30.66","debit","Mon","17:04:59","17","September"
"4296","authorized","1","ACC-1222300524","151.23","-33.94","POS","c791c707-2472-4ac0-9fa1-33a47d2b608b","Michael",1641.73,2018-09-03 07:00:00,"M",38,"Berala","NSW",4.53,"e00d79fa67fa429bb52597ec7ee1bf19","CUS-2142601169","151.03","-33.87","debit","Mon","17:36:14","17","September"
"4297","authorized","1","ACC-1424176027","151.08","-33.93","SALES-POS","58112f2c-95ea-4cb7-90c7-c10640aa8b13","Donald",3490.33,2018-09-03 07:00:00,"M",22,"Wentworthville","NSW",15.4,"807a6dd8a26e49d8ad00ddd3203b860b","CUS-3431016847","150.97","-33.81","debit","Mon","18:07:59","18","September"
"4298","authorized","1","ACC-2305712452","138.61","-34.89","POS","ee12b64a-f1e8-4ec7-96ca-0995b0fb15be","Debra",2353.72,2018-09-03 07:00:00,"F",18,"Plympton","SA",23.03,"a22a1c3f471d4e4ea558b93ef5fb258d","CUS-1842679196","138.55","-34.96","debit","Mon","18:41:19","18","September"
"4299","posted",NA,"ACC-37709441","153.41","-28.01","PAYMENT",NA,"Charles",6508.94,2018-09-03 07:00:00,"M",18,NA,NA,55,"afd5d49f404c4550a511f225ce75e7bd","CUS-3336454548",NA,NA,"debit","Mon","19:00:00","19","September"
"4300","authorized","1","ACC-4258502723","145.45","-37.74","POS","313c9457-6860-4958-b1b1-21251c59fbb3","Kimberly",2997.29,2018-09-03 07:00:00,"F",24,"Doncaster","VIC",18.12,"623210908b5d4b7a903a802b70bf911c","CUS-3378712515","145.13","-37.79","debit","Mon","19:18:19","19","September"
"4301","authorized","0","ACC-4258502723","145.45","-37.74","SALES-POS","26a64103-e734-41d6-8858-3a0f020e74b3","Kimberly",2975.05,2018-09-03 07:00:00,"F",24,"Forest Hill","VIC",22.24,"3e8ec5e4ebc1497d9ff770fe5e2b8633","CUS-3378712515","145.17","-37.84","debit","Mon","19:59:59","19","September"
"4302","posted",NA,"ACC-2920611728","144.96","-37.76","PAYMENT",NA,"Tyler",4610.18,2018-09-03 07:00:00,"M",69,NA,NA,64,"7fc2a0eb074b43cfbdec08c696f12f7f","CUS-1388323263",NA,NA,"debit","Mon","20:00:00","20","September"
"4303","posted",NA,"ACC-2650850707","148.16","-23.52","PAYMENT",NA,"Brian",110135.62,2018-09-03 07:00:00,"M",42,NA,NA,33,"1bf09a1f29ce49bd9f2c11e2dc08bd33","CUS-2819545904",NA,NA,"debit","Mon","20:00:00","20","September"
"4304","posted",NA,"ACC-154431271","153.09","-27.48","PAYMENT",NA,"Lori",1948.47,2018-09-03 07:00:00,"F",18,NA,NA,61,"40170005652646388ec253e4c9b11f1a","CUS-3702001629",NA,NA,"debit","Mon","20:00:00","20","September"
"4305","authorized","0","ACC-3485804958","138.52","-35.01","SALES-POS","415d5a26-26fb-480f-9321-13169d4e1b1b","Jessica",20734.41,2018-09-03 07:00:00,"F",34,"Adelaide","SA",43.11,"c290182201df43a088ec8722bb976a60","CUS-1196156254","138.6","-34.93","debit","Mon","20:15:52","20","September"
"4306","authorized","1","ACC-80388494","144.97","-37.42","POS","33de11be-d1af-410c-a6ca-e7ff735253f2","Dustin",4003.94,2018-09-03 07:00:00,"M",28,"Marrickville","NSW",15.59,"2d6984333772470b88dba4c2c5ecdd5a","CUS-1140341822","151.17","-33.91","debit","Mon","20:31:44","20","September"
"4307","authorized","1","ACC-354106658","151.04","-33.80","SALES-POS","a85c8d6d-10b9-45ac-bddb-c5cc93702a47","Christine",6630.94,2018-09-03 07:00:00,"F",39,"Eastern Creek","NSW",24.1,"dd159221b36b4faaa2b1a447a2b2ae1c","CUS-2376382098","150.88","-33.8","debit","Mon","20:47:37","20","September"
"4308","posted",NA,"ACC-2681137560","151.11","-33.99","PAYMENT",NA,"Nathaniel",4847.33,2018-09-03 07:00:00,"M",31,NA,NA,187,"f621a5a49a1b496b92a8cc50e2a2187e","CUS-2083971310",NA,NA,"debit","Mon","21:00:00","21","September"
"4309","authorized","1","ACC-3689607373","115.79","-31.79","POS","5e42640e-23ee-43fa-842b-da10409a419e","Virginia",4068.4,2018-09-03 07:00:00,"F",20,"Maitland","NSW",51.69,"2548e905043a499986db9df3fda19979","CUS-127297539","151.55","-32.73","debit","Mon","21:02:39","21","September"
"4310","authorized","1","ACC-3536132544","144.93","-37.79","POS","ca74915b-4aca-4bfe-9b5c-2c2193e9426e","Heather",2370.44,2018-09-03 07:00:00,"F",41,"Melbourne","VIC",41.57,"d80135731a37443ab4d7f4e7ccfa0ec7","CUS-2348881191","144.96","-37.82","debit","Mon","21:14:41","21","September"
"4311","authorized","0","ACC-354106658","151.04","-33.80","POS","28ee26b2-8127-40b6-91b6-73b25bdbbfc0","Christine",6592.47,2018-09-03 07:00:00,"F",39,"Clare","SA",38.47,"74be29539b984eaea7225c2201ee8e79","CUS-2376382098","138.61","-33.83","debit","Mon","21:26:44","21","September"
"4312","authorized","0","ACC-2901672282","255.00","-573.00","SALES-POS","948749e3-471e-4a8f-92ad-73e934b95ec4","Daniel",5390.5,2018-09-03 07:00:00,"M",22,"Sydney","NSW",28.47,"13293ee513224f5db135460abd417817","CUS-1617121891","151.21","-33.87","debit","Mon","21:38:47","21","September"
"4313","authorized","1","ACC-2901672282","255.00","-573.00","POS","abe64210-3df3-4615-83d7-5cc2c28964d6","Daniel",5368.08,2018-09-03 07:00:00,"M",22,"Ultimo","NSW",22.42,"303d75236c6c4add80f6768e6539c9de","CUS-1617121891","151.2","-33.88","debit","Mon","21:50:50","21","September"
"4314","posted",NA,"ACC-2249586092","115.98","-32.07","PAYMENT",NA,"Edward",7223.29,2018-09-03 07:00:00,"M",19,NA,NA,31,"702e8ebad90e43848c0075c322f11ed8","CUS-443776336",NA,NA,"debit","Mon","22:00:00","22","September"
"4315","authorized","1","ACC-4258502723","145.45","-37.74","SALES-POS","14ef90fd-0a6f-411d-b05e-cf03dd599464","Kimberly",2949.13,2018-09-03 07:00:00,"F",24,"Reservoir","VIC",25.92,"00fc859e031d45fca49afdae47a50737","CUS-3378712515","145.02","-37.73","debit","Mon","22:05:59","22","September"
"4316","authorized","1","ACC-2901672282","255.00","-573.00","SALES-POS","f951df7c-92b7-444c-959b-e227f5bb6735","Daniel",5275.59,2018-09-03 07:00:00,"M",22,"Lidcombe","NSW",92.49,"da0dff91ea1f44da9cb8c8c3f6e52824","CUS-1617121891","151.05","-33.85","debit","Mon","22:30:59","22","September"
"4317","authorized","1","ACC-1443681913","150.92","-33.77","POS","a1f05263-9ae7-49ce-bd52-49f79ea54b5e","Ryan",2682.06,2018-09-03 07:00:00,"M",31,"Cammeray","NSW",13.93,"c170ab21ae204244b913f716c157e122","CUS-3129499595","151.21","-33.82","debit","Mon","22:55:59","22","September"
"4318","posted",NA,"ACC-2970114956","144.89","-37.69","PAYMENT",NA,"Robert",7978.71,2018-09-03 07:00:00,"M",26,NA,NA,61,"cc2f542d526148ca9701ffd49b1f998f","CUS-880898248",NA,NA,"debit","Mon","23:00:00","23","September"
"4319","authorized","1","ACC-1903037542","153.05","-27.61","SALES-POS","187e0000-4520-465c-9469-842217001e32","Jeffrey",3137.35,2018-09-04 07:00:00,"M",30,"Fortitude Valley","QLD",14.48,"2e3d1f3b548f49c2ad3802d8fc3c3ecf","CUS-860700529","153.03","-27.46","debit","Tue","00:14:59","00","September"
"4320","authorized","0","ACC-3771436525","145.04","-37.92","POS","ec86fe38-13d5-45f6-935d-5304604fd6e9","Derek",2117.12,2018-09-04 07:00:00,"M",20,"Melbourne","VIC",9.33,"e6652cf8bc4d4c069da7961832beca90","CUS-3325710106","144.96","-37.82","debit","Tue","01:02:56","01","September"
"4321","authorized","1","ACC-2901672282","255.00","-573.00","SALES-POS","f70d646b-d9a2-44a5-9ffa-becda2a18792","Daniel",5243.56,2018-09-04 07:00:00,"M",22,"Glebe","NSW",32.03,"d69a0a53409e4838878224830e338488","CUS-1617121891","151.19","-33.88","debit","Tue","01:32:21","01","September"
"4322","posted",NA,"ACC-1598451071","153.41","-27.95","INTER BANK",NA,"Diana",1219.21,2018-09-04 07:00:00,"F",26,NA,NA,20,"0f23a906a3ae4ff3ad56853e601065a2","CUS-2487424745",NA,NA,"debit","Tue","02:00:00","02","September"
"4323","posted",NA,"ACC-2673069055","152.99","-27.49","PAYMENT",NA,"Richard",15305.16,2018-09-04 07:00:00,"M",24,NA,NA,128,"ed5457850d974a8bac45aea65ba60b3a","CUS-51506836",NA,NA,"debit","Tue","02:00:00","02","September"
"4324","authorized","1","ACC-38923874","151.27","-33.90","POS","67b82577-3155-4818-890f-6ec0ce126de7","Ryan",36452.59,2018-09-04 07:00:00,"M",38,"Belrose","NSW",16.59,"d8d8906db178464dba25f5161a2c4474","CUS-3249305314","151.21","-33.74","debit","Tue","02:29:59","02","September"
"4325","posted",NA,"ACC-2231965366","144.96","-37.84","INTER BANK",NA,"Linda",10004.86,2018-09-04 07:00:00,"F",35,NA,NA,17,"8d43b8464ded4626a4185736f56dc2c5","CUS-2155701614",NA,NA,"debit","Tue","03:00:00","03","September"
"4326","posted",NA,"ACC-240804743","121.48","-30.75","PHONE BANK",NA,"Kenneth",11710.39,2018-09-04 07:00:00,"M",29,NA,NA,43,"e89e64a690f04fb4889728689ae23855","CUS-261674136",NA,NA,"debit","Tue","03:00:00","03","September"
"4327","posted",NA,"ACC-2828321672","153.03","-27.51","PAYMENT",NA,"Stephanie",1823.14,2018-09-04 07:00:00,"F",53,NA,NA,148,"79e4871a99764d52ae22d2f56841f3aa","CUS-1005756958",NA,NA,"debit","Tue","04:00:00","04","September"
"4328","posted",NA,"ACC-1788473090","145.06","-37.95","INTER BANK",NA,"Rachael",5227.9,2018-09-04 07:00:00,"F",21,NA,NA,20,"d781a3bdc2b34245908cd2842dfd05a5","CUS-134193016",NA,NA,"debit","Tue","04:00:00","04","September"
"4329","posted",NA,"ACC-3827517394","151.12","-33.89","PAYMENT",NA,"Craig",36207.93,2018-09-04 07:00:00,"M",28,NA,NA,30,"de61e14a3e2049f8aad6838b83ab49d0","CUS-2663907001",NA,NA,"debit","Tue","04:00:00","04","September"
"4330","posted",NA,"ACC-1710017148","150.82","-34.01","PAYMENT",NA,"Michelle",9102.12,2018-09-04 07:00:00,"F",19,NA,NA,1534,"0dba192c4ccb4f6d987efde549f71ede","CUS-883482547",NA,NA,"debit","Tue","04:00:00","04","September"
"4331","authorized","1","ACC-1496451953","145.16","-37.84","POS","ae795fdc-a1a3-4dce-8869-2a39ea3231cf","Ricky",10725.75,2018-09-04 07:00:00,"M",43,"Hawthorn East","VIC",216.58,"0d97e45179ed4629a4513d31fa7519b4","CUS-3142625864","145.06","-37.83","debit","Tue","04:29:17","04","September"
"4332","posted",NA,"ACC-1890605467","143.88","-37.66","INTER BANK",NA,"Alexander",10493.17,2018-09-04 07:00:00,"M",38,NA,NA,42,"5616cc004a314ac4a3a30e5bfc3c0f32","CUS-1478398256",NA,NA,"debit","Tue","05:00:00","05","September"
"4333","posted",NA,"ACC-3941181087","115.79","-31.94","PAYMENT",NA,"Paul",5356.03,2018-09-04 07:00:00,"M",25,NA,NA,85,"367d04dd2e67457d8b25a1579f48eca9","CUS-3989008654",NA,NA,"debit","Tue","05:00:00","05","September"
"4334","posted",NA,"ACC-958000567","130.90","-12.37","PAYMENT",NA,"Sandra",4060.59,2018-09-04 07:00:00,"F",34,NA,NA,20,"a1ebf68593bc4b5e9d5d92e42a1ffc47","CUS-4142663097",NA,NA,"debit","Tue","05:00:00","05","September"
"4335","authorized","0","ACC-854938045","147.63","-22.84","SALES-POS","eeba33db-ad53-414d-bc4d-f7d321cf661c","James",12002,2018-09-04 07:00:00,"M",28,"Scottsdale","TAS",15.2,"a0cae3d763e44395bc036b653d6d952f","CUS-4023861240","147.52","-41.16","debit","Tue","05:46:39","05","September"
"4336","posted",NA,"ACC-3084464802","145.15","-37.76","INTER BANK",NA,"Susan",4452.54,2018-09-04 07:00:00,"F",19,NA,NA,76,"821b9b014d7146bc926ce1e4a11e85d9","CUS-1928710999",NA,NA,"debit","Tue","06:00:00","06","September"
"4337","posted",NA,"ACC-354106658","151.04","-33.80","PAYMENT",NA,"Christine",6571.47,2018-09-04 07:00:00,"F",39,NA,NA,21,"10401a617f71491e87dec24b6a37ca58","CUS-2376382098",NA,NA,"debit","Tue","06:00:00","06","September"
"4338","posted",NA,"ACC-2270192619","138.56","-35.27","PAYMENT",NA,"Darren",8982.51,2018-09-04 07:00:00,"M",20,NA,NA,39,"3c74a1b1b034466d80084fcdba3fc618","CUS-2110742437",NA,NA,"debit","Tue","07:00:00","07","September"
"4339","posted",NA,"ACC-4274272854","145.23","-37.86","PAYMENT",NA,"Timothy",5227.91,2018-09-04 07:00:00,"M",20,NA,NA,34,"f985eb89457c428e89b8d052c7758a0c","CUS-2484453271",NA,NA,"debit","Tue","07:00:00","07","September"
"4340","posted",NA,"ACC-1598451071","153.41","-27.95","PAYMENT",NA,"Diana",1183.21,2018-09-04 07:00:00,"F",26,NA,NA,36,"79eaf936a8de437a8a38ae8a433a3d2f","CUS-2487424745",NA,NA,"debit","Tue","07:00:00","07","September"
"4341","authorized","1","ACC-3485804958","138.52","-35.01","SALES-POS","f26401e1-93c1-4dc9-92e2-79cd25e902e2","Jessica",20707.76,2018-09-04 07:00:00,"F",34,"Brookvale","NSW",26.65,"6b38b57e26da4a7590f13d9b3d81d86d","CUS-1196156254","151.26","-33.77","debit","Tue","07:33:19","07","September"
"4342","posted",NA,"ACC-2231965366","144.96","-37.84","PAYMENT",NA,"Linda",9968.86,2018-09-04 07:00:00,"F",35,NA,NA,36,"14470dd55d4f4140b85999fabf3d792d","CUS-2155701614",NA,NA,"debit","Tue","08:00:00","08","September"
"4343","authorized","1","ACC-964839203","146.92","-36.07","POS","1614a051-3810-4fe3-8360-121aa527e153","Michael",34280.72,2018-09-04 07:00:00,"M",21,"Townsville","QLD",31.82,"2644b8c6ccb943619c32369f059d9cce","CUS-2059096722","146.82","-19.31","debit","Tue","08:06:45","08","September"
"4344","authorized","1","ACC-1496451953","145.16","-37.84","SALES-POS","5ea2ea42-b0b9-4ae7-8151-ec4a45d92171","Ricky",10712.04,2018-09-04 07:00:00,"M",43,"Parkville","VIC",13.71,"3596113f07754bd1b2dbc4712c6be4e6","CUS-3142625864","144.96","-37.8","debit","Tue","08:19:44","08","September"
"4345","authorized","1","ACC-37709441","153.41","-28.01","POS","3ae539ca-2824-413c-b978-e87360b047ea","Charles",6499.46,2018-09-04 07:00:00,"M",18,"Runaway Bay","QLD",9.48,"f87a733477c0444fb4dbe0794e22beb9","CUS-3336454548","153.4","-27.91","debit","Tue","08:32:43","08","September"
"4346","authorized","1","ACC-2673069055","152.99","-27.49","POS","2e51bfb2-6d5e-4334-b9ec-e9d878481e8c","Richard",15289.13,2018-09-04 07:00:00,"M",24,"Grantham","QLD",16.03,"afbaa5d6ef8b4a42a5fbfcc8ea69bcbf","CUS-51506836","152.2","-27.58","debit","Tue","08:45:42","08","September"
"4347","authorized","1","ACC-2173390920","144.71","-37.58","POS","36f8720a-f8ff-47d0-bc9e-12f89017fb96","Luis",5152.76,2018-09-04 07:00:00,"M",27,"Bakery Hill","VIC",41.61,"18b86f205af44c5c9a876c9fc5347844","CUS-3180318393","143.86","-37.56","debit","Tue","08:58:42","08","September"
"4348","posted",NA,"ACC-3827517394","151.12","-33.89","INTER BANK",NA,"Craig",36178.93,2018-09-04 07:00:00,"M",28,NA,NA,29,"7977145690f544c9a9f0f766ce5b09ed","CUS-2663907001",NA,NA,"debit","Tue","09:00:00","09","September"
"4349","posted",NA,"ACC-1710017148","150.82","-34.01","PAYMENT",NA,"Michelle",9048.12,2018-09-04 07:00:00,"F",19,NA,NA,54,"25bc5078d9204e8cac0a742753a13381","CUS-883482547",NA,NA,"debit","Tue","09:00:00","09","September"
"4350","authorized","1","ACC-354106658","151.04","-33.80","POS","299e5fa9-ae12-4cc4-8d2c-d06c965e16a1","Christine",6556.06,2018-09-04 07:00:00,"F",39,"Eastwood","NSW",15.41,"19e36557ea4140b898cbec47cbdd1eb7","CUS-2376382098","151.08","-33.79","debit","Tue","09:03:53","09","September"
"4351","authorized","1","ACC-2920611728","144.96","-37.76","POS","238774cb-e57c-4054-815a-be7606a52038","Tyler",4593.16,2018-09-04 07:00:00,"M",69,"Mount Gambier","SA",17.02,"dafbf4da19654703bd916609bb3cb10b","CUS-1388323263","140.78","-37.83","debit","Tue","09:08:13","09","September"
"4352","authorized","1","ACC-3689607373","115.79","-31.79","SALES-POS","5164dffa-729a-4bce-b78a-e2bebb8f395d","Virginia",4057.48,2018-09-04 07:00:00,"F",20,"Bicton","WA",10.92,"74abcd7020184d84934dfa912f23b5b1","CUS-127297539","115.79","-32.03","debit","Tue","09:12:33","09","September"
"4353","authorized","1","ACC-559365433","147.31","-42.88","SALES-POS","ac964516-7450-45ed-8175-21db21a364ee","Mary",2294.93,2018-09-04 07:00:00,"F",64,"Glenorchy","TAS",19.01,"5f1d369d8488467ebdc1960a96811476","CUS-1654129794","147.27","-42.83","debit","Tue","09:16:52","09","September"
"4354","authorized","0","ACC-1890605467","143.88","-37.66","POS","39141d29-67c2-4d81-8cba-4a9cbabc0d47","Alexander",10438.73,2018-09-04 07:00:00,"M",38,"Bundoora","VIC",54.44,"b3734b0e4efa4622be70374b5a41e295","CUS-1478398256","145.07","-37.68","debit","Tue","09:21:12","09","September"
"4355","authorized","1","ACC-1438600314","138.69","-34.84","POS","350d6501-7393-4487-bc03-9206c9b6bec8","Maria",5025.1,2018-09-04 07:00:00,"F",35,"Glenunga","SA",56.03,"4db7176b43b24a6ba45cd3f8f52e5a96","CUS-2650223890","138.64","-34.95","debit","Tue","09:25:32","09","September"
"4356","authorized","1","ACC-354106658","151.04","-33.80","POS","53ce8b30-cd0e-48dd-b29a-555ca3388891","Christine",6502.78,2018-09-04 07:00:00,"F",39,"Marrickville","NSW",53.28,"95179e33982440118288a2de22ddec6c","CUS-2376382098","151.16","-33.91","debit","Tue","09:29:52","09","September"
"4357","authorized","0","ACC-1443681913","150.92","-33.77","POS","a798fba6-3835-448c-ac62-4c96deef1e68","Ryan",2652.56,2018-09-04 07:00:00,"M",31,"Belrose","NSW",29.5,"bef786627e1947e586806f1db38fa142","CUS-3129499595","151.21","-33.74","debit","Tue","09:34:11","09","September"
"4358","authorized","0","ACC-1516130869","130.84","-12.45","POS","7f59e24e-1947-4325-8cfe-e534976e06d2","Jessica",1051.51,2018-09-04 07:00:00,"F",21,"Casuarina","NT",15.44,"4e7c02ff2fe84cda85ae855096f98c80","CUS-325142416","130.88","-12.38","debit","Tue","09:38:31","09","September"
"4359","authorized","1","ACC-80388494","144.97","-37.42","SALES-POS","bfac8fdf-39fb-4300-9267-0a7097d3f365","Dustin",3979.93,2018-09-04 07:00:00,"M",28,"East Melbourne","VIC",24.01,"77dfd0ea900745819a25200f1194185b","CUS-1140341822","144.97","-37.81","debit","Tue","09:42:51","09","September"
"4360","authorized","1","ACC-2107684084","145.03","-37.88","POS","fd220bd4-d406-4b16-b653-3e3c0d8fa54c","Richard",6060.96,2018-09-04 07:00:00,"M",22,"Moonee Ponds","VIC",57.46,"06cff491dfab4d6ca4ed4e8e437a3f4f","CUS-2283904812","144.92","-37.77","debit","Tue","09:47:11","09","September"
"4361","authorized","0","ACC-588564840","151.27","-33.76","POS","56b36fb3-fc10-444d-a1d5-b4e2fa33aafa","Isaiah",12124.5,2018-09-04 07:00:00,"M",23,"Mount Druitt","NSW",16.6,"1a9369d0871445a68bbc66046ed5bc40","CUS-1462656821","150.82","-33.77","debit","Tue","09:51:30","09","September"
"4362","authorized","1","ACC-2920611728","144.96","-37.76","SALES-POS","05c06f19-8264-44b9-841d-de617eae0dbc","Tyler",4574.82,2018-09-04 07:00:00,"M",69,"Heidelberg","VIC",18.34,"9f02fff00c934e23b885d95dbb9b8ee4","CUS-1388323263","145.07","-37.76","debit","Tue","09:55:50","09","September"
"4363","authorized","1","ACC-2897221629","150.90","-34.37","SALES-POS","499b1c74-d767-43d6-a084-b20d00010c70","Scott",2651.07,2018-09-04 07:00:00,"M",23,"Blacktown","NSW",11.35,"c83db5c79e2d4c668b83a31d90711e72","CUS-511326734","150.91","-33.77","debit","Tue","10:11:57","10","September"
"4364","authorized","1","ACC-2776252858","144.95","-37.76","SALES-POS","c34c9907-80a5-4302-a842-b67a4a729e87","Kristin",2877.36,2018-09-04 07:00:00,"F",43,"Chadstone","VIC",22.66,"23e76ecc0fb642f2b2d7d04119ef4d41","CUS-4123612273","145.08","-37.89","debit","Tue","10:23:26","10","September"
"4365","authorized","1","ACC-1890605467","143.88","-37.66","POS","198c2a0c-3eb7-4e5c-9c0e-5e9b4ff99a90","Alexander",10404.09,2018-09-04 07:00:00,"M",38,"Millicent","SA",34.64,"20a86ef9feb8423d9b1a6e876662d5bc","CUS-1478398256","140.31","-37.6","debit","Tue","10:34:56","10","September"
"4366","authorized","1","ACC-1424176027","151.08","-33.93","POS","c3f4ae28-c55c-4a59-b41c-ed2553ce0ca7","Donald",3475.26,2018-09-04 07:00:00,"M",22,"Eastgardens","NSW",15.07,"bcbe8e6b88d94094b123d3227d57c90f","CUS-3431016847","151.22","-33.94","debit","Tue","10:46:26","10","September"
"4367","posted",NA,"ACC-1199531521","116.02","-31.87","INTER BANK",NA,"Billy",10093.4,2018-09-04 07:00:00,"M",52,NA,NA,83,"b63a421283324cf5b6eed9eccf7054c2","CUS-134833760",NA,NA,"debit","Tue","11:00:00","11","September"
"4368","posted",NA,"ACC-2231965366","144.96","-37.84","PAYMENT",NA,"Linda",9923.86,2018-09-04 07:00:00,"F",35,NA,NA,45,"13d18d82aa514726ad81179a95b3701a","CUS-2155701614",NA,NA,"debit","Tue","11:00:00","11","September"
"4369","posted",NA,"ACC-37709441","153.41","-28.01","PAY/SALARY",NA,"Charles",10631.69,2018-09-04 07:00:00,"M",18,NA,NA,4132.23,"dc3bdf6788aa41b9bbfcb44d2fdbb8c9","CUS-3336454548",NA,NA,"credit","Tue","11:00:00","11","September"
"4370","authorized","1","ACC-3485804958","138.52","-35.01","SALES-POS","7d696bdc-85a1-4d60-bedc-55babcf767cb","Jessica",20676.5,2018-09-04 07:00:00,"F",34,"Wagga Wagga","NSW",31.26,"7481a1071050490fa1cbc92b0673afa0","CUS-1196156254","147.37","-35.12","debit","Tue","11:05:53","11","September"
"4371","authorized","0","ACC-1438600314","138.69","-34.84","POS","7d255631-a82f-4d59-8647-4daaeed18d1d","Maria",4875.66,2018-09-04 07:00:00,"F",35,"Glen Osmond","SA",149.44,"bce5e0146b10437da06b012103e9b345","CUS-2650223890","138.64","-34.96","debit","Tue","11:13:05","11","September"
"4372","authorized","1","ACC-2890243754","153.32","-27.93","SALES-POS","06ff0a88-3635-4f3a-9427-57c0b973449c","Joseph",2982.16,2018-09-04 07:00:00,"M",37,"Robina","QLD",7.75,"8a0a062221ca44e7a2d944585e730cb3","CUS-2695611575","153.39","-28.06","debit","Tue","11:20:17","11","September"
"4373","authorized","1","ACC-3481401842","115.74","-31.72","SALES-POS","deb7ade5-9552-4ab1-abff-a0ba6721bb15","Tiffany",4107.55,2018-09-04 07:00:00,"F",25,"Gilgandra","NSW",33.67,"d7fdc81df30142fab37cd217f876a3b8","CUS-1669695324","148.67","-31.71","debit","Tue","11:27:28","11","September"
"4374","authorized","1","ACC-3689607373","115.79","-31.79","SALES-POS","9275731c-148e-43ff-8cf1-d3923b199ede","Virginia",4016.19,2018-09-04 07:00:00,"F",20,"Joondalup","WA",41.29,"38743774966d49879458377c4cffce6d","CUS-127297539","115.77","-31.76","debit","Tue","11:34:40","11","September"
"4375","authorized","1","ACC-1222300524","151.23","-33.94","SALES-POS","9d51aada-0f7e-4664-aa5d-6119a888f759","Michael",1558.67,2018-09-04 07:00:00,"M",38,"Sydney","NSW",83.06,"4a3b335076e34ea0a89be27ab096aa1b","CUS-2142601169","151.21","-33.87","debit","Tue","11:41:52","11","September"
"4376","authorized","1","ACC-2107684084","145.03","-37.88","POS","51eccdb8-ffd6-4c45-bea6-4b32c8e590e8","Richard",5998.5,2018-09-04 07:00:00,"M",22,"Essendon Fields","VIC",62.46,"3a951f50ab824cc4a48e598a640a09bb","CUS-2283904812","144.9","-37.73","debit","Tue","11:49:03","11","September"
"4377","authorized","0","ACC-2920611728","144.96","-37.76","SALES-POS","f5b5665a-1714-4377-8dec-17216ffb3dcc","Tyler",4554.83,2018-09-04 07:00:00,"M",69,"Blackburn","VIC",19.99,"46dc139276574a0e817e03b6c2c363d3","CUS-1388323263","145.15","-37.83","debit","Tue","11:56:15","11","September"
"4378","posted",NA,"ACC-2231965366","144.96","-37.84","PAY/SALARY",NA,"Linda",12367.1,2018-09-04 07:00:00,"F",35,NA,NA,2443.24,"cb5668e0879240dd8e1ea61089af86d8","CUS-2155701614",NA,NA,"credit","Tue","12:00:00","12","September"
"4379","authorized","1","ACC-3741880913","150.50","-23.40","SALES-POS","87620d95-8b80-4280-b37f-06630416adf0","Ashley",7754.26,2018-09-04 07:00:00,"F",25,"Parramatta","NSW",21.72,"83467d25181e4cbd92cf62a4b3a985fd","CUS-1220154422","151","-33.82","debit","Tue","12:09:59","12","September"
"4380","authorized","0","ACC-854938045","147.63","-22.84","POS","91287e52-e392-47c6-8f7c-b94c41f7626c","James",11640.63,2018-09-04 07:00:00,"M",28,"Sydney","NSW",361.37,"9c17199b70b64dd1895618098e0b701f","CUS-4023861240","151.2","-33.86","debit","Tue","12:30:49","12","September"
"4381","authorized","1","ACC-2681137560","151.11","-33.99","POS","13ff2a38-4834-4779-9a11-18bd91063e7e","Nathaniel",4832.52,2018-09-04 07:00:00,"M",31,"Macquarie Park","NSW",14.81,"d62e0ce7901a49a9a225e2a8f6361d9e","CUS-2083971310","151.12","-33.78","debit","Tue","12:51:39","12","September"
"4382","posted",NA,"ACC-1443681913","150.92","-33.77","PAY/SALARY",NA,"Ryan",3648.8,2018-09-04 07:00:00,"M",31,NA,NA,996.24,"06337a7922a74adeba5615061e473cce","CUS-3129499595",NA,NA,"credit","Tue","13:00:00","13","September"
"4383","authorized","1","ACC-1608363396","151.22","-33.87","POS","c12c2990-6a60-4b91-9a80-be35e15fdf84","Robert",4289.85,2018-09-04 07:00:00,"M",20,"Leppington","NSW",25.02,"6951a9f309e7466d8e7e59959e998e58","CUS-2688605418","150.82","-33.97","debit","Tue","13:13:02","13","September"
"4384","authorized","1","ACC-1222300524","151.23","-33.94","POS","f2c76ff1-b59a-4739-8e40-fa5cde1289c5","Michael",1543.26,2018-09-04 07:00:00,"M",38,"South Hurstville","NSW",15.41,"144796a769c045399c7ff3f7a57ec9e4","CUS-2142601169","151.11","-33.98","debit","Tue","13:34:46","13","September"
"4385","authorized","1","ACC-2920611728","144.96","-37.76","SALES-POS","c794e437-402d-4f03-ba26-c4d705c498ca","Tyler",4529.92,2018-09-04 07:00:00,"M",69,"Wheelers Hill","VIC",24.91,"cab06ec0064046309a6f7c367e147333","CUS-1388323263","145.19","-37.91","debit","Tue","13:56:31","13","September"
"4386","posted",NA,"ACC-3485804958","138.52","-35.01","PAYMENT",NA,"Jessica",20637.5,2018-09-04 07:00:00,"F",34,NA,NA,39,"7bee54d42ab9427eb495d1a1efda52f9","CUS-1196156254",NA,NA,"debit","Tue","14:00:00","14","September"
"4387","posted",NA,"ACC-2305712452","138.61","-34.89","PAY/SALARY",NA,"Debra",3115.05,2018-09-04 07:00:00,"F",18,NA,NA,761.33,"87db9d5781c043b7add0e2c0b283b60b","CUS-1842679196",NA,NA,"credit","Tue","14:00:00","14","September"
"4388","posted",NA,"ACC-2173390920","144.71","-37.58","PAYMENT",NA,"Luis",5124.76,2018-09-04 07:00:00,"M",27,NA,NA,28,"cc50f9560da346259ef50304a8f78194","CUS-3180318393",NA,NA,"debit","Tue","14:00:00","14","September"
"4389","posted",NA,"ACC-1990648130","114.62","-28.80","PAY/SALARY",NA,"Kaitlyn",3399.94,2018-09-04 07:00:00,"F",21,NA,NA,1037.07,"83552d789d9f407b80117b6de437cfe4","CUS-809013380",NA,NA,"credit","Tue","14:00:00","14","September"
"4390","authorized","1","ACC-964839203","146.92","-36.07","POS","f6711afd-e019-42a6-ad96-3eb7c956f977","Michael",34266.7,2018-09-04 07:00:00,"M",21,"Echuca","VIC",14.02,"3e26a770dd924f8c86044450b88273ed","CUS-2059096722","144.75","-36.13","debit","Tue","14:08:39","14","September"
"4391","authorized","1","ACC-1516130869","130.84","-12.45","SALES-POS","7f424437-d396-4374-bdc1-53350e4387ba","Jessica",1044.96,2018-09-04 07:00:00,"F",21,"Bakewell","NT",6.55,"7b934a428e9748cd8ee1e217441a1898","CUS-325142416","130.99","-12.5","debit","Tue","14:18:58","14","September"
"4392","authorized","1","ACC-2920611728","144.96","-37.76","POS","826e9398-cdcf-46fe-98e7-248b23e3f67c","Tyler",4486.45,2018-09-04 07:00:00,"M",69,"Scoresby","VIC",43.47,"853dba29ce5e4be390fde79b0fbe7c78","CUS-1388323263","145.26","-37.89","debit","Tue","14:29:16","14","September"
"4393","authorized","1","ACC-1222300524","151.23","-33.94","POS","e87637aa-6498-48b3-ac58-0725fb7c60a0","Michael",1533.59,2018-09-04 07:00:00,"M",38,"Penrith","NSW",9.67,"f12f08beb0ed4c57bac4b543b52c6b06","CUS-2142601169","150.69","-33.75","debit","Tue","14:39:35","14","September"
"4394","authorized","0","ACC-3481401842","115.74","-31.72","POS","2524fe8b-0b41-460d-b7d6-77fdba54657d","Tiffany",4022.28,2018-09-04 07:00:00,"F",25,"Clontarf","NSW",85.27,"e2a9f4ec8ad140b49b29856d1963789d","CUS-1669695324","151.26","-33.81","debit","Tue","14:49:53","14","September"
"4395","posted",NA,"ACC-1890605467","143.88","-37.66","INTER BANK",NA,"Alexander",10271.09,2018-09-04 07:00:00,"M",38,NA,NA,133,"9f3b6f4ecf2f44d8a84ada97a9765887","CUS-1478398256",NA,NA,"debit","Tue","15:00:00","15","September"
"4396","posted",NA,"ACC-3481401842","115.74","-31.72","PAYMENT",NA,"Tiffany",3981.96,2018-09-04 07:00:00,"F",25,NA,NA,32,"59f52ff3b62844239184c76bba121e9b","CUS-1669695324",NA,NA,"debit","Tue","15:00:00","15","September"
"4397","authorized","1","ACC-2890243754","153.32","-27.93","POS","24499ec9-83d4-48f9-8944-976018db1212","Joseph",2974.38,2018-09-04 07:00:00,"M",37,"Labrador","QLD",7.78,"8fcbec6a9a344cb4ab3de94cb27b1391","CUS-2695611575","153.4","-27.97","debit","Tue","15:00:13","15","September"
"4398","authorized","1","ACC-3541460373","145.00","-37.83","SALES-POS","317c1996-373c-4f62-8558-75edee82cbf7","Jeffrey",3095.27,2018-09-04 07:00:00,"M",24,"Knoxfield","VIC",69.39,"4a4863ac8ef8464f93831012515c10fc","CUS-1433879684","145.25","-37.89","debit","Tue","15:11:43","15","September"
"4399","authorized","1","ACC-2890243754","153.32","-27.93","SALES-POS","8d7196ad-1377-4169-b035-42cbf36a7907","Joseph",2958.38,2018-09-04 07:00:00,"M",37,"Helensvale","QLD",16,"c354ee18c3b241a1a1dad7a705ab13cc","CUS-2695611575","153.34","-27.93","debit","Tue","15:23:13","15","September"
"4400","authorized","1","ACC-1349834573","145.17","-37.84","POS","f2582055-65ad-4c61-af59-293820178700","Matthew",10489.69,2018-09-04 07:00:00,"M",39,"Maddingley","VIC",46.67,"362f29e0c47748fd83e826cf98baf477","CUS-1790886359","144.41","-37.7","debit","Tue","15:34:42","15","September"
"4401","authorized","0","ACC-1683215619","138.67","-34.86","POS","fb5eebd0-40bd-4dbf-b74e-3a0569d6f188","Barry",4477.64,2018-09-04 07:00:00,"M",38,"Kaleen","ACT",25.84,"e04c4a3681914ecdb30bac253188ae2d","CUS-1604596597","149.1","-35.22","debit","Tue","15:46:12","15","September"
"4402","authorized","0","ACC-3481401842","115.74","-31.72","SALES-POS","805f571c-8afb-423a-9260-a1f5a2b5531c","Tiffany",4013.96,2018-09-04 07:00:00,"F",25,"Sydney","NSW",8.32,"cfe1154a30ec4efea08e9f483e1c0b17","CUS-1669695324","151.21","-33.86","debit","Tue","15:57:42","15","September"
"4403","posted",NA,"ACC-2828321672","153.03","-27.51","PAY/SALARY",NA,"Stephanie",2793.61,2018-09-04 07:00:00,"F",53,NA,NA,970.47,"e588bd113b3645ee82fb386e336c42a1","CUS-1005756958",NA,NA,"credit","Tue","16:00:00","16","September"
"4404","posted",NA,"ACC-2650850707","148.16","-23.52","INTER BANK",NA,"Brian",110017.62,2018-09-04 07:00:00,"M",42,NA,NA,118,"22d0b3d4faf243efa4578d422d05c8af","CUS-2819545904",NA,NA,"debit","Tue","16:00:00","16","September"
"4405","posted",NA,"ACC-4281711154","144.98","-37.84","PAY/SALARY",NA,"Eric",37770.56,2018-09-04 07:00:00,"M",42,NA,NA,1757.82,"858d30d47f304cce93da6fedad4cc160","CUS-3151318058",NA,NA,"credit","Tue","16:00:00","16","September"
"4406","posted",NA,"ACC-3941181087","115.79","-31.94","PAYMENT",NA,"Paul",5310.03,2018-09-04 07:00:00,"M",25,NA,NA,46,"c55c7b28a6ee4914a008e77a8c8fb1dd","CUS-3989008654",NA,NA,"debit","Tue","16:00:00","16","September"
"4407","authorized","0","ACC-3541460373","145.00","-37.83","SALES-POS","6ac1000d-561a-4655-8e0d-4a0348db9cac","Jeffrey",3077.83,2018-09-04 07:00:00,"M",24,"Clifton Hill","VIC",17.44,"c8646738837d41c6b294eee44c2aaddb","CUS-1433879684","144.99","-37.79","debit","Tue","16:17:01","16","September"
"4408","authorized","0","ACC-1424176027","151.08","-33.93","POS","41649cbd-5b5f-4c3b-8428-80ccec68d3c0","Donald",3422.17,2018-09-04 07:00:00,"M",22,"Surry Hills","NSW",53.09,"e397d5578fc3484ba7d836a501c0dbd5","CUS-3431016847","151.21","-33.89","debit","Tue","16:38:17","16","September"
"4409","authorized","1","ACC-1424176027","151.08","-33.93","SALES-POS","cc8b5572-d5b4-4493-9c1c-e0d00df22efa","Donald",3415.72,2018-09-04 07:00:00,"M",22,"Harris Park","NSW",6.45,"934b75add82041d797de0fd60d0991eb","CUS-3431016847","151.01","-33.82","debit","Tue","16:59:34","16","September"
"4410","posted",NA,"ACC-1279356312","144.79","-37.73","PAYMENT",NA,"Tyler",4991.36,2018-09-04 07:00:00,"M",44,NA,NA,27,"feb193ab03374b6e81137604139a322d","CUS-1892177589",NA,NA,"debit","Tue","17:00:00","17","September"
"4411","posted",NA,"ACC-1222300524","151.23","-33.94","PAY/SALARY",NA,"Michael",2535.72,2018-09-04 07:00:00,"M",38,NA,NA,1002.13,"55f30325fb894bb8896e4fc6c6d9ecf8","CUS-2142601169",NA,NA,"credit","Tue","17:00:00","17","September"
"4412","posted",NA,"ACC-240804743","121.48","-30.75","PAYMENT",NA,"Kenneth",11639.39,2018-09-04 07:00:00,"M",29,NA,NA,71,"921d84bf410b4b1eaf9756f1500421d4","CUS-261674136",NA,NA,"debit","Tue","17:00:00","17","September"
"4413","posted",NA,"ACC-2259139624","144.66","-37.91","PAYMENT",NA,"Cindy",7006.85,2018-09-04 07:00:00,"F",19,NA,NA,112,"f1f7c228364343b982d772eaff2a27e8","CUS-3174332735",NA,NA,"debit","Tue","17:00:00","17","September"
"4414","posted",NA,"ACC-3771436525","145.04","-37.92","PAY/SALARY",NA,"Derek",3216.82,2018-09-04 07:00:00,"M",20,NA,NA,1099.7,"09419603f0644debb343bffa623cad6d","CUS-3325710106",NA,NA,"credit","Tue","17:00:00","17","September"
"4415","posted",NA,"ACC-3954677887","115.72","-32.28","PAY/SALARY",NA,"Ruth",5028.43,2018-09-04 07:00:00,"F",47,NA,NA,1272.47,"33fa7bcab6b34cd2bc98973b88bec191","CUS-3716701010",NA,NA,"credit","Tue","17:00:00","17","September"
"4416","posted",NA,"ACC-1243371644","150.90","-33.78","INTER BANK",NA,"Gregory",2788.07,2018-09-04 07:00:00,"M",42,NA,NA,20,"368f8d1a08eb47d4b646d6108b7d19f7","CUS-3904958894",NA,NA,"debit","Tue","17:00:00","17","September"
"4417","posted",NA,"ACC-958000567","130.90","-12.37","PAY/SALARY",NA,"Sandra",7578.2,2018-09-04 07:00:00,"F",34,NA,NA,3517.61,"ea4b316d3bbb471c8deac4d5134a0c86","CUS-4142663097",NA,NA,"credit","Tue","17:00:00","17","September"
"4418","posted",NA,"ACC-2897221629","150.90","-34.37","PAY/SALARY",NA,"Scott",3633.78,2018-09-04 07:00:00,"M",23,NA,NA,982.71,"cbda2838bb754588981b8db9591ca364","CUS-511326734",NA,NA,"credit","Tue","17:00:00","17","September"
"4419","authorized","1","ACC-2776252858","144.95","-37.76","POS","d2b99dd2-ee51-45a9-bdbe-f966d3336ff6","Kristin",2856.17,2018-09-04 07:00:00,"F",43,"Middle Park","VIC",21.19,"4a5cd17aac014128b6d86261ba62fd98","CUS-4123612273","144.96","-37.85","debit","Tue","17:14:12","17","September"
"4420","authorized","1","ACC-1683215619","138.67","-34.86","POS","155be2a9-41ee-42eb-9eb6-5d24a9497a97","Barry",4470.94,2018-09-04 07:00:00,"M",38,"Nowra","NSW",6.7,"174e26e6b0164e74a145715873c47b6a","CUS-1604596597","150.6","-34.88","debit","Tue","17:28:41","17","September"
"4421","authorized","1","ACC-3481401842","115.74","-31.72","POS","f418dea2-e15a-47e6-be0a-ef0fc802186b","Tiffany",3968.93,2018-09-04 07:00:00,"F",25,"Success","WA",13.03,"afa6554c5c1a4b4da1f1b8e73d68d9a9","CUS-1669695324","115.86","-32.13","debit","Tue","17:43:11","17","September"
"4422","authorized","0","ACC-1973887809","115.78","-31.90","POS","58cd3120-ac03-4968-9c6d-0f3523469769","Antonio",3812.95,2018-09-04 07:00:00,"M",26,"Old Bar","NSW",46.55,"57c8bc6d17b245e29517a7d198ebe838","CUS-1646621553","152.58","-31.97","debit","Tue","17:57:40","17","September"
"4423","posted",NA,"ACC-1344825761","151.09","-33.91","PAYMENT",NA,"Sarah",17600.18,2018-09-04 07:00:00,"F",46,NA,NA,45,"7fc89d493de24946a021ffc3875c08d4","CUS-1499065773",NA,NA,"debit","Tue","18:00:00","18","September"
"4424","posted",NA,"ACC-38923874","151.27","-33.90","INTER BANK",NA,"Ryan",36423.59,2018-09-04 07:00:00,"M",38,NA,NA,29,"f5dabfc910c741659fee9c0fe4489105","CUS-3249305314",NA,NA,"debit","Tue","18:00:00","18","September"
"4425","posted",NA,"ACC-3879258709","143.83","-37.66","PAYMENT",NA,"Natasha",196904.96,2018-09-04 07:00:00,"F",40,NA,NA,29,"2ec054cfa3e942acac76a22c1452ea30","CUS-527400765",NA,NA,"debit","Tue","18:00:00","18","September"
"4426","authorized","1","ACC-3541460373","145.00","-37.83","SALES-POS","142514bf-19ef-4bf7-a00d-aac13c51fbe9","Jeffrey",2943.41,2018-09-04 07:00:00,"M",24,"Ringwood","VIC",134.42,"ea4a33fe5379444199b7c6813e12db4b","CUS-1433879684","145.26","-37.78","debit","Tue","18:27:05","18","September"
"4427","authorized","1","ACC-354106658","151.04","-33.80","POS","79bbf88b-9a4e-4dbe-809a-e52fccdb2121","Christine",6469.16,2018-09-04 07:00:00,"F",39,"Caringbah","NSW",33.62,"908d336302f64d9fb0769c804a505094","CUS-2376382098","151.12","-34.04","debit","Tue","18:59:21","18","September"
"4428","authorized","1","ACC-559365433","147.31","-42.88","SALES-POS","456146d8-ccaa-4b73-a3fc-9d7d04aabb8f","Mary",2257.66,2018-09-04 07:00:00,"F",64,"Ayr","QLD",37.27,"b8aa186ba18c4498adb1cfb64a4cb399","CUS-1654129794","147.4","-19.58","debit","Tue","19:16:53","19","September"
"4429","authorized","1","ACC-3481401842","115.74","-31.72","SALES-POS","ffbeb1bd-0f50-4467-a462-4159237c4a7b","Tiffany",3941.93,2018-09-04 07:00:00,"F",25,"Balcatta","WA",27,"51dc0b6d1cad42849ee510616a4314ff","CUS-1669695324","115.83","-31.87","debit","Tue","19:34:08","19","September"
"4430","authorized","1","ACC-1608363396","151.22","-33.87","POS","ee0f0044-e842-45c6-a0ad-0e8c05286842","Robert",4269.4,2018-09-04 07:00:00,"M",20,"Nulsen","WA",20.45,"ab8617d741a842cfa963225ecfc74b1a","CUS-2688605418","121.88","-33.86","debit","Tue","19:51:22","19","September"
"4431","posted",NA,"ACC-1199531521","116.02","-31.87","PAYMENT",NA,"Billy",10073.4,2018-09-04 07:00:00,"M",52,NA,NA,20,"58d5300a2cc344b2a150d07dbf64b5d5","CUS-134833760",NA,NA,"debit","Tue","20:00:00","20","September"
"4432","posted",NA,"ACC-1349834573","145.17","-37.84","PAYMENT",NA,"Matthew",10455.69,2018-09-04 07:00:00,"M",39,NA,NA,34,"0dcc3821d9ef40ffba65564c6e32e99e","CUS-1790886359",NA,NA,"debit","Tue","20:00:00","20","September"
"4433","authorized","1","ACC-1652235822","144.89","-37.81","SALES-POS","b0e9b970-e545-463f-a38e-882084d8cd59","Renee",20974.33,2018-09-04 07:00:00,"F",38,"Doncaster East","VIC",13.88,"4a4afc5a1cf94b11b18e6e5e494c4071","CUS-2206365095","145.17","-37.76","debit","Tue","20:12:11","20","September"
"4434","authorized","1","ACC-90814749","151.68","-32.98","POS","b40a8a1f-4bb7-4c05-8029-e7c68eb04fcb","Christopher",8714.13,2018-09-04 07:00:00,"M",35,"Whyalla Playford","SA",14.8,"fdfe7cefdc914866b047eb9014a5ef2b","CUS-1896554896","137.57","-33.03","debit","Tue","20:36:35","20","September"
"4435","authorized","1","ACC-1973887809","115.78","-31.90","POS","ab7309b7-ad87-4d24-bd87-111c70b56759","Antonio",3777.79,2018-09-04 07:00:00,"M",26,"Melbourne","VIC",35.16,"918b5e5743c744c58a2f4597672ff937","CUS-1646621553","144.97","-37.84","debit","Tue","21:00:48","21","September"
"4436","authorized","1","ACC-3689607373","115.79","-31.79","POS","3588548a-e252-48e2-8747-81d0a0da6f28","Virginia",3999.04,2018-09-04 07:00:00,"F",20,"Perth","WA",17.15,"3b301330696e4392a2867bde4d2139a1","CUS-127297539","115.86","-31.95","debit","Tue","21:21:13","21","September"
"4437","authorized","0","ACC-1683215619","138.67","-34.86","POS","4fec12c6-b31f-41aa-a1b1-9fa793452fa5","Barry",4421.47,2018-09-04 07:00:00,"M",38,"Maroochydore","QLD",49.47,"17eb7b66d33242838f29071f358fea5a","CUS-1604596597","153.09","-26.65","debit","Tue","21:41:37","21","September"
"4438","authorized","0","ACC-1998563091","149.03","-35.25","SALES-POS","44baeca2-bfcd-4fc6-882d-1b659e00f3d2","David",16082.36,2018-09-04 07:00:00,"M",42,"Orange","NSW",29.5,"82adbb0a8a234ae181caa69746d98d06","CUS-3395687666","149.11","-33.29","debit","Tue","22:03:26","22","September"
"4439","authorized","1","ACC-354106658","151.04","-33.80","POS","f702da3a-8d3d-4878-a2bf-085dd402f5f2","Christine",6447.3,2018-09-04 07:00:00,"F",39,"Esperance","WA",21.86,"619ae2a8324a45bd9aa560e0fe729718","CUS-2376382098","121.89","-33.86","debit","Tue","22:37:55","22","September"
"4440","posted",NA,"ACC-2901672282","255.00","-573.00","PAYMENT",NA,"Daniel",5203.56,2018-09-04 07:00:00,"M",22,NA,NA,40,"d59307ecb7d349ae86a8496725703415","CUS-1617121891",NA,NA,"debit","Tue","23:00:00","23","September"
"4441","authorized","1","ACC-2776252858","144.95","-37.76","POS","833b3b69-626f-4ec0-a770-b56bb3d95b4d","Kristin",2811.86,2018-09-04 07:00:00,"F",43,"Deer Park","VIC",44.31,"5ac6da477b5f442695cbccc811cc2b8b","CUS-4123612273","144.77","-37.75","debit","Tue","23:07:59","23","September"
"4442","authorized","1","ACC-3481401842","115.74","-31.72","POS","e8232990-ff4b-4844-a311-b6cd4e435de8","Tiffany",3927.71,2018-09-04 07:00:00,"F",25,"Glenthorne","NSW",14.22,"f13cc6c935c341c3af13b92825b2837d","CUS-1669695324","152.47","-31.94","debit","Tue","23:30:13","23","September"
"4443","authorized","1","ACC-1608363396","151.22","-33.87","SALES-POS","ed811994-4222-4011-9444-c1fb2f1321d3","Robert",3825.12,2018-09-04 07:00:00,"M",20,"Sydney","NSW",444.28,"f2fb349015874452afc0ff6f44c1fbba","CUS-2688605418","151.21","-33.87","debit","Tue","23:52:26","23","September"
"4444","authorized","0","ACC-4258502723","145.45","-37.74","POS","692d143c-720b-4ea8-8378-1890b495eab9","Kimberly",2923.34,2018-09-05 07:00:00,"F",24,"Preston","VIC",25.79,"0ec0a3178a5c49f390d8262cc23139dc","CUS-3378712515","145.03","-37.74","debit","Wed","00:41:14","00","September"
"4445","authorized","1","ACC-854938045","147.63","-22.84","POS","91827347-8f24-4968-b614-92aca2eb5f35","James",11601.81,2018-09-05 07:00:00,"M",28,"Clermont","QLD",38.82,"c7e944d5cf41421daa5cc511940ece19","CUS-4023861240","147.64","-22.83","debit","Wed","01:18:25","01","September"
"4446","authorized","1","ACC-3741880913","150.50","-23.40","POS","633d03c8-2319-4802-aaa9-f2c9c366a820","Ashley",7607.07,2018-09-05 07:00:00,"F",25,"Newman","WA",147.19,"9fbba727705744d292707734fb6ce564","CUS-1220154422","119.8","-23.39","debit","Wed","01:44:44","01","September"
"4447","posted",NA,"ACC-1349834573","145.17","-37.84","PAYMENT",NA,"Matthew",10288.69,2018-09-05 07:00:00,"M",39,NA,NA,167,"71f1c1c65b2646f4aed47b6d894c1176","CUS-1790886359",NA,NA,"debit","Wed","02:00:00","02","September"
"4448","authorized","1","ACC-90814749","151.68","-32.98","SALES-POS","14f8c748-af9a-4332-8c45-6f39f4912968","Christopher",8675.38,2018-09-05 07:00:00,"M",35,"Oakey","QLD",38.75,"ddf8d7348c5e42898039fdf7ac6bf80a","CUS-1896554896","151.72","-27.45","debit","Wed","02:26:14","02","September"
"4449","posted",NA,"ACC-2231965366","144.96","-37.84","PHONE BANK",NA,"Linda",12285.1,2018-09-05 07:00:00,"F",35,NA,NA,82,"d6976f80cfce455fb28d9dec9e0722bf","CUS-2155701614",NA,NA,"debit","Wed","03:00:00","03","September"
"4450","authorized","1","ACC-2901672282","255.00","-573.00","SALES-POS","ab835c75-1a73-45bf-8b06-40c4f53a1105","Daniel",5034.19,2018-09-05 07:00:00,"M",22,"Sydney","NSW",169.37,"5be5010009a04e749cc05a47466c26c2","CUS-1617121891","151.21","-33.87","debit","Wed","04:12:07","04","September"
"4451","authorized","1","ACC-1598451071","153.41","-27.95","POS","a684b7d9-e252-4550-8b5e-612e4a1ab080","Diana",1179.35,2018-09-05 07:00:00,"F",26,"Hope Island","QLD",3.86,"c5ca6badf10c4090a11fcfc57e72bc6f","CUS-2487424745","153.33","-27.88","debit","Wed","04:42:25","04","September"
"4452","posted",NA,"ACC-38923874","151.27","-33.90","PAYMENT",NA,"Ryan",36352.59,2018-09-05 07:00:00,"M",38,NA,NA,71,"48eb3222b16e40e784f9c01fa6806076","CUS-3249305314",NA,NA,"debit","Wed","05:00:00","05","September"
"4453","posted",NA,"ACC-847145727","115.90","-31.92","INTER BANK",NA,"Michael",55047.57,2018-09-05 07:00:00,"M",19,NA,NA,123,"086c4c84a12b4b688a92f2211e67e212","CUS-1609060617",NA,NA,"debit","Wed","06:00:00","06","September"
"4454","posted",NA,"ACC-602667573","151.23","-33.96","INTER BANK",NA,"Michael",9297.52,2018-09-05 07:00:00,"M",40,NA,NA,21,"ffabea360bf74c968f98a0ae6c93cb80","CUS-2031327464",NA,NA,"debit","Wed","06:00:00","06","September"
"4455","posted",NA,"ACC-2171593283","146.94","-36.04","PAYMENT",NA,"Fernando",8579.05,2018-09-05 07:00:00,"M",19,NA,NA,27,"30feb786e2124ee7a65422fa10c5947a","CUS-2317998716",NA,NA,"debit","Wed","06:00:00","06","September"
"4456","posted",NA,"ACC-2776252858","144.95","-37.76","PAYMENT",NA,"Kristin",2782.86,2018-09-05 07:00:00,"F",43,NA,NA,29,"b45107b754204e51891319fee6a3651c","CUS-4123612273",NA,NA,"debit","Wed","06:00:00","06","September"
"4457","authorized","0","ACC-2305712452","138.61","-34.89","POS","4eba8302-2476-4d07-95fa-d6042fe46ad1","Debra",3083.11,2018-09-05 07:00:00,"F",18,"Albany","WA",31.94,"94d8b72760824eddb7bd0538fcd12251","CUS-1842679196","117.88","-35.02","debit","Wed","06:17:59","06","September"
"4458","posted",NA,"ACC-588564840","151.27","-33.76","INTER BANK",NA,"Isaiah",12099.5,2018-09-05 07:00:00,"M",23,NA,NA,25,"0e4ecbcdb0d64bfd8c0b6ac2e9edb988","CUS-1462656821",NA,NA,"debit","Wed","07:00:00","07","September"
"4459","posted",NA,"ACC-1496451953","145.16","-37.84","INTER BANK",NA,"Ricky",10673.04,2018-09-05 07:00:00,"M",43,NA,NA,39,"5318f7e5d2464b4a80ed87b1b93d690d","CUS-3142625864",NA,NA,"debit","Wed","07:00:00","07","September"
"4460","authorized","0","ACC-2673069055","152.99","-27.49","POS","541ca120-5600-48cd-adca-3e638d2baffb","Richard",15267.39,2018-09-05 07:00:00,"M",24,"Southport","QLD",21.74,"b104297c85be4ec9909a0b47138e2ff4","CUS-51506836","153.41","-27.97","debit","Wed","07:24:09","07","September"
"4461","posted",NA,"ACC-2014856841","144.99","-37.90","INTER BANK",NA,"Patrick",261973.86,2018-09-05 07:00:00,"M",46,NA,NA,22,"6e045d561ed54be088c76b0c838a0d40","CUS-2370108457",NA,NA,"debit","Wed","08:00:00","08","September"
"4462","posted",NA,"ACC-4163822186","149.03","-34.97","PAYMENT",NA,"Karen",5935.09,2018-09-05 07:00:00,"F",26,NA,NA,55,"e0e91faf30694e888cc1edb8464bda94","CUS-2630892467",NA,NA,"debit","Wed","08:00:00","08","September"
"4463","posted",NA,"ACC-3954677887","115.72","-32.28","PAYMENT",NA,"Ruth",4970.43,2018-09-05 07:00:00,"F",47,NA,NA,58,"1eac41193b17495581f02b10c7e409db","CUS-3716701010",NA,NA,"debit","Wed","08:00:00","08","September"
"4464","authorized","0","ACC-1496451953","145.16","-37.84","SALES-POS","d49c7364-41a4-4a48-be59-a2034aa21419","Ricky",10642.02,2018-09-05 07:00:00,"M",43,"Hoppers Crossing","VIC",31.02,"e9b9d5f8a5f24bad80e5562bdfdb1170","CUS-3142625864","144.68","-37.88","debit","Wed","08:01:13","08","September"
"4465","authorized","1","ACC-211792489","138.63","-34.93","POS","57b0bc49-13e4-4c70-b87e-fceec1ae6fd1","Jacqueline",6385.54,2018-09-05 07:00:00,"F",30,"Kurralta Park","SA",14.97,"22e844167d0846a2a7b52685fbe16207","CUS-497688347","138.57","-34.96","debit","Wed","08:09:59","08","September"
"4466","authorized","1","ACC-2901672282","255.00","-573.00","SALES-POS","530dc97b-35b4-4730-8872-f9b057552c86","Daniel",4972.7,2018-09-05 07:00:00,"M",22,"Narellan","NSW",61.49,"36581e604ea7435688ec6f089f83d0ff","CUS-1617121891","150.74","-34.04","debit","Wed","08:18:46","08","September"
"4467","authorized","1","ACC-2901672282","255.00","-573.00","POS","f03b1d54-1cde-4213-9df6-93c3a7f5f6e1","Daniel",4918.43,2018-09-05 07:00:00,"M",22,"Darlinghurst","NSW",54.27,"7a50fde49a4a44db9c5f928798cf563b","CUS-1617121891","151.21","-33.88","debit","Wed","08:27:32","08","September"
"4468","authorized","1","ACC-574997646","150.79","-33.64","POS","2cc53184-c4f2-43b9-84bd-7a6127f6a781","Mackenzie",2947.54,2018-09-05 07:00:00,"F",18,"Blackheath","NSW",47.7,"55344957b62243ffb2ae33822fae6a19","CUS-586638664","150.29","-33.64","debit","Wed","08:36:18","08","September"
"4469","authorized","1","ACC-1496451953","145.16","-37.84","SALES-POS","99a705e7-d828-428a-89ce-3e24979369c5","Ricky",10605.92,2018-09-05 07:00:00,"M",43,"South Melbourne","VIC",36.1,"fd1e362f12a84c2e9bb807cfcd275217","CUS-3142625864","144.96","-37.83","debit","Wed","08:45:05","08","September"
"4470","posted",NA,"ACC-2107684084","145.03","-37.88","PAYMENT",NA,"Richard",5903.5,2018-09-05 07:00:00,"M",22,NA,NA,95,"337f4f2d06df4587aa14db05be74259d","CUS-2283904812",NA,NA,"debit","Wed","09:00:00","09","September"
"4471","posted",NA,"ACC-354106658","151.04","-33.80","INTER BANK",NA,"Christine",6388,2018-09-05 07:00:00,"F",39,NA,NA,25,"96e89d1027394202822bfe2c9d2615d0","CUS-2376382098",NA,NA,"debit","Wed","09:00:00","09","September"
"4472","posted",NA,"ACC-1443681913","150.92","-33.77","PAYMENT",NA,"Ryan",3612.8,2018-09-05 07:00:00,"M",31,NA,NA,36,"c94e164d0d6b4abb9506503aa0d5c5f2","CUS-3129499595",NA,NA,"debit","Wed","09:00:00","09","September"
"4473","posted",NA,"ACC-1443681913","150.92","-33.77","PAYMENT",NA,"Ryan",3489.8,2018-09-05 07:00:00,"M",31,NA,NA,123,"c48fe6eb78b846adb9e73402569f0b30","CUS-3129499595",NA,NA,"debit","Wed","09:00:00","09","September"
"4474","authorized","1","ACC-1222300524","151.23","-33.94","POS","e5b2b589-812a-44a1-a1bb-403d9ee9a1b4","Michael",186.17,2018-09-05 07:00:00,"M",38,"Mascot","NSW",2349.55,"e9d3f4a032944711b58ba0eba4c4c33b","CUS-2142601169","151.17","-33.94","debit","Wed","09:01:09","09","September"
"4475","authorized","1","ACC-1349834573","145.17","-37.84","POS","4b227720-d6ff-4a29-ba14-ce7eb6bbcdac","Matthew",10277.65,2018-09-05 07:00:00,"M",39,"Hoppers Crossing","VIC",11.04,"a262ba486eae4d38bd2aab60ec2debd2","CUS-1790886359","144.69","-37.87","debit","Wed","09:04:59","09","September"
"4476","authorized","1","ACC-2970114956","144.89","-37.69","SALES-POS","81fe1636-2edb-4a2f-ae93-3d375027047b","Robert",7970.09,2018-09-05 07:00:00,"M",26,"Chirnside Park","VIC",8.62,"f1d0532d47fa45d0890a036805357809","CUS-880898248","145.31","-37.76","debit","Wed","09:08:50","09","September"
"4477","authorized","1","ACC-90814749","151.68","-32.98","SALES-POS","2c95dafb-898a-4fef-8cb9-97ba6a15116b","Christopher",8668.38,2018-09-05 07:00:00,"M",35,"Toronto","NSW",7,"bf05ea6763a34981b76d912ba5da3249","CUS-1896554896","151.6","-33.01","debit","Wed","09:12:41","09","September"
"4478","authorized","1","ACC-4258502723","145.45","-37.74","POS","7b7b6770-2460-489e-899a-39f96a866ded","Kimberly",2914.62,2018-09-05 07:00:00,"F",24,"Preston","VIC",8.72,"29ad185f7a1544cb9c7d01cecde370e0","CUS-3378712515","145","-37.74","debit","Wed","09:16:32","09","September"
"4479","authorized","1","ACC-2890243754","153.32","-27.93","POS","bb8d08e9-10fc-4701-950e-5ef734b10e22","Joseph",2948.8,2018-09-05 07:00:00,"M",37,"Yamba","NSW",9.58,"7bb4998079d44e4e801c7a64256d47e1","CUS-2695611575","153.34","-29.44","debit","Wed","09:20:23","09","September"
"4480","authorized","1","ACC-354106658","151.04","-33.80","SALES-POS","f22d3ad1-812d-4c78-ac5c-9427659117d6","Christine",6413,2018-09-05 07:00:00,"F",39,"Hay","NSW",34.3,"84281a4dd34346f293b71c3fb7ce74b4","CUS-2376382098","144.84","-34.51","debit","Wed","09:24:13","09","September"
"4481","authorized","1","ACC-4258502723","145.45","-37.74","SALES-POS","b1a1fb0e-9093-4eb9-bbd7-a88a65407bb0","Kimberly",2888.8,2018-09-05 07:00:00,"F",24,"Bacchus Marsh","VIC",25.82,"f74128942dd5418ea5d217869488f078","CUS-3378712515","144.44","-37.68","debit","Wed","09:28:04","09","September"
"4482","authorized","1","ACC-2173390920","144.71","-37.58","SALES-POS","aeff71b9-ce74-4cac-a824-b53882decb46","Luis",5106.31,2018-09-05 07:00:00,"M",27,"Epping","VIC",18.45,"de3d1af0ef0946cd8659ca5b6cc4f532","CUS-3180318393","145.02","-37.65","debit","Wed","09:31:55","09","September"
"4483","authorized","1","ACC-1496451953","145.16","-37.84","SALES-POS","9c44d27e-8c57-4251-90cb-5bf682678c7d","Ricky",10590.14,2018-09-05 07:00:00,"M",43,"Albert Park","VIC",15.78,"bfa1c48d786743dfa4fcf5ee5ee7549e","CUS-3142625864","144.95","-37.84","debit","Wed","09:35:46","09","September"
"4484","authorized","1","ACC-3879258709","143.83","-37.66","SALES-POS","530dc97b-35b4-4730-8872-f9b057552c86","Natasha",196835.55,2018-09-05 07:00:00,"F",40,"Narellan","NSW",69.41,"fbf94a00fcba4718bd0ec1acb839526c","CUS-527400765","150.74","-34.04","debit","Wed","09:39:36","09","September"
"4485","authorized","1","ACC-1598451071","153.41","-27.95","SALES-POS","9fe5e0a5-3eef-4531-9a82-d5b02cf0d118","Diana",1155.04,2018-09-05 07:00:00,"F",26,"Spring Hill","QLD",24.31,"b82f604775a24f14b72b751051bd76d9","CUS-2487424745","153.02","-27.47","debit","Wed","09:43:27","09","September"
"4486","authorized","1","ACC-1973887809","115.78","-31.90","SALES-POS","ca566103-e2ba-4a75-965b-e914f077fafc","Antonio",3758.95,2018-09-05 07:00:00,"M",26,"Ashby","WA",18.84,"464c54ae5ea54d898a7eb8ae4b3ad877","CUS-1646621553","115.8","-31.73","debit","Wed","09:47:18","09","September"
"4487","authorized","1","ACC-1037050564","153.10","-27.66","POS","53e97379-86d7-4916-8592-0db9faeeef6e","Rhonda",3744.09,2018-09-05 07:00:00,"F",40,"Cannon Hill","QLD",36.87,"6aedca5985754ceead2cb55c8f2ecfa6","CUS-1614226872","153.1","-27.47","debit","Wed","09:51:09","09","September"
"4488","authorized","1","ACC-3541460373","145.00","-37.83","SALES-POS","87deec86-18fa-46aa-965c-d7be3015f93d","Jeffrey",2920.15,2018-09-05 07:00:00,"M",24,"Chelsea Heights","VIC",23.26,"192f495110804e93ae76d2147e13dcac","CUS-1433879684","145.14","-38.04","debit","Wed","09:54:59","09","September"
"4489","authorized","0","ACC-3481401842","115.74","-31.72","SALES-POS","20ffb3a2-df0b-4376-b14c-4024623e2cda","Tiffany",3884.04,2018-09-05 07:00:00,"F",25,"Newstead","QLD",43.67,"1e10f8eaee2443aba847cb4595f9ecf2","CUS-1669695324","153.04","-27.44","debit","Wed","09:58:50","09","September"
"4490","posted",NA,"ACC-1037050564","153.10","-27.66","PAYMENT",NA,"Rhonda",3712.09,2018-09-05 07:00:00,"F",40,NA,NA,32,"8344101958dc460d909865626a657e16","CUS-1614226872",NA,NA,"debit","Wed","10:00:00","10","September"
"4491","posted",NA,"ACC-1799207998","150.68","-33.79","INTER BANK",NA,"Susan",5205.74,2018-09-05 07:00:00,"F",20,NA,NA,39,"5f0167484b7449238f2d56d1671d08e5","CUS-164374203",NA,NA,"debit","Wed","10:00:00","10","September"
"4492","posted",NA,"ACC-2107684084","145.03","-37.88","PAYMENT",NA,"Richard",5869.5,2018-09-05 07:00:00,"M",22,NA,NA,34,"5b9e5e9d086d4667b90626b6ae0ad127","CUS-2283904812",NA,NA,"debit","Wed","10:00:00","10","September"
"4493","posted",NA,"ACC-2173390920","144.71","-37.58","PAYMENT",NA,"Luis",5077.31,2018-09-05 07:00:00,"M",27,NA,NA,29,"69157fab0ec3445dbf5e486fd399704a","CUS-3180318393",NA,NA,"debit","Wed","10:00:00","10","September"
"4494","posted",NA,"ACC-966140392","147.08","-37.97","PAYMENT",NA,"Joseph",4656.4,2018-09-05 07:00:00,"M",21,NA,NA,30,"b582f8eb9eba4b639b6f53ccd4ce172f","CUS-537508723",NA,NA,"debit","Wed","10:00:00","10","September"
"4495","authorized","1","ACC-1890605467","143.88","-37.66","SALES-POS","3de16e20-02c7-47cb-9ad8-98ce5b04d22a","Alexander",10068.32,2018-09-05 07:00:00,"M",38,"Sydney","NSW",202.77,"555db2e6b8de4f97b7710337511c0da9","CUS-1478398256","151.21","-33.87","debit","Wed","10:10:17","10","September"
"4496","authorized","1","ACC-3541460373","145.00","-37.83","SALES-POS","29f0b89e-fba1-4e6d-8104-f13078787ede","Jeffrey",2905.98,2018-09-05 07:00:00,"M",24,"Mount Gambier","SA",14.17,"f2b32cd0cd614885a2c2b9d98432b411","CUS-1433879684","140.78","-37.83","debit","Wed","10:24:59","10","September"
"4497","authorized","1","ACC-2776252858","144.95","-37.76","SALES-POS","ba72418f-5d6f-48a5-b76f-ce25bb88dee4","Kristin",2758,2018-09-05 07:00:00,"F",43,"Warrandyte","VIC",24.86,"e8d6e634262447738787bd28f457561a","CUS-4123612273","145.23","-37.76","debit","Wed","10:39:42","10","September"
"4498","authorized","1","ACC-3100725361","145.73","-17.03","SALES-POS","b8649567-81b9-465e-938b-393ddd20104d","Ronald",63.52,2018-09-05 07:00:00,"M",25,"Upper Burnie","TAS",23.54,"5b51665d618944bf9480692e4eb92d56","CUS-2178051368","145.9","-41.07","debit","Wed","10:54:24","10","September"
"4499","posted",NA,"ACC-847145727","115.90","-31.92","PAYMENT",NA,"Michael",54938.57,2018-09-05 07:00:00,"M",19,NA,NA,109,"6e754ddfdb9f4075a237a69a7c8e7573","CUS-1609060617",NA,NA,"debit","Wed","11:00:00","11","September"
"4500","authorized","1","ACC-2776252858","144.95","-37.76","SALES-POS","70888dcf-ddff-473a-ac0b-fb3d93ca8913","Kristin",2747.89,2018-09-05 07:00:00,"F",43,"Heidelberg","VIC",10.11,"08aad64428814d3d96ab54935527ccb7","CUS-4123612273","145.06","-37.76","debit","Wed","11:04:07","11","September"
"4501","authorized","1","ACC-1903037542","153.05","-27.61","SALES-POS","3bdc2db8-cc83-42a7-a69f-1220270a6a58","Jeffrey",3130.66,2018-09-05 07:00:00,"M",30,"Redland Bay","QLD",6.69,"7524d057f7ac4c54b1153ccb45bd1b88","CUS-860700529","153.3","-27.61","debit","Wed","11:10:47","11","September"
"4502","authorized","1","ACC-3317636250","153.02","-27.66","POS","bdcf9ea0-9997-4409-b44f-a05b96fb41d8","Kenneth",10170.54,2018-09-05 07:00:00,"M",35,"Melbourne","VIC",19.68,"cb9fe0a6b3da4ec6b7577f4373244f3c","CUS-2738291516","144.98","-37.85","debit","Wed","11:17:27","11","September"
"4503","authorized","0","ACC-1598451071","153.41","-27.95","POS","7230b09a-e32b-4e1d-af1c-c8b4a587064f","Diana",1144.65,2018-09-05 07:00:00,"F",26,"Surfers Paradise","QLD",10.39,"ab4ccde726f343fd929ce651ae2650c7","CUS-2487424745","153.43","-28.01","debit","Wed","11:24:07","11","September"
"4504","authorized","1","ACC-3485804958","138.52","-35.01","SALES-POS","386cc895-bcda-4fe4-94d9-47fa6c01c73c","Jessica",20616.54,2018-09-05 07:00:00,"F",34,"Belconnen","ACT",20.96,"0c56b3b04d7f4f26b2c71d95957c5b13","CUS-1196156254","149.06","-35.24","debit","Wed","11:30:47","11","September"
"4505","authorized","1","ACC-3233697971","151.04","-33.77","SALES-POS","72b45b15-6d63-44ff-98f0-3c2172a1b723","Robin",6230.79,2018-09-05 07:00:00,"F",34,"Chatswood","NSW",17.08,"3660733c8e3b47b2b4e170b7202f746c","CUS-1147642491","151.18","-33.8","debit","Wed","11:37:27","11","September"
"4506","authorized","1","ACC-2259139624","144.66","-37.91","SALES-POS","c158e498-52a9-488e-8fa2-4d92242a6952","Cindy",6987.96,2018-09-05 07:00:00,"F",19,"Ocean Grove","VIC",18.89,"8af45cee3a7848b59e6cf937c26e9fcf","CUS-3174332735","144.55","-38.26","debit","Wed","11:44:07","11","September"
"4507","authorized","0","ACC-1683215619","138.67","-34.86","POS","a53c08d1-0c68-44a3-9169-d73e41f55e1e","Barry",4350.77,2018-09-05 07:00:00,"M",38,"Kilburn","SA",70.7,"765042a152c94697a1191fc9f60b578d","CUS-1604596597","138.58","-34.86","debit","Wed","11:50:47","11","September"
"4508","authorized","0","ACC-2890243754","153.32","-27.93","POS","830a451c-316e-4a6a-bf25-e37caedca49e","Joseph",2932.53,2018-09-05 07:00:00,"M",37,"Sydney","NSW",16.27,"bece5b5853944702a6894dda7210b730","CUS-2695611575","151.21","-33.87","debit","Wed","11:57:27","11","September"
"4509","posted",NA,"ACC-3084464802","145.15","-37.76","PAY/SALARY",NA,"Susan",6937.91,2018-09-05 07:00:00,"F",19,NA,NA,2485.37,"e5afaaee85254ddf9e600f0881149295","CUS-1928710999",NA,NA,"credit","Wed","12:00:00","12","September"
"4510","posted",NA,"ACC-1650504218","145.01","-37.93","PAY/SALARY",NA,"Marissa",8718.48,2018-09-05 07:00:00,"F",23,NA,NA,1626.48,"dc89bb751bd940eea1a4f8eba95b7939","CUS-2500783281",NA,NA,"credit","Wed","12:00:00","12","September"
"4511","posted",NA,"ACC-4163822186","149.03","-34.97","PAYMENT",NA,"Karen",5889.09,2018-09-05 07:00:00,"F",26,NA,NA,46,"64e3e6b2c2b144b68295c7793f656534","CUS-2630892467",NA,NA,"debit","Wed","12:00:00","12","September"
"4512","posted",NA,"ACC-182446574","116.06","-32.00","INTER BANK",NA,"Tonya",5171.94,2018-09-05 07:00:00,"F",27,NA,NA,57,"3f088da273434f02a74289ad0db67fe1","CUS-3026014945",NA,NA,"debit","Wed","12:00:00","12","September"
"4513","posted",NA,"ACC-3326339947","151.18","-33.80","PAY/SALARY",NA,"Eric",7207.55,2018-09-05 07:00:00,"M",22,NA,NA,983.36,"31c01c223a944d488d886c965304ebe2","CUS-326006476",NA,NA,"credit","Wed","12:00:00","12","September"
"4514","authorized","1","ACC-1037050564","153.10","-27.66","POS","0161c377-c49c-4899-917e-56c96fc17715","Rhonda",3682.93,2018-09-05 07:00:00,"F",40,"Mount Gravatt","QLD",29.16,"0efbf114d0324400babbdf304e9f1b8e","CUS-1614226872","153.08","-27.54","debit","Wed","12:11:28","12","September"
"4515","authorized","1","ACC-1903037542","153.05","-27.61","SALES-POS","618e495b-47b7-4bd3-a2b9-882e0fc879ca","Jeffrey",3113.48,2018-09-05 07:00:00,"M",30,"Coffs Harbour","NSW",17.18,"69dcab659b6a47fda31ebab758c15569","CUS-860700529","153.12","-30.3","debit","Wed","12:29:59","12","September"
"4516","authorized","1","ACC-1598451071","153.41","-27.95","POS","7a08f0be-f9b7-4548-af8c-ef4af56bece5","Diana",1132.08,2018-09-05 07:00:00,"F",26,"Cannon Hill","QLD",12.57,"260a6a7f0ca74ee9a2733103f2c51325","CUS-2487424745","153.1","-27.47","debit","Wed","12:48:31","12","September"
"4517","posted",NA,"ACC-1199531521","116.02","-31.87","PAYMENT",NA,"Billy",9944.4,2018-09-05 07:00:00,"M",52,NA,NA,129,"3d4f139bbcf6475988ca23e669594186","CUS-134833760",NA,NA,"debit","Wed","13:00:00","13","September"
"4518","posted",NA,"ACC-3100725361","145.73","-17.03","INTER BANK",NA,"Ronald",37.52,2018-09-05 07:00:00,"M",25,NA,NA,26,"51266622d4f544fcaa6c7dfa35ecdd3c","CUS-2178051368",NA,NA,"debit","Wed","13:00:00","13","September"
"4519","posted",NA,"ACC-1516130869","130.84","-12.45","PAY/SALARY",NA,"Jessica",3351.59,2018-09-05 07:00:00,"F",21,NA,NA,2306.63,"07e4515c72c34957b946a926b888819b","CUS-325142416",NA,NA,"credit","Wed","13:00:00","13","September"
"4520","posted",NA,"ACC-2776252858","144.95","-37.76","PAY/SALARY",NA,"Kristin",3815.93,2018-09-05 07:00:00,"F",43,NA,NA,1068.04,"ef8b775ae72e400489c161b653be6d0b","CUS-4123612273",NA,NA,"credit","Wed","13:00:00","13","September"
"4521","authorized","1","ACC-154431271","153.09","-27.48","SALES-POS","8a7abe86-6950-491c-a6c0-5e83e1e5fdbe","Lori",1882.08,2018-09-05 07:00:00,"F",18,"Eight Mile Plains","QLD",66.39,"0d6616189df448c8be086ce1422b4b1f","CUS-3702001629","153.1","-27.59","debit","Wed","13:07:18","13","September"
"4522","authorized","1","ACC-854938045","147.63","-22.84","POS","5ca0af7b-4e68-4c5e-85f4-ccf90bc9f359","James",11567.81,2018-09-05 07:00:00,"M",28,"Bruthen","VIC",34,"a4db548d86ef4e17a1103ec71cd23f72","CUS-4023861240","147.83","-37.71","debit","Wed","13:26:32","13","September"
"4523","authorized","0","ACC-154431271","153.09","-27.48","SALES-POS","4e9dfc31-952a-4099-ab27-364bcdd2c6cd","Lori",1620.4,2018-09-05 07:00:00,"F",18,"Beechmont","QLD",261.68,"80d4323f58a14ee79d02c9d23696add7","CUS-3702001629","153.2","-28.16","debit","Wed","13:45:46","13","September"
"4524","posted",NA,"ACC-1598451071","153.41","-27.95","PAY/SALARY",NA,"Diana",2145.75,2018-09-05 07:00:00,"F",26,NA,NA,1013.67,"ba87ffc60b7346f8b726e8857e3ecacb","CUS-2487424745",NA,NA,"credit","Wed","14:00:00","14","September"
"4525","posted",NA,"ACC-240804743","121.48","-30.75","PAYMENT",NA,"Kenneth",11583.39,2018-09-05 07:00:00,"M",29,NA,NA,56,"a52623398ab345f5b7485c4422d1c736","CUS-261674136",NA,NA,"debit","Wed","14:00:00","14","September"
"4526","authorized","1","ACC-3481401842","115.74","-31.72","SALES-POS","84fc0377-d8e7-4ebb-b93d-9ce1a2f9fb63","Tiffany",3860.32,2018-09-05 07:00:00,"F",25,"Hillarys","WA",23.72,"7e09fc9ee467445b9af4bf851b12c8bd","CUS-1669695324","115.74","-31.83","debit","Wed","14:02:29","14","September"
"4527","authorized","1","ACC-1652235822","144.89","-37.81","POS","1cd28770-b755-41a0-b7bc-4d3b2ed72596","Renee",20966.98,2018-09-05 07:00:00,"F",38,"Saint Kilda","VIC",7.35,"e111831686c8463c8e3c5cb6dc7342fc","CUS-2206365095","144.99","-37.87","debit","Wed","14:12:06","14","September"
"4528","authorized","1","ACC-1608363396","151.22","-33.87","SALES-POS","4bfc58e3-fc06-401b-8fe4-2dbe994c0538","Robert",3800.48,2018-09-05 07:00:00,"M",20,"Thornleigh","NSW",24.64,"1b5478e6226b4b0aaa6ebfff784bca99","CUS-2688605418","151.08","-33.73","debit","Wed","14:21:43","14","September"
"4529","authorized","1","ACC-2970114956","144.89","-37.69","POS","12516b1d-40f0-4f78-ae05-c501dc709386","Robert",7960.08,2018-09-05 07:00:00,"M",26,"Hamilton","VIC",10.01,"2fbf821175ff47a785e979e537be0dc3","CUS-880898248","142.02","-37.74","debit","Wed","14:31:20","14","September"
"4530","authorized","1","ACC-1037050564","153.10","-27.66","SALES-POS","188cd2e8-a942-4d1d-9ce4-f4435fa3c674","Rhonda",3618.5,2018-09-05 07:00:00,"F",40,"Auchenflower","QLD",64.43,"09be6205c3b946bdb7583472f12cb496","CUS-1614226872","153","-27.48","debit","Wed","14:40:57","14","September"
"4531","authorized","1","ACC-958000567","130.90","-12.37","SALES-POS","8420f84b-ac16-498e-be44-f3b2e01c1637","Sandra",7517.9,2018-09-05 07:00:00,"F",34,"Shoal Bay","NT",60.3,"752d5e7df25d4bf6bbe57c612dcf65dd","CUS-4142663097","130.98","-12.44","debit","Wed","14:50:34","14","September"
"4532","posted",NA,"ACC-2305712452","138.61","-34.89","PAYMENT",NA,"Debra",3047.11,2018-09-05 07:00:00,"F",18,NA,NA,36,"e0276bdbce774882a26c82125e691f1d","CUS-1842679196",NA,NA,"debit","Wed","15:00:00","15","September"
"4533","posted",NA,"ACC-38923874","151.27","-33.90","PAYMENT",NA,"Ryan",36317.59,2018-09-05 07:00:00,"M",38,NA,NA,35,"744670d14683462e974b1c7f402f8974","CUS-3249305314",NA,NA,"debit","Wed","15:00:00","15","September"
"4534","authorized","1","ACC-1334819143","145.13","-37.70","SALES-POS","7d66dd5a-cea8-4575-8ad7-3dc78752cb82","Christopher",60300.37,2018-09-05 07:00:00,"M",33,"Bacchus Marsh","VIC",9.7,"a8009acd0b784f6b948331725b9842de","CUS-3117610635","144.44","-37.69","debit","Wed","15:00:08","15","September"
"4535","authorized","1","ACC-2249586092","115.98","-32.07","POS","cf24ed6a-ce3e-475e-bf02-c46fa8977fab","Edward",7212.17,2018-09-05 07:00:00,"M",19,"Midland","WA",11.12,"55ab0e03b66744f8ad75ad12559464c2","CUS-443776336","116.01","-31.89","debit","Wed","15:07:04","15","September"
"4536","authorized","1","ACC-574997646","150.79","-33.64","POS","5aab531a-f596-4184-b229-f5b8ab29b51a","Mackenzie",2931.7,2018-09-05 07:00:00,"F",18,"Oatley","NSW",15.84,"5e42b70648df4250babc984a61dff598","CUS-586638664","151.08","-33.98","debit","Wed","15:14:01","15","September"
"4537","authorized","1","ACC-3485804958","138.52","-35.01","SALES-POS","8b27d913-3fc4-4ae7-abf1-a6325a819d19","Jessica",20592.06,2018-09-05 07:00:00,"F",34,"Adelaide","SA",24.48,"1e1c5aae6cbe474ca0c34e86bd055916","CUS-1196156254","138.6","-34.92","debit","Wed","15:20:58","15","September"
"4538","authorized","1","ACC-3233697971","151.04","-33.77","SALES-POS","b5bb457a-1505-44e6-8b8b-cd50864c699f","Robin",6207.22,2018-09-05 07:00:00,"F",34,"Clare","SA",23.57,"915237d14b154ec990bda04fdfe18feb","CUS-1147642491","138.61","-33.83","debit","Wed","15:27:54","15","September"
"4539","authorized","1","ACC-1598451071","153.41","-27.95","SALES-POS","42fee953-6ae3-4839-9853-f4a640a982e1","Diana",2115.04,2018-09-05 07:00:00,"F",26,"Southport","QLD",30.71,"cd5ff1202c184c97ad097d8d52868195","CUS-2487424745","153.42","-27.97","debit","Wed","15:34:51","15","September"
"4540","authorized","1","ACC-3541460373","145.00","-37.83","SALES-POS","5f82e811-6c8f-44b1-83b7-83b70afa2867","Jeffrey",2893.72,2018-09-05 07:00:00,"M",24,"Vermont South","VIC",12.26,"9531693d44cd422092878720922e88a9","CUS-1433879684","145.18","-37.86","debit","Wed","15:41:48","15","September"
"4541","authorized","0","ACC-3689607373","115.79","-31.79","SALES-POS","930dbad3-c6eb-4a18-8150-bf7c5392e9ed","Virginia",3989.06,2018-09-05 07:00:00,"F",20,"Perth","WA",9.98,"cdf3da8d6ebe4026bff2acbdf14520d5","CUS-127297539","115.86","-31.95","debit","Wed","15:48:44","15","September"
"4542","authorized","1","ACC-3481401842","115.74","-31.72","SALES-POS","9f8fd064-020f-4bde-aabb-fae0e838589f","Tiffany",3844.34,2018-09-05 07:00:00,"F",25,"Shoalwater","WA",15.98,"910f37231b8c4ce0ad323d47f3b4431f","CUS-1669695324","115.71","-32.29","debit","Wed","15:55:41","15","September"
"4543","posted",NA,"ACC-4065652575","115.81","-31.82","PAYMENT",NA,"Lucas",11354.84,2018-09-05 07:00:00,"M",21,NA,NA,55,"eeb4726d3e974c43a414b8d166f97892","CUS-1117979751",NA,NA,"debit","Wed","16:00:00","16","September"
"4544","posted",NA,"ACC-1799207998","150.68","-33.79","PAYMENT",NA,"Susan",5170.74,2018-09-05 07:00:00,"F",20,NA,NA,35,"75ae8eb0242c4370b9e059cf951e58ce","CUS-164374203",NA,NA,"debit","Wed","16:00:00","16","September"
"4545","posted",NA,"ACC-1973887809","115.78","-31.90","PAY/SALARY",NA,"Antonio",4857.86,2018-09-05 07:00:00,"M",26,NA,NA,1098.91,"94dc7f59e1354d31b68cad6afba9c9fe","CUS-1646621553",NA,NA,"credit","Wed","16:00:00","16","September"
"4546","authorized","1","ACC-1222300524","151.23","-33.94","SALES-POS","09f289b2-6d59-4325-b710-689496f66c77","Michael",181.13,2018-09-05 07:00:00,"M",38,"Williamstown North","VIC",5.04,"fe77129bbf1d43c5b59ead41a13b8f76","CUS-2142601169","144.86","-37.85","debit","Wed","16:06:26","16","September"
"4547","authorized","1","ACC-1037050564","153.10","-27.66","SALES-POS","0f7e5570-8655-4e82-9728-d813c909e79f","Rhonda",3583.49,2018-09-05 07:00:00,"F",40,"Carseldine","QLD",35.01,"6cd148f8657c4ce6b81b765d932f5ea8","CUS-1614226872","153.01","-27.35","debit","Wed","16:23:23","16","September"
"4548","authorized","1","ACC-3481401842","115.74","-31.72","POS","0fab4c47-59e6-4978-a65d-921fc447728f","Tiffany",3794.58,2018-09-05 07:00:00,"F",25,"Hinton","NSW",49.76,"c9b669934a6f468cad97aa3bac455038","CUS-1669695324","151.65","-32.72","debit","Wed","16:40:20","16","September"
"4549","authorized","1","ACC-2249586092","115.98","-32.07","SALES-POS","7cdb62b5-6632-4d1d-8e28-a4d26f5cbb74","Edward",7206.65,2018-09-05 07:00:00,"M",19,"Ceduna","SA",5.52,"ce58ba20849f4f0c8682ba8bd91d5a92","CUS-443776336","133.67","-32.11","debit","Wed","16:57:17","16","September"
"4550","posted",NA,"ACC-819621312","145.04","-37.85","PAY/SALARY",NA,"Michele",4977.55,2018-09-05 07:00:00,"F",30,NA,NA,1158.15,"5f46d4a33fdc4d70ae0e395925f9eaba","CUS-1271030853",NA,NA,"credit","Wed","17:00:00","17","September"
"4551","posted",NA,"ACC-2920611728","144.96","-37.76","PAY/SALARY",NA,"Tyler",5529.57,2018-09-05 07:00:00,"M",69,NA,NA,1043.12,"088df9188b1f477fb3f9988f487616c6","CUS-1388323263",NA,NA,"credit","Wed","17:00:00","17","September"
"4552","posted",NA,"ACC-2901672282","255.00","-573.00","PAYMENT",NA,"Daniel",4885.43,2018-09-05 07:00:00,"M",22,NA,NA,33,"50128d8cf8b44e6396dfc9dd88107755","CUS-1617121891",NA,NA,"debit","Wed","17:00:00","17","September"
"4553","posted",NA,"ACC-1799207998","150.68","-33.79","PAY/SALARY",NA,"Susan",6566.23,2018-09-05 07:00:00,"F",20,NA,NA,1395.49,"712e728128584d5bb6e9277919b07107","CUS-164374203",NA,NA,"credit","Wed","17:00:00","17","September"
"4554","posted",NA,"ACC-2171593283","146.94","-36.04","PAY/SALARY",NA,"Fernando",11218.81,2018-09-05 07:00:00,"M",19,NA,NA,2639.76,"2f596d5dcf8e4dacb17644d0d29518f3","CUS-2317998716",NA,NA,"credit","Wed","17:00:00","17","September"
"4555","posted",NA,"ACC-4163822186","149.03","-34.97","PAYMENT",NA,"Karen",5839.09,2018-09-05 07:00:00,"F",26,NA,NA,50,"bedde88f1df94985930f688f3c43ec1a","CUS-2630892467",NA,NA,"debit","Wed","17:00:00","17","September"
"4556","authorized","1","ACC-2107684084","145.03","-37.88","SALES-POS","d67ee2f4-8e9d-4815-9929-1b9fb78779f0","Richard",5840.67,2018-09-05 07:00:00,"M",22,"Mount Waverley","VIC",28.83,"b04f4b08c11448d9bdb2385ae25ba572","CUS-2283904812","145.13","-37.88","debit","Wed","17:11:11","17","September"
"4557","authorized","1","ACC-3485804958","138.52","-35.01","POS","d83e60cf-5899-48fb-a944-fff565eec79c","Jessica",20572.35,2018-09-05 07:00:00,"F",34,"Hyde Park","SA",19.71,"75e2ae0441014f23b755fe844b345c78","CUS-1196156254","138.6","-34.95","debit","Wed","17:24:31","17","September"
"4558","authorized","1","ACC-2673069055","152.99","-27.49","SALES-POS","92e29a1f-f88e-4fcd-b89f-a612e66287ba","Richard",15263.93,2018-09-05 07:00:00,"M",24,"Lindum","QLD",3.46,"6e25d17b4d9e4139a37c07a5d8209330","CUS-51506836","153.15","-27.44","debit","Wed","17:37:51","17","September"
"4559","authorized","1","ACC-37709441","153.41","-28.01","SALES-POS","dd2927c4-ccc2-4aa7-be03-ca93ae8f77ad","Charles",10605.69,2018-09-05 07:00:00,"M",18,"Aratula","QLD",26,"8731f02e4dbc4a6badd6343f2bb2f14f","CUS-3336454548","152.55","-27.98","debit","Wed","17:51:11","17","September"
"4560","posted",NA,"ACC-2265520058","151.27","-33.85","PAYMENT",NA,"Catherine",3203.8,2018-09-05 07:00:00,"F",26,NA,NA,92,"69daa37c82614562997d61d3ff33ad83","CUS-331942311",NA,NA,"debit","Wed","18:00:00","18","September"
"4561","posted",NA,"ACC-2776252858","144.95","-37.76","PAYMENT",NA,"Kristin",3691.93,2018-09-05 07:00:00,"F",43,NA,NA,124,"734fa304599c4d9f907d191128b26334","CUS-4123612273",NA,NA,"debit","Wed","18:00:00","18","September"
"4562","posted",NA,"ACC-2153562714","116.00","-31.88","PAYMENT",NA,"Linda",3536.65,2018-09-05 07:00:00,"F",24,NA,NA,46,"290cf19abce5465a83982b038d8a4ae8","CUS-423725039",NA,NA,"debit","Wed","18:00:00","18","September"
"4563","authorized","1","ACC-1890605467","143.88","-37.66","SALES-POS","6ac6de73-8418-46ef-8bff-6987c5c81642","Alexander",10052.43,2018-09-05 07:00:00,"M",38,"Mill Park","VIC",15.89,"9037543da650499ca3a645819a4d105a","CUS-1478398256","145.06","-37.67","debit","Wed","18:09:11","18","September"
"4564","authorized","1","ACC-37709441","153.41","-28.01","POS","0c374f9f-684a-4ad0-a528-fb0530b69eb3","Charles",10555.2,2018-09-05 07:00:00,"M",18,"Pacific Pines","QLD",50.49,"c852c650326a4af8a9b81a7460749a16","CUS-3336454548","153.31","-27.94","debit","Wed","18:36:12","18","September"
"4565","posted",NA,"ACC-1349834573","145.17","-37.84","PAYMENT",NA,"Matthew",10229.65,2018-09-05 07:00:00,"M",39,NA,NA,48,"56345e1dd0a64b03a69ac37f4f07c0ae","CUS-1790886359",NA,NA,"debit","Wed","19:00:00","19","September"
"4566","authorized","1","ACC-2901672282","255.00","-573.00","POS","abf814cc-5f46-4652-a768-39865adf4319","Daniel",4855.04,2018-09-05 07:00:00,"M",22,"Coolbellup","WA",30.39,"97d1d0feef034702b2d484fdbeb02d1b","CUS-1617121891","115.81","-32.08","debit","Wed","19:01:18","19","September"
"4567","authorized","1","ACC-3485804958","138.52","-35.01","SALES-POS","01eff92f-bd8a-4a13-9de6-9d49fb552110","Jessica",20544.06,2018-09-05 07:00:00,"F",34,"Brisbane","QLD",28.29,"a7b9429cc6e147d89f893c505af39107","CUS-1196156254","153.03","-27.47","debit","Wed","19:12:10","19","September"
"4568","authorized","1","ACC-154431271","153.09","-27.48","POS","5bc650f2-cd8d-46e9-b58e-2cae0ba33a03","Lori",1595.22,2018-09-05 07:00:00,"F",18,"Eagleby","QLD",25.18,"b5dfca578eff4986b7ff21b28676a06b","CUS-3702001629","153.21","-27.7","debit","Wed","19:23:02","19","September"
"4569","authorized","0","ACC-2901672282","255.00","-573.00","POS","c9bb15db-2e66-4849-a0d2-76002bf94819","Daniel",4833.88,2018-09-05 07:00:00,"M",22,"Como","WA",21.16,"d09fad278b2b4e439f1fa275b0b05174","CUS-1617121891","115.86","-32","debit","Wed","19:33:54","19","September"
"4570","authorized","0","ACC-1516130869","130.84","-12.45","SALES-POS","cd98e1d5-4138-4f47-9045-4de8919aed99","Jessica",3325.9,2018-09-05 07:00:00,"F",21,"Berrimah","NT",25.69,"92d0dcc54885493a8a45bba498fbb096","CUS-325142416","130.92","-12.44","debit","Wed","19:44:46","19","September"
"4571","authorized","1","ACC-2901672282","255.00","-573.00","SALES-POS","2f3bc0c3-93fd-41a4-a1cc-5ad551adbecc","Daniel",4704.27,2018-09-05 07:00:00,"M",22,"Sydney","NSW",129.61,"0cc65c83bd154c3b844af7edbe55692e","CUS-1617121891","151.2","-33.87","debit","Wed","19:55:39","19","September"
"4572","posted",NA,"ACC-2171593283","146.94","-36.04","PAYMENT",NA,"Fernando",11201.81,2018-09-05 07:00:00,"M",19,NA,NA,17,"aba547210e3f4b6f8b10e08e86ae9da8","CUS-2317998716",NA,NA,"debit","Wed","20:00:00","20","September"
"4573","posted",NA,"ACC-1650504218","145.01","-37.93","PAYMENT",NA,"Marissa",8685.48,2018-09-05 07:00:00,"F",23,NA,NA,33,"f7ddd3a52ba94d85a2cff129f6aa9fe4","CUS-2500783281",NA,NA,"debit","Wed","20:00:00","20","September"
"4574","posted",NA,"ACC-182446574","116.06","-32.00","INTER BANK",NA,"Tonya",5138.94,2018-09-05 07:00:00,"F",27,NA,NA,33,"6ccdacd304d54ae4aa835a9457eaa4b7","CUS-3026014945",NA,NA,"debit","Wed","20:00:00","20","September"
"4575","posted",NA,"ACC-4281711154","144.98","-37.84","PHONE BANK",NA,"Eric",37734.56,2018-09-05 07:00:00,"M",42,NA,NA,36,"185aef1bf14a465bb0625e610fbd0d17","CUS-3151318058",NA,NA,"debit","Wed","20:00:00","20","September"
"4576","authorized","1","ACC-2673069055","152.99","-27.49","POS","c63ca943-1682-456d-96b4-b4d21a068cf6","Richard",15256.56,2018-09-05 07:00:00,"M",24,"Windaroo","QLD",7.37,"0fe179dd96e14151b2d6b4693f87fa65","CUS-51506836","153.19","-27.74","debit","Wed","20:15:47","20","September"
"4577","authorized","1","ACC-2249586092","115.98","-32.07","POS","0c8bb295-f131-4d05-ae12-1ad946e582d3","Edward",7201.74,2018-09-05 07:00:00,"M",19,"Maddington","WA",4.91,"2eca3eecad9f4b7d950950fce05a4ce0","CUS-443776336","115.98","-32.05","debit","Wed","20:42:06","20","September"
"4578","posted",NA,"ACC-3536132544","144.93","-37.79","INTER BANK",NA,"Heather",2327.44,2018-09-05 07:00:00,"F",41,NA,NA,43,"d7e8ca604ef04463a0d45bc6d91272e0","CUS-2348881191",NA,NA,"debit","Wed","21:00:00","21","September"
"4579","posted",NA,"ACC-2173390920","144.71","-37.58","PHONE BANK",NA,"Luis",5010.31,2018-09-05 07:00:00,"M",27,NA,NA,67,"3fc9f49ad5154f83bcbf4638abcd15a1","CUS-3180318393",NA,NA,"debit","Wed","21:00:00","21","September"
"4580","authorized","1","ACC-90814749","151.68","-32.98","SALES-POS","ed0e3543-a273-4f45-a305-4f33f25e457d","Christopher",8634.45,2018-09-05 07:00:00,"M",35,"Warners Bay","NSW",33.93,"9bc5d34630e741ca839b67c84c8273e2","CUS-1896554896","151.64","-32.97","debit","Wed","21:06:48","21","September"
"4581","authorized","0","ACC-90814749","151.68","-32.98","SALES-POS","d8843cbf-95eb-4bf7-b5e1-bcbfe3b02c22","Christopher",8599.78,2018-09-05 07:00:00,"M",35,"Whyalla Norrie","SA",34.67,"06265963baa24b09a77c98cf21256dcb","CUS-1896554896","137.54","-33.03","debit","Wed","21:28:05","21","September"
"4582","authorized","1","ACC-4258502723","145.45","-37.74","POS","632ad1d4-16ae-4d8c-aac8-dec4c3aed886","Kimberly",2883.1,2018-09-05 07:00:00,"F",24,"Epping","VIC",5.7,"b6a9578b97764193b926739c700f656a","CUS-3378712515","145.02","-37.65","debit","Wed","21:49:21","21","September"
"4583","posted",NA,"ACC-1710017148","150.82","-34.01","PAYMENT",NA,"Michelle",9015.12,2018-09-05 07:00:00,"F",19,NA,NA,33,"479b1fe4e7f1408fa8c793b6a8a08f54","CUS-883482547",NA,NA,"debit","Wed","22:00:00","22","September"
"4584","authorized","1","ACC-1222300524","151.23","-33.94","POS","86d8554a-921c-4369-84b6-e347b16e92a7","Michael",165.91,2018-09-05 07:00:00,"M",38,"Lakemba","NSW",15.22,"7108b13d83fe4d8aa8460d7423506bd5","CUS-2142601169","151.08","-33.92","debit","Wed","22:15:37","22","September"
"4585","authorized","1","ACC-1598451071","153.41","-27.95","POS","b6e53807-0021-478a-9b6a-5cab539d777a","Diana",2100.85,2018-09-05 07:00:00,"F",26,"Lismore","NSW",14.19,"c49bf4b728824af0a1adc9a68945d184","CUS-2487424745","153.28","-28.81","debit","Wed","22:46:52","22","September"
"4586","posted",NA,"ACC-1973887809","115.78","-31.90","PAYMENT",NA,"Antonio",4828.86,2018-09-05 07:00:00,"M",26,NA,NA,29,"64400887c5794904be9e94c97c74e1ae","CUS-1646621553",NA,NA,"debit","Wed","23:00:00","23","September"
"4587","posted",NA,"ACC-1349834573","145.17","-37.84","PAYMENT",NA,"Matthew",10197.65,2018-09-05 07:00:00,"M",39,NA,NA,32,"12ec07b9369c4dde876de8390023eb38","CUS-1790886359",NA,NA,"debit","Wed","23:00:00","23","September"
"4588","posted",NA,"ACC-240804743","121.48","-30.75","PAYMENT",NA,"Kenneth",11544.39,2018-09-05 07:00:00,"M",29,NA,NA,39,"d0021cc789784f90b09abe183468ec9a","CUS-261674136",NA,NA,"debit","Wed","23:00:00","23","September"
"4589","posted",NA,"ACC-3827517394","151.12","-33.89","PAYMENT",NA,"Craig",36098.93,2018-09-05 07:00:00,"M",28,NA,NA,80,"1801cba5bac144a09b3f6d83f5aff24f","CUS-2663907001",NA,NA,"debit","Wed","23:00:00","23","September"
"4590","authorized","1","ACC-574997646","150.79","-33.64","SALES-POS","cd31a750-0ea4-477c-9d91-85b15212f9b0","Mackenzie",2846.18,2018-09-05 07:00:00,"F",18,"Dural","NSW",85.52,"4da5db479cba4e549352dcac1d5b8e6b","CUS-586638664","151.02","-33.69","debit","Wed","23:13:10","23","September"
"4591","authorized","1","ACC-819621312","145.04","-37.85","SALES-POS","50565326-4b71-4946-aa6b-ff3f418114f9","Michele",4964.4,2018-09-05 07:00:00,"F",30,"Box Hill","VIC",13.15,"a60097bb8574428bab28eafa16adc043","CUS-1271030853","145.12","-37.81","debit","Wed","23:35:54","23","September"
"4592","authorized","1","ACC-1608363396","151.22","-33.87","SALES-POS","f20a65ea-0777-4392-b0ea-402208a49d98","Robert",3789.49,2018-09-05 07:00:00,"M",20,"Turramurra","NSW",10.99,"a046e669a9674df1a19474452ef73d5e","CUS-2688605418","151.13","-33.73","debit","Wed","23:58:38","23","September"
"4593","authorized","1","ACC-3879258709","143.83","-37.66","SALES-POS","bcbd4135-4f71-489a-8267-93ceed452aba","Natasha",196699.27,2018-09-06 07:00:00,"F",40,"Preston","VIC",136.28,"d63d2c2456644854afb022fd665528c1","CUS-527400765","145.03","-37.74","debit","Thu","00:52:13","00","September"
"4594","authorized","1","ACC-37709441","153.41","-28.01","POS","dc5e5fbf-40de-4d28-91a2-c32f51b986d6","Charles",10536.2,2018-09-06 07:00:00,"M",18,"Southport","QLD",19,"afd344799fe84fcca518909cfd1af8cc","CUS-3336454548","153.41","-27.98","debit","Thu","01:19:32","01","September"
"4595","authorized","1","ACC-4258502723","145.45","-37.74","SALES-POS","6968d68f-8379-4eb7-9af6-0cc63d9e3931","Kimberly",2857.07,2018-09-06 07:00:00,"F",24,"Southbank","VIC",26.03,"a3934272c4d646e3955c08c2dfc77746","CUS-3378712515","144.96","-37.82","debit","Thu","01:42:16","01","September"
"4596","posted",NA,"ACC-1523339231","115.83","-31.90","PAYMENT",NA,"Tim",61849.22,2018-09-06 07:00:00,"M",40,NA,NA,183,"3edf167130b74aa48851dce30cfe294f","CUS-1816693151",NA,NA,"debit","Thu","02:00:00","02","September"
"4597","posted",NA,"ACC-1496451953","145.16","-37.84","INTER BANK",NA,"Ricky",10574.14,2018-09-06 07:00:00,"M",43,NA,NA,16,"b0d6571270424b2498b83800ca4c6dc5","CUS-3142625864",NA,NA,"debit","Thu","02:00:00","02","September"
"4598","posted",NA,"ACC-38923874","151.27","-33.90","PAYMENT",NA,"Ryan",36132.59,2018-09-06 07:00:00,"M",38,NA,NA,185,"87bee037e37340a38328df8d25cd60a0","CUS-3249305314",NA,NA,"debit","Thu","02:00:00","02","September"
"4599","authorized","1","ACC-958000567","130.90","-12.37","SALES-POS","8689dbf3-5fc5-4fe4-aa1f-fd8416219660","Sandra",7491.27,2018-09-06 07:00:00,"F",34,"Darwin","NT",26.63,"35282e27d1ac43f08d61b658834f2d34","CUS-4142663097","130.84","-12.46","debit","Thu","02:15:42","02","September"
"4600","posted",NA,"ACC-1523339231","115.83","-31.90","PAYMENT",NA,"Tim",61802.22,2018-09-06 07:00:00,"M",40,NA,NA,47,"83b112eba5d041608834bb794787df55","CUS-1816693151",NA,NA,"debit","Thu","03:00:00","03","September"
"4601","posted",NA,"ACC-2890243754","153.32","-27.93","PAYMENT",NA,"Joseph",2880.53,2018-09-06 07:00:00,"M",37,NA,NA,52,"5ea91f237d794d8e8cfab9528072bd0f","CUS-2695611575",NA,NA,"debit","Thu","03:00:00","03","September"
"4602","posted",NA,"ACC-2920611728","144.96","-37.76","PAYMENT",NA,"Tyler",5459.57,2018-09-06 07:00:00,"M",69,NA,NA,70,"a3647eefa3b8460482dea928255db3a4","CUS-1388323263",NA,NA,"debit","Thu","04:00:00","04","September"
"4603","posted",NA,"ACC-602667573","151.23","-33.96","PAYMENT",NA,"Michael",9108.52,2018-09-06 07:00:00,"M",40,NA,NA,189,"35a2b09ec88740efa4ce748b3ad95242","CUS-2031327464",NA,NA,"debit","Thu","04:00:00","04","September"
"4604","posted",NA,"ACC-2270192619","138.56","-35.27","PAYMENT",NA,"Darren",8943.51,2018-09-06 07:00:00,"M",20,NA,NA,39,"adcb468713414896b60bda7bbfe95b0f","CUS-2110742437",NA,NA,"debit","Thu","04:00:00","04","September"
"4605","posted",NA,"ACC-3536132544","144.93","-37.79","PAYMENT",NA,"Heather",2305.44,2018-09-06 07:00:00,"F",41,NA,NA,22,"a3883f695f084835ac92dfe19ce8d7cd","CUS-2348881191",NA,NA,"debit","Thu","04:00:00","04","September"
"4606","authorized","1","ACC-2890243754","153.32","-27.93","SALES-POS","c50f2e29-5fb5-4ac5-a2ea-1ae575443069","Joseph",2829.16,2018-09-06 07:00:00,"M",37,"Haymarket","NSW",51.37,"e0dfdc8b50a142999538f3cb66eb384e","CUS-2695611575","151.21","-33.88","debit","Thu","04:06:29","04","September"
"4607","authorized","1","ACC-1037050564","153.10","-27.66","POS","803f3eb6-97e0-4d0f-961f-53168b5de7f5","Rhonda",3562.73,2018-09-06 07:00:00,"F",40,"Woongoolba","QLD",20.76,"a2ea0b85c968486295e45ee05dce80fd","CUS-1614226872","153.33","-27.76","debit","Thu","04:31:29","04","September"
"4608","authorized","1","ACC-1903037542","153.05","-27.61","SALES-POS","a549719b-438c-4664-bbfd-d849bbfd1484","Jeffrey",3092.06,2018-09-06 07:00:00,"M",30,"Bellingen","NSW",21.42,"b8b0a8c9d38547348ad7ff34bac454b9","CUS-860700529","152.92","-30.46","debit","Thu","04:56:29","04","September"
"4609","posted",NA,"ACC-2171593283","146.94","-36.04","PAYMENT",NA,"Fernando",11168.81,2018-09-06 07:00:00,"M",19,NA,NA,33,"a4154a29a5d642ca9643b402a87e39d3","CUS-2317998716",NA,NA,"debit","Thu","05:00:00","05","September"
"4610","posted",NA,"ACC-2890243754","153.32","-27.93","PAYMENT",NA,"Joseph",2811.16,2018-09-06 07:00:00,"M",37,NA,NA,18,"e12de1a44d6e404e8432ff94f57e3387","CUS-2695611575",NA,NA,"debit","Thu","05:00:00","05","September"
"4611","posted",NA,"ACC-3481401842","115.74","-31.72","PAYMENT",NA,"Tiffany",3748.58,2018-09-06 07:00:00,"F",25,NA,NA,46,"d78d76a7bec34d959aaa96c45867be19","CUS-1669695324",NA,NA,"debit","Thu","06:00:00","06","September"
"4612","posted",NA,"ACC-211792489","138.63","-34.93","PAYMENT",NA,"Jacqueline",6338.54,2018-09-06 07:00:00,"F",30,NA,NA,47,"9cae174d1bbe461da8d11592153e999c","CUS-497688347",NA,NA,"debit","Thu","06:00:00","06","September"
"4613","authorized","1","ACC-1598451071","153.41","-27.95","POS","b0367e17-47cc-4360-a8ca-62f8eb43fa8b","Diana",2087.87,2018-09-06 07:00:00,"F",26,"Kenmore","QLD",12.98,"6da51e87f9194207a377703365889fef","CUS-2487424745","152.94","-27.51","debit","Thu","06:43:04","06","September"
"4614","posted",NA,"ACC-2231965366","144.96","-37.84","PAYMENT",NA,"Linda",12252.1,2018-09-06 07:00:00,"F",35,NA,NA,33,"43bc9585fab742fdb9a0f1565adcb392","CUS-2155701614",NA,NA,"debit","Thu","07:00:00","07","September"
"4615","posted",NA,"ACC-2259139624","144.66","-37.91","INTER BANK",NA,"Cindy",6965.96,2018-09-06 07:00:00,"F",19,NA,NA,22,"0fec63fdfccc420f872580082adc9dec","CUS-3174332735",NA,NA,"debit","Thu","07:00:00","07","September"
"4616","authorized","1","ACC-1608363396","151.22","-33.87","POS","ec718e17-3b09-4e05-aa63-cd4d48b3f615","Robert",3772.87,2018-09-06 07:00:00,"M",20,"Springwood","NSW",16.62,"8fdeec26eefd4d799e9ce97d0e9f91e5","CUS-2688605418","150.56","-33.7","debit","Thu","07:31:11","07","September"
"4617","posted",NA,"ACC-2776252858","144.95","-37.76","PAYMENT",NA,"Kristin",3648.93,2018-09-06 07:00:00,"F",43,NA,NA,43,"f4521c4ba8af49fab8652efa94b7bb65","CUS-4123612273",NA,NA,"debit","Thu","08:00:00","08","September"
"4618","authorized","1","ACC-1598451071","153.41","-27.95","SALES-POS","7d20a31e-9caf-411e-849c-87f510e7029f","Diana",2064.03,2018-09-06 07:00:00,"F",26,"Robina","QLD",23.84,"d6d3d5ac5b8a4eddb96b56975383701f","CUS-2487424745","153.38","-28.08","debit","Thu","08:02:26","08","September"
"4619","authorized","1","ACC-2673069055","152.99","-27.49","POS","d0df1c50-3e2d-4903-b195-af050fe93c20","Richard",15242.22,2018-09-06 07:00:00,"M",24,"Urunga","NSW",14.34,"835650e6ab0d4d6f8475ece3833fff49","CUS-51506836","153.01","-30.49","debit","Thu","08:11:07","08","September"
"4620","authorized","1","ACC-3541460373","145.00","-37.83","SALES-POS","4521c822-0336-4748-899f-3e4d18cf1a8b","Jeffrey",2877.39,2018-09-06 07:00:00,"M",24,"Sunshine","VIC",16.33,"ee1a1b1cac3a408095685e550c017ccb","CUS-1433879684","144.83","-37.78","debit","Thu","08:19:49","08","September"
"4621","authorized","1","ACC-1334819143","145.13","-37.70","POS","f9ead686-3a62-4217-8031-0a9a5c892fb1","Christopher",60284.35,2018-09-06 07:00:00,"M",33,"Sunshine","VIC",16.02,"9f91a87f9d8f4507a73ab343f074e77d","CUS-3117610635","144.83","-37.78","debit","Thu","08:28:31","08","September"
"4622","authorized","1","ACC-1973887809","115.78","-31.90","SALES-POS","3f8515fb-933b-4665-9a46-36b05d66815a","Antonio",4805.18,2018-09-06 07:00:00,"M",26,"Mirrabooka","WA",23.68,"b3a03463277f4e96ad1ab7eaa68b14a8","CUS-1646621553","115.86","-31.87","debit","Thu","08:37:13","08","September"
"4623","authorized","1","ACC-4258502723","145.45","-37.74","SALES-POS","fe21287e-b38e-407e-8dd2-7f2a7349248e","Kimberly",2841.3,2018-09-06 07:00:00,"F",24,"Fitzroy","VIC",15.77,"fa79c711c74e426cb802e88552bc5ee7","CUS-3378712515","144.98","-37.8","debit","Thu","08:45:54","08","September"
"4624","authorized","0","ACC-3481401842","115.74","-31.72","SALES-POS","da8445f9-3ba5-44a2-ae41-00a74102592f","Tiffany",3727.73,2018-09-06 07:00:00,"F",25,"Subiaco","WA",20.85,"4ebff8f2dfa0461782360d8262b69acb","CUS-1669695324","115.82","-31.94","debit","Thu","08:54:36","08","September"
"4625","posted",NA,"ACC-3485804958","138.52","-35.01","PAYMENT",NA,"Jessica",20517.06,2018-09-06 07:00:00,"F",34,NA,NA,27,"dced6cb5efd34a36a14fb7171a75d891","CUS-1196156254",NA,NA,"debit","Thu","09:00:00","09","September"
"4626","posted",NA,"ACC-1516130869","130.84","-12.45","INTER BANK",NA,"Jessica",3273.34,2018-09-06 07:00:00,"F",21,NA,NA,39,"4db9d32a26f84bc9b88b407a25f80e0b","CUS-325142416",NA,NA,"debit","Thu","09:00:00","09","September"
"4627","authorized","1","ACC-3879258709","143.83","-37.66","POS","6fe86407-d02f-4671-81d0-03e195630e89","Natasha",196678.12,2018-09-06 07:00:00,"F",40,"Mill Park","VIC",21.15,"9aaf36d29e4640c19e3d506ac153f4f1","CUS-527400765","145.06","-37.67","debit","Thu","09:01:37","09","September"
"4628","authorized","1","ACC-1222300524","151.23","-33.94","POS","9690a753-fe1a-4bfd-be12-5b33652e8093","Michael",120.84,2018-09-06 07:00:00,"M",38,"Penrith","NSW",45.07,"4aed7e3896344514a1513fe0a876e65e","CUS-2142601169","150.69","-33.75","debit","Thu","09:05:52","09","September"
"4629","authorized","1","ACC-3481401842","115.74","-31.72","SALES-POS","df051ff7-3ad4-4ca5-8c39-59ea9f834cbe","Tiffany",3722.68,2018-09-06 07:00:00,"F",25,"Bullsbrook","WA",5.05,"3cd4265f448f41c89954de9a8b02d6a1","CUS-1669695324","116.01","-31.64","debit","Thu","09:10:07","09","September"
"4630","authorized","1","ACC-90814749","151.68","-32.98","SALES-POS","b059aa9e-10ab-46ce-9c18-5769a9020d0b","Christopher",8582.09,2018-09-06 07:00:00,"M",35,"Narrogin","WA",17.69,"08de83e35cff4465b61c0cc1fc41754a","CUS-1896554896","117.18","-32.94","debit","Thu","09:14:22","09","September"
"4631","authorized","1","ACC-1516130869","130.84","-12.45","POS","c341d8bc-6ac7-43b1-9dfa-b34a48d0b01a","Jessica",3312.34,2018-09-06 07:00:00,"F",21,"Palmerston City","NT",13.56,"dfe52e4a938f4ad295094876e22d1311","CUS-325142416","130.99","-12.48","debit","Thu","09:18:38","09","September"
"4632","authorized","1","ACC-2890243754","153.32","-27.93","POS","8963ac9d-dbeb-46fc-997a-3a03d3925ba1","Joseph",2801.23,2018-09-06 07:00:00,"M",37,"Nerang","QLD",9.93,"d9803321b06940a4ba5ff65a19620fdb","CUS-2695611575","153.34","-27.99","debit","Thu","09:22:53","09","September"
"4633","authorized","0","ACC-1334819143","145.13","-37.70","POS","aa8af5d1-53d4-448b-a612-6acd4b5bb310","Christopher",60246.95,2018-09-06 07:00:00,"M",33,"Newport","NSW",37.4,"fe02e9fdca564bb68b3015f06f5d986f","CUS-3117610635","151.31","-33.66","debit","Thu","09:27:08","09","September"
"4634","authorized","1","ACC-964839203","146.92","-36.07","POS","833b3b69-626f-4ec0-a770-b56bb3d95b4d","Michael",34225.83,2018-09-06 07:00:00,"M",21,"Deer Park","VIC",40.87,"a3a250971ed349e9bab81d86b2526450","CUS-2059096722","144.77","-37.75","debit","Thu","09:31:24","09","September"
"4635","authorized","1","ACC-588564840","151.27","-33.76","POS","0769e4f0-260c-40f4-96bd-916ddc783e6b","Isaiah",12088.28,2018-09-06 07:00:00,"M",23,"Baulkham Hills","NSW",11.22,"a84323746ac34391a631902137472822","CUS-1462656821","150.99","-33.76","debit","Thu","09:35:39","09","September"
"4636","authorized","1","ACC-2528867619","138.58","-34.96","POS","e29e8e7a-547a-4d21-8dc3-035874552879","Abigail",8367.72,2018-09-06 07:00:00,"F",40,"Adelaide","SA",11.95,"9264d2a0a5c647a482e80b38fe006861","CUS-2505971401","138.61","-34.93","debit","Thu","09:39:54","09","September"
"4637","authorized","1","ACC-3954677887","115.72","-32.28","POS","9d91fb2d-da37-46a6-a379-3fd219608187","Ruth",4941.24,2018-09-06 07:00:00,"F",47,"Leederville","WA",29.19,"081b9a988c1146f28753280607b489cc","CUS-3716701010","115.84","-31.94","debit","Thu","09:44:10","09","September"
"4638","authorized","1","ACC-3481401842","115.74","-31.72","SALES-POS","cc1f7a23-9a6f-4b4f-86bb-98fa0bb497a4","Tiffany",3709.11,2018-09-06 07:00:00,"F",25,"Halls Head","WA",13.57,"c6686115cfb54de78a5909c4de47ce3a","CUS-1669695324","115.7","-32.55","debit","Thu","09:48:25","09","September"
"4639","authorized","1","ACC-1496451953","145.16","-37.84","POS","943ebc8a-ae0b-41bc-bd9f-12ff1ed089a0","Ricky",10546.29,2018-09-06 07:00:00,"M",43,"Balaclava","VIC",27.85,"06456694a005427a84c1a9d6004587f6","CUS-3142625864","144.99","-37.87","debit","Thu","09:52:40","09","September"
"4640","authorized","1","ACC-1973887809","115.78","-31.90","POS","d58feb17-8efc-454c-9fcc-f4011f6a1e3a","Antonio",4774.63,2018-09-06 07:00:00,"M",26,"Riverton","WA",30.55,"307316fe88bd45e3bd8bb8632d889ad7","CUS-1646621553","115.91","-32.04","debit","Thu","09:56:56","09","September"
"4641","authorized","0","ACC-1516130869","130.84","-12.45","SALES-POS","951569e3-95d0-45e5-8cd7-4430b613a3ae","Jessica",3259.88,2018-09-06 07:00:00,"F",21,"Darwin City","NT",13.46,"cd21f9299133493a845064d26c48127f","CUS-325142416","130.84","-12.46","debit","Thu","10:04:49","10","September"
"4642","authorized","1","ACC-2528867619","138.58","-34.96","POS","a1506bc9-8acb-449d-840f-de8c2566d81f","Abigail",8275.78,2018-09-06 07:00:00,"F",40,"Adelaide","SA",91.94,"15a334fc858746be92c480fcfddf3d50","CUS-2505971401","138.6","-34.92","debit","Thu","10:22:04","10","September"
"4643","authorized","1","ACC-3481401842","115.74","-31.72","SALES-POS","4f379cad-d380-4426-b39d-32132f77fe27","Tiffany",3323.09,2018-09-06 07:00:00,"F",25,"Sydney","NSW",386.02,"8c5ee5c4c38f44cda7c568255ca75fb9","CUS-1669695324","151.21","-33.87","debit","Thu","10:39:18","10","September"
"4644","authorized","1","ACC-1037050564","153.10","-27.66","SALES-POS","5a40d5a8-c40c-4c38-b402-790882c6f94a","Rhonda",3552.23,2018-09-06 07:00:00,"F",40,"Brisbane City","QLD",10.5,"7fe2eed8288349ec8e936984a8298bf1","CUS-1614226872","153.03","-27.47","debit","Thu","10:56:33","10","September"
"4645","posted",NA,"ACC-3541460373","145.00","-37.83","PAYMENT",NA,"Jeffrey",2836.39,2018-09-06 07:00:00,"M",24,NA,NA,41,"ab4596950452461885741aecff243430","CUS-1433879684",NA,NA,"debit","Thu","11:00:00","11","September"
"4646","posted",NA,"ACC-3536132544","144.93","-37.79","PAY/SALARY",NA,"Heather",4406.95,2018-09-06 07:00:00,"F",41,NA,NA,2101.51,"0165224903084eb3b25b17a419bd17eb","CUS-2348881191",NA,NA,"credit","Thu","11:00:00","11","September"
"4647","posted",NA,"ACC-4163822186","149.03","-34.97","PAY/SALARY",NA,"Karen",6759.8,2018-09-06 07:00:00,"F",26,NA,NA,920.71,"38f156fc5fa044e9b9c265af9016ad48","CUS-2630892467",NA,NA,"credit","Thu","11:00:00","11","September"
"4648","posted",NA,"ACC-1608363396","151.22","-33.87","INTER BANK",NA,"Robert",3748.87,2018-09-06 07:00:00,"M",20,NA,NA,24,"c3fc68af29454f0996ca89df8da2228a","CUS-2688605418",NA,NA,"debit","Thu","11:00:00","11","September"
"4649","posted",NA,"ACC-2259139624","144.66","-37.91","PAY/SALARY",NA,"Cindy",10642.9,2018-09-06 07:00:00,"F",19,NA,NA,3676.94,"746fad2c34ac488c866a441332476cfe","CUS-3174332735",NA,NA,"credit","Thu","11:00:00","11","September"
"4650","posted",NA,"ACC-3954677887","115.72","-32.28","PAYMENT",NA,"Ruth",4895.24,2018-09-06 07:00:00,"F",47,NA,NA,46,"bae8e1474b5d480eb0191449c73276ab","CUS-3716701010",NA,NA,"debit","Thu","11:00:00","11","September"
"4651","authorized","1","ACC-90814749","151.68","-32.98","SALES-POS","b40a8a1f-4bb7-4c05-8029-e7c68eb04fcb","Christopher",8566.38,2018-09-06 07:00:00,"M",35,"Whyalla Playford","SA",15.71,"64b4b0d3ce9846c7ab359baafb532b8b","CUS-1896554896","137.57","-33.03","debit","Thu","11:06:53","11","September"
"4652","authorized","1","ACC-3485804958","138.52","-35.01","SALES-POS","60e25947-c418-4213-afd2-e6c00ebf6a87","Jessica",20487.75,2018-09-06 07:00:00,"F",34,"Centennial Park","WA",29.31,"3b8b7cd4fec448c393224215782f49f6","CUS-1196156254","117.89","-35.02","debit","Thu","11:15:31","11","September"
"4653","authorized","1","ACC-1890605467","143.88","-37.66","POS","e8d3e859-db04-4b1b-9e7c-0ae39f23ca67","Alexander",10000.58,2018-09-06 07:00:00,"M",38,"Doncaster East","VIC",51.85,"dcb3a6fff48248028c41d4d0dd92c547","CUS-1478398256","145.16","-37.78","debit","Thu","11:24:08","11","September"
"4654","authorized","1","ACC-1496451953","145.16","-37.84","POS","3922c9d5-5370-4eb4-a707-cfa94cf0d44a","Ricky",10523.09,2018-09-06 07:00:00,"M",43,"Richmond","VIC",23.2,"5754b4a4db9d40ffbf99f7714cf824d6","CUS-3142625864","144.99","-37.82","debit","Thu","11:32:45","11","September"
"4655","authorized","1","ACC-3317636250","153.02","-27.66","SALES-POS","0e976dfc-9444-4756-930f-164e5d5aaa21","Kenneth",10164.14,2018-09-06 07:00:00,"M",35,"Hawthorn East","VIC",6.4,"70bbc35baad542b49751ee521ee674b8","CUS-2738291516","145.05","-37.85","debit","Thu","11:41:22","11","September"
"4656","authorized","0","ACC-1903037542","153.05","-27.61","SALES-POS","8fa7c1a9-28e3-4b02-92ef-58510a010425","Jeffrey",3005.57,2018-09-06 07:00:00,"M",30,"Fortitude Valley","QLD",86.49,"1a690ec3fee74f3dafefb4c426e6f5ad","CUS-860700529","153.04","-27.46","debit","Thu","11:49:59","11","September"
"4657","authorized","1","ACC-1903037542","153.05","-27.61","POS","9f9cc91e-cd1e-449f-b683-01e96508743f","Jeffrey",2997.73,2018-09-06 07:00:00,"M",30,"Beenleigh","QLD",7.84,"63345068580d427ba1d77f087fea284f","CUS-860700529","153.21","-27.72","debit","Thu","11:58:37","11","September"
"4658","posted",NA,"ACC-588564840","151.27","-33.76","PAYMENT",NA,"Isaiah",11987.28,2018-09-06 07:00:00,"M",23,NA,NA,101,"a8fe7c56b5e74173b12340980efdd0c7","CUS-1462656821",NA,NA,"debit","Thu","12:00:00","12","September"
"4659","posted",NA,"ACC-721712940","145.09","-37.82","PAY/SALARY",NA,"Andrew",53918.22,2018-09-06 07:00:00,"M",78,NA,NA,782.42,"530752c83b014bfa83e3ebc968701d5a","CUS-1646183815",NA,NA,"credit","Thu","12:00:00","12","September"
"4660","posted",NA,"ACC-1279356312","144.79","-37.73","PAY/SALARY",NA,"Tyler",7878.7,2018-09-06 07:00:00,"M",44,NA,NA,2887.34,"e95f1a3e50494d56a9011a9d5340d4e7","CUS-1892177589",NA,NA,"credit","Thu","12:00:00","12","September"
"4661","posted",NA,"ACC-3879258709","143.83","-37.66","PHONE BANK",NA,"Natasha",196607.18,2018-09-06 07:00:00,"F",40,NA,NA,41,"8b16aea7e89e4804ba955f69e4367338","CUS-527400765",NA,NA,"debit","Thu","12:00:00","12","September"
"4662","posted",NA,"ACC-966140392","147.08","-37.97","PAYMENT",NA,"Joseph",4621.4,2018-09-06 07:00:00,"M",21,NA,NA,35,"3e0a96b322a44fbc8b926f165fdc5875","CUS-537508723",NA,NA,"debit","Thu","12:00:00","12","September"
"4663","authorized","0","ACC-3954677887","115.72","-32.28","POS","eb39df03-0b99-4c7f-b34a-8d65813a53d1","Ruth",4862.62,2018-09-06 07:00:00,"F",47,"Inglewood","WA",32.62,"1d7ae516248b4110bb85a3796be44226","CUS-3716701010","115.89","-31.92","debit","Thu","12:15:16","12","September"
"4664","authorized","1","ACC-3879258709","143.83","-37.66","SALES-POS","28fc99de-3536-4863-bd8f-5353c5276ec0","Natasha",196648.18,2018-09-06 07:00:00,"F",40,"Bundoora","VIC",29.94,"b6d3878e84ea462fba226fd67dccfffe","CUS-527400765","145.05","-37.71","debit","Thu","12:33:27","12","September"
"4665","authorized","1","ACC-1598451071","153.41","-27.95","POS","e3e28ad9-50a4-4a33-b675-bb611d49b517","Diana",2040.22,2018-09-06 07:00:00,"F",26,"Kalbarri","WA",23.81,"7118c30afeb543908eb8b732afe0e0d0","CUS-2487424745","114.17","-27.7","debit","Thu","12:51:38","12","September"
"4666","posted",NA,"ACC-4274272854","145.23","-37.86","PAYMENT",NA,"Timothy",5212.91,2018-09-06 07:00:00,"M",20,NA,NA,15,"d5b33133004442b9a0ca0abd0c04a522","CUS-2484453271",NA,NA,"debit","Thu","13:00:00","13","September"
"4667","posted",NA,"ACC-1243371644","150.90","-33.78","PAY/SALARY",NA,"Gregory",4469.65,2018-09-06 07:00:00,"M",42,NA,NA,1681.58,"5523a430064842528aad16e99d0429d1","CUS-3904958894",NA,NA,"credit","Thu","13:00:00","13","September"
"4668","authorized","1","ACC-3741880913","150.50","-23.40","POS","633d03c8-2319-4802-aaa9-f2c9c366a820","Ashley",7461.54,2018-09-06 07:00:00,"F",25,"Newman","WA",145.53,"b88b7752dba44ddf8cbf1bcf6cfb8250","CUS-1220154422","119.8","-23.39","debit","Thu","13:10:11","13","September"
"4669","authorized","1","ACC-1037050564","153.10","-27.66","SALES-POS","9e414e98-fee9-4b59-a364-a68023693ecf","Rhonda",3538.87,2018-09-06 07:00:00,"F",40,"Kelvin Grove","QLD",13.36,"43cf9a36d5e34b1aa23c8a63a4f8f9ac","CUS-1614226872","153.01","-27.45","debit","Thu","13:29:03","13","September"
"4670","authorized","1","ACC-2890243754","153.32","-27.93","POS","46f68654-3694-4f07-8b74-3cd1b74d7e4d","Joseph",2789.11,2018-09-06 07:00:00,"M",37,"Broadbeach","QLD",12.12,"31bc577eb6a14be2a80c02e149ae6d7f","CUS-2695611575","153.43","-28.04","debit","Thu","13:47:55","13","September"
"4671","posted",NA,"ACC-1349834573","145.17","-37.84","PAYMENT",NA,"Matthew",10137.65,2018-09-06 07:00:00,"M",39,NA,NA,60,"118f2b65691944baa1658fea16e1ee53","CUS-1790886359",NA,NA,"debit","Thu","14:00:00","14","September"
"4672","posted",NA,"ACC-1608363396","151.22","-33.87","PAY/SALARY",NA,"Robert",6069.17,2018-09-06 07:00:00,"M",20,NA,NA,2320.3,"cce2cd0dd5854a82bff8cfd1165095e1","CUS-2688605418",NA,NA,"credit","Thu","14:00:00","14","September"
"4673","posted",NA,"ACC-1424176027","151.08","-33.93","PAY/SALARY",NA,"Donald",5332.13,2018-09-06 07:00:00,"M",22,NA,NA,1928.97,"7094f5bf008347159c76ec8e8e646073","CUS-3431016847",NA,NA,"credit","Thu","14:00:00","14","September"
"4674","authorized","1","ACC-1037050564","153.10","-27.66","SALES-POS","b0184cc3-5de1-4aef-a8bf-2be468d546a9","Rhonda",3517.14,2018-09-06 07:00:00,"F",40,"Coffs Harbour","NSW",21.73,"56f45716d515447995625bdbce5041ac","CUS-1614226872","153.12","-30.3","debit","Thu","14:03:23","14","September"
"4675","authorized","0","ACC-958000567","130.90","-12.37","POS","512ead5e-8685-4c6f-825c-2441cd95892d","Sandra",7472.66,2018-09-06 07:00:00,"F",34,"Bakewell","NT",18.61,"8c464e8de1804645aa5036381f7c8923","CUS-4142663097","130.99","-12.5","debit","Thu","14:12:49","14","September"
"4676","authorized","1","ACC-3326339947","151.18","-33.80","POS","9d553cc1-2b64-4bef-a7b5-15552679c26d","Eric",7184.89,2018-09-06 07:00:00,"M",22,"Dulwich Hill","NSW",22.66,"e9ac3b32ff3f42dd9199610cd4e13e8b","CUS-326006476","151.14","-33.9","debit","Thu","14:22:15","14","September"
"4677","authorized","1","ACC-1424176027","151.08","-33.93","SALES-POS","fd1c9a34-9224-4338-9716-e8f10005b83a","Donald",3403.16,2018-09-06 07:00:00,"M",22,"Alderley","QLD",12.56,"7f5da0cdf08a4094a6abe0996ac9f269","CUS-3431016847","153","-27.43","debit","Thu","14:31:41","14","September"
"4678","authorized","1","ACC-574997646","150.79","-33.64","SALES-POS","462dc650-bacb-422c-b797-e6b0d5b0fd66","Mackenzie",2836.86,2018-09-06 07:00:00,"F",18,"Pyrmont","NSW",9.32,"5b24a490d8cb43ffbd2789d7da635ef1","CUS-586638664","151.2","-33.87","debit","Thu","14:41:07","14","September"
"4679","authorized","1","ACC-588564840","151.27","-33.76","POS","bf39a2fe-b3bc-49b8-a7bd-e83950918654","Isaiah",11976.41,2018-09-06 07:00:00,"M",23,"Narrabeen","NSW",10.87,"00fc0d09e1024d45ae9b3c34bb1b09db","CUS-1462656821","151.3","-33.71","debit","Thu","14:50:33","14","September"
"4680","authorized","1","ACC-1598451071","153.41","-27.95","SALES-POS","2d61b595-82bc-44e5-9566-4032fa51725a","Diana",2022.51,2018-09-06 07:00:00,"F",26,"Miami","QLD",17.71,"ddcd54ad87b342a7912261cb906b6801","CUS-2487424745","153.44","-28.07","debit","Thu","14:59:59","14","September"
"4681","posted",NA,"ACC-2988263882","145.18","-37.90","PAY/SALARY",NA,"Michael",4725.52,2018-09-06 07:00:00,"M",44,NA,NA,596.33,"60289954e1f240fd87b37c6de51b3a6e","CUS-1233833708",NA,NA,"credit","Thu","15:00:00","15","September"
"4682","posted",NA,"ACC-1037050564","153.10","-27.66","PAYMENT",NA,"Rhonda",3484.14,2018-09-06 07:00:00,"F",40,NA,NA,33,"b8d001ab50e64f8ea177da250df2fe6f","CUS-1614226872",NA,NA,"debit","Thu","15:00:00","15","September"
"4683","posted",NA,"ACC-3481401842","115.74","-31.72","PAYMENT",NA,"Tiffany",3141.65,2018-09-06 07:00:00,"F",25,NA,NA,160,"e55ee43b35fd4b8fb5e019923fae5e95","CUS-1669695324",NA,NA,"debit","Thu","15:00:00","15","September"
"4684","authorized","1","ACC-3481401842","115.74","-31.72","POS","e3c60eca-6c21-4870-88ab-5323f1dfc6e4","Tiffany",3301.65,2018-09-06 07:00:00,"F",25,"Henley Brook","WA",21.44,"cbe3f3db95104f9da890336e9c16acc3","CUS-1669695324","116","-31.81","debit","Thu","15:06:34","15","September"
"4685","authorized","0","ACC-588564840","151.27","-33.76","POS","8c06dd8f-8def-47ef-b3d9-00ba37c7e7e5","Isaiah",11947.88,2018-09-06 07:00:00,"M",23,"Sydney","NSW",28.53,"7285a9b7ff9e4c0eb1a281f83571dcd3","CUS-1462656821","151.2","-33.87","debit","Thu","15:13:09","15","September"
"4686","authorized","1","ACC-2970114956","144.89","-37.69","SALES-POS","47cbdb73-1156-4e3e-92ef-83149bb30178","Robert",7937.75,2018-09-06 07:00:00,"M",26,"Scoresby","VIC",22.33,"09d2bd66bece4a4f9a13c78e29901f00","CUS-880898248","145.21","-37.91","debit","Thu","15:19:44","15","September"
"4687","authorized","1","ACC-1598451071","153.41","-27.95","POS","53d0f83c-e2c6-41e0-912b-81efd9d3130a","Diana",2014.61,2018-09-06 07:00:00,"F",26,"Biggera Waters","QLD",7.9,"c98cb13e25d44ea9838c1d4804c7b47a","CUS-2487424745","153.4","-27.93","debit","Thu","15:26:18","15","September"
"4688","authorized","1","ACC-3100725361","145.73","-17.03","SALES-POS","aa8af5d1-53d4-448b-a612-6acd4b5bb310","Ronald",16.67,2018-09-06 07:00:00,"M",25,"Newport","NSW",20.85,"0e17e4013ac44b649fb3966acab90e87","CUS-2178051368","151.31","-33.66","debit","Thu","15:32:53","15","September"
"4689","authorized","1","ACC-1598451071","153.41","-27.95","SALES-POS","8c1bfecb-95f3-44f9-96e7-54bea0ed04ba","Diana",1990.94,2018-09-06 07:00:00,"F",26,"Sydney","NSW",23.67,"8af5b6c1e0f642bfa80a8ba226203bfe","CUS-2487424745","151.21","-33.88","debit","Thu","15:39:28","15","September"
"4690","authorized","1","ACC-3954677887","115.72","-32.28","POS","ab969dde-bf2b-4ad7-a34f-9b603ae5e039","Ruth",4833.1,2018-09-06 07:00:00,"F",47,"Yokine","WA",29.52,"2079925e877b4e6baee8ba854f3b510b","CUS-3716701010","115.85","-31.91","debit","Thu","15:46:03","15","September"
"4691","authorized","1","ACC-559365433","147.31","-42.88","SALES-POS","f91415b8-9625-4cd2-9360-fb2524988740","Mary",2240.31,2018-09-06 07:00:00,"F",64,"Campbelltown","TAS",17.35,"b5228405ae9a45dfa26545c0f681530b","CUS-1654129794","147.49","-41.93","debit","Thu","15:52:37","15","September"
"4692","authorized","0","ACC-2674800293","144.96","-37.69","SALES-POS","f8773f21-0470-4ba3-8fdc-6398e164709e","Elizabeth",28015.12,2018-09-06 07:00:00,"F",50,"Aspendale Gardens","VIC",46.35,"5c26727e307647819d27deee16e04033","CUS-2977593493","145.12","-38.02","debit","Thu","15:59:12","15","September"
"4693","posted",NA,"ACC-3881031190","149.19","-21.15","PAY/SALARY",NA,"Richard",5064.59,2018-09-06 07:00:00,"M",37,NA,NA,916.75,"4158492367ed4b88a418e87f02c0ae41","CUS-3201519139",NA,NA,"credit","Thu","16:00:00","16","September"
"4694","authorized","1","ACC-1903037542","153.05","-27.61","POS","6dfc96a4-59da-4046-a47c-1bd063058106","Jeffrey",2989.12,2018-09-06 07:00:00,"M",30,"Gladstone","NSW",8.61,"8b7bca191c95461ba6e4a56bdd90dad5","CUS-860700529","152.95","-31.02","debit","Thu","16:14:39","16","September"
"4695","authorized","1","ACC-3741880913","150.50","-23.40","POS","f4387204-9de1-4104-a184-5e7da463c50e","Ashley",7429.76,2018-09-06 07:00:00,"F",25,"Rockhampton City","QLD",31.78,"d65cc82971404ba595301f62059029a4","CUS-1220154422","150.51","-23.38","debit","Thu","16:31:19","16","September"
"4696","authorized","1","ACC-2265520058","151.27","-33.85","SALES-POS","6681f9d3-cbeb-4049-9c51-dfdbc17fa3ba","Catherine",3150.43,2018-09-06 07:00:00,"F",26,"Toongabbie","NSW",53.37,"9cf7211e2a1f4734950a380c4e151f0c","CUS-331942311","150.96","-33.79","debit","Thu","16:47:59","16","September"
"4697","posted",NA,"ACC-1279356312","144.79","-37.73","PAYMENT",NA,"Tyler",7863.7,2018-09-06 07:00:00,"M",44,NA,NA,15,"c4c2647dbcf14bbc9a628a54113644d6","CUS-1892177589",NA,NA,"debit","Thu","17:00:00","17","September"
"4698","posted",NA,"ACC-2270192619","138.56","-35.27","PAY/SALARY",NA,"Darren",11970.46,2018-09-06 07:00:00,"M",20,NA,NA,3026.95,"11372fe1819f48a8b0260bf3c046e4e0","CUS-2110742437",NA,NA,"credit","Thu","17:00:00","17","September"
"4699","posted",NA,"ACC-3827517394","151.12","-33.89","PAYMENT",NA,"Craig",35970.93,2018-09-06 07:00:00,"M",28,NA,NA,128,"f4bbf1d831074d8f8bcbb50bbf047ef7","CUS-2663907001",NA,NA,"debit","Thu","17:00:00","17","September"
"4700","posted",NA,"ACC-2173390920","144.71","-37.58","PAYMENT",NA,"Luis",4981.31,2018-09-06 07:00:00,"M",27,NA,NA,29,"2506294e0af34f6f8f6773a51f43fe1d","CUS-3180318393",NA,NA,"debit","Thu","17:00:00","17","September"
"4701","posted",NA,"ACC-154431271","153.09","-27.48","PAY/SALARY",NA,"Lori",3132.9,2018-09-06 07:00:00,"F",18,NA,NA,1537.68,"1ac5e6c847844edeb61242dd28b622c2","CUS-3702001629",NA,NA,"credit","Thu","17:00:00","17","September"
"4702","posted",NA,"ACC-3941181087","115.79","-31.94","PAY/SALARY",NA,"Paul",7997.88,2018-09-06 07:00:00,"M",25,NA,NA,2687.85,"a27d1250de15477b9d88d945f593a8a7","CUS-3989008654",NA,NA,"credit","Thu","17:00:00","17","September"
"4703","posted",NA,"ACC-958000567","130.90","-12.37","PAYMENT",NA,"Sandra",7401.24,2018-09-06 07:00:00,"F",34,NA,NA,37,"9905d25ef58d4481b1df31dce57815d1","CUS-4142663097",NA,NA,"debit","Thu","17:00:00","17","September"
"4704","posted",NA,"ACC-53508546","150.62","-33.76","PAY/SALARY",NA,"Kimberly",3997.71,2018-09-06 07:00:00,"F",35,NA,NA,725.32,"0199e2cd0eb84bc796994d194dca0b90","CUS-72755508",NA,NA,"credit","Thu","17:00:00","17","September"
"4705","authorized","1","ACC-588564840","151.27","-33.76","POS","145ebb98-1574-4fea-8869-e4b7e0ce02f8","Isaiah",11932.93,2018-09-06 07:00:00,"M",23,"Fairfield West","NSW",14.95,"9511e236e7fd4dd5b60e52bf4be638ca","CUS-1462656821","150.92","-33.87","debit","Thu","17:03:13","17","September"
"4706","authorized","1","ACC-3541460373","145.00","-37.83","POS","56281b7c-c276-41fc-96bc-3ccd2d38659f","Jeffrey",2817.67,2018-09-06 07:00:00,"M",24,"Hawthorn","VIC",18.72,"eb3f455eef11480799edaaab6e8e96c9","CUS-1433879684","145.04","-37.82","debit","Thu","17:14:42","17","September"
"4707","authorized","0","ACC-2890243754","153.32","-27.93","POS","1c4d189b-15f8-4e6a-bf26-8c6e59804408","Joseph",2780.72,2018-09-06 07:00:00,"M",37,"Millmerran","QLD",8.39,"28c3516c59b547ed98a30278f659a9d2","CUS-2695611575","151.27","-27.88","debit","Thu","17:26:12","17","September"
"4708","authorized","1","ACC-958000567","130.90","-12.37","SALES-POS","2336d81e-6b27-42ab-bed7-3ed51e7b436c","Sandra",7438.24,2018-09-06 07:00:00,"F",34,"Osborne Park","WA",34.42,"87069dfc774c42eaa04379450152915c","CUS-4142663097","115.81","-31.91","debit","Thu","17:37:42","17","September"
"4709","authorized","1","ACC-90814749","151.68","-32.98","POS","0d0bb99b-1c7d-468c-b0af-56a86e7bf47a","Christopher",8539.67,2018-09-06 07:00:00,"M",35,"Narrogin","WA",26.71,"1808a77b393f4074ac19b6d0d6478e14","CUS-1896554896","117.18","-32.93","debit","Thu","17:49:11","17","September"
"4710","posted",NA,"ACC-588564840","151.27","-33.76","PAYMENT",NA,"Isaiah",11891.93,2018-09-06 07:00:00,"M",23,NA,NA,41,"dc5e3f6d901746b990a85034889a7554","CUS-1462656821",NA,NA,"debit","Thu","18:00:00","18","September"
"4711","posted",NA,"ACC-1683215619","138.67","-34.86","PAYMENT",NA,"Barry",4301.77,2018-09-06 07:00:00,"M",38,NA,NA,49,"eefd9eff00034dbeb07fb48ca3feb330","CUS-1604596597",NA,NA,"debit","Thu","18:00:00","18","September"
"4712","posted",NA,"ACC-3879258709","143.83","-37.66","PAYMENT",NA,"Natasha",196586.18,2018-09-06 07:00:00,"F",40,NA,NA,21,"b440ba335bf9442aabee49332f160424","CUS-527400765",NA,NA,"debit","Thu","18:00:00","18","September"
"4713","authorized","1","ACC-3536132544","144.93","-37.79","POS","8546d6b4-0a0a-46eb-95b4-7c75815acb17","Heather",4178.87,2018-09-06 07:00:00,"F",41,"Melbourne","VIC",228.08,"0fa4dc0288514808b289c90ae2fd9b53","CUS-2348881191","144.96","-37.82","debit","Thu","18:01:25","18","September"
"4714","authorized","1","ACC-559365433","147.31","-42.88","POS","b45868cb-4890-4e2f-a8a1-0a8990f2cbab","Mary",1827.78,2018-09-06 07:00:00,"F",64,"Adelaide","SA",412.53,"c805636d390d4d489d3b454e8d222e45","CUS-1654129794","138.6","-34.93","debit","Thu","18:25:14","18","September"
"4715","authorized","1","ACC-354106658","151.04","-33.80","POS","b63f9bd0-0cf9-4359-9e10-678b3557f88e","Christine",6375.36,2018-09-06 07:00:00,"F",39,"Guildford","NSW",12.64,"fef0db916b2845ff8f56957de910cf36","CUS-2376382098","150.97","-33.85","debit","Thu","18:49:02","18","September"
"4716","posted",NA,"ACC-1222300524","151.23","-33.94","PAYMENT",NA,"Michael",70.84,2018-09-06 07:00:00,"M",38,NA,NA,50,"5e4b77f981b649939c877b524ba3867a","CUS-2142601169",NA,NA,"debit","Thu","19:00:00","19","September"
"4717","posted",NA,"ACC-2014856841","144.99","-37.90","PAYMENT",NA,"Patrick",261923.86,2018-09-06 07:00:00,"M",46,NA,NA,50,"dde1495db09e4d58b6de08b7b6a4fe18","CUS-2370108457",NA,NA,"debit","Thu","19:00:00","19","September"
"4718","authorized","1","ACC-3954677887","115.72","-32.28","POS","f70d646b-d9a2-44a5-9ffa-becda2a18792","Ruth",4798.7,2018-09-06 07:00:00,"F",47,"Glebe","NSW",34.4,"1f5672d0d1a04ff0823b00348fe509b1","CUS-3716701010","151.19","-33.88","debit","Thu","19:05:27","19","September"
"4719","authorized","1","ACC-2890243754","153.32","-27.93","SALES-POS","638ec592-e6a7-48b7-b7ca-5ae099d60f4f","Joseph",2770.34,2018-09-06 07:00:00,"M",37,"Robina","QLD",10.38,"cf30a490fd644a70b947c3759757a30e","CUS-2695611575","153.39","-28.08","debit","Thu","19:25:39","19","September"
"4720","authorized","1","ACC-2673069055","152.99","-27.49","POS","4f1edc4f-9913-4ea1-afeb-5fdb411d3f8b","Richard",15213.96,2018-09-06 07:00:00,"M",24,"Wynnum West","QLD",28.26,"a183a126361b4d45a8568ac8fe19167a","CUS-51506836","153.15","-27.46","debit","Thu","19:35:45","19","September"
"4721","authorized","1","ACC-4065652575","115.81","-31.82","SALES-POS","e5b2b589-812a-44a1-a1bb-403d9ee9a1b4","Lucas",8468.99,2018-09-06 07:00:00,"M",21,"Mascot","NSW",2885.85,"a836b593cbe64a13aa5779c675d4294b","CUS-1117979751","151.17","-33.94","debit","Thu","19:45:51","19","September"
"4722","authorized","1","ACC-1344825761","151.09","-33.91","POS","f4a02aa3-90f6-4b95-97b6-63b76fcd3a00","Sarah",17559.8,2018-09-06 07:00:00,"F",46,"Randwick","NSW",40.38,"0c96f1d0126645c0939da536a4219f47","CUS-1499065773","151.25","-33.91","debit","Thu","19:55:57","19","September"
"4723","posted",NA,"ACC-1279356312","144.79","-37.73","PAYMENT",NA,"Tyler",7822.7,2018-09-06 07:00:00,"M",44,NA,NA,41,"bc9e89ac067b49acbadba1043d5a230d","CUS-1892177589",NA,NA,"debit","Thu","20:00:00","20","September"
"4724","authorized","1","ACC-2681137560","151.11","-33.99","POS","0b79c6f5-61db-4bcf-afeb-c0116215f7af","Nathaniel",4819.26,2018-09-06 07:00:00,"M",31,"Inverell","NSW",13.26,"6b50bd7cafcd486ca9cbb14051ec52c1","CUS-2083971310","151.11","-29.77","debit","Thu","20:10:31","20","September"
"4725","authorized","1","ACC-2173390920","144.71","-37.58","POS","5203bce6-ca8a-4f99-b337-f68cb528a3dc","Luis",4949.27,2018-09-06 07:00:00,"M",27,"Hawthorn East","VIC",32.04,"b3dc343ce5f24af0a728e1c0f777935b","CUS-3180318393","145.05","-37.83","debit","Thu","20:28:04","20","September"
"4726","authorized","1","ACC-3954677887","115.72","-32.28","POS","63d4551d-08b2-469f-9e3a-2d7adf8ea517","Ruth",4781.23,2018-09-06 07:00:00,"F",47,"Palmyra","WA",17.47,"a38f5182214e4fed83abeb6954559665","CUS-3716701010","115.79","-32.04","debit","Thu","20:45:36","20","September"
"4727","posted",NA,"ACC-854938045","147.63","-22.84","PHONE BANK",NA,"James",11509.81,2018-09-06 07:00:00,"M",28,NA,NA,58,"09c439f18c204ab5b6d2aa0f21996e7e","CUS-4023861240",NA,NA,"debit","Thu","21:00:00","21","September"
"4728","authorized","1","ACC-2231965366","144.96","-37.84","SALES-POS","9f13d90e-33e8-4bf4-b619-c12238e1eacf","Linda",12228.24,2018-09-06 07:00:00,"F",35,"Keilor East","VIC",23.86,"380150df611a435c9303a08aa67bfccb","CUS-2155701614","144.85","-37.73","debit","Thu","21:02:10","21","September"
"4729","authorized","1","ACC-1424176027","151.08","-33.93","SALES-POS","33c2ce8e-ff31-4ae1-a28c-df1af2715bf9","Donald",5322.93,2018-09-06 07:00:00,"M",22,"Surry Hills","NSW",9.2,"bc2b080084794c12993b5f0ae8275faf","CUS-3431016847","151.21","-33.88","debit","Thu","21:14:13","21","September"
"4730","authorized","1","ACC-3100725361","145.73","-17.03","SALES-POS","50fccc48-f815-454f-ae55-ac054158f7dd","Ronald",4.34,2018-09-06 07:00:00,"M",25,"Somerset","TAS",12.33,"b86b46a324814042b2533f1c5d5c39e5","CUS-2178051368","145.83","-41.04","debit","Thu","21:26:15","21","September"
"4731","authorized","1","ACC-2673069055","152.99","-27.49","POS","a6174989-3e55-4ea6-99b7-1ccb9de26101","Richard",15210.08,2018-09-06 07:00:00,"M",24,"Graceville","QLD",3.88,"df255b437cf7423887b51d2698dc643a","CUS-51506836","152.98","-27.52","debit","Thu","21:38:18","21","September"
"4732","authorized","1","ACC-154431271","153.09","-27.48","POS","f4435455-d276-40ae-b24f-a4a6fbbe9916","Lori",3123.19,2018-09-06 07:00:00,"F",18,"Alexandra Hills","QLD",9.71,"eeb3581c05c340c58e2241b6a1d70e15","CUS-3702001629","153.22","-27.52","debit","Thu","21:50:21","21","September"
"4733","posted",NA,"ACC-3741880913","150.50","-23.40","PAYMENT",NA,"Ashley",7397.76,2018-09-06 07:00:00,"F",25,NA,NA,32,"b70656027dc943bc94c8629844be7843","CUS-1220154422",NA,NA,"debit","Thu","22:00:00","22","September"
"4734","posted",NA,"ACC-90814749","151.68","-32.98","PAYMENT",NA,"Christopher",8503.67,2018-09-06 07:00:00,"M",35,NA,NA,36,"ca5c650160674403ac49237ebcc65129","CUS-1896554896",NA,NA,"debit","Thu","22:00:00","22","September"
"4735","posted",NA,"ACC-1438600314","138.69","-34.84","PAYMENT",NA,"Maria",3530.66,2018-09-06 07:00:00,"F",35,NA,NA,1345,"e4f01a59de9f4852beea2ab394eead35","CUS-2650223890",NA,NA,"debit","Thu","22:00:00","22","September"
"4736","posted",NA,"ACC-38923874","151.27","-33.90","PAYMENT",NA,"Ryan",35998.59,2018-09-06 07:00:00,"M",38,NA,NA,134,"8208eefd556249c4ae908282c37d6342","CUS-3249305314",NA,NA,"debit","Thu","22:00:00","22","September"
"4737","posted",NA,"ACC-2265520058","151.27","-33.85","PAYMENT",NA,"Catherine",3117.43,2018-09-06 07:00:00,"F",26,NA,NA,33,"0e5c76d6cd324039a07703acee189585","CUS-331942311",NA,NA,"debit","Thu","22:00:00","22","September"
"4738","authorized","1","ACC-1598451071","153.41","-27.95","POS","0c63889c-e2cc-482b-be44-774f70fdceaf","Diana",1981.97,2018-09-06 07:00:00,"F",26,"Broadbeach","QLD",8.97,"d165e02b6e5741019762c376fa2bdca8","CUS-2487424745","153.43","-28.04","debit","Thu","22:23:04","22","September"
"4739","authorized","1","ACC-574997646","150.79","-33.64","SALES-POS","40eb2ba1-4b6f-46cf-9146-5cb8b2030660","Mackenzie",2825.41,2018-09-06 07:00:00,"F",18,"Rouse Hill","NSW",11.45,"113dd0d0945f46a98162223d74402cc5","CUS-586638664","150.93","-33.69","debit","Thu","22:42:18","22","September"
"4740","posted",NA,"ACC-354106658","151.04","-33.80","PAYMENT",NA,"Christine",6323.36,2018-09-06 07:00:00,"F",39,NA,NA,52,"2c658ed6e0ab49759c5fb68266b326f6","CUS-2376382098",NA,NA,"debit","Thu","23:00:00","23","September"
"4741","posted",NA,"ACC-1334819143","145.13","-37.70","INTER BANK",NA,"Christopher",60187.95,2018-09-06 07:00:00,"M",33,NA,NA,59,"334e5006fff14876b03664b1a30d114c","CUS-3117610635",NA,NA,"debit","Thu","23:00:00","23","September"
"4742","authorized","1","ACC-588564840","151.27","-33.76","POS","9e9a1420-b700-47c7-b195-3c91d99ead90","Isaiah",11880.15,2018-09-06 07:00:00,"M",23,"North Ryde","NSW",11.78,"e1021ae347d84a6dbaa9e0f01e151cb0","CUS-1462656821","151.13","-33.79","debit","Thu","23:01:54","23","September"
"4743","authorized","1","ACC-2270192619","138.56","-35.27","SALES-POS","e2b62c1c-4d7a-4973-86ee-9cc81f0298f0","Darren",11963.95,2018-09-06 07:00:00,"M",20,"Adelaide","SA",6.51,"b7a99d6e102040a6a503aa50a9dfb0c1","CUS-2110742437","138.61","-34.92","debit","Thu","23:25:42","23","September"
"4744","authorized","0","ACC-2231965366","144.96","-37.84","POS","a7757fd8-1f60-4201-a7fd-b6c4cf90871c","Linda",12195.12,2018-09-06 07:00:00,"F",35,"Lilydale","VIC",33.12,"7c3bb1fe04594557ba189c409949f2b9","CUS-2155701614","145.35","-37.76","debit","Thu","23:49:31","23","September"
"4745","authorized","1","ACC-1890605467","143.88","-37.66","SALES-POS","7aeba739-92ad-47b2-8f3d-48bb75f34060","Alexander",9965.83,2018-09-07 07:00:00,"M",38,"Northcote","VIC",34.75,"3712c6701d93412bacff0a5b707adf1a","CUS-1478398256","145","-37.77","debit","Fri","00:32:56","00","September"
"4746","authorized","1","ACC-2970114956","144.89","-37.69","SALES-POS","28fc99de-3536-4863-bd8f-5353c5276ec0","Robert",7918.64,2018-09-07 07:00:00,"M",26,"Bundoora","VIC",19.11,"21fbb6bc9f6047708b77a6123018252d","CUS-880898248","145.05","-37.71","debit","Fri","01:17:25","01","September"
"4747","authorized","1","ACC-1903037542","153.05","-27.61","POS","8d80e8bb-ebf8-4d4f-b55d-9dbbaada1b21","Jeffrey",2984.83,2018-09-07 07:00:00,"M",30,"Mount Ommaney","QLD",4.29,"b01f41da770742c89ee21013385cbf1e","CUS-860700529","152.94","-27.55","debit","Fri","01:49:40","01","September"
"4748","posted",NA,"ACC-1903037542","153.05","-27.61","PHONE BANK",NA,"Jeffrey",2850.83,2018-09-07 07:00:00,"M",30,NA,NA,134,"deb358bfc3c743dbafca5a11aad96f15","CUS-860700529",NA,NA,"debit","Fri","02:00:00","02","September"
"4749","authorized","1","ACC-3541460373","145.00","-37.83","SALES-POS","82b1dd92-4c54-4aac-8d5c-d376352a3364","Jeffrey",2794.78,2018-09-07 07:00:00,"M",24,"Bentleigh","VIC",22.89,"7456702023e349d09d28099b220af4f8","CUS-1433879684","145.04","-37.92","debit","Fri","02:32:22","02","September"
"4750","posted",NA,"ACC-1683215619","138.67","-34.86","PAYMENT",NA,"Barry",4242.77,2018-09-07 07:00:00,"M",38,NA,NA,59,"8480caf4d6394f13ad3e840d0fb2c856","CUS-1604596597",NA,NA,"debit","Fri","03:00:00","03","September"
"4751","posted",NA,"ACC-2673069055","152.99","-27.49","PAYMENT",NA,"Richard",15167.08,2018-09-07 07:00:00,"M",24,NA,NA,43,"d818507c9af44d9ca3d15d3f97dd4b5a","CUS-51506836",NA,NA,"debit","Fri","03:00:00","03","September"
"4752","posted",NA,"ACC-1496451953","145.16","-37.84","PAYMENT",NA,"Ricky",10500.09,2018-09-07 07:00:00,"M",43,NA,NA,23,"ec8a75ab9c57425cb40f60719832cdc3","CUS-3142625864",NA,NA,"debit","Fri","04:00:00","04","September"
"4753","posted",NA,"ACC-1710017148","150.82","-34.01","PAYMENT",NA,"Michelle",8975.12,2018-09-07 07:00:00,"F",19,NA,NA,40,"95fea6659926486bb9b7ac6a4b3471fb","CUS-883482547",NA,NA,"debit","Fri","04:00:00","04","September"
"4754","authorized","0","ACC-2673069055","152.99","-27.49","SALES-POS","6ed40c89-5af3-44db-8a1f-a62ffa19e07b","Richard",15156.39,2018-09-07 07:00:00,"M",24,"Victoria Point","QLD",10.69,"43fd8513abb84a6e9b2e1ec7d80d0662","CUS-51506836","153.28","-27.59","debit","Fri","04:04:17","04","September"
"4755","authorized","1","ACC-2231965366","144.96","-37.84","POS","d2f56f9c-4de9-4dea-8db7-50300e92d5e4","Linda",12183.52,2018-09-07 07:00:00,"F",35,"Docklands","VIC",11.6,"dadff205bf49402bbf1c47dcd0218cd8","CUS-2155701614","144.95","-37.82","debit","Fri","04:22:08","04","September"
"4756","authorized","1","ACC-3326339947","151.18","-33.80","SALES-POS","1087cfc6-df78-4677-bb29-87d20fbcb885","Eric",7167.74,2018-09-07 07:00:00,"M",22,"Eastlakes","NSW",17.15,"deef0336f90441de93efff5edf1488c1","CUS-326006476","151.21","-33.93","debit","Fri","04:39:59","04","September"
"4757","authorized","1","ACC-1037050564","153.10","-27.66","POS","7615faac-e3cb-46ec-bcfe-69ba4b92ca6b","Rhonda",3473.89,2018-09-07 07:00:00,"F",40,"Palmwoods","QLD",10.25,"b7dc3785c65344749eeee7c962ea46ee","CUS-1614226872","152.96","-26.69","debit","Fri","04:57:51","04","September"
"4758","posted",NA,"ACC-3827517394","151.12","-33.89","PAYMENT",NA,"Craig",35905.93,2018-09-07 07:00:00,"M",28,NA,NA,65,"aa10313134e74e1a91a48f2acc64afed","CUS-2663907001",NA,NA,"debit","Fri","05:00:00","05","September"
"4759","posted",NA,"ACC-3941181087","115.79","-31.94","PAYMENT",NA,"Paul",7969.88,2018-09-07 07:00:00,"M",25,NA,NA,28,"2e541b94f69a4c99897fbd98fe76deee","CUS-3989008654",NA,NA,"debit","Fri","06:00:00","06","September"
"4760","posted",NA,"ACC-1990648130","114.62","-28.80","PAYMENT",NA,"Kaitlyn",3371.94,2018-09-07 07:00:00,"F",21,NA,NA,28,"131a6d569e8244629ff287cd5b3973f6","CUS-809013380",NA,NA,"debit","Fri","06:00:00","06","September"
"4761","authorized","1","ACC-2265520058","151.27","-33.85","SALES-POS","c070823f-f985-4974-b7ac-7a0090b26ddc","Catherine",3100.82,2018-09-07 07:00:00,"F",26,"Penshurst","NSW",16.61,"1cf4232ba16940ee968d4a00280e96bd","CUS-331942311","151.09","-33.97","debit","Fri","06:13:59","06","September"
"4762","posted",NA,"ACC-1496451953","145.16","-37.84","PAYMENT",NA,"Ricky",10483.09,2018-09-07 07:00:00,"M",43,NA,NA,17,"9cd09cf3917a4e0ebcc5c5b18ecb3c9b","CUS-3142625864",NA,NA,"debit","Fri","07:00:00","07","September"
"4763","authorized","0","ACC-2901672282","255.00","-573.00","SALES-POS","aad79b71-b881-4a40-ac25-8a8c6766a2cb","Daniel",4614.96,2018-09-07 07:00:00,"M",22,"Wollongong","NSW",89.31,"482771504ea24e4d9786f029f891b2b1","CUS-1617121891","150.89","-34.42","debit","Fri","07:02:29","07","September"
"4764","authorized","1","ACC-1334819143","145.13","-37.70","POS","5339d6a8-a898-4314-9bf4-4e028757448f","Christopher",60162.25,2018-09-07 07:00:00,"M",33,"Mulgrave","VIC",25.7,"30397853431f4bb0b7ba8b871f45df47","CUS-3117610635","145.17","-37.93","debit","Fri","07:33:44","07","September"
"4765","authorized","1","ACC-4258502723","145.45","-37.74","POS","7c3d05f7-f40d-4912-a39e-b8fa2fb1c23e","Kimberly",2834.47,2018-09-07 07:00:00,"F",24,"Port Melbourne","VIC",6.83,"62473edda8514e5fbb1c09d0d8c140c1","CUS-3378712515","144.94","-37.84","debit","Fri","08:01:39","08","September"
"4766","authorized","1","ACC-1334819143","145.13","-37.70","SALES-POS","db263a80-777b-4587-96e0-4eb3f6d719f8","Christopher",60151.02,2018-09-07 07:00:00,"M",33,"Tarneit","VIC",11.23,"928c88fd06514bc7902e71d7547ae29a","CUS-3117610635","144.71","-37.85","debit","Fri","08:12:04","08","September"
"4767","authorized","1","ACC-1037050564","153.10","-27.66","SALES-POS","d4d24e28-a394-4232-a236-1c9189fd5482","Rhonda",3465.85,2018-09-07 07:00:00,"F",40,"Pacific Pines","QLD",8.04,"db2cdaa00e2a42e8b373c63189f95f4f","CUS-1614226872","153.32","-27.95","debit","Fri","08:22:29","08","September"
"4768","authorized","1","ACC-1516130869","130.84","-12.45","SALES-POS","94133b56-52a5-42cf-9109-dceafb25d2db","Jessica",3245.16,2018-09-07 07:00:00,"F",21,"Casuarina","NT",14.72,"ea399368e1894020aa76adb6272f7925","CUS-325142416","130.88","-12.37","debit","Fri","08:32:54","08","September"
"4769","authorized","1","ACC-354106658","151.04","-33.80","SALES-POS","536cff51-6a01-4afd-aa49-c8f5a2431f22","Christine",6286.77,2018-09-07 07:00:00,"F",39,"Edensor Park","NSW",36.59,"341b5837c0974b15bd7a57fa446626e4","CUS-2376382098","150.88","-33.88","debit","Fri","08:43:19","08","September"
"4770","authorized","1","ACC-574997646","150.79","-33.64","POS","f96fca02-1662-4ad1-88a8-a6b37b34b098","Mackenzie",2805.39,2018-09-07 07:00:00,"F",18,"Busselton","WA",20.02,"1ba847f14eb242a788e3d6ca2dfe4232","CUS-586638664","115.34","-33.65","debit","Fri","08:53:44","08","September"
"4771","posted",NA,"ACC-1710017148","150.82","-34.01","PAYMENT",NA,"Michelle",8775.12,2018-09-07 07:00:00,"F",19,NA,NA,200,"4c6f227b09334f2a89c7cea09d3e4da0","CUS-883482547",NA,NA,"debit","Fri","09:00:00","09","September"
"4772","authorized","0","ACC-3879258709","143.83","-37.66","POS","f37fb109-48b6-477b-b12c-3a6dc91fbbaf","Natasha",196554.17,2018-09-07 07:00:00,"F",40,"Craigieburn","VIC",32.01,"235c614929af4f6cb8c6ea2c28a747a2","CUS-527400765","144.93","-37.59","debit","Fri","09:02:23","09","September"
"4773","authorized","0","ACC-1334819143","145.13","-37.70","SALES-POS","6c97fa19-15f7-4be4-a1ce-2ef7ddb79eb6","Christopher",60103.41,2018-09-07 07:00:00,"M",33,"Marlo","VIC",47.61,"ab2a758d111144aa8c449aca9a30b130","CUS-3117610635","148.53","-37.8","debit","Fri","09:08:22","09","September"
"4774","authorized","1","ACC-1424176027","151.08","-33.93","POS","442dd83e-297a-46e7-83af-8c82e549886b","Donald",5311.59,2018-09-07 07:00:00,"M",22,"Bondi Beach","NSW",11.34,"0c95dd22cd4c4d9d8474b0bfd8b5d746","CUS-3431016847","151.28","-33.89","debit","Fri","09:14:22","09","September"
"4775","authorized","1","ACC-1424176027","151.08","-33.93","SALES-POS","718a6999-71c3-4289-9b5e-faceee179ff6","Donald",5297.71,2018-09-07 07:00:00,"M",22,"Bondi Junction","NSW",13.88,"2d848ba2092d437c87cef9773b9a8847","CUS-3431016847","151.25","-33.89","debit","Fri","09:20:21","09","September"
"4776","authorized","1","ACC-2890243754","153.32","-27.93","SALES-POS","2d97d1a1-92ea-4475-b8aa-c3261eb1fcc4","Joseph",2764.52,2018-09-07 07:00:00,"M",37,"Taringa","QLD",5.82,"5d137701e0ce44a4aa99eb5f76811201","CUS-2695611575","152.98","-27.49","debit","Fri","09:26:20","09","September"
"4777","authorized","1","ACC-1334819143","145.13","-37.70","SALES-POS","2f6f5d86-df84-4ea2-9ff0-a728e48c4dbe","Christopher",60075.15,2018-09-07 07:00:00,"M",33,"Melbourne","VIC",28.26,"6160f3d056eb45408489119725da26b3","CUS-3117610635","144.96","-37.81","debit","Fri","09:32:20","09","September"
"4778","authorized","0","ACC-3485804958","138.52","-35.01","POS","ea247b5c-61ee-4106-988f-84c3036ce5e0","Jessica",20441.11,2018-09-07 07:00:00,"F",34,"South Nowra","NSW",46.64,"ef9f4cebb7a44597a376a600f968d71e","CUS-1196156254","150.6","-34.92","debit","Fri","09:38:19","09","September"
"4779","authorized","1","ACC-3326339947","151.18","-33.80","SALES-POS","0d40d160-af20-47eb-a715-c90935884964","Eric",7087.55,2018-09-07 07:00:00,"M",22,"Brighton-Le-Sands","NSW",80.19,"b8750b46ca32423ebb1cd00bb79499d5","CUS-326006476","151.15","-33.96","debit","Fri","09:44:18","09","September"
"4780","authorized","1","ACC-854938045","147.63","-22.84","SALES-POS","8e83c95f-f8d1-44c1-8cc1-a06fc34b5482","James",11486.46,2018-09-07 07:00:00,"M",28,"Annerley","QLD",23.35,"445fcab63949463b80b37e8a7e574b5f","CUS-4023861240","153.03","-27.5","debit","Fri","09:50:17","09","September"
"4781","authorized","1","ACC-1037050564","153.10","-27.66","SALES-POS","b0a6a7f9-b9c9-45b3-ac1b-eaf2e65a141c","Rhonda",3457.36,2018-09-07 07:00:00,"F",40,"Kalbarri","WA",8.49,"2015201054b846c9895dbc4764d97a52","CUS-1614226872","114.17","-27.71","debit","Fri","09:56:17","09","September"
"4782","posted",NA,"ACC-1334819143","145.13","-37.70","PAYMENT",NA,"Christopher",60025.15,2018-09-07 07:00:00,"M",33,NA,NA,50,"8cc2af3606c5435ba0fc51e51c5d362c","CUS-3117610635",NA,NA,"debit","Fri","10:00:00","10","September"
"4783","authorized","0","ACC-2673069055","152.99","-27.49","POS","62febf9f-1112-46b5-b5f3-87a69dac25a5","Richard",15147.17,2018-09-07 07:00:00,"M",24,"South Brisbane","QLD",9.22,"30b55cfd02ed4bf99c6815351d674fbe","CUS-51506836","153.02","-27.48","debit","Fri","10:06:26","10","September"
"4784","authorized","0","ACC-3879258709","143.83","-37.66","POS","ff76a026-fa28-4445-982e-8987b29ed813","Natasha",196527.04,2018-09-07 07:00:00,"F",40,"Maryborough","VIC",27.13,"55a7dfbd59024cf3ba51619df9ca1c2f","CUS-527400765","143.75","-37.05","debit","Fri","10:40:20","10","September"
"4785","authorized","0","ACC-182446574","116.06","-32.00","SALES-POS","f4685410-ba79-41cc-9ee0-4f73c96e5dbf","Tonya",5110.89,2018-09-07 07:00:00,"F",27,"Innaloo","WA",28.05,"8a72794a8095487ab77ecec693afc91d","CUS-3026014945","115.8","-31.9","debit","Fri","10:57:17","10","September"
"4786","posted",NA,"ACC-1788473090","145.06","-37.95","INTER BANK",NA,"Rachael",5161.9,2018-09-07 07:00:00,"F",21,NA,NA,66,"abad866a44064fabba456888ecd617a5","CUS-134193016",NA,NA,"debit","Fri","11:00:00","11","September"
"4787","posted",NA,"ACC-3536132544","144.93","-37.79","PAYMENT",NA,"Heather",4145.87,2018-09-07 07:00:00,"F",41,NA,NA,33,"3a6047957caf4b7ca6db7aaddfbceaf5","CUS-2348881191",NA,NA,"debit","Fri","11:00:00","11","September"
"4788","posted",NA,"ACC-414431115","142.77","-37.06","INTER BANK",NA,"Amy",2871.3,2018-09-07 07:00:00,"F",43,NA,NA,18,"9d4ee593efb74cdeaf8aa19394fea1d5","CUS-2599279756",NA,NA,"debit","Fri","11:00:00","11","September"
"4789","posted",NA,"ACC-38923874","151.27","-33.90","PAY/SALARY",NA,"Ryan",37879.54,2018-09-07 07:00:00,"M",38,NA,NA,1880.95,"10e1d913c37a478cb2c000d36ad29cf2","CUS-3249305314",NA,NA,"credit","Fri","11:00:00","11","September"
"4790","authorized","1","ACC-3481401842","115.74","-31.72","POS","04353484-7e25-4562-af6a-2883c7a8d736","Tiffany",3112.08,2018-09-07 07:00:00,"F",25,"Joondalup","WA",29.57,"6a7c2cec07774edfb20d785709f21c9a","CUS-1669695324","115.77","-31.76","debit","Fri","11:05:57","11","September"
"4791","authorized","1","ACC-2528867619","138.58","-34.96","SALES-POS","7a2ee63d-876e-4b9f-aee3-07e3215ebdd6","Abigail",8255.33,2018-09-07 07:00:00,"F",40,"Huskisson","NSW",20.45,"63c43f350bd04a97aadf56713b3a6216","CUS-2505971401","150.67","-35.04","debit","Fri","11:13:02","11","September"
"4792","authorized","1","ACC-854938045","147.63","-22.84","POS","d57b8149-8eca-48e6-811d-e7317249725f","James",11450.8,2018-09-07 07:00:00,"M",28,"Ningaloo","WA",35.66,"56eba74155304d0799af15ca05db842d","CUS-4023861240","113.83","-22.76","debit","Fri","11:20:08","11","September"
"4793","authorized","1","ACC-3879258709","143.83","-37.66","SALES-POS","1c33ae03-554a-4cd7-baeb-69ecce04719c","Natasha",196511.95,2018-09-07 07:00:00,"F",40,"Camberwell","VIC",15.09,"311e077a5d5041ea8f519103abe34e08","CUS-527400765","145.06","-37.85","debit","Fri","11:27:14","11","September"
"4794","authorized","0","ACC-354106658","151.04","-33.80","SALES-POS","417a6024-581d-407c-b221-05735c043097","Christine",6263.02,2018-09-07 07:00:00,"F",39,"Collaroy","NSW",23.75,"74ecfee8cceb4cfb93d158791b2201cf","CUS-2376382098","151.3","-33.74","debit","Fri","11:34:19","11","September"
"4795","authorized","1","ACC-1516130869","130.84","-12.45","POS","bf3bc19d-ccf4-4117-af76-f1375d2a6e1b","Jessica",3228.11,2018-09-07 07:00:00,"F",21,"Marrara","NT",17.05,"03d2c253a82c495aa82db7607bf17062","CUS-325142416","130.9","-12.4","debit","Fri","11:41:25","11","September"
"4796","authorized","1","ACC-3741880913","150.50","-23.40","POS","a2d881a3-218c-45f6-8a5d-dd30c656fbf8","Ashley",7376.82,2018-09-07 07:00:00,"F",25,"Balmoral","NSW",20.94,"0b7ce5c4f55a4d6f8a48ca8cc194d0dc","CUS-1220154422","150.53","-34.29","debit","Fri","11:48:30","11","September"
"4797","authorized","1","ACC-2890243754","153.32","-27.93","SALES-POS","bbc37d9f-7125-44f4-bce3-bed20778d75a","Joseph",2737.43,2018-09-07 07:00:00,"M",37,"Runaway Bay","QLD",27.09,"01fe04501a66420aa7f2fe3e5e76d132","CUS-2695611575","153.4","-27.91","debit","Fri","11:55:36","11","September"
"4798","posted",NA,"ACC-3485804958","138.52","-35.01","PAYMENT",NA,"Jessica",20425.11,2018-09-07 07:00:00,"F",34,NA,NA,16,"1e214d202b0c4962be959045e42b3356","CUS-1196156254",NA,NA,"debit","Fri","12:00:00","12","September"
"4799","posted",NA,"ACC-3689607373","115.79","-31.79","PAY/SALARY",NA,"Virginia",5127.85,2018-09-07 07:00:00,"F",20,NA,NA,1138.79,"518de3e4f8664570b2ec59bb3e7fb5b3","CUS-127297539",NA,NA,"credit","Fri","12:00:00","12","September"
"4800","posted",NA,"ACC-2890243754","153.32","-27.93","PAY/SALARY",NA,"Joseph",3654.88,2018-09-07 07:00:00,"M",37,NA,NA,917.45,"1aae1f3957f64195a8ed52daa463b3aa","CUS-2695611575",NA,NA,"credit","Fri","12:00:00","12","September"
"4801","authorized","1","ACC-1222300524","151.23","-33.94","SALES-POS","bd55b2be-eda5-45e8-8a91-053eafbd5480","Michael",64.13,2018-09-07 07:00:00,"M",38,"Bridgetown","WA",6.71,"fe6986c1f84c4e399deacedddd992d79","CUS-2142601169","116.14","-33.96","debit","Fri","12:06:33","12","September"
"4802","authorized","1","ACC-2673069055","152.99","-27.49","SALES-POS","9a03ee73-65a0-4669-a9b0-b77c5a2cf3f7","Richard",15138.16,2018-09-07 07:00:00,"M",24,"Caboolture","QLD",9.01,"327638409fe742919aaa72b077649460","CUS-51506836","152.95","-27.09","debit","Fri","12:23:47","12","September"
"4803","authorized","1","ACC-90814749","151.68","-32.98","SALES-POS","578abd32-896d-4677-9738-69306f8d3caa","Christopher",8487.94,2018-09-07 07:00:00,"M",35,"Canterbury","VIC",15.73,"6bc4920e78554a7ca711475271a1116a","CUS-1896554896","145.08","-37.82","debit","Fri","12:41:02","12","September"
"4804","authorized","1","ACC-1424176027","151.08","-33.93","POS","e255f424-a557-4e38-ba6b-53af1055b3cc","Donald",5273.28,2018-09-07 07:00:00,"M",22,"Waverton","NSW",24.43,"b05b355cdb284d5ba1c9b04a5c9408be","CUS-3431016847","151.2","-33.84","debit","Fri","12:58:16","12","September"
"4805","posted",NA,"ACC-559365433","147.31","-42.88","PAY/SALARY",NA,"Mary",2403.78,2018-09-07 07:00:00,"F",64,NA,NA,576,"32f6d713bf9a4530963f6539a01ef621","CUS-1654129794",NA,NA,"credit","Fri","13:00:00","13","September"
"4806","posted",NA,"ACC-3481401842","115.74","-31.72","PAY/SALARY",NA,"Tiffany",4337.41,2018-09-07 07:00:00,"F",25,NA,NA,1225.33,"dfb2d00ff217456eb0b7b8426ca37116","CUS-1669695324",NA,NA,"credit","Fri","13:00:00","13","September"
"4807","posted",NA,"ACC-2528867619","138.58","-34.96","PAY/SALARY",NA,"Abigail",10201.9,2018-09-07 07:00:00,"F",40,NA,NA,1946.57,"9e143db5f523403cb161b094a32b8a13","CUS-2505971401",NA,NA,"credit","Fri","13:00:00","13","September"
"4808","posted",NA,"ACC-1516130869","130.84","-12.45","PAYMENT",NA,"Jessica",3199.11,2018-09-07 07:00:00,"F",21,NA,NA,29,"2e932ab8c3114f9db2c4a0f4220458f2","CUS-325142416",NA,NA,"debit","Fri","13:00:00","13","September"
"4809","authorized","1","ACC-3879258709","143.83","-37.66","SALES-POS","7ee9a1ff-0737-4028-9c1c-2fc5d392a6fc","Natasha",196477.89,2018-09-07 07:00:00,"F",40,"Mooroolbark","VIC",34.06,"e0994f17b10b4dca81316acca447eb46","CUS-527400765","145.33","-37.79","debit","Fri","13:16:21","13","September"
"4810","authorized","1","ACC-3954677887","115.72","-32.28","POS","db242cd6-db1f-4950-8a6e-a85f66e2437a","Ruth",4770.7,2018-09-07 07:00:00,"F",47,"Applecross","WA",10.53,"b1361fd8047443c7af31c059c3b8c7bd","CUS-3716701010","115.84","-32.01","debit","Fri","13:34:32","13","September"
"4811","authorized","0","ACC-1222300524","151.23","-33.94","SALES-POS","0b4b5cb5-ced8-443e-b4ff-b472bdf7fe88","Michael",49.41,2018-09-07 07:00:00,"M",38,"Dee Why","NSW",14.72,"4ec59652ed694deea2628e1c2e29be1d","CUS-2142601169","151.28","-33.75","debit","Fri","13:52:43","13","September"
"4812","posted",NA,"ACC-1344825761","151.09","-33.91","PAYMENT",NA,"Sarah",17537.8,2018-09-07 07:00:00,"F",46,NA,NA,22,"267cdf020b614dfa8e6415007b840e62","CUS-1499065773",NA,NA,"debit","Fri","14:00:00","14","September"
"4813","posted",NA,"ACC-1523339231","115.83","-31.90","PAYMENT",NA,"Tim",61762.22,2018-09-07 07:00:00,"M",40,NA,NA,40,"67fb3e4066094b028191130bf4493a0b","CUS-1816693151",NA,NA,"debit","Fri","14:00:00","14","September"
"4814","posted",NA,"ACC-574997646","150.79","-33.64","PAY/SALARY",NA,"Mackenzie",4757.68,2018-09-07 07:00:00,"F",18,NA,NA,1952.29,"c82a4d082baa49c689d4d0c511e77116","CUS-586638664",NA,NA,"credit","Fri","14:00:00","14","September"
"4815","authorized","1","ACC-2249586092","115.98","-32.07","SALES-POS","b4f2b65f-632d-4d1c-87c7-3f23526b0d15","Edward",7188.75,2018-09-07 07:00:00,"M",19,"Kalamunda","WA",12.99,"09c22f1f799840d780c0f7d938303387","CUS-443776336","116.05","-31.97","debit","Fri","14:05:10","14","September"
"4816","authorized","1","ACC-37709441","153.41","-28.01","POS","d2ed2ec3-a995-4fcf-99f9-1b85ca2c917d","Charles",10529.43,2018-09-07 07:00:00,"M",18,"Biggera Waters","QLD",6.77,"18a4612eae0c41f39e96f0153dd1296f","CUS-3336454548","153.39","-27.93","debit","Fri","14:13:47","14","September"
"4817","authorized","1","ACC-2673069055","152.99","-27.49","SALES-POS","059be9cb-b858-4a1c-bb45-83bcbecc94a3","Richard",15133.79,2018-09-07 07:00:00,"M",24,"Coorparoo","QLD",4.37,"eaa62fc3b0d84b819d9e0fd97bf4dd82","CUS-51506836","153.06","-27.5","debit","Fri","14:22:24","14","September"
"4818","authorized","1","ACC-1424176027","151.08","-33.93","POS","810f6ad7-0020-4158-974b-77a8b86ed691","Donald",5259.04,2018-09-07 07:00:00,"M",22,"Sydney","NSW",14.24,"a171c4c17f5a4cc290b0140296611353","CUS-3431016847","151.21","-33.86","debit","Fri","14:31:02","14","September"
"4819","authorized","1","ACC-2890243754","153.32","-27.93","POS","d9642f09-08df-4ac6-bc92-3ba4d45784e1","Joseph",3651.13,2018-09-07 07:00:00,"M",37,"Southport","QLD",3.75,"9f144d879be14c85858655be146a4dd4","CUS-2695611575","153.42","-27.97","debit","Fri","14:39:39","14","September"
"4820","authorized","1","ACC-2901672282","255.00","-573.00","POS","a95864ee-dfa5-4a65-b6ec-e5823ca2bc87","Daniel",4587.83,2018-09-07 07:00:00,"M",22,"Adelaide","SA",27.13,"b9a42cd316f84ac38db6b0bfe1e07aa8","CUS-1617121891","138.59","-34.92","debit","Fri","14:48:16","14","September"
"4821","posted",NA,"ACC-1890605467","143.88","-37.66","PAY/SALARY",NA,"Alexander",13615.34,2018-09-07 07:00:00,"M",38,NA,NA,3649.51,"3663547785fb4528a21a7efe47337b57","CUS-1478398256",NA,NA,"credit","Fri","15:00:00","15","September"
"4822","posted",NA,"ACC-90814749","151.68","-32.98","PAY/SALARY",NA,"Christopher",10796.61,2018-09-07 07:00:00,"M",35,NA,NA,2308.67,"6cab3f8e7b9141128db766f5c737cd16","CUS-1896554896",NA,NA,"credit","Fri","15:00:00","15","September"
"4823","posted",NA,"ACC-2673069055","152.99","-27.49","PAY/SALARY",NA,"Richard",21158.28,2018-09-07 07:00:00,"M",24,NA,NA,6024.49,"2a20583ac7ce4bffa46624de2f94d5af","CUS-51506836",NA,NA,"credit","Fri","15:00:00","15","September"
"4824","authorized","1","ACC-847145727","115.90","-31.92","POS","acdca4d5-8eea-4608-951b-63a5589e092b","Michael",54898.99,2018-09-07 07:00:00,"M",19,"Cottesloe","WA",39.58,"bef5fbaecc6d436aab0a39165b79a5e2","CUS-1609060617","115.77","-31.99","debit","Fri","15:05:22","15","September"
"4825","authorized","1","ACC-354106658","151.04","-33.80","POS","c820cbba-1091-469c-8415-459245680b7c","Christine",6230.18,2018-09-07 07:00:00,"F",39,"Nuriootpa","SA",32.84,"540f22abd5b74455a6761b0cbed93576","CUS-2376382098","138.99","-34.47","debit","Fri","15:13:46","15","September"
"4826","authorized","1","ACC-1037050564","153.10","-27.66","POS","3161a05c-2201-4b86-96a5-f794a4295472","Rhonda",3389.21,2018-09-07 07:00:00,"F",40,"Birkdale","QLD",68.15,"904c0c740b4640cf81a66fc1904c8ec9","CUS-1614226872","153.21","-27.5","debit","Fri","15:22:11","15","September"
"4827","authorized","1","ACC-2249586092","115.98","-32.07","POS","fd71cbe9-0658-47c8-b05c-93f162148da8","Edward",7175.42,2018-09-07 07:00:00,"M",19,"Mirrabooka","WA",13.33,"b18b68e043474fbfb40578e3898d6761","CUS-443776336","115.86","-31.87","debit","Fri","15:30:35","15","September"
"4828","authorized","1","ACC-2901672282","255.00","-573.00","POS","b5b916b3-94c5-427e-b88f-7f60c55c35dc","Daniel",4536.03,2018-09-07 07:00:00,"M",22,"Melbourne","VIC",51.8,"142ea7e8c1d24af0b6e35577eaaa2566","CUS-1617121891","144.96","-37.82","debit","Fri","15:38:59","15","September"
"4829","authorized","1","ACC-1598451071","153.41","-27.95","POS","1bfa8201-d177-4949-a3ed-0ffecafc18f8","Diana",1973.26,2018-09-07 07:00:00,"F",26,"Ashmore","QLD",8.71,"80811c2923224b74b61d5516963f8ffc","CUS-2487424745","153.38","-27.99","debit","Fri","15:47:23","15","September"
"4830","authorized","0","ACC-3541460373","145.00","-37.83","SALES-POS","a206448a-a483-472d-a0c8-1ee76b7a4bf6","Jeffrey",2769.54,2018-09-07 07:00:00,"M",24,"Macleod","VIC",25.24,"9a0570e7878d424e9c235afdc9cae83d","CUS-1433879684","145.07","-37.73","debit","Fri","15:55:47","15","September"
"4831","posted",NA,"ACC-80388494","144.97","-37.42","PAY/SALARY",NA,"Dustin",5896.44,2018-09-07 07:00:00,"M",28,NA,NA,1916.51,"4127c11da7a5449295a0e85135d17ecb","CUS-1140341822",NA,NA,"credit","Fri","16:00:00","16","September"
"4832","posted",NA,"ACC-602667573","151.23","-33.96","PAYMENT",NA,"Michael",9067.52,2018-09-07 07:00:00,"M",40,NA,NA,41,"84aa76cbccf34bcf91e31618579e9af4","CUS-2031327464",NA,NA,"debit","Fri","16:00:00","16","September"
"4833","posted",NA,"ACC-964839203","146.92","-36.07","PAY/SALARY",NA,"Michael",35786.03,2018-09-07 07:00:00,"M",21,NA,NA,1560.2,"fbe9a14cab2541ec9239030f5e314a2b","CUS-2059096722",NA,NA,"credit","Fri","16:00:00","16","September"
"4834","posted",NA,"ACC-3827517394","151.12","-33.89","PAYMENT",NA,"Craig",35862.93,2018-09-07 07:00:00,"M",28,NA,NA,43,"28bfce731ec34d0499ae2e0f9cb47444","CUS-2663907001",NA,NA,"debit","Fri","16:00:00","16","September"
"4835","posted",NA,"ACC-2153562714","116.00","-31.88","PAYMENT",NA,"Linda",3509.65,2018-09-07 07:00:00,"F",24,NA,NA,27,"e403e7ed7297464fb950f941fae03d9d","CUS-423725039",NA,NA,"debit","Fri","16:00:00","16","September"
"4836","authorized","0","ACC-1037050564","153.10","-27.66","SALES-POS","9148f42a-c5b8-487d-8f5a-a38264d30552","Rhonda",3287.54,2018-09-07 07:00:00,"F",40,"Melbourne","VIC",101.67,"33e8fc30ab5e4a15aa6fb80248bee867","CUS-1614226872","144.97","-37.82","debit","Fri","16:08:03","16","September"
"4837","authorized","1","ACC-1608363396","151.22","-33.87","POS","40b42e86-858f-4874-8f77-0d5d044dc7be","Robert",6026.28,2018-09-07 07:00:00,"M",20,"Campsie","NSW",42.89,"bda1ba216bd342faa48b1001027e8701","CUS-2688605418","151.1","-33.91","debit","Fri","16:24:11","16","September"
"4838","authorized","1","ACC-854938045","147.63","-22.84","POS","8f49e7a9-c5ca-4c7a-81dc-911ec5e52ba6","James",11403.44,2018-09-07 07:00:00,"M",28,"Ringwood","VIC",47.36,"2dc9a41dc833457da7bf518663adb7a0","CUS-4023861240","145.15","-37.71","debit","Fri","16:40:19","16","September"
"4839","authorized","1","ACC-2673069055","152.99","-27.49","POS","d1b05476-e6b1-4e4d-8005-e3e9e7f2006b","Richard",21143.17,2018-09-07 07:00:00,"M",24,"Cleveland","QLD",15.11,"d5aa88b1597e46b1b3f31d5023815efd","CUS-51506836","153.27","-27.52","debit","Fri","16:56:27","16","September"
"4840","posted",NA,"ACC-819621312","145.04","-37.85","PAYMENT",NA,"Michele",4810.4,2018-09-07 07:00:00,"F",30,NA,NA,154,"0e78e1b65f734ef3a5870bea344954af","CUS-1271030853",NA,NA,"debit","Fri","17:00:00","17","September"
"4841","posted",NA,"ACC-1344825761","151.09","-33.91","PAY/SALARY",NA,"Sarah",20008.25,2018-09-07 07:00:00,"F",46,NA,NA,2470.45,"2c569398214145d19ac219c67b6381f9","CUS-1499065773",NA,NA,"credit","Fri","17:00:00","17","September"
"4842","posted",NA,"ACC-2014856841","144.99","-37.90","PAY/SALARY",NA,"Patrick",264103.82,2018-09-07 07:00:00,"M",46,NA,NA,2179.96,"4939d20a732a4a2d95c1a98bc0264d3d","CUS-2370108457",NA,NA,"credit","Fri","17:00:00","17","September"
"4843","posted",NA,"ACC-3317636250","153.02","-27.66","PAY/SALARY",NA,"Kenneth",12708.9,2018-09-07 07:00:00,"M",35,NA,NA,2544.76,"7a1a6e5ab0114d15a110a812fa5c6117","CUS-2738291516",NA,NA,"credit","Fri","17:00:00","17","September"
"4844","authorized","1","ACC-1037050564","153.10","-27.66","SALES-POS","a8960f5e-08b3-4ce8-bf6a-535ceaecc77a","Rhonda",3250.08,2018-09-07 07:00:00,"F",40,"Dandenong South","VIC",37.46,"dc3b0091899e4ec7b86aef03e8cc0ee5","CUS-1614226872","145.2","-38.01","debit","Fri","17:08:23","17","September"
"4845","authorized","1","ACC-958000567","130.90","-12.37","SALES-POS","dd6626dc-54e0-40bf-9a39-08f6cb2fe9d3","Sandra",7267.29,2018-09-07 07:00:00,"F",34,"West Perth","WA",133.95,"78b3524ccb9e4a469e1096513a617088","CUS-4142663097","115.84","-31.95","debit","Fri","17:29:53","17","September"
"4846","authorized","1","ACC-1222300524","151.23","-33.94","SALES-POS","3c794012-c383-4f54-9ecf-7bff64e564ce","Michael",32.84,2018-09-07 07:00:00,"M",38,"Metricup","WA",16.57,"7677693654504fd3ad2d35df50d0adb1","CUS-2142601169","115.12","-33.81","debit","Fri","17:40:38","17","September"
"4847","authorized","0","ACC-3879258709","143.83","-37.66","POS","6c12fd89-f5b3-4b16-84fe-ffe384d9954b","Natasha",196429,2018-09-07 07:00:00,"F",40,"Kinglake West","VIC",48.89,"f1513a0920ac41cd88506980e6fa3fd1","CUS-527400765","145.27","-37.48","debit","Fri","17:51:23","17","September"
"4848","posted",NA,"ACC-1788473090","145.06","-37.95","INTER BANK",NA,"Rachael",5128.9,2018-09-07 07:00:00,"F",21,NA,NA,33,"537c5a100e4c4e53bb505916469316c3","CUS-134193016",NA,NA,"debit","Fri","18:00:00","18","September"
"4849","posted",NA,"ACC-3541460373","145.00","-37.83","PAYMENT",NA,"Jeffrey",2716.54,2018-09-07 07:00:00,"M",24,NA,NA,53,"38693c8aafa448468a18a64f55403145","CUS-1433879684",NA,NA,"debit","Fri","18:00:00","18","September"
"4850","posted",NA,"ACC-1652235822","144.89","-37.81","PAYMENT",NA,"Renee",20900.98,2018-09-07 07:00:00,"F",38,NA,NA,66,"5f7c75748f494e098f5d0bb095515f43","CUS-2206365095",NA,NA,"debit","Fri","18:00:00","18","September"
"4851","authorized","1","ACC-1037050564","153.10","-27.66","POS","067f7496-40ee-4a33-a9ed-2fc4895363bc","Rhonda",3233.01,2018-09-07 07:00:00,"F",40,"West End","QLD",17.07,"f4d5a5e87aae4cc8b52c747dff73d35d","CUS-1614226872","153.01","-27.48","debit","Fri","18:04:20","18","September"
"4852","authorized","1","ACC-1598451071","153.41","-27.95","POS","b390bd6b-9e19-4a2d-8282-e81dcd657032","Diana",1955.47,2018-09-07 07:00:00,"F",26,"Nerang","QLD",17.79,"3631c9c237d44978aea2527a689a0a9c","CUS-2487424745","153.34","-28.01","debit","Fri","18:26:05","18","September"
"4853","authorized","1","ACC-958000567","130.90","-12.37","POS","d1ac359e-415c-42a7-abae-8d2bcce24af0","Sandra",7235.72,2018-09-07 07:00:00,"F",34,"Fannie Bay","NT",31.57,"cdb38b74f1034e89a918b566c2c511c6","CUS-4142663097","130.84","-12.42","debit","Fri","18:47:49","18","September"
"4854","posted",NA,"ACC-3485804958","138.52","-35.01","PAYMENT",NA,"Jessica",20362.11,2018-09-07 07:00:00,"F",34,NA,NA,63,"daa055c6081d464a9223ab6e6323df53","CUS-1196156254",NA,NA,"debit","Fri","19:00:00","19","September"
"4855","posted",NA,"ACC-3689607373","115.79","-31.79","INTER BANK",NA,"Virginia",5072.85,2018-09-07 07:00:00,"F",20,NA,NA,55,"816b1994d05949bcaccba0958447eee0","CUS-127297539",NA,NA,"debit","Fri","19:00:00","19","September"
"4856","posted",NA,"ACC-2171593283","146.94","-36.04","PAYMENT",NA,"Fernando",11128.81,2018-09-07 07:00:00,"M",19,NA,NA,40,"b1d543c7132641199cc13423ac6218d7","CUS-2317998716",NA,NA,"debit","Fri","19:00:00","19","September"
"4857","posted",NA,"ACC-1438600314","138.69","-34.84","PAYMENT",NA,"Maria",3485.66,2018-09-07 07:00:00,"F",35,NA,NA,45,"e550c1d609eb4bf2837bcce5bd4054d4","CUS-2650223890",NA,NA,"debit","Fri","19:00:00","19","September"
"4858","authorized","1","ACC-847145727","115.90","-31.92","POS","2c58c6a8-7c64-41e2-82f1-d59329839094","Michael",54879.55,2018-09-07 07:00:00,"M",19,"Warwick","WA",19.44,"22f6adc6936e4a00a32e9fdce6e53d42","CUS-1609060617","115.81","-31.84","debit","Fri","19:04:11","19","September"
"4859","authorized","1","ACC-2265520058","151.27","-33.85","SALES-POS","174c502e-6804-4d22-bf4c-2b362b0b9c14","Catherine",2040.02,2018-09-07 07:00:00,"F",26,"Newtown","NSW",1060.8,"9d1713b88f404ab693a8ba3505a08865","CUS-331942311","151.18","-33.9","debit","Fri","19:13:42","19","September"
"4860","authorized","0","ACC-1037050564","153.10","-27.66","SALES-POS","abceb6ed-6007-4ce8-b391-763bf0afe0cd","Rhonda",3226.46,2018-09-07 07:00:00,"F",40,"South Brisbane","QLD",6.55,"9ba06a4a9ddd444589faa0165238f427","CUS-1614226872","153.02","-27.48","debit","Fri","19:23:14","19","September"
"4861","authorized","1","ACC-37709441","153.41","-28.01","POS","31ba1ad6-009c-4b64-8bac-89197be8fd94","Charles",10520.5,2018-09-07 07:00:00,"M",18,"Helensvale","QLD",8.93,"49a093e9de2b497da6a1fd9520399dec","CUS-3336454548","153.34","-27.93","debit","Fri","19:32:45","19","September"
"4862","authorized","1","ACC-1516130869","130.84","-12.45","SALES-POS","7f59e24e-1947-4325-8cfe-e534976e06d2","Jessica",3185.71,2018-09-07 07:00:00,"F",21,"Casuarina","NT",13.4,"d4a96cb7b90b4edeb0d0510c35faee4b","CUS-325142416","130.88","-12.38","debit","Fri","19:42:17","19","September"
"4863","authorized","0","ACC-3481401842","115.74","-31.72","POS","1fce28f6-d100-47b3-aa4f-5a39b577ce7a","Tiffany",4329.08,2018-09-07 07:00:00,"F",25,"Girrawheen","WA",8.33,"6ab4577d4dfd4ed8a443362bdf7a2785","CUS-1669695324","115.83","-31.83","debit","Fri","19:51:48","19","September"
"4864","posted",NA,"ACC-37709441","153.41","-28.01","PAYMENT",NA,"Charles",10493.5,2018-09-07 07:00:00,"M",18,NA,NA,27,"95b839b4595f451c84320e43c24a1e22","CUS-3336454548",NA,NA,"debit","Fri","20:00:00","20","September"
"4865","authorized","1","ACC-53508546","150.62","-33.76","SALES-POS","8c3ebdf3-ba3a-48da-a54a-5985d91fcde8","Kimberly",3986.73,2018-09-07 07:00:00,"F",35,"Chatswood","NSW",10.98,"a805f13a95d1458cbc2ccf023d8708e0","CUS-72755508","151.18","-33.8","debit","Fri","20:01:13","20","September"
"4866","authorized","1","ACC-2173390920","144.71","-37.58","SALES-POS","97c7c248-0737-4906-b710-29fe04f36e5b","Luis",4924.08,2018-09-07 07:00:00,"M",27,"Millicent","SA",25.19,"79b7be7af4a94b80b786b1052e7c21a4","CUS-3180318393","140.35","-37.59","debit","Fri","20:09:54","20","September"
"4867","authorized","1","ACC-1598451071","153.41","-27.95","SALES-POS","a6f73114-758b-47d9-a7f1-cd084a2d74d6","Diana",1942.16,2018-09-07 07:00:00,"F",26,"Hope Island","QLD",13.31,"93391e181116402d85bc14fb244ff2c0","CUS-2487424745","153.35","-27.86","debit","Fri","20:18:36","20","September"
"4868","authorized","0","ACC-2920611728","144.96","-37.76","SALES-POS","d5887d53-1850-4274-8348-c5751e7148ac","Tyler",5429.28,2018-09-07 07:00:00,"M",69,"Mt Gambier","SA",30.29,"d601c8a759264e53a9e7f59b5637f00a","CUS-1388323263","140.79","-37.85","debit","Fri","20:27:18","20","September"
"4869","authorized","1","ACC-1598451071","153.41","-27.95","POS","c385274f-a366-46c8-819b-b78addc3a289","Diana",1938.84,2018-09-07 07:00:00,"F",26,"Allora","QLD",3.32,"f3499d930f5f426c872a4b0a86b36633","CUS-2487424745","151.98","-28.04","debit","Fri","20:35:59","20","September"
"4870","authorized","0","ACC-3954677887","115.72","-32.28","SALES-POS","1854ef5e-5990-46d5-8552-11dbff1c4efa","Ruth",4735.83,2018-09-07 07:00:00,"F",47,"Karawara","WA",34.87,"64f8adb1efe7470c9d408bcb29bb1706","CUS-3716701010","115.89","-32.01","debit","Fri","20:44:41","20","September"
"4871","authorized","1","ACC-1598451071","153.41","-27.95","POS","b2cc24a4-c6bb-422e-bedb-a70d416990c6","Diana",1933.26,2018-09-07 07:00:00,"F",26,"Mermaid Waters","QLD",5.58,"cf598d08172a456283e394b72b49c505","CUS-2487424745","153.41","-28.05","debit","Fri","20:53:23","20","September"
"4872","posted",NA,"ACC-3689607373","115.79","-31.79","PAYMENT",NA,"Virginia",5003.85,2018-09-07 07:00:00,"F",20,NA,NA,69,"b4d1aaf4ed93474ea4e125bc5fb243ec","CUS-127297539",NA,NA,"debit","Fri","21:00:00","21","September"
"4873","posted",NA,"ACC-721712940","145.09","-37.82","PAYMENT",NA,"Andrew",53880.22,2018-09-07 07:00:00,"M",78,NA,NA,38,"5f1060ab74504957b4acc982ac58d243","CUS-1646183815",NA,NA,"debit","Fri","21:00:00","21","September"
"4874","posted",NA,"ACC-2681137560","151.11","-33.99","PAYMENT",NA,"Nathaniel",4790.26,2018-09-07 07:00:00,"M",31,NA,NA,29,"4b7953e2ea664154aa43277fa90bc636","CUS-2083971310",NA,NA,"debit","Fri","21:00:00","21","September"
"4875","posted",NA,"ACC-2171593283","146.94","-36.04","PAYMENT",NA,"Fernando",11078.81,2018-09-07 07:00:00,"M",19,NA,NA,50,"84df94c76f374ac5910cb15e9cd68d5d","CUS-2317998716",NA,NA,"debit","Fri","21:00:00","21","September"
"4876","posted",NA,"ACC-3326339947","151.18","-33.80","PHONE BANK",NA,"Eric",6929.55,2018-09-07 07:00:00,"M",22,NA,NA,158,"bf2053cdaa7645a5b3052c4bcafc6271","CUS-326006476",NA,NA,"debit","Fri","21:00:00","21","September"
"4877","posted",NA,"ACC-1903037542","153.05","-27.61","PAYMENT",NA,"Jeffrey",2827.83,2018-09-07 07:00:00,"M",30,NA,NA,23,"1e72eeb5594147ddb0aa934f2b267cc9","CUS-860700529",NA,NA,"debit","Fri","21:00:00","21","September"
"4878","authorized","1","ACC-1598451071","153.41","-27.95","POS","aef30de1-c67e-4ab7-8577-2931a4bf3c7e","Diana",1922.68,2018-09-07 07:00:00,"F",26,"Yowah","QLD",10.58,"a3ef89d1aae2485abb8894fd3b6c9ae6","CUS-2487424745","144.64","-27.97","debit","Fri","21:01:29","21","September"
"4879","authorized","1","ACC-3541460373","145.00","-37.83","POS","4179a6ae-b81c-4c3f-82bb-e9868d7d1437","Jeffrey",2706,2018-09-07 07:00:00,"M",24,"Helensvale","QLD",10.54,"3611e5d753aa468aa704f063d22d9ac9","CUS-1433879684","153.32","-27.9","debit","Fri","21:07:44","21","September"
"4880","authorized","0","ACC-1349834573","145.17","-37.84","POS","bec58f68-5893-4cc9-a9fa-729feaccc665","Matthew",10119.49,2018-09-07 07:00:00,"M",39,"Collingwood","VIC",18.16,"0488780565b6427abe392b6e5d8a647b","CUS-1790886359","144.98","-37.81","debit","Fri","21:13:59","21","September"
"4881","authorized","0","ACC-1344825761","151.09","-33.91","POS","1b4d71f3-884e-4a30-9c9a-8d1ad0d80e44","Sarah",19981.8,2018-09-07 07:00:00,"F",46,"Waterloo","NSW",26.45,"1dafbe3ba6b54595ae3be0831a5e9ab2","CUS-1499065773","151.2","-33.9","debit","Fri","21:20:14","21","September"
"4882","authorized","1","ACC-2970114956","144.89","-37.69","POS","1b56f398-ffe7-4bb4-8a7a-8b495ea9938c","Robert",7913.55,2018-09-07 07:00:00,"M",26,"Maffra","VIC",5.09,"5811ed30d2da4f759d5e8417044b1daf","CUS-880898248","146.98","-37.97","debit","Fri","21:26:29","21","September"
"4883","authorized","1","ACC-4065652575","115.81","-31.82","SALES-POS","a9fd7bc5-19c8-4d9e-af00-29e5d84c6ab1","Lucas",8460.91,2018-09-07 07:00:00,"M",21,"Claremont","WA",8.08,"a7ab10074369410a83dc18ef74f166b7","CUS-1117979751","115.78","-31.98","debit","Fri","21:32:44","21","September"
"4884","authorized","1","ACC-1349834573","145.17","-37.84","SALES-POS","759d8ced-e171-4238-9465-00cbe78e0d06","Matthew",10101.29,2018-09-07 07:00:00,"M",39,"Altona","VIC",18.2,"32dc45e5694e4fa39695a57a97bac9bd","CUS-1790886359","144.83","-37.87","debit","Fri","21:38:59","21","September"
"4885","authorized","1","ACC-854938045","147.63","-22.84","SALES-POS","62ec8580-7b7f-4024-b09a-30c94d0f43f4","James",10927.92,2018-09-07 07:00:00,"M",28,"Southport","QLD",475.52,"b4e62b0f02e74fa9bcd892675deda7f4","CUS-4023861240","153.41","-27.97","debit","Fri","21:45:14","21","September"
"4886","authorized","1","ACC-574997646","150.79","-33.64","SALES-POS","f96fca02-1662-4ad1-88a8-a6b37b34b098","Mackenzie",4737.91,2018-09-07 07:00:00,"F",18,"Busselton","WA",19.77,"19e6647f7ab34ca7b901eca251f65d24","CUS-586638664","115.34","-33.65","debit","Fri","21:51:29","21","September"
"4887","posted",NA,"ACC-964839203","146.92","-36.07","PAYMENT",NA,"Michael",35651.03,2018-09-07 07:00:00,"M",21,NA,NA,135,"8bf2c5302478481197227049258e457d","CUS-2059096722",NA,NA,"debit","Fri","22:00:00","22","September"
"4888","authorized","1","ACC-2528867619","138.58","-34.96","SALES-POS","1ba5132e-e112-4048-9313-a8af0efeedec","Abigail",10076.98,2018-09-07 07:00:00,"F",40,"Hobart","TAS",124.92,"843130b813534b49a3a68ecd2756d8c2","CUS-2505971401","147.33","-42.88","debit","Fri","22:08:12","22","September"
"4889","authorized","1","ACC-4258502723","145.45","-37.74","SALES-POS","d2b99dd2-ee51-45a9-bdbe-f966d3336ff6","Kimberly",2820.9,2018-09-07 07:00:00,"F",24,"Middle Park","VIC",13.57,"3dde54d9ed22414a8f74e371f27c4ebc","CUS-3378712515","144.96","-37.85","debit","Fri","22:21:01","22","September"
"4890","authorized","1","ACC-1037050564","153.10","-27.66","SALES-POS","df68d1b0-f167-4a7e-9cf1-072d466b3ab9","Rhonda",3182.85,2018-09-07 07:00:00,"F",40,"Ferny Grove","QLD",43.61,"3663b0dd7c86446386866dcd3cf04649","CUS-1614226872","152.93","-27.4","debit","Fri","22:33:50","22","September"
"4891","authorized","1","ACC-1598451071","153.41","-27.95","POS","649e8a50-f564-4458-bc7a-26413299f36f","Diana",1916.56,2018-09-07 07:00:00,"F",26,"Parkwood","QLD",6.12,"e52b8224455e45fbab62a6dca3ff2fce","CUS-2487424745","153.38","-27.96","debit","Fri","22:46:39","22","September"
"4892","posted",NA,"ACC-3541460373","145.00","-37.83","PAYMENT",NA,"Jeffrey",2665,2018-09-07 07:00:00,"M",24,NA,NA,41,"81f9426fb924473296e4794cdfd30470","CUS-1433879684",NA,NA,"debit","Fri","23:00:00","23","September"
"4893","authorized","0","ACC-2673069055","152.99","-27.49","POS","52962314-3628-4865-b842-09a3dd1bd853","Richard",21125.75,2018-09-07 07:00:00,"M",24,"Daisy Hill","QLD",17.42,"a485f1709a714a719e772bea67ddd6c2","CUS-51506836","153.15","-27.64","debit","Fri","23:14:32","23","September"
"4894","authorized","1","ACC-1652235822","144.89","-37.81","SALES-POS","2ad77476-1279-414b-9793-7744c8c19306","Renee",20891.74,2018-09-07 07:00:00,"F",38,"Surry Hills","NSW",9.24,"00c39900c6094ceab1c8ab2e6ee01d19","CUS-2206365095","151.21","-33.89","debit","Fri","23:29:41","23","September"
"4895","authorized","0","ACC-847145727","115.90","-31.92","POS","d9e7e5fb-2a7c-47b1-86a0-0bdbc4e59a66","Michael",54868.72,2018-09-07 07:00:00,"M",19,"Cloverdale","WA",10.83,"3c4265df3fd34b82a0d4db5077a5f4e7","CUS-1609060617","115.94","-31.97","debit","Fri","23:44:50","23","September"
"4896","authorized","1","ACC-2681137560","151.11","-33.99","SALES-POS","591eb556-c5b4-4697-80ad-3c7fe42d49c2","Nathaniel",4722.8,2018-09-07 07:00:00,"M",31,"Broadwater","WA",67.46,"16db40fce9f34cb19280eb7bf53df0a8","CUS-2083971310","115.27","-33.66","debit","Fri","23:59:59","23","September"
"4897","authorized","0","ACC-1598451071","153.41","-27.95","SALES-POS","ca4fd50f-9cbe-4038-85e1-a00c6c410cc1","Diana",1906.17,2018-09-08 07:00:00,"F",26,"Miami","QLD",10.39,"22e53c37a5724d7982591b70ce26c1c9","CUS-2487424745","153.44","-28.06","debit","Sat","00:52:37","00","September"
"4898","authorized","1","ACC-2173390920","144.71","-37.58","POS","32741f25-ef70-46f4-9ad7-98c8636b61dc","Luis",4902.97,2018-09-08 07:00:00,"M",27,"Preston","VIC",21.11,"da6e65035bcd4a08af5c0681d36c6cf9","CUS-3180318393","145.03","-37.74","debit","Sat","01:17:11","01","September"
"4899","authorized","0","ACC-2231965366","144.96","-37.84","SALES-POS","e6707889-de24-4366-860d-c207f4f2a014","Linda",12168.88,2018-09-08 07:00:00,"F",35,"Sunshine North","VIC",14.64,"3892a97123124a119d52d85d4c2ed815","CUS-2155701614","144.83","-37.76","debit","Sat","01:37:11","01","September"
"4900","authorized","0","ACC-2259139624","144.66","-37.91","POS","c830946c-087a-4a30-afaa-21cd09c13534","Cindy",10623.82,2018-09-08 07:00:00,"F",19,"Melbourne","VIC",19.08,"1cde62313f6a49c093415a599cde7637","CUS-3174332735","144.96","-37.82","debit","Sat","01:57:11","01","September"
"4901","posted",NA,"ACC-3481401842","115.74","-31.72","PAYMENT",NA,"Tiffany",4303.08,2018-09-08 07:00:00,"F",25,NA,NA,26,"2c1131d155c8472fa085bf900e787b86","CUS-1669695324",NA,NA,"debit","Sat","02:00:00","02","September"
"4902","authorized","0","ACC-2173390920","144.71","-37.58","SALES-POS","bce20df2-d87c-40b3-b4b3-0b01d1e7a902","Luis",4860.45,2018-09-08 07:00:00,"M",27,"Sebastopol","VIC",42.52,"bd584dc9be8440179caaa51ed05457bd","CUS-3180318393","143.84","-37.6","debit","Sat","02:31:51","02","September"
"4903","authorized","0","ACC-1598451071","153.41","-27.95","SALES-POS","645fd6ac-e636-4bd3-b979-c2a0e438586e","Diana",1899.62,2018-09-08 07:00:00,"F",26,"Upper Coomera","QLD",6.55,"f002a7b98ed44a599525ec3f2a7496d5","CUS-2487424745","153.3","-27.85","debit","Sat","03:14:07","03","September"
"4904","posted",NA,"ACC-964839203","146.92","-36.07","PAYMENT",NA,"Michael",35623.03,2018-09-08 07:00:00,"M",21,NA,NA,28,"26b8cf611acd48108235acbd520321e6","CUS-2059096722",NA,NA,"debit","Sat","04:00:00","04","September"
"4905","authorized","0","ACC-1516130869","130.84","-12.45","SALES-POS","876775f5-2f53-4f93-bf37-799b9ad4ec85","Jessica",3170.36,2018-09-08 07:00:00,"F",21,"Darwin City","NT",15.35,"dfe279fc567746bbb02cf76d249a13dc","CUS-325142416","130.84","-12.47","debit","Sat","04:04:29","04","September"
"4906","authorized","1","ACC-2231965366","144.96","-37.84","POS","ffaffe7f-3d95-4429-a3dd-96a8d6088863","Linda",12123.15,2018-09-08 07:00:00,"F",35,"Prahran","VIC",45.73,"f3b07f6deabf46d89df5c46fb407808d","CUS-2155701614","145","-37.85","debit","Sat","04:24:53","04","September"
"4907","authorized","1","ACC-588564840","151.27","-33.76","POS","a1ca1b7e-a737-4fc8-b070-3e606f52c0d6","Isaiah",11869.62,2018-09-08 07:00:00,"M",23,"Margaret River","WA",10.53,"686893529db84fd3bf30ca1e3c9a14f7","CUS-1462656821","115.07","-33.95","debit","Sat","04:45:18","04","September"
"4908","posted",NA,"ACC-2681137560","151.11","-33.99","PAYMENT",NA,"Nathaniel",4696.8,2018-09-08 07:00:00,"M",31,NA,NA,26,"8068d57579f44cb1821a61475b301d22","CUS-2083971310",NA,NA,"debit","Sat","05:00:00","05","September"
"4909","posted",NA,"ACC-1652235822","144.89","-37.81","PAYMENT",NA,"Renee",20846.74,2018-09-08 07:00:00,"F",38,NA,NA,45,"d5376b18372e464c9c8cb6f655ff88f3","CUS-2206365095",NA,NA,"debit","Sat","05:00:00","05","September"
"4910","posted",NA,"ACC-1650504218","145.01","-37.93","PAYMENT",NA,"Marissa",8642.48,2018-09-08 07:00:00,"F",23,NA,NA,43,"72c08b5d180149e68b8fae7acdb8f179","CUS-2500783281",NA,NA,"debit","Sat","05:00:00","05","September"
"4911","posted",NA,"ACC-4281711154","144.98","-37.84","PAYMENT",NA,"Eric",37697.56,2018-09-08 07:00:00,"M",42,NA,NA,37,"85dda87e9f3640e8a7d277aa833f0aaf","CUS-3151318058",NA,NA,"debit","Sat","05:00:00","05","September"
"4912","authorized","0","ACC-2305712452","138.61","-34.89","POS","8927cdaf-73bc-49c2-ad75-0ebfbe983053","Debra",3029.12,2018-09-08 07:00:00,"F",18,"Yass","NSW",17.99,"6c20dd442c6b427ba1e89f00c994f285","CUS-1842679196","148.91","-34.84","debit","Sat","05:46:39","05","September"
"4913","posted",NA,"ACC-1279356312","144.79","-37.73","PAYMENT",NA,"Tyler",7666.7,2018-09-08 07:00:00,"M",44,NA,NA,156,"74e6729468d2477599fbaebde9c7ea39","CUS-1892177589",NA,NA,"debit","Sat","06:00:00","06","September"
"4914","authorized","1","ACC-1424176027","151.08","-33.93","SALES-POS","bb6ec4f9-6fe1-4f95-8c81-0f5e866a132f","Donald",5250.3,2018-09-08 07:00:00,"M",22,"Prestons","NSW",8.74,"879bbad8a49e4000a4fc4cfdd07e4d08","CUS-3431016847","150.89","-33.93","debit","Sat","06:57:29","06","September"
"4915","authorized","0","ACC-90814749","151.68","-32.98","POS","910d238b-70e0-4ea3-914b-b83c39b44c9f","Christopher",10785.4,2018-09-08 07:00:00,"M",35,"Armidale","NSW",11.21,"e3811736c523461785d2197547f3d3dc","CUS-1896554896","151.68","-30.51","debit","Sat","07:34:17","07","September"
"4916","posted",NA,"ACC-1890605467","143.88","-37.66","PAYMENT",NA,"Alexander",13432.34,2018-09-08 07:00:00,"M",38,NA,NA,183,"e2ccc88d8c394da283175dca18ae86f6","CUS-1478398256",NA,NA,"debit","Sat","08:00:00","08","September"
"4917","authorized","1","ACC-1990648130","114.62","-28.80","POS","654f2746-6db1-4620-99fe-a16cff87db6e","Kaitlyn",3353.41,2018-09-08 07:00:00,"F",21,"Chatswood West","NSW",18.53,"84f258d9db2e40e19d931ba848ccb2fd","CUS-809013380","151.18","-33.8","debit","Sat","08:04:22","08","September"
"4918","authorized","1","ACC-2528867619","138.58","-34.96","SALES-POS","98d84458-4f19-4d80-8063-09cedccf81f8","Abigail",10036.98,2018-09-08 07:00:00,"F",40,"Broughton Village","NSW",40,"50282a5051574af7904776b578ce02f0","CUS-2505971401","150.77","-34.74","debit","Sat","08:19:59","08","September"
"4919","authorized","0","ACC-2776252858","144.95","-37.76","POS","5e3fdc60-650f-4013-b6b4-4c5d772d255c","Kristin",3635.73,2018-09-08 07:00:00,"F",43,"Saint Kilda","VIC",13.2,"283021f8dec24bc4914fa463f67929c4","CUS-4123612273","144.98","-37.87","debit","Sat","08:35:37","08","September"
"4920","authorized","0","ACC-1443681913","150.92","-33.77","POS","0d05f6d3-b8cd-4c32-b997-22cf8eb5019b","Ryan",3457.36,2018-09-08 07:00:00,"M",31,"Bulli","NSW",32.44,"44cfc6409cbf44a4ab413db53763ca5d","CUS-3129499595","150.91","-34.34","debit","Sat","08:51:14","08","September"
"4921","posted",NA,"ACC-958000567","130.90","-12.37","PAYMENT",NA,"Sandra",7101.72,2018-09-08 07:00:00,"F",34,NA,NA,134,"01c209bb50534b6793cb7c690fe26ba4","CUS-4142663097",NA,NA,"debit","Sat","09:00:00","09","September"
"4922","authorized","1","ACC-1652235822","144.89","-37.81","POS","df39e155-fa65-4da8-a339-13a91b6841e0","Renee",20829.14,2018-09-08 07:00:00,"F",38,"Saint Kilda","VIC",17.6,"f736f2fe1f3b4d14a925ce11de3d4520","CUS-2206365095","144.98","-37.87","debit","Sat","09:03:29","09","September"
"4923","authorized","1","ACC-3481401842","115.74","-31.72","SALES-POS","78eee674-b201-4512-83c3-3a1f63dafc05","Tiffany",4277.82,2018-09-08 07:00:00,"F",25,"Girrawheen","WA",25.26,"9d10ea7cc3e141c08da35efff22046d8","CUS-1669695324","115.84","-31.84","debit","Sat","09:11:25","09","September"
"4924","authorized","1","ACC-2776252858","144.95","-37.76","SALES-POS","b7d877e6-8ba8-4aa8-bfba-81e84adfa8b1","Kristin",3609.83,2018-09-08 07:00:00,"F",43,"Wantirna South","VIC",25.9,"9a92374ad1554b2ab59f56d198dadaf5","CUS-4123612273","145.24","-37.87","debit","Sat","09:19:21","09","September"
"4925","authorized","1","ACC-154431271","153.09","-27.48","SALES-POS","9b194151-0828-4494-86f5-ab54d3c2a0d8","Lori",3078.55,2018-09-08 07:00:00,"F",18,"Wilsonton","QLD",44.64,"250a983c51b747359c021360d17b50fb","CUS-3702001629","151.93","-27.54","debit","Sat","09:27:18","09","September"
"4926","authorized","1","ACC-2014856841","144.99","-37.90","SALES-POS","326ed6b6-9f78-4f91-9916-6c33767aa38f","Patrick",264087.73,2018-09-08 07:00:00,"M",46,"Melbourne","VIC",16.09,"ed6ebbe0a41d44058566a19f263965b8","CUS-2370108457","144.97","-37.81","debit","Sat","09:35:14","09","September"
"4927","authorized","1","ACC-1037050564","153.10","-27.66","POS","d21390fc-6411-4b33-9a2d-fad1e293ceee","Rhonda",3139.02,2018-09-08 07:00:00,"F",40,"Brisbane City","QLD",43.83,"e0f079b832b1406dac5bb0ee03456357","CUS-1614226872","153.02","-27.47","debit","Sat","09:43:10","09","September"
"4928","authorized","1","ACC-90814749","151.68","-32.98","POS","1c35dc92-8eb1-4f35-8ea4-5a013fa77f88","Christopher",10612.16,2018-09-08 07:00:00,"M",35,"Barangaroo","NSW",173.24,"65dea3f65507423d905e88058d627b55","CUS-1896554896","151.2","-33.86","debit","Sat","09:51:06","09","September"
"4929","authorized","1","ACC-2107684084","145.03","-37.88","SALES-POS","d8be40eb-0359-4da7-9d6d-8d82a2763b27","Richard",5812.57,2018-09-08 07:00:00,"M",22,"Fairfield","VIC",28.1,"6a47b1d3641e47dbbeb20a7d91302f36","CUS-2283904812","145.02","-37.78","debit","Sat","09:59:02","09","September"
"4930","posted",NA,"ACC-574997646","150.79","-33.64","PAYMENT",NA,"Mackenzie",4692.91,2018-09-08 07:00:00,"F",18,NA,NA,45,"f96b914494024d36a5adb5c41f1252ea","CUS-586638664",NA,NA,"debit","Sat","10:00:00","10","September"
"4931","authorized","0","ACC-1990648130","114.62","-28.80","POS","2e4529be-02ba-44b9-b740-b3914eb04c0a","Kaitlyn",3335.93,2018-09-08 07:00:00,"F",21,"Goonellabah","NSW",17.48,"7be0a7616f144c3d97ed373bdf9bf650","CUS-809013380","153.33","-28.82","debit","Sat","10:08:47","10","September"
"4932","authorized","1","ACC-1443681913","150.92","-33.77","SALES-POS","436ac4a2-c0fd-462e-b6b1-ac4267e0f225","Ryan",3423.31,2018-09-08 07:00:00,"M",31,"Brookvale","NSW",34.05,"0cbf86102db548ee8e6a74d154e79abf","CUS-3129499595","151.27","-33.76","debit","Sat","10:18:47","10","September"
"4933","authorized","1","ACC-3741880913","150.50","-23.40","POS","633d03c8-2319-4802-aaa9-f2c9c366a820","Ashley",7231.8,2018-09-08 07:00:00,"F",25,"Newman","WA",145.02,"efcaec2ee3a7431bb3ba1b0f61bc7f91","CUS-1220154422","119.8","-23.39","debit","Sat","10:28:47","10","September"
"4934","authorized","0","ACC-1349834573","145.17","-37.84","POS","649e2ff1-e1ca-4a2f-a34e-abc5ae73e64f","Matthew",10057.89,2018-09-08 07:00:00,"M",39,"Melbourne","VIC",43.4,"873f7a0a15dd490c8fb03d83960fa221","CUS-1790886359","144.96","-37.82","debit","Sat","10:38:47","10","September"
"4935","authorized","1","ACC-2920611728","144.96","-37.76","POS","a7757fd8-1f60-4201-a7fd-b6c4cf90871c","Tyler",5382.32,2018-09-08 07:00:00,"M",69,"Lilydale","VIC",46.96,"011ad9f8627e4ecf8559b357a6447431","CUS-1388323263","145.35","-37.76","debit","Sat","10:48:47","10","September"
"4936","authorized","0","ACC-2681137560","151.11","-33.99","POS","93cd9b38-d890-45f1-9ccd-b9a90181bdcd","Nathaniel",4686.44,2018-09-08 07:00:00,"M",31,"Bondi Junction","NSW",10.36,"7e7aab1bf60b4a4c8c501c7bf33b9fec","CUS-2083971310","151.25","-33.89","debit","Sat","10:58:47","10","September"
"4937","posted",NA,"ACC-2681137560","151.11","-33.99","PAYMENT",NA,"Nathaniel",4669.44,2018-09-08 07:00:00,"M",31,NA,NA,17,"66c1e436fd5149ff9ce3261f65a912c7","CUS-2083971310",NA,NA,"debit","Sat","11:00:00","11","September"
"4938","authorized","1","ACC-37709441","153.41","-28.01","POS","58ca4138-eccc-44ed-b9f4-89f52f586b07","Charles",10478.9,2018-09-08 07:00:00,"M",18,"Biggera Waters","QLD",14.6,"f91071549be946a0a1a1d412f181ca49","CUS-3336454548","153.4","-27.94","debit","Sat","11:06:39","11","September"
"4939","authorized","0","ACC-2231965366","144.96","-37.84","POS","128a4561-435b-4489-832b-04b87d5c14ca","Linda",12085.41,2018-09-08 07:00:00,"F",35,"Boronia","VIC",37.74,"1056d1b612784f4096604147e773d672","CUS-2155701614","145.29","-37.86","debit","Sat","11:14:14","11","September"
"4940","authorized","1","ACC-2901672282","255.00","-573.00","SALES-POS","c7d169a9-fe96-4983-8d1e-9c0c6805a31e","Daniel",4495.29,2018-09-08 07:00:00,"M",22,"Darlinghurst","NSW",40.74,"fb60bfe91b754a3abcfbcc23f2b6ab68","CUS-1617121891","151.22","-33.88","debit","Sat","11:21:49","11","September"
"4941","authorized","1","ACC-1652235822","144.89","-37.81","POS","98d951b2-c2d0-4f20-a148-a8a09208e801","Renee",20769.16,2018-09-08 07:00:00,"F",38,"Malvern East","VIC",59.98,"e9a0b606efe244678dc73b3483898239","CUS-2206365095","145.08","-37.89","debit","Sat","11:29:23","11","September"
"4942","authorized","1","ACC-559365433","147.31","-42.88","POS","74a69984-b77e-4702-b1e8-bb6124aff460","Mary",2213.74,2018-09-08 07:00:00,"F",64,"Wagga Wagga","NSW",190.04,"d731a73e320e423b9e6e99a4fbed7d9a","CUS-1654129794","147.35","-35.12","debit","Sat","11:44:32","11","September"
"4943","authorized","1","ACC-3481401842","115.74","-31.72","POS","e02809a8-154d-4a60-b5c5-b841e4b334bf","Tiffany",4275.47,2018-09-08 07:00:00,"F",25,"Perth","WA",2.35,"d4060a9f3a8d448fbbde45fa29852dd0","CUS-1669695324","115.86","-31.95","debit","Sat","11:52:07","11","September"
"4944","authorized","1","ACC-2014856841","144.99","-37.90","POS","cbd3236c-cf61-4e9a-9480-01f5f0b5a9bf","Patrick",264044.19,2018-09-08 07:00:00,"M",46,"Prahran","VIC",43.54,"5629d429182a4e0784dbbbe92f241b8b","CUS-2370108457","144.99","-37.85","debit","Sat","11:59:41","11","September"
"4945","posted",NA,"ACC-2901672282","255.00","-573.00","PAYMENT",NA,"Daniel",4389.29,2018-09-08 07:00:00,"M",22,NA,NA,106,"0e51521a7e7748eaba8a1b78ff1eae75","CUS-1617121891",NA,NA,"debit","Sat","12:00:00","12","September"
"4946","posted",NA,"ACC-4258502723","145.45","-37.74","PAYMENT",NA,"Kimberly",2745.9,2018-09-08 07:00:00,"F",24,NA,NA,75,"5635da6b4fa34e34b50abf49f961172a","CUS-3378712515",NA,NA,"debit","Sat","12:00:00","12","September"
"4947","posted",NA,"ACC-1998563091","149.03","-35.25","PAYMENT",NA,"David",16037.36,2018-09-08 07:00:00,"M",42,NA,NA,45,"ab6f9e28f6f14527a6e0e07341a39230","CUS-3395687666",NA,NA,"debit","Sat","12:00:00","12","September"
"4948","authorized","1","ACC-1990648130","114.62","-28.80","POS","efaf871e-5d3e-40a2-8990-218c13e5a78e","Kaitlyn",3312.97,2018-09-08 07:00:00,"F",21,"Tabulam","NSW",22.96,"63d40967f06746e9a5b3435e3646f535","CUS-809013380","152.57","-28.89","debit","Sat","12:16:16","12","September"
"4949","authorized","1","ACC-2673069055","152.99","-27.49","POS","4c84abf9-fc4b-4246-a35d-7aed75a9547e","Richard",21101.11,2018-09-08 07:00:00,"M",24,"Sunnybank Hills","QLD",24.64,"a1f2c8925abb4fd49396bbc015006aae","CUS-51506836","153.06","-27.61","debit","Sat","12:33:13","12","September"
"4950","authorized","0","ACC-574997646","150.79","-33.64","SALES-POS","a8c127a3-f399-4861-91ea-159125f1837c","Mackenzie",4559.53,2018-09-08 07:00:00,"F",18,"Busselton","WA",133.38,"9543c378e8de41ccacb6036cab95a9fa","CUS-586638664","115.34","-33.66","debit","Sat","12:50:10","12","September"
"4951","posted",NA,"ACC-90814749","151.68","-32.98","INTER BANK",NA,"Christopher",10568.16,2018-09-08 07:00:00,"M",35,NA,NA,44,"8aa9015817e047fe8db0e1ad029d555c","CUS-1896554896",NA,NA,"debit","Sat","13:00:00","13","September"
"4952","authorized","1","ACC-1598451071","153.41","-27.95","POS","6b6f922a-8f7b-4708-a8b8-4054423556da","Diana",1888.92,2018-09-08 07:00:00,"F",26,"Beaudesert","QLD",10.7,"7ed3e4cbb3de4e9f90705a785aa7f0c6","CUS-2487424745","152.99","-27.98","debit","Sat","13:07:29","13","September"
"4953","authorized","1","ACC-1222300524","151.23","-33.94","SALES-POS","bc1d521f-0e20-483f-84b1-0462893ab4e9","Michael",28.09,2018-09-08 07:00:00,"M",38,"Miller","NSW",4.75,"6783e619d7ee435288d19acc86fcaf19","CUS-2142601169","150.88","-33.92","debit","Sat","13:25:21","13","September"
"4954","authorized","1","ACC-1598451071","153.41","-27.95","POS","174192c8-c07d-461a-8d53-3062fe5151f5","Diana",1877.17,2018-09-08 07:00:00,"F",26,"Sydney","NSW",11.75,"a85ec6a41f1f4cd785036c1b6e05fc25","CUS-2487424745","151.21","-33.86","debit","Sat","13:43:12","13","September"
"4955","posted",NA,"ACC-37709441","153.41","-28.01","INTER BANK",NA,"Charles",10433.9,2018-09-08 07:00:00,"M",18,NA,NA,45,"309be93f6f89458f907b8903055c0661","CUS-3336454548",NA,NA,"debit","Sat","14:00:00","14","September"
"4956","authorized","1","ACC-1990648130","114.62","-28.80","SALES-POS","354b6030-848a-4a1c-be4d-9df2ded3ec6c","Kaitlyn",3302.2,2018-09-08 07:00:00,"F",21,"Wonthella","WA",10.77,"b4d52b1bebb6446b8fd03ed0e9d52697","CUS-809013380","114.63","-28.76","debit","Sat","14:08:54","14","September"
"4957","authorized","1","ACC-3485804958","138.52","-35.01","SALES-POS","02cb9aab-54b3-489e-9189-e7750e0879aa","Jessica",20336.12,2018-09-08 07:00:00,"F",34,"Nowra","NSW",25.99,"b723007edd1b4c7aaa8fe57055cf91ea","CUS-1196156254","150.61","-34.88","debit","Sat","14:17:18","14","September"
"4958","authorized","1","ACC-1037050564","153.10","-27.66","POS","e7cebec6-f27d-443c-81eb-0ce04ffd9659","Rhonda",3114,2018-09-08 07:00:00,"F",40,"Greenbank","QLD",25.02,"99dcf58331994459a0f1ed24cb9d5ae8","CUS-1614226872","152.98","-27.74","debit","Sat","14:25:42","14","September"
"4959","authorized","1","ACC-2014856841","144.99","-37.90","SALES-POS","f5b5f728-a918-425a-b25e-f14da8d6e6f2","Patrick",263985.18,2018-09-08 07:00:00,"M",46,"Doncaster","VIC",59.01,"bab45f957b3146be8541d65772ea0435","CUS-2370108457","145.13","-37.78","debit","Sat","14:34:07","14","September"
"4960","authorized","1","ACC-3954677887","115.72","-32.28","POS","2013fab2-4c62-4f96-8199-22db61f0d0ed","Ruth",4550.18,2018-09-08 07:00:00,"F",47,"Parramatta","NSW",185.65,"223ebadc53e74afa95298a9ed08967ba","CUS-3716701010","151.01","-33.82","debit","Sat","14:42:31","14","September"
"4961","authorized","1","ACC-1443681913","150.92","-33.77","SALES-POS","da3deefd-e453-4ba6-9d32-54edf2dfd93d","Ryan",3392.22,2018-09-08 07:00:00,"M",31,"Docklands","VIC",31.09,"96f003b359ce449f906e86f08c62bde8","CUS-3129499595","144.95","-37.82","debit","Sat","14:50:55","14","September"
"4962","authorized","1","ACC-3481401842","115.74","-31.72","SALES-POS","9f8fd064-020f-4bde-aabb-fae0e838589f","Tiffany",4258.39,2018-09-08 07:00:00,"F",25,"Shoalwater","WA",17.08,"aeae5ce711284e01af5f23f2004a542b","CUS-1669695324","115.71","-32.29","debit","Sat","14:59:19","14","September"
"4963","authorized","0","ACC-2673069055","152.99","-27.49","SALES-POS","2c2fc391-9300-4fc4-907b-a30ed711f4c9","Richard",21067.7,2018-09-08 07:00:00,"M",24,"Browns Plains","QLD",33.41,"f446c53b1ee643b8b45ebfb58358164b","CUS-51506836","153.05","-27.66","debit","Sat","15:09:59","15","September"
"4964","authorized","1","ACC-1890605467","143.88","-37.66","SALES-POS","3aa3094b-1211-4e9c-a427-411d49e23db8","Alexander",13402.17,2018-09-08 07:00:00,"M",38,"Brunswick","VIC",30.17,"7819c02363f84639930f5e8f6bc81ef3","CUS-1478398256","144.96","-37.77","debit","Sat","15:20:52","15","September"
"4965","authorized","1","ACC-559365433","147.31","-42.88","SALES-POS","79dabde3-141d-4363-9b6d-043d695cba32","Mary",2177.76,2018-09-08 07:00:00,"F",64,"Melbourne","VIC",35.98,"2e1d0945e3a34a6fb65d068ae4d5cdcb","CUS-1654129794","145.01","-37.91","debit","Sat","15:31:44","15","September"
"4966","authorized","1","ACC-2249586092","115.98","-32.07","SALES-POS","f5446956-20a9-4c2f-8df8-3d93ce458ccf","Edward",7151.47,2018-09-08 07:00:00,"M",19,"Ceduna","SA",23.95,"c64a6acc42184a318da0e4dcc47a096c","CUS-443776336","133.67","-32.13","debit","Sat","15:42:36","15","September"
"4967","authorized","1","ACC-3879258709","143.83","-37.66","SALES-POS","a85a9434-228d-4e56-b855-6494f0887f01","Natasha",196364.96,2018-09-08 07:00:00,"F",40,"Ballarat Central","VIC",64.04,"930720f3a346481389d87c6984fcaa03","CUS-527400765","143.85","-37.56","debit","Sat","15:53:28","15","September"
"4968","posted",NA,"ACC-2920611728","144.96","-37.76","PAYMENT",NA,"Tyler",5365.32,2018-09-08 07:00:00,"M",69,NA,NA,17,"0536f491f2234645a3fd03f0928ce6df","CUS-1388323263",NA,NA,"debit","Sat","16:00:00","16","September"
"4969","posted",NA,"ACC-37709441","153.41","-28.01","PHONE BANK",NA,"Charles",10412.9,2018-09-08 07:00:00,"M",18,NA,NA,21,"54f24c11c2bb4388a9dc6cc8bf04742a","CUS-3336454548",NA,NA,"debit","Sat","16:00:00","16","September"
"4970","authorized","0","ACC-1222300524","151.23","-33.94","POS","55295baa-7aa8-4c67-bebe-ea99985be37c","Michael",19.23,2018-09-08 07:00:00,"M",38,"Liverpool","NSW",8.86,"c2ba589da66245a1bfe35e08142f51d4","CUS-2142601169","150.92","-33.92","debit","Sat","16:06:33","16","September"
"4971","authorized","1","ACC-2270192619","138.56","-35.27","SALES-POS","f064d22e-3780-467a-ab9e-8d60a7729877","Darren",11949.15,2018-09-08 07:00:00,"M",20,"Kilburn","SA",14.8,"1948415de01049ef9fceb18127506e99","CUS-2110742437","138.58","-34.87","debit","Sat","16:22:57","16","September"
"4972","authorized","0","ACC-2249586092","115.98","-32.07","POS","6738d671-5dbc-4016-a941-9bbb15bdbff8","Edward",7143.66,2018-09-08 07:00:00,"M",19,"Malaga","WA",7.81,"1925348574d8406f9bf28bb5095dc6b9","CUS-443776336","115.88","-31.86","debit","Sat","16:39:20","16","September"
"4973","authorized","1","ACC-2674800293","144.96","-37.69","POS","4f379cad-d380-4426-b39d-32132f77fe27","Elizabeth",27354.13,2018-09-08 07:00:00,"F",50,"Sydney","NSW",660.99,"4eeab795237f42c999082584d482865c","CUS-2977593493","151.21","-33.87","debit","Sat","16:55:44","16","September"
"4974","posted",NA,"ACC-3827517394","151.12","-33.89","PAYMENT",NA,"Craig",35704.93,2018-09-08 07:00:00,"M",28,NA,NA,158,"42def094cba24b0e94ea01721acd6a75","CUS-2663907001",NA,NA,"debit","Sat","17:00:00","17","September"
"4975","posted",NA,"ACC-854938045","147.63","-22.84","PAYMENT",NA,"James",10878.92,2018-09-08 07:00:00,"M",28,NA,NA,49,"3d6e595d2cc3414392864bac717f5063","CUS-4023861240",NA,NA,"debit","Sat","17:00:00","17","September"
"4976","authorized","1","ACC-1349834573","145.17","-37.84","SALES-POS","e8fdd758-7551-4d62-8e7b-faf65c503c5f","Matthew",10043.37,2018-09-08 07:00:00,"M",39,"Melbourne","VIC",14.52,"9505f31bb0554903ae1bb6ad6f1cf585","CUS-1790886359","144.96","-37.82","debit","Sat","17:08:30","17","September"
"4977","authorized","1","ACC-1037050564","153.10","-27.66","POS","d130e4ff-26ff-452c-9b15-e3bf30de9dec","Rhonda",3104.09,2018-09-08 07:00:00,"F",40,"Toowoomba City","QLD",9.91,"55c04d6028e04ed08fbb9c269092ffbc","CUS-1614226872","151.95","-27.56","debit","Sat","17:19:59","17","September"
"4978","authorized","1","ACC-2249586092","115.98","-32.07","SALES-POS","7d4ab535-cd61-47b7-88d6-cbf9102c2487","Edward",6953.38,2018-09-08 07:00:00,"M",19,"Ceduna","SA",190.28,"69e35b4f799b419891b7b9a7e50d6230","CUS-443776336","133.67","-32.12","debit","Sat","17:31:29","17","September"
"4979","authorized","1","ACC-1037050564","153.10","-27.66","POS","0ea7a1c2-55cc-4c4a-8c93-9d630266d869","Rhonda",3080.18,2018-09-08 07:00:00,"F",40,"Everton Park","QLD",23.91,"571a7debd8264c7eba435ad68205ff87","CUS-1614226872","152.99","-27.41","debit","Sat","17:42:59","17","September"
"4980","authorized","1","ACC-1334819143","145.13","-37.70","SALES-POS","cafe47f2-556a-4080-895b-f2adf7c0b8b3","Christopher",59986.46,2018-09-08 07:00:00,"M",33,"Altona North","VIC",38.69,"3c594f033ed14432938b24bb50929f9d","CUS-3117610635","144.85","-37.83","debit","Sat","17:54:28","17","September"
"4981","posted",NA,"ACC-958000567","130.90","-12.37","PAYMENT",NA,"Sandra",7084.72,2018-09-08 07:00:00,"F",34,NA,NA,17,"92105dd40b6c4f03b02425d3048f4c17","CUS-4142663097",NA,NA,"debit","Sat","18:00:00","18","September"
"4982","authorized","0","ACC-574997646","150.79","-33.64","POS","10e9a367-5948-4fa6-83a3-62e0ab1d8934","Mackenzie",4538.04,2018-09-08 07:00:00,"F",18,"Faulconbridge","NSW",21.49,"5d8cc136993a4f379a8dc4088ad14329","CUS-586638664","150.55","-33.69","debit","Sat","18:11:33","18","September"
"4983","authorized","1","ACC-1799207998","150.68","-33.79","SALES-POS","7dee69cf-5736-4247-bccb-f9a0892ae760","Susan",6153.52,2018-09-08 07:00:00,"F",20,"Keilor Park","VIC",412.71,"e97be5010aa747938b98ea726a616d98","CUS-164374203","144.85","-37.72","debit","Sat","18:33:46","18","September"
"4984","authorized","0","ACC-3771436525","145.04","-37.92","POS","f956e328-ee48-45d4-a029-881c62ca44ff","Derek",3205.78,2018-09-08 07:00:00,"M",20,"Caulfield East","VIC",11.04,"2f10d9638c60407f81f335e5221fadac","CUS-3325710106","145.04","-37.88","debit","Sat","18:55:59","18","September"
"4985","authorized","1","ACC-2890243754","153.32","-27.93","POS","976e9595-fdf4-4662-aaf2-476681a0291f","Joseph",3529.55,2018-09-08 07:00:00,"M",37,"Sydney","NSW",121.58,"ae9aab2393cb41ec82537dc66b3c871a","CUS-2695611575","151.2","-33.87","debit","Sat","19:19:21","19","September"
"4986","authorized","1","ACC-182446574","116.06","-32.00","SALES-POS","e758ba3a-533a-4896-8a7b-43497923f393","Tonya",5102.1,2018-09-08 07:00:00,"F",27,"Fremantle","WA",8.79,"182645e7fa2e4fd5bdfb698533963db7","CUS-3026014945","115.75","-32.05","debit","Sat","19:29:59","19","September"
"4987","authorized","1","ACC-3481401842","115.74","-31.72","SALES-POS","2188994a-f42a-4f61-8bb0-b993c7cd8f72","Tiffany",4242.44,2018-09-08 07:00:00,"F",25,"Bunbury","WA",15.95,"fb0a16c53cc84c7aa2590ba77ec57f0e","CUS-1669695324","115.64","-33.33","debit","Sat","19:40:38","19","September"
"4988","authorized","0","ACC-1037050564","153.10","-27.66","SALES-POS","d00e87ea-70f7-41ec-8328-eb2189f46f6c","Rhonda",3041.09,2018-09-08 07:00:00,"F",40,"Helensvale","QLD",39.09,"117ccbbb5d334309b5ad76c7a655a705","CUS-1614226872","153.34","-27.93","debit","Sat","19:51:16","19","September"
"4989","posted",NA,"ACC-3326339947","151.18","-33.80","PAYMENT",NA,"Eric",6856.55,2018-09-08 07:00:00,"M",22,NA,NA,73,"f43626d8b26f4f1e8d48828c126aa15f","CUS-326006476",NA,NA,"debit","Sat","20:00:00","20","September"
"4990","posted",NA,"ACC-4258502723","145.45","-37.74","INTER BANK",NA,"Kimberly",2717.9,2018-09-08 07:00:00,"F",24,NA,NA,28,"6d18ee3d78b54270a99cef4b5ae1cf99","CUS-3378712515",NA,NA,"debit","Sat","20:00:00","20","September"
"4991","authorized","1","ACC-1334819143","145.13","-37.70","SALES-POS","94197892-7827-479f-9239-022e9cd8fba8","Christopher",59932.72,2018-09-08 07:00:00,"M",33,"Altona Meadows","VIC",53.74,"f752cecbb5e643d2a28db36271a0a8cb","CUS-3117610635","144.78","-37.87","debit","Sat","20:01:11","20","September"
"4992","authorized","1","ACC-4065652575","115.81","-31.82","POS","79ef2a69-e119-4d7b-a33c-7099f65c8c5d","Lucas",8396.91,2018-09-08 07:00:00,"M",21,"Wangara","WA",64,"de75f6f7df5048a881de896780957505","CUS-1117979751","115.82","-31.79","debit","Sat","20:07:45","20","September"
"4993","authorized","1","ACC-1443681913","150.92","-33.77","SALES-POS","660292cf-7b01-4be6-b1be-9277e7ca4290","Ryan",3242.14,2018-09-08 07:00:00,"M",31,"Sydney","NSW",150.08,"55a9bce2a98b49e1bf7ffb0466ab23aa","CUS-3129499595","151.2","-33.87","debit","Sat","20:14:20","20","September"
"4994","authorized","1","ACC-3771436525","145.04","-37.92","POS","238774cb-e57c-4054-815a-be7606a52038","Derek",3189.8,2018-09-08 07:00:00,"M",20,"Mount Gambier","SA",15.98,"fe29e7c8a9d94cff901aa6acae971e29","CUS-3325710106","140.78","-37.83","debit","Sat","20:20:55","20","September"
"4995","authorized","1","ACC-1344825761","151.09","-33.91","SALES-POS","55ff1fc2-4da0-42ae-ae7d-193ac4cf8db2","Sarah",19767.29,2018-09-08 07:00:00,"F",46,"Waterloo","NSW",214.51,"8ff887f39f434b1d883a71589ffc9b07","CUS-1499065773","151.2","-33.9","debit","Sat","20:27:29","20","September"
"4996","authorized","1","ACC-1334819143","145.13","-37.70","POS","77d4a1d1-4c03-48fe-bfd1-b39fd7f350aa","Christopher",59913.33,2018-09-08 07:00:00,"M",33,"Brunswick East","VIC",19.39,"9027cfb42aba46c6886b65f226501c94","CUS-3117610635","144.97","-37.77","debit","Sat","20:34:04","20","September"
"4997","authorized","1","ACC-2259139624","144.66","-37.91","SALES-POS","a32f73e9-a11c-489e-a00b-d65ff95a1bf5","Cindy",10585.9,2018-09-08 07:00:00,"F",19,"Eltham","VIC",37.92,"5536e6ea29844f9a8a26f9e5ac605538","CUS-3174332735","145.15","-37.72","debit","Sat","20:40:39","20","September"
"4998","authorized","1","ACC-90814749","151.68","-32.98","POS","1b946c71-30b4-4644-92da-bd0d92bf2909","Christopher",10465.89,2018-09-08 07:00:00,"M",35,"Narrogin","WA",102.27,"f89153773f0a42a3a02d06a8cab8fa8d","CUS-1896554896","117.18","-32.94","debit","Sat","20:47:14","20","September"
"4999","authorized","1","ACC-3771436525","145.04","-37.92","SALES-POS","ed8dbb74-8cca-47c6-b4d1-cec1c9b5e337","Derek",3177.83,2018-09-08 07:00:00,"M",20,"Docklands","VIC",11.97,"3a0e113337314a5e83f34cdbeeaa17e3","CUS-3325710106","144.95","-37.82","debit","Sat","20:53:48","20","September"
"5000","posted",NA,"ACC-1344825761","151.09","-33.91","PAYMENT",NA,"Sarah",19739.29,2018-09-08 07:00:00,"F",46,NA,NA,28,"5c368bda8e574513b55d07f372f501c2","CUS-1499065773",NA,NA,"debit","Sat","21:00:00","21","September"
"5001","authorized","1","ACC-1799207998","150.68","-33.79","POS","cd4bfbe4-85a3-4c43-b1b8-693aaa486699","Susan",6144.7,2018-09-08 07:00:00,"F",20,"North Sydney","NSW",8.82,"43cdde66c5d040a8a5df2a9080fba3c9","CUS-164374203","151.21","-33.84","debit","Sat","21:00:17","21","September"
"5002","authorized","1","ACC-2673069055","152.99","-27.49","POS","7a57eefe-cbd1-4629-ac0e-722f9ee66fe9","Richard",21049.11,2018-09-08 07:00:00,"M",24,"Kedron","QLD",18.59,"46b3ec5be964427aacb3a1d1d76c0673","CUS-51506836","153.03","-27.4","debit","Sat","21:05:02","21","September"
"5003","authorized","0","ACC-3954677887","115.72","-32.28","SALES-POS","c2b7018f-025c-4c19-bd80-3d84733d10c7","Ruth",4536.42,2018-09-08 07:00:00,"F",47,"Hammond Park","WA",13.76,"6dfb1110194c428dbb87e1f4b5c32c64","CUS-3716701010","115.85","-32.16","debit","Sat","21:09:48","21","September"
"5004","authorized","1","ACC-1443681913","150.92","-33.77","SALES-POS","bdf96d63-a630-4367-b08d-5fa55358fcfc","Ryan",3228.23,2018-09-08 07:00:00,"M",31,"Sydney","NSW",13.91,"adbebb8314014b5ebf320af311dd5a5f","CUS-3129499595","151.21","-33.87","debit","Sat","21:19:19","21","September"
"5005","authorized","0","ACC-1598451071","153.41","-27.95","POS","05f07112-72a2-43e5-8d6a-6715c63d7edd","Diana",1857.42,2018-09-08 07:00:00,"F",26,"Oxenford","QLD",19.75,"4a1b5d4b354b43da956c151854eabdf2","CUS-2487424745","153.31","-27.89","debit","Sat","21:24:05","21","September"
"5006","authorized","1","ACC-38923874","151.27","-33.90","POS","de440092-1855-4457-9f2f-746d3a78dfcd","Ryan",37852.16,2018-09-08 07:00:00,"M",38,"Wallaroo","SA",27.38,"798af3d90cd84d9aa9f5b261e703b312","CUS-3249305314","137.63","-33.93","debit","Sat","21:28:51","21","September"
"5007","authorized","1","ACC-2890243754","153.32","-27.93","SALES-POS","6c8d61b1-eb6a-42d3-9a02-dd87e6deb70b","Joseph",3481.44,2018-09-08 07:00:00,"M",37,"Southport","QLD",48.11,"7e74decf04664d1abcfb67b896388c64","CUS-2695611575","153.4","-27.97","debit","Sat","21:33:37","21","September"
"5008","authorized","1","ACC-2305712452","138.61","-34.89","POS","11a16b9d-dfeb-4bbc-b738-dec4f646741d","Debra",2995.91,2018-09-08 07:00:00,"F",18,"Belconnen","ACT",33.21,"e22f697a486e4681a465f1215d127c8c","CUS-1842679196","149.06","-35.24","debit","Sat","21:38:22","21","September"
"5009","authorized","1","ACC-2890243754","153.32","-27.93","SALES-POS","be172563-5944-47ae-ad39-c01576a33450","Joseph",3474.74,2018-09-08 07:00:00,"M",37,"Melbourne","VIC",6.7,"aa8bf9490346478d921086d4c6f9c7bc","CUS-2695611575","144.97","-37.82","debit","Sat","21:43:08","21","September"
"5010","authorized","1","ACC-3485804958","138.52","-35.01","SALES-POS","d5e0135b-d063-45f0-9696-81ece6091c26","Jessica",20317.31,2018-09-08 07:00:00,"F",34,"Mount Clarence","WA",18.81,"dab5e25e486b40b384a3343225e67c3a","CUS-1196156254","117.91","-35.03","debit","Sat","21:47:54","21","September"
"5011","authorized","0","ACC-1199531521","116.02","-31.87","SALES-POS","2c040a35-00d6-4e1b-9a38-f68df3b873c5","Billy",9912.58,2018-09-08 07:00:00,"M",52,"Midland","WA",31.82,"b9f73092d9a04ce585d603da8df19f71","CUS-134833760","116.01","-31.89","debit","Sat","21:52:39","21","September"
"5012","authorized","1","ACC-2681137560","151.11","-33.99","POS","7815cc1e-e52d-4533-8a18-1340c50c2409","Nathaniel",4653.6,2018-09-08 07:00:00,"M",31,"Glebe","NSW",15.84,"d9ecc8ae3ea94ae592fc34bb48f86f43","CUS-2083971310","151.19","-33.88","debit","Sat","21:57:25","21","September"
"5013","posted",NA,"ACC-1799207998","150.68","-33.79","PAYMENT",NA,"Susan",6114.7,2018-09-08 07:00:00,"F",20,NA,NA,30,"63f35fb81d9044c987e94330906443af","CUS-164374203",NA,NA,"debit","Sat","22:00:00","22","September"
"5014","posted",NA,"ACC-2615038700","145.35","-38.03","PAYMENT",NA,"Emily",29801.17,2018-09-08 07:00:00,"F",43,NA,NA,1270,"5cf718112fe042deb489eb604baff8a3","CUS-3255104878",NA,NA,"debit","Sat","22:00:00","22","September"
"5015","authorized","1","ACC-559365433","147.31","-42.88","SALES-POS","cc48220b-a44e-40f4-affd-1aa7363c2730","Mary",2149.08,2018-09-08 07:00:00,"F",64,"Oatlands","TAS",28.68,"d71afb46cd1b4135af852bd5e0575ddb","CUS-1654129794","147.37","-42.3","debit","Sat","22:06:07","22","September"
"5016","authorized","1","ACC-559365433","147.31","-42.88","SALES-POS","7645bd89-9675-4b0b-a598-7a72e59483d7","Mary",2143.26,2018-09-08 07:00:00,"F",64,"Forest Hill","NSW",5.82,"70965602e69249f2add16a3315e87e58","CUS-1654129794","147.46","-35.15","debit","Sat","22:19:27","22","September"
"5017","authorized","1","ACC-2890243754","153.32","-27.93","SALES-POS","bde60467-effb-4a93-bdf3-6e84ef38156b","Joseph",3458.4,2018-09-08 07:00:00,"M",37,"Goonellabah","NSW",16.34,"1f6fc0ad59514bf2b13edd85136068e2","CUS-2695611575","153.33","-28.82","debit","Sat","22:32:47","22","September"
"5018","authorized","0","ACC-2890243754","153.32","-27.93","SALES-POS","85ce7f6f-63f0-4a59-8e8b-b0353ee225a7","Joseph",3449.19,2018-09-08 07:00:00,"M",37,"Biggera Waters","QLD",9.21,"644f41df623e480f8acc2ed2a95d37f9","CUS-2695611575","153.39","-27.93","debit","Sat","22:46:07","22","September"
"5019","authorized","1","ACC-4065652575","115.81","-31.82","SALES-POS","629a092b-8b4a-4182-bace-d7c632aa921a","Lucas",8378.51,2018-09-08 07:00:00,"M",21,"Secret Harbour","WA",18.4,"b6265aad9f8346f09920721aea45c0bb","CUS-1117979751","115.76","-32.41","debit","Sat","22:59:27","22","September"
"5020","posted",NA,"ACC-2014856841","144.99","-37.90","PAYMENT",NA,"Patrick",263942.18,2018-09-08 07:00:00,"M",46,NA,NA,43,"3fc47aa8577743d184abbc900e59ad93","CUS-2370108457",NA,NA,"debit","Sat","23:00:00","23","September"
"5021","posted",NA,"ACC-3954677887","115.72","-32.28","PAYMENT",NA,"Ruth",4512.42,2018-09-08 07:00:00,"F",47,NA,NA,24,"57e6c036aee5461ab401301b360542d5","CUS-3716701010",NA,NA,"debit","Sat","23:00:00","23","September"
"5022","authorized","0","ACC-2897221629","150.90","-34.37","POS","0aca15c9-1ae2-4c0a-8792-c4c5f8982494","Scott",3618.27,2018-09-08 07:00:00,"M",23,"Summer Hill","NSW",15.51,"593ac4d8091d44c18428f52e7c650f86","CUS-511326734","151.14","-33.9","debit","Sat","23:12:58","23","September"
"5023","authorized","1","ACC-2650850707","148.16","-23.52","SALES-POS","cf5ce0ba-0001-498e-9bb8-f534bcbc96d6","Brian",109986.7,2018-09-08 07:00:00,"M",42,"Kalapa","QLD",30.92,"4c31b748a72442ef890ece1fefbd9aa8","CUS-2819545904","150.28","-23.49","debit","Sat","23:26:29","23","September"
"5024","authorized","1","ACC-1652235822","144.89","-37.81","POS","e288a819-9b84-424f-b17c-e4e4869472b4","Renee",20739.84,2018-09-08 07:00:00,"F",38,"Mount Gambier","SA",29.32,"bea3d72601c94d7dbcf78a44b077676b","CUS-2206365095","140.78","-37.83","debit","Sat","23:39:59","23","September"
"5025","authorized","1","ACC-3541460373","145.00","-37.83","POS","98b850d7-13b8-4a3b-9369-b4c10322002b","Jeffrey",2590.94,2018-09-08 07:00:00,"M",24,"Mount Gambier","SA",74.06,"4b8ff6338764433094018f152b9eb5d9","CUS-1433879684","140.77","-37.83","debit","Sat","23:53:30","23","September"
"5026","authorized","1","ACC-1598451071","153.41","-27.95","POS","fcc5f982-d673-4dbd-a893-f01800e9c7de","Diana",1842.73,2018-09-09 07:00:00,"F",26,"Brisbane City","QLD",14.69,"0e644da35fe84cf0826b5cdce8588b24","CUS-2487424745","153.02","-27.47","debit","Sun","00:34:39","00","September"
"5027","authorized","1","ACC-2890243754","153.32","-27.93","SALES-POS","3ae539ca-2824-413c-b978-e87360b047ea","Joseph",3441.85,2018-09-09 07:00:00,"M",37,"Runaway Bay","QLD",7.34,"7ac8327ec5e04005bd57c49b5264ac5f","CUS-2695611575","153.4","-27.91","debit","Sun","01:19:59","01","September"
"5028","authorized","1","ACC-2890243754","153.32","-27.93","POS","dd2927c4-ccc2-4aa7-be03-ca93ae8f77ad","Joseph",3423.96,2018-09-09 07:00:00,"M",37,"Aratula","QLD",17.89,"5c089d83c72e4dc9b01dec3dafdb0588","CUS-2695611575","152.55","-27.98","debit","Sun","01:52:15","01","September"
"5029","posted",NA,"ACC-2107684084","145.03","-37.88","PAYMENT",NA,"Richard",5787.57,2018-09-09 07:00:00,"M",22,NA,NA,25,"7e53c2e1f8ac48f9ad44932b243f1b50","CUS-2283904812",NA,NA,"debit","Sun","02:00:00","02","September"
"5030","posted",NA,"ACC-1998563091","149.03","-35.25","INTER BANK",NA,"David",15878.36,2018-09-09 07:00:00,"M",42,NA,NA,159,"9d5afaa2168444079f1d2332e044f2ec","CUS-3395687666",NA,NA,"debit","Sun","02:00:00","02","September"
"5031","posted",NA,"ACC-1243371644","150.90","-33.78","PAYMENT",NA,"Gregory",4378.65,2018-09-09 07:00:00,"M",42,NA,NA,91,"edc6ccdd17664e4192ecf6dfa0cc71f3","CUS-3904958894",NA,NA,"debit","Sun","02:00:00","02","September"
"5032","authorized","1","ACC-1598451071","153.41","-27.95","POS","f37dc2ff-2dee-4774-b099-32860e4af443","Diana",1836.28,2018-09-09 07:00:00,"F",26,"Surfers Paradise","QLD",6.45,"f56dcab44c8045fe91000e4a49367eb1","CUS-2487424745","153.43","-28.01","debit","Sun","02:31:39","02","September"
"5033","posted",NA,"ACC-964839203","146.92","-36.07","INTER BANK",NA,"Michael",33667.03,2018-09-09 07:00:00,"M",21,NA,NA,1956,"a6a10b4c03524765b6ddd5c63d346c33","CUS-2059096722",NA,NA,"debit","Sun","03:00:00","03","September"
"5034","posted",NA,"ACC-2528867619","138.58","-34.96","INTER BANK",NA,"Abigail",9960.98,2018-09-09 07:00:00,"F",40,NA,NA,76,"e54f4282efd848d0b8da05f8d35654c6","CUS-2505971401",NA,NA,"debit","Sun","03:00:00","03","September"
"5035","posted",NA,"ACC-1056639002","145.03","-37.91","INTER BANK",NA,"Michael",45480.09,2018-09-09 07:00:00,"M",22,NA,NA,36,"7f660372db85431691a1a645d8d46a28","CUS-3462882033",NA,NA,"debit","Sun","03:00:00","03","September"
"5036","posted",NA,"ACC-4258502723","145.45","-37.74","PAYMENT",NA,"Kimberly",2679.9,2018-09-09 07:00:00,"F",24,NA,NA,38,"d192cec1d9f44dd2b32d6397cabb1a18","CUS-3378712515",NA,NA,"debit","Sun","04:00:00","04","September"
"5037","authorized","1","ACC-2173390920","144.71","-37.58","SALES-POS","21a6ce99-99c6-4bd7-bf5b-2289a0b175cb","Luis",4854.59,2018-09-09 07:00:00,"M",27,"Hawthorn","VIC",5.86,"d240db0ad70748b090e0c6b7681d17fe","CUS-3180318393","145.03","-37.83","debit","Sun","04:00:59","04","September"
"5038","authorized","1","ACC-90814749","151.68","-32.98","SALES-POS","d088a060-511c-4bb9-8a16-9f5e37689919","Christopher",10437.99,2018-09-09 07:00:00,"M",35,"Whyalla","SA",27.9,"2d0c96f695554b26996e64450529db59","CUS-1896554896","137.57","-33.04","debit","Sun","04:50:59","04","September"
"5039","posted",NA,"ACC-3485804958","138.52","-35.01","PAYMENT",NA,"Jessica",20286.31,2018-09-09 07:00:00,"F",34,NA,NA,31,"20371ea91f2141f0bb26536680f419f5","CUS-1196156254",NA,NA,"debit","Sun","05:00:00","05","September"
"5040","posted",NA,"ACC-559365433","147.31","-42.88","PAYMENT",NA,"Mary",2113.26,2018-09-09 07:00:00,"F",64,NA,NA,30,"a168b47bdd6c48a48381c1fc10295101","CUS-1654129794",NA,NA,"debit","Sun","05:00:00","05","September"
"5041","posted",NA,"ACC-1279356312","144.79","-37.73","PAYMENT",NA,"Tyler",6354.7,2018-09-09 07:00:00,"M",44,NA,NA,1312,"496224eb7927466789dbf58cef7ba384","CUS-1892177589",NA,NA,"debit","Sun","05:00:00","05","September"
"5042","authorized","1","ACC-182446574","116.06","-32.00","POS","cb0c671a-61ef-4a8c-b9d1-32b0a0b7da7c","Tonya",5090.76,2018-09-09 07:00:00,"F",27,"Armadale","WA",11.34,"cadd6245af594f79959ba3bd76393b83","CUS-3026014945","116.01","-32.15","debit","Sun","05:45:33","05","September"
"5043","posted",NA,"ACC-1523339231","115.83","-31.90","INTER BANK",NA,"Tim",61723.22,2018-09-09 07:00:00,"M",40,NA,NA,39,"c1d4052e51df4cbb8f9537c7f564336e","CUS-1816693151",NA,NA,"debit","Sun","06:00:00","06","September"
"5044","posted",NA,"ACC-3771436525","145.04","-37.92","PAYMENT",NA,"Derek",3128.83,2018-09-09 07:00:00,"M",20,NA,NA,49,"395c38623b374535adcb2d4631f6b3f8","CUS-3325710106",NA,NA,"debit","Sun","07:00:00","07","September"
"5045","authorized","1","ACC-1349834573","145.17","-37.84","SALES-POS","e7b87064-dac2-4549-a43f-bc9c50cb9384","Matthew",10021.43,2018-09-09 07:00:00,"M",39,"Narre Warren","VIC",21.94,"516212bef3d646909e15642fcbacd293","CUS-1790886359","145.3","-38.02","debit","Sun","07:07:46","07","September"
"5046","posted",NA,"ACC-2107684084","145.03","-37.88","INTER BANK",NA,"Richard",5754.57,2018-09-09 07:00:00,"M",22,NA,NA,33,"4a5b0341f398409bb0e9e11d781c557a","CUS-2283904812",NA,NA,"debit","Sun","08:00:00","08","September"
"5047","authorized","0","ACC-1652235822","144.89","-37.81","SALES-POS","aee9de67-d016-4f8d-88f9-4f91c303aa83","Renee",20730.69,2018-09-09 07:00:00,"F",38,"Heathmont","VIC",9.15,"b88a8d4885614d1c8a4d328c7a65f01f","CUS-2206365095","145.25","-37.83","debit","Sun","08:01:25","08","September"
"5048","authorized","0","ACC-2890243754","153.32","-27.93","POS","46b3cce9-e6d0-4d6e-9313-c37b632d9227","Joseph",3377.69,2018-09-09 07:00:00,"M",37,"Robina","QLD",46.27,"8e6edd74502948a086c3e8102b7f698b","CUS-2695611575","153.38","-28.08","debit","Sun","08:25:14","08","September"
"5049","authorized","1","ACC-1037050564","153.10","-27.66","SALES-POS","052df87d-b3ab-4f75-b441-1b574e5e0880","Rhonda",3017,2018-09-09 07:00:00,"F",40,"Port Macquarie","NSW",24.09,"2a9f2e57b840422891d96e52dfb56ae7","CUS-1614226872","152.91","-31.43","debit","Sun","08:49:02","08","September"
"5050","posted",NA,"ACC-2265520058","151.27","-33.85","PAYMENT",NA,"Catherine",1950.02,2018-09-09 07:00:00,"F",26,NA,NA,90,"b43518427e4e4a77834c02e6856ea24a","CUS-331942311",NA,NA,"debit","Sun","09:00:00","09","September"
"5051","authorized","1","ACC-2528867619","138.58","-34.96","POS","688f472b-2e44-4c9a-aba6-ec6b9567dc89","Abigail",9936.04,2018-09-09 07:00:00,"F",40,"Parkes","ACT",24.94,"eec60016a1624ac9ab33620574045306","CUS-2505971401","149.13","-35.3","debit","Sun","09:02:56","09","September"
"5052","authorized","1","ACC-3771436525","145.04","-37.92","SALES-POS","c144ea52-6b42-4480-9691-9dacf2b0891b","Derek",3079.99,2018-09-09 07:00:00,"M",20,"Yarraville","VIC",48.84,"4578b631fbf948f988a111b3b951301e","CUS-3325710106","144.89","-37.82","debit","Sun","09:08:22","09","September"
"5053","authorized","1","ACC-3541460373","145.00","-37.83","SALES-POS","45cd2a6b-0f81-405f-88af-79328651758c","Jeffrey",2556.71,2018-09-09 07:00:00,"M",24,"Surrey Hills","VIC",34.23,"0674bdf238f74dec95a16c0ef2cde2d6","CUS-1433879684","145.1","-37.82","debit","Sun","09:13:48","09","September"
"5054","authorized","0","ACC-1037050564","153.10","-27.66","SALES-POS","86c9064d-0486-4ca1-93d2-66d62243c1d0","Rhonda",2966.84,2018-09-09 07:00:00,"F",40,"Sydney Olympic Park","NSW",50.16,"34d1bf0d986d45ea9c2058c1abd23fb5","CUS-1614226872","151.07","-33.85","debit","Sun","09:19:14","09","September"
"5055","authorized","1","ACC-1037050564","153.10","-27.66","SALES-POS","1af9a7c3-8566-4e85-ac9e-2efd97bbae7e","Rhonda",2832.09,2018-09-09 07:00:00,"F",40,"Sunnybank","QLD",134.75,"12fc30647aa6429f93b9ad9bf032a16e","CUS-1614226872","153.06","-27.57","debit","Sun","09:24:40","09","September"
"5056","authorized","1","ACC-2897221629","150.90","-34.37","POS","7c33de5f-eb5d-4278-a44e-d09495d1c82d","Scott",3602.3,2018-09-09 07:00:00,"M",23,"Seven Hills","NSW",15.97,"30f07ae6be3a4cb8aaf43250cb41f2c2","CUS-511326734","150.93","-33.78","debit","Sun","09:30:06","09","September"
"5057","authorized","1","ACC-90814749","151.68","-32.98","SALES-POS","f3cb8108-19a2-4ac9-9960-63cfe244ddf4","Christopher",10394.19,2018-09-09 07:00:00,"M",35,"Tarro","NSW",43.8,"96d96dedb79d48f98fae418e0aa772a5","CUS-1896554896","151.66","-32.81","debit","Sun","09:35:32","09","September"
"5058","authorized","1","ACC-574997646","150.79","-33.64","POS","55fcdb20-741d-4cc1-8e8a-7ceb7bd356dc","Mackenzie",4494.05,2018-09-09 07:00:00,"F",18,"Mittagong","NSW",43.99,"1ebb7172b9d64cfda465c6c8772c42d4","CUS-586638664","150.47","-34.44","debit","Sun","09:40:58","09","September"
"5059","authorized","0","ACC-1799207998","150.68","-33.79","SALES-POS","3b392f97-d1f6-4c98-8557-ce3126daf0bc","Susan",6038.87,2018-09-09 07:00:00,"F",20,"Wahroonga","NSW",75.83,"6d9c14f013f24c308820370cbd4028e8","CUS-164374203","151.1","-33.73","debit","Sun","09:46:24","09","September"
"5060","authorized","1","ACC-2528867619","138.58","-34.96","POS","09561fb4-4930-4463-bcb5-d2f06804548a","Abigail",9925.9,2018-09-09 07:00:00,"F",40,"Adelaide","SA",10.14,"dea7d9ef116b458dbc11332dc44a4b24","CUS-2505971401","138.59","-34.92","debit","Sun","09:51:50","09","September"
"5061","authorized","1","ACC-2890243754","153.32","-27.93","POS","663064e6-36b7-4a9e-803c-4bb8339491d6","Joseph",3359.25,2018-09-09 07:00:00,"M",37,"Broadbeach","QLD",18.44,"6f28269363344a1495920894a62acd7e","CUS-2695611575","153.43","-28.04","debit","Sun","09:57:16","09","September"
"5062","posted",NA,"ACC-964839203","146.92","-36.07","PAYMENT",NA,"Michael",33625.03,2018-09-09 07:00:00,"M",21,NA,NA,42,"b6990052ca2b4e809144eb140d71a647","CUS-2059096722",NA,NA,"debit","Sun","10:00:00","10","September"
"5063","posted",NA,"ACC-1334819143","145.13","-37.70","PAYMENT",NA,"Christopher",59801.33,2018-09-09 07:00:00,"M",33,NA,NA,112,"9aa1a20c914f4394acd5b4a04fd8b44b","CUS-3117610635",NA,NA,"debit","Sun","10:00:00","10","September"
"5064","authorized","1","ACC-3481401842","115.74","-31.72","POS","8c2d75c6-eb2d-4aaa-9978-3c77872d80b1","Tiffany",4223.91,2018-09-09 07:00:00,"F",25,"Perth","WA",18.53,"9174e816cad24d3b8d752bb90d53caf7","CUS-1669695324","115.86","-31.95","debit","Sun","10:11:37","10","September"
"5065","authorized","1","ACC-3485804958","138.52","-35.01","SALES-POS","1d1a5361-c41c-45fa-aba5-645f3b147e28","Jessica",20255.08,2018-09-09 07:00:00,"F",34,"Culburra Beach","NSW",31.23,"955e9d04368f4509ab749147f5d9c061","CUS-1196156254","150.76","-34.93","debit","Sun","10:19:22","10","September"
"5066","authorized","1","ACC-1222300524","151.23","-33.94","POS","6ad3211d-0c5e-46a7-b768-a094d85fe5cf","Michael",4.2,2018-09-09 07:00:00,"M",38,"Punchbowl","NSW",15.03,"62828bcb045049008873f34677c24cc7","CUS-2142601169","151.06","-33.93","debit","Sun","10:27:07","10","September"
"5067","authorized","1","ACC-1652235822","144.89","-37.81","POS","ce703c72-b44c-4c26-86ac-c1d6ea67852e","Renee",20721.59,2018-09-09 07:00:00,"F",38,"Armadale","VIC",9.1,"bc2407dcc0d74ae984b0a240d5ccc523","CUS-2206365095","145.03","-37.86","debit","Sun","10:34:53","10","September"
"5068","authorized","1","ACC-1598451071","153.41","-27.95","SALES-POS","fc58e9b5-0dd5-4759-a022-0cbc32537772","Diana",1739.04,2018-09-09 07:00:00,"F",26,"Bundall","QLD",97.24,"b00105207c42403fb5d873f4473371bd","CUS-2487424745","153.41","-28.01","debit","Sun","10:42:38","10","September"
"5069","authorized","1","ACC-2890243754","153.32","-27.93","SALES-POS","e67cbcbd-e44b-4cf0-b318-30827a7425af","Joseph",3282.29,2018-09-09 07:00:00,"M",37,"Docklands","VIC",76.96,"ed69e206a8e74fb1a650cee666fdb90d","CUS-2695611575","144.95","-37.82","debit","Sun","10:50:23","10","September"
"5070","authorized","0","ACC-1598451071","153.41","-27.95","POS","65eb41e9-9412-428a-afb2-96662f0b669f","Diana",1720.64,2018-09-09 07:00:00,"F",26,"Labrador","QLD",18.4,"d76f3ca0a84e46238516994e70da01d1","CUS-2487424745","153.4","-27.95","debit","Sun","10:58:08","10","September"
"5071","posted",NA,"ACC-3827517394","151.12","-33.89","PAYMENT",NA,"Craig",35676.93,2018-09-09 07:00:00,"M",28,NA,NA,28,"9025d81b4251489d86db8b9ae07a183f","CUS-2663907001",NA,NA,"debit","Sun","11:00:00","11","September"
"5072","posted",NA,"ACC-1496451953","145.16","-37.84","INTER BANK",NA,"Ricky",10452.09,2018-09-09 07:00:00,"M",43,NA,NA,31,"38878dae30114737bdf9bdbd8d90b68b","CUS-3142625864",NA,NA,"debit","Sun","11:00:00","11","September"
"5073","posted",NA,"ACC-2615038700","145.35","-38.03","INTER BANK",NA,"Emily",29763.17,2018-09-09 07:00:00,"F",43,NA,NA,38,"3e07636dd9d6436f8d34ba284cdd44e9","CUS-3255104878",NA,NA,"debit","Sun","11:00:00","11","September"
"5074","posted",NA,"ACC-854938045","147.63","-22.84","PAYMENT",NA,"James",10844.92,2018-09-09 07:00:00,"M",28,NA,NA,34,"7f8f4eb0e14e4a00a8f7268df93b90f0","CUS-4023861240",NA,NA,"debit","Sun","11:00:00","11","September"
"5075","authorized","0","ACC-1443681913","150.92","-33.77","SALES-POS","3c794012-c383-4f54-9ecf-7bff64e564ce","Ryan",3197.8,2018-09-09 07:00:00,"M",31,"Metricup","WA",30.43,"e910de0e380547fe870eb8a386ecc6d7","CUS-3129499595","115.12","-33.81","debit","Sun","11:09:09","11","September"
"5076","authorized","1","ACC-4258502723","145.45","-37.74","POS","62caefe4-7b4e-4ff4-8085-79a6bebb968c","Kimberly",2670.15,2018-09-09 07:00:00,"F",24,"Richmond","VIC",9.75,"6033413d9a0442fbb36ca6c0eeed6e97","CUS-3378712515","145.01","-37.81","debit","Sun","11:21:12","11","September"
"5077","authorized","1","ACC-1598451071","153.41","-27.95","SALES-POS","38f19626-3e10-4609-9ab4-13920ed89a5d","Diana",1713.95,2018-09-09 07:00:00,"F",26,"Annerley","QLD",6.69,"891fcbde4dc44d4c9f65cb39f60f640b","CUS-2487424745","153.04","-27.51","debit","Sun","11:33:15","11","September"
"5078","authorized","1","ACC-3954677887","115.72","-32.28","POS","ce912643-28ef-478f-aaa5-0f4100a5286a","Ruth",4492.52,2018-09-09 07:00:00,"F",47,"Port Augusta West","SA",19.9,"c6346d433cee40ce81c3d5146710c403","CUS-3716701010","137.76","-32.48","debit","Sun","11:45:18","11","September"
"5079","authorized","1","ACC-1344825761","151.09","-33.91","POS","1b21ead5-0f2a-4c83-8e2e-90341646872c","Sarah",19719.1,2018-09-09 07:00:00,"F",46,"Eveleigh","NSW",20.19,"0e6758050c384255894a6764bb4b003b","CUS-1499065773","151.2","-33.89","debit","Sun","11:57:20","11","September"
"5080","posted",NA,"ACC-3827517394","151.12","-33.89","PAYMENT",NA,"Craig",35528.93,2018-09-09 07:00:00,"M",28,NA,NA,148,"8f5aee00c10745f1900e2b26648edf52","CUS-2663907001",NA,NA,"debit","Sun","12:00:00","12","September"
"5081","posted",NA,"ACC-3317636250","153.02","-27.66","INTER BANK",NA,"Kenneth",12635.9,2018-09-09 07:00:00,"M",35,NA,NA,73,"54870dcbff844331b28f16c37deec8cf","CUS-2738291516",NA,NA,"debit","Sun","12:00:00","12","September"
"5082","posted",NA,"ACC-2249586092","115.98","-32.07","PAYMENT",NA,"Edward",6916.38,2018-09-09 07:00:00,"M",19,NA,NA,37,"ecaaaeeb327d4713acdd4cc9092b4a8b","CUS-443776336",NA,NA,"debit","Sun","12:00:00","12","September"
"5083","authorized","1","ACC-182446574","116.06","-32.00","POS","8ef27717-927e-4c96-ac19-e804a24c8126","Tonya",5077.02,2018-09-09 07:00:00,"F",27,"Chatswood","NSW",13.74,"6edea1aed43f42d7b316402b7142ce74","CUS-3026014945","151.18","-33.8","debit","Sun","12:14:59","12","September"
"5084","authorized","1","ACC-3879258709","143.83","-37.66","POS","b0b6b706-27a4-47c5-aa00-b82739505bcc","Natasha",196339.47,2018-09-09 07:00:00,"F",40,"Craigieburn","VIC",25.49,"c660a9aa841145999e1aa02de935332d","CUS-527400765","144.94","-37.6","debit","Sun","12:34:13","12","September"
"5085","authorized","1","ACC-958000567","130.90","-12.37","SALES-POS","d29084f7-cff3-46ec-ba04-0f0b1ca58a73","Sandra",7069.12,2018-09-09 07:00:00,"F",34,"Darwin City","NT",15.6,"e7e7c2a0241a46f1995596df965df711","CUS-4142663097","130.84","-12.45","debit","Sun","12:53:27","12","September"
"5086","authorized","1","ACC-4258502723","145.45","-37.74","POS","2571ed70-fa7e-4bb2-9b09-f083fc2f1ccd","Kimberly",2657.74,2018-09-09 07:00:00,"F",24,"Preston","VIC",12.41,"106b6108b75e4637a595e1cf32bbaebd","CUS-3378712515","145.03","-37.74","debit","Sun","13:13:11","13","September"
"5087","authorized","1","ACC-2249586092","115.98","-32.07","POS","177a2bfe-d1a4-469f-971c-c9c48c165a43","Edward",6909.14,2018-09-09 07:00:00,"M",19,"Kalamunda","WA",7.24,"01b460fe89a44846b7293bc2a4cd7bfb","CUS-443776336","116.06","-31.97","debit","Sun","13:33:11","13","September"
"5088","authorized","1","ACC-2920611728","144.96","-37.76","SALES-POS","32aa73dc-b7c2-4161-b14d-6271b96ce792","Tyler",5352.61,2018-09-09 07:00:00,"M",69,"Ringwood","VIC",12.71,"46bb0528c13848658285f8c8ae51cf79","CUS-1388323263","145.23","-37.81","debit","Sun","13:53:11","13","September"
"5089","posted",NA,"ACC-2674800293","144.96","-37.69","PAYMENT",NA,"Elizabeth",27183.13,2018-09-09 07:00:00,"F",50,NA,NA,171,"1b666837d63e482aafc203d60f767e7d","CUS-2977593493",NA,NA,"debit","Sun","14:00:00","14","September"
"5090","posted",NA,"ACC-37709441","153.41","-28.01","INTER BANK",NA,"Charles",10372.9,2018-09-09 07:00:00,"M",18,NA,NA,40,"0087743aad824c89bcabbd039bd55f82","CUS-3336454548",NA,NA,"debit","Sun","14:00:00","14","September"
"5091","authorized","1","ACC-1890605467","143.88","-37.66","SALES-POS","3b4cef6e-7b92-41cb-92cb-2602d25486b6","Alexander",13360.36,2018-09-09 07:00:00,"M",38,"Hawthorn","VIC",41.81,"02f57c4292bb419d848308b61ec68514","CUS-1478398256","145.03","-37.82","debit","Sun","14:08:08","14","September"
"5092","authorized","0","ACC-4258502723","145.45","-37.74","POS","fc25b568-cd4a-43cc-a9c8-aceff4141de8","Kimberly",2642.45,2018-09-09 07:00:00,"F",24,"Eltham","VIC",15.29,"946029daeeb54e7eb313a42a69b639dc","CUS-3378712515","145.15","-37.71","debit","Sun","14:20:29","14","September"
"5093","authorized","1","ACC-3481401842","115.74","-31.72","POS","60a6942b-58ed-4908-a17c-7a5447146cbb","Tiffany",4208.98,2018-09-09 07:00:00,"F",25,"Yangebup","WA",14.93,"7579c3a0d2194bd0bdb60b0bcabd4d77","CUS-1669695324","115.83","-32.12","debit","Sun","14:32:50","14","September"
"5094","authorized","1","ACC-1056639002","145.03","-37.91","SALES-POS","3b531f43-befb-4881-ab75-89dafa836086","Michael",45452.03,2018-09-09 07:00:00,"M",22,"Fitzroy","VIC",28.06,"90a29f6056154b74843c895e6bc3f309","CUS-3462882033","144.98","-37.8","debit","Sun","14:45:11","14","September"
"5095","authorized","1","ACC-3771436525","145.04","-37.92","SALES-POS","4bb74c96-f899-4b0c-81ff-8d0d2be302ef","Derek",3065.16,2018-09-09 07:00:00,"M",20,"Melbourne","VIC",14.83,"468ad171de8740fa93b35b1b56c4c84d","CUS-3325710106","144.97","-37.81","debit","Sun","14:57:31","14","September"
"5096","posted",NA,"ACC-2615038700","145.35","-38.03","PAYMENT",NA,"Emily",29662.17,2018-09-09 07:00:00,"F",43,NA,NA,101,"e7cf8392cf314f97bfc7cf9c6de019e9","CUS-3255104878",NA,NA,"debit","Sun","15:00:00","15","September"
"5097","authorized","1","ACC-2897221629","150.90","-34.37","SALES-POS","5a3c3a04-69ec-4c07-beb1-64e96cd3bceb","Scott",3582.31,2018-09-09 07:00:00,"M",23,"Busselton","WA",19.99,"d10e8fec0ef04177a1e0fd104db7327b","CUS-511326734","115.36","-33.66","debit","Sun","15:10:31","15","September"
"5098","authorized","1","ACC-958000567","130.90","-12.37","POS","6669df80-8d32-43ab-96ba-fab667395d0e","Sandra",7057.26,2018-09-09 07:00:00,"F",34,"Darwin","NT",11.86,"460367aae2644ac58e8e59388be386df","CUS-4142663097","130.84","-12.46","debit","Sun","15:23:41","15","September"
"5099","authorized","1","ACC-3084464802","145.15","-37.76","POS","eb106b8b-8a54-4c81-b110-5c006d2e0e05","Susan",6916.83,2018-09-09 07:00:00,"F",19,"Ringwood","VIC",21.08,"c50a06f7f7ce41cf9a420ec9b872c53d","CUS-1928710999","145.22","-37.82","debit","Sun","15:36:50","15","September"
"5100","authorized","1","ACC-3485804958","138.52","-35.01","SALES-POS","fcf4fe27-9b25-47cd-9d79-5107b1d6e526","Jessica",20246,2018-09-09 07:00:00,"F",34,"Shoalhaven Heads","NSW",9.08,"55efad5b7651460a800e6e8dd20614e1","CUS-1196156254","150.74","-34.85","debit","Sun","15:49:59","15","September"
"5101","posted",NA,"ACC-1598451071","153.41","-27.95","INTER BANK",NA,"Diana",1621.95,2018-09-09 07:00:00,"F",26,NA,NA,92,"d9439c79be8a4bb495de602bb697255e","CUS-2487424745",NA,NA,"debit","Sun","16:00:00","16","September"
"5102","authorized","1","ACC-4258502723","145.45","-37.74","POS","4f5b62af-f80f-4b74-88d3-7e02361adc07","Kimberly",2625.82,2018-09-09 07:00:00,"F",24,"South Morang","VIC",16.63,"d5ac97d30ad54ac697a4287e20caa752","CUS-3378712515","145.08","-37.65","debit","Sun","16:04:59","16","September"
"5103","authorized","1","ACC-1349834573","145.17","-37.84","POS","27e8bea5-a0b7-4a0a-a4fe-82e4e1693c74","Matthew",9998.28,2018-09-09 07:00:00,"M",39,"Caulfield East","VIC",23.15,"fc479678239f4c99ac8b24fba8892e7e","CUS-1790886359","145.04","-37.88","debit","Sun","16:25:49","16","September"
"5104","authorized","1","ACC-211792489","138.63","-34.93","SALES-POS","e6a12933-3c5e-4c2f-8844-ab53b1ab862f","Jacqueline",6293.13,2018-09-09 07:00:00,"F",30,"Ashmont","NSW",45.41,"9b504108a1674abba4ba058b761a6319","CUS-497688347","147.33","-35.12","debit","Sun","16:46:39","16","September"
"5105","posted",NA,"ACC-211792489","138.63","-34.93","PAYMENT",NA,"Jacqueline",6271.13,2018-09-09 07:00:00,"F",30,NA,NA,22,"c0d4d5621cf943959437a379b26e1b21","CUS-497688347",NA,NA,"debit","Sun","17:00:00","17","September"
"5106","authorized","1","ACC-4258502723","145.45","-37.74","POS","02d8f097-abb7-4545-8ffd-a0090fece10c","Kimberly",2597.02,2018-09-09 07:00:00,"F",24,"Cabramatta West","NSW",28.8,"238e80d42aed4990aa2a3f1dde6f26a5","CUS-3378712515","150.91","-33.89","debit","Sun","17:06:39","17","September"
"5107","authorized","1","ACC-3541460373","145.00","-37.83","SALES-POS","78c10cbb-b9be-4476-ac5a-cf36e02d1564","Jeffrey",2521.39,2018-09-09 07:00:00,"M",24,"Vermont South","VIC",35.32,"b981569b7a024ab381ee548d78eb373d","CUS-1433879684","145.18","-37.86","debit","Sun","17:25:11","17","September"
"5108","authorized","0","ACC-2673069055","152.99","-27.49","POS","cca1d03d-cafc-45fc-990c-8e800a331916","Richard",21032.61,2018-09-09 07:00:00,"M",24,"Upper Mount Gravatt","QLD",16.5,"02420d82151a4bad81580afff3d49db8","CUS-51506836","153.08","-27.56","debit","Sun","17:43:42","17","September"
"5109","posted",NA,"ACC-2681137560","151.11","-33.99","PAYMENT",NA,"Nathaniel",4608.6,2018-09-09 07:00:00,"M",31,NA,NA,45,"8071f91194fa4bb08c0e22b51197f4d1","CUS-2083971310",NA,NA,"debit","Sun","18:00:00","18","September"
"5110","authorized","1","ACC-1608363396","151.22","-33.87","SALES-POS","0d40d160-af20-47eb-a715-c90935884964","Robert",5952.4,2018-09-09 07:00:00,"M",20,"Brighton-Le-Sands","NSW",73.88,"49fee088ce5c4c1d87f13e82431df4be","CUS-2688605418","151.15","-33.96","debit","Sun","18:03:14","18","September"
"5111","authorized","1","ACC-1598451071","153.41","-27.95","POS","328b4301-ddf2-495c-94fc-7f1cf84340be","Diana",1604.28,2018-09-09 07:00:00,"F",26,"Runaway Bay","QLD",17.67,"12f09b07870a4e408b2af980e74b53bc","CUS-2487424745","153.4","-27.91","debit","Sun","18:57:17","18","September"
"5112","posted",NA,"ACC-1799207998","150.68","-33.79","INTER BANK",NA,"Susan",5923.87,2018-09-09 07:00:00,"F",20,NA,NA,115,"264b4df42952408b95634d8ff0ae1f43","CUS-164374203",NA,NA,"debit","Sun","19:00:00","19","September"
"5113","posted",NA,"ACC-1650504218","145.01","-37.93","PAYMENT",NA,"Marissa",8624.48,2018-09-09 07:00:00,"F",23,NA,NA,18,"89870c34a9e345eab3b2cb2e48f65db0","CUS-2500783281",NA,NA,"debit","Sun","19:00:00","19","September"
"5114","posted",NA,"ACC-37709441","153.41","-28.01","INTER BANK",NA,"Charles",10345.9,2018-09-09 07:00:00,"M",18,NA,NA,27,"44d246f9d574410f917232e44bbd170b","CUS-3336454548",NA,NA,"debit","Sun","19:00:00","19","September"
"5115","authorized","1","ACC-2173390920","144.71","-37.58","POS","639e6fc5-13b2-41fe-91fa-0d5498ff03b3","Luis",4836.27,2018-09-09 07:00:00,"M",27,"Coburg","VIC",18.32,"1c0015084431472994fe53709110bf69","CUS-3180318393","144.96","-37.75","debit","Sun","19:16:21","19","September"
"5116","authorized","1","ACC-3541460373","145.00","-37.83","SALES-POS","0e088ddb-6fb4-45e8-bf92-f92bbd7b34c8","Jeffrey",2508.3,2018-09-09 07:00:00,"M",24,"Doncaster","VIC",13.09,"5fab1961bc9643f1bcdcde794cb42ab9","CUS-1433879684","145.13","-37.79","debit","Sun","19:34:32","19","September"
"5117","authorized","1","ACC-182446574","116.06","-32.00","POS","94a713a1-6e24-43f1-8047-2e30814df00b","Tonya",5069.53,2018-09-09 07:00:00,"F",27,"Cannington","WA",7.49,"4195b98bd4df415791a6d2b68f40b35b","CUS-3026014945","115.94","-32.02","debit","Sun","19:52:43","19","September"
"5118","posted",NA,"ACC-240804743","121.48","-30.75","PAYMENT",NA,"Kenneth",11496.39,2018-09-09 07:00:00,"M",29,NA,NA,48,"ef751b7dc1ae4b4ba749c537d9cc3009","CUS-261674136",NA,NA,"debit","Sun","20:00:00","20","September"
"5119","posted",NA,"ACC-2897221629","150.90","-34.37","PAYMENT",NA,"Scott",3540.31,2018-09-09 07:00:00,"M",23,NA,NA,42,"3eeaa1f5dfc3428ca2e65255a92bbed1","CUS-511326734",NA,NA,"debit","Sun","20:00:00","20","September"
"5120","authorized","1","ACC-1598451071","153.41","-27.95","SALES-POS","ee789377-3783-4757-968a-2e3726fc057e","Diana",1586.91,2018-09-09 07:00:00,"F",26,"Aratula","QLD",17.37,"4e1742b25898483ca34151cf3f108660","CUS-2487424745","152.55","-27.98","debit","Sun","20:05:13","20","September"
"5121","authorized","1","ACC-1199531521","116.02","-31.87","SALES-POS","5a4aef9b-6476-4a8c-b8ec-c09ca59453f2","Billy",9876.59,2018-09-09 07:00:00,"M",52,"South Lake","WA",35.99,"6add87ecb7cf4d868eb8fbef80a2ad97","CUS-134833760","115.84","-32.11","debit","Sun","20:13:54","20","September"
"5122","authorized","1","ACC-354106658","151.04","-33.80","POS","23c4718d-2163-4604-a9c7-362231883943","Christine",6210.48,2018-09-09 07:00:00,"F",39,"Chatswood","NSW",19.7,"d3e7b7f7c711484c9e0b6a5739aeba53","CUS-2376382098","151.18","-33.8","debit","Sun","20:22:36","20","September"
"5123","authorized","0","ACC-53508546","150.62","-33.76","POS","ccb3672c-9b7e-4414-ba30-d1016fbf1273","Kimberly",3977.92,2018-09-09 07:00:00,"F",35,"Quakers Hill","NSW",8.81,"f5b224a456f247d2a8823456cc614d3d","CUS-72755508","150.9","-33.73","debit","Sun","20:31:18","20","September"
"5124","authorized","0","ACC-182446574","116.06","-32.00","POS","8cdc5d3d-e647-475c-ba80-19ebe23ab527","Tonya",5062.57,2018-09-09 07:00:00,"F",27,"Myaree","WA",6.96,"6a9287630e96453b9c12db7ffc02221a","CUS-3026014945","115.82","-32.05","debit","Sun","20:39:59","20","September"
"5125","authorized","1","ACC-2673069055","152.99","-27.49","SALES-POS","862c9f46-f64d-4374-83e7-ccd4450a3915","Richard",21021.41,2018-09-09 07:00:00,"M",24,"Chermside","QLD",11.2,"dd7069afc2f843e58c50b56d05970695","CUS-51506836","153.03","-27.38","debit","Sun","20:48:41","20","September"
"5126","authorized","1","ACC-964839203","146.92","-36.07","POS","9e7acc06-fefa-4a4b-8018-691dea747044","Michael",33609.91,2018-09-09 07:00:00,"M",21,"Sale","VIC",15.12,"8995774630df473891b92339af71c8a9","CUS-2059096722","147.06","-38.11","debit","Sun","20:57:23","20","September"
"5127","posted",NA,"ACC-1523339231","115.83","-31.90","INTER BANK",NA,"Tim",61635.22,2018-09-09 07:00:00,"M",40,NA,NA,88,"36d94b3b5fd34b2fa91c282fb00e79c1","CUS-1816693151",NA,NA,"debit","Sun","21:00:00","21","September"
"5128","posted",NA,"ACC-154431271","153.09","-27.48","PAYMENT",NA,"Lori",3028.55,2018-09-09 07:00:00,"F",18,NA,NA,50,"1d05263203a4408391ea2697000ae1e2","CUS-3702001629",NA,NA,"debit","Sun","21:00:00","21","September"
"5129","authorized","1","ACC-2249586092","115.98","-32.07","POS","b5ff0ecb-d8d0-4cb4-aedc-c09ff19431ba","Edward",6898.64,2018-09-09 07:00:00,"M",19,"East Victoria Park","WA",10.5,"6aa190598cc3433bb58b86a3d8a75457","CUS-443776336","115.91","-31.98","debit","Sun","21:04:30","21","September"
"5130","authorized","1","ACC-854938045","147.63","-22.84","POS","65d67292-aec5-4e2b-96a8-67ddf70a9960","James",10816.38,2018-09-09 07:00:00,"M",28,"Branxholm","TAS",28.54,"f5140debcac9433fba327ca1f52ecc1a","CUS-4023861240","147.74","-41.17","debit","Sun","21:10:58","21","September"
"5131","authorized","1","ACC-964839203","146.92","-36.07","SALES-POS","abd3d83d-8741-4251-90d1-f4057f6ae24e","Michael",33599.18,2018-09-09 07:00:00,"M",21,"Mentone","VIC",10.73,"4a07008348764b97a7a95f472be4cb57","CUS-2059096722","145.08","-37.98","debit","Sun","21:17:25","21","September"
"5132","authorized","1","ACC-1344825761","151.09","-33.91","POS","af2ba482-b082-4e6c-83de-487978aa8b0a","Sarah",19664.78,2018-09-09 07:00:00,"F",46,"Kings Langley","NSW",54.32,"a994506e2f10419899fd4ae260186c5e","CUS-1499065773","150.92","-33.74","debit","Sun","21:23:52","21","September"
"5133","authorized","1","ACC-2890243754","153.32","-27.93","SALES-POS","fec186f5-66e5-4c1c-ab30-8433fd33ab70","Joseph",3266.47,2018-09-09 07:00:00,"M",37,"Chippendale","NSW",15.82,"fcd3cde093a442cb89fe88243db624cf","CUS-2695611575","151.2","-33.89","debit","Sun","21:30:19","21","September"
"5134","authorized","1","ACC-958000567","130.90","-12.37","SALES-POS","abfb1480-94a5-403f-9648-7285a196c9ac","Sandra",7039.92,2018-09-09 07:00:00,"F",34,"Stuart Park","NT",17.34,"5aaf58a9bfd144bab626b9e1a52bcb49","CUS-4142663097","130.84","-12.45","debit","Sun","21:36:46","21","September"
"5135","authorized","1","ACC-1349834573","145.17","-37.84","SALES-POS","ae795fdc-a1a3-4dce-8869-2a39ea3231cf","Matthew",9756.63,2018-09-09 07:00:00,"M",39,"Hawthorn East","VIC",241.65,"bb26231f91cd4029bac9acfc21416fc1","CUS-1790886359","145.06","-37.83","debit","Sun","21:43:13","21","September"
"5136","authorized","1","ACC-1516130869","130.84","-12.45","SALES-POS","ea38a00c-0d8f-47a9-bf86-d597ae174d69","Jessica",3160.18,2018-09-09 07:00:00,"F",21,"Gray","NT",10.18,"fe9d77faff4f487d880c4271195e6e5b","CUS-325142416","130.98","-12.5","debit","Sun","21:49:40","21","September"
"5137","authorized","1","ACC-2673069055","152.99","-27.49","POS","1abec525-0ba2-432c-a60e-82cb2a7bcb03","Richard",21014.44,2018-09-09 07:00:00,"M",24,"Toowoomba City","QLD",6.97,"464693df2c724ab18ead59cb2139dae2","CUS-51506836","151.97","-27.57","debit","Sun","21:56:07","21","September"
"5138","posted",NA,"ACC-1279356312","144.79","-37.73","PAYMENT",NA,"Tyler",6195.7,2018-09-09 07:00:00,"M",44,NA,NA,159,"32027c17d51f4e7dba980caac781ab13","CUS-1892177589",NA,NA,"debit","Sun","22:00:00","22","September"
"5139","posted",NA,"ACC-602667573","151.23","-33.96","PAYMENT",NA,"Michael",9042.52,2018-09-09 07:00:00,"M",40,NA,NA,25,"680ca42b320c40f7a4969bfae997e06e","CUS-2031327464",NA,NA,"debit","Sun","22:00:00","22","September"
"5140","posted",NA,"ACC-2650850707","148.16","-23.52","PAYMENT",NA,"Brian",109799.7,2018-09-09 07:00:00,"M",42,NA,NA,187,"293cb0210d6c493289d107cebe6e971b","CUS-2819545904",NA,NA,"debit","Sun","22:00:00","22","September"
"5141","authorized","1","ACC-1443681913","150.92","-33.77","POS","1d38be30-a337-4f3e-85db-fb9a265c0d2b","Ryan",3173.48,2018-09-09 07:00:00,"M",31,"Sydney","NSW",24.32,"45788538d8054385a5f62f0fd3ba8e7e","CUS-3129499595","151.2","-33.87","debit","Sun","22:07:24","22","September"
"5142","authorized","1","ACC-2920611728","144.96","-37.76","POS","e4fd1b04-9985-4d3e-ac70-2cfcd93b5ad5","Tyler",5328.46,2018-09-09 07:00:00,"M",69,"Wantirna South","VIC",24.15,"5f13b2bd6f87434ca37d7afcef1f57a9","CUS-1388323263","145.24","-37.87","debit","Sun","22:25:55","22","September"
"5143","authorized","1","ACC-2890243754","153.32","-27.93","SALES-POS","70dfd5b8-2c05-4c08-8e9d-aac53cfa74fb","Joseph",3254.61,2018-09-09 07:00:00,"M",37,"Woolloongabba","QLD",11.86,"63b0763e111c403ba7b23c1fc6555ca5","CUS-2695611575","153.04","-27.49","debit","Sun","22:44:26","22","September"
"5144","authorized","0","ACC-2890243754","153.32","-27.93","SALES-POS","aae937a5-5887-4245-8042-0d5662aa2a38","Joseph",3245.28,2018-09-09 07:00:00,"M",37,"Mermaid Beach","QLD",9.33,"7d7e9802f657474284c49737e54667f7","CUS-2695611575","153.44","-28.04","debit","Sun","23:05:42","23","September"
"5145","authorized","0","ACC-1344825761","151.09","-33.91","POS","9a73b52e-41bf-4fa4-80a8-89c19c55ea87","Sarah",19602.65,2018-09-09 07:00:00,"F",46,"Maroubra","NSW",62.13,"4b327b8df2194e23ae87ca88be3d98b3","CUS-1499065773","151.25","-33.95","debit","Sun","23:41:25","23","September"
"5146","authorized","1","ACC-1443681913","150.92","-33.77","SALES-POS","ad8e3b9d-d9a8-4415-a278-a426122d17de","Ryan",3153.69,2018-09-10 07:00:00,"M",31,"Melbourne","VIC",19.79,"b7601900f970499b811141b596483a0d","CUS-3129499595","144.96","-37.82","debit","Mon","00:53:19","00","September"
"5147","authorized","1","ACC-1443681913","150.92","-33.77","POS","fc64b389-93c7-4d15-abc8-f0ab7914b926","Ryan",3090.16,2018-09-10 07:00:00,"M",31,"Waterloo","NSW",63.53,"ba6c2ce7a7e34ee186f3afeb1228d64e","CUS-3129499595","151.2","-33.9","debit","Mon","01:52:13","01","September"
"5148","posted",NA,"ACC-4059612845","130.98","-12.49","PAYMENT",NA,"Jonathan",54585.07,2018-09-10 07:00:00,"M",38,NA,NA,77,"7884e4770cd9498989b7e50b2448f391","CUS-495599312",NA,NA,"debit","Mon","02:00:00","02","September"
"5149","posted",NA,"ACC-3485804958","138.52","-35.01","INTER BANK",NA,"Jessica",20077,2018-09-10 07:00:00,"F",34,NA,NA,169,"529d95b87a6c4600ac73e021e8606d2a","CUS-1196156254",NA,NA,"debit","Mon","03:00:00","03","September"
"5150","posted",NA,"ACC-1349834573","145.17","-37.84","INTER BANK",NA,"Matthew",9723.63,2018-09-10 07:00:00,"M",39,NA,NA,33,"dd43d6d809b34e92ab2337f0142c36a5","CUS-1790886359",NA,NA,"debit","Mon","03:00:00","03","September"
"5151","posted",NA,"ACC-3084464802","145.15","-37.76","INTER BANK",NA,"Susan",6892.83,2018-09-10 07:00:00,"F",19,NA,NA,24,"7fab1709dbb743aca75ebe9073041271","CUS-1928710999",NA,NA,"debit","Mon","03:00:00","03","September"
"5152","posted",NA,"ACC-819621312","145.04","-37.85","PAYMENT",NA,"Michele",4744.4,2018-09-10 07:00:00,"F",30,NA,NA,66,"bd9ec20bf8c94a47a1a00719c77f0abf","CUS-1271030853",NA,NA,"debit","Mon","04:00:00","04","September"
"5153","posted",NA,"ACC-2107684084","145.03","-37.88","PAYMENT",NA,"Richard",5720.57,2018-09-10 07:00:00,"M",22,NA,NA,34,"3600157f70864e42893d229de2d6d6ff","CUS-2283904812",NA,NA,"debit","Mon","05:00:00","05","September"
"5154","posted",NA,"ACC-1438600314","138.69","-34.84","PAYMENT",NA,"Maria",3450.66,2018-09-10 07:00:00,"F",35,NA,NA,35,"94fa6fbf3f0d41ffbc4ce6c763d8791b","CUS-2650223890",NA,NA,"debit","Mon","06:00:00","06","September"
"5155","authorized","0","ACC-2897221629","150.90","-34.37","POS","8bc68bf5-eeb3-4a42-b018-13c419820fda","Scott",3531.74,2018-09-10 07:00:00,"M",23,"Parramatta","NSW",8.57,"24c8a503449f451496b3fc58dfec5f1d","CUS-511326734","151.01","-33.82","debit","Mon","07:08:53","07","September"
"5156","posted",NA,"ACC-3879258709","143.83","-37.66","INTER BANK",NA,"Natasha",196288.47,2018-09-10 07:00:00,"F",40,NA,NA,51,"391fd785d822478280c6580ea4612b95","CUS-527400765",NA,NA,"debit","Mon","08:00:00","08","September"
"5157","authorized","0","ACC-90814749","151.68","-32.98","SALES-POS","fcdb2a11-0335-4aab-92d6-cd9f62edafd1","Christopher",10348.91,2018-09-10 07:00:00,"M",35,"Armidale","NSW",45.28,"fce435efe12745608ce6134d4caba271","CUS-1896554896","151.67","-30.51","debit","Mon","08:10:23","08","September"
"5158","authorized","0","ACC-3481401842","115.74","-31.72","POS","428f9cbe-9d7a-41b8-af5b-a9fa0cf63866","Tiffany",4190.69,2018-09-10 07:00:00,"F",25,"Coorabie","SA",18.29,"e11bf6750a08414a99dd7e0ff6874d1f","CUS-1669695324","132.23","-31.79","debit","Mon","08:29:36","08","September"
"5159","authorized","1","ACC-2265520058","151.27","-33.85","SALES-POS","44c6a224-417c-4ccb-9c79-005fc93ef087","Catherine",1910.38,2018-09-10 07:00:00,"F",26,"Tempe","NSW",39.64,"debdff91e3a842bf9a4f151f452abf38","CUS-331942311","151.17","-33.92","debit","Mon","08:48:50","08","September"
"5160","posted",NA,"ACC-2673069055","152.99","-27.49","INTER BANK",NA,"Richard",20975.44,2018-09-10 07:00:00,"M",24,NA,NA,39,"10b0d96a664442d9ac6b759cf016175e","CUS-51506836",NA,NA,"debit","Mon","09:00:00","09","September"
"5161","authorized","1","ACC-2890243754","153.32","-27.93","SALES-POS","c4ab07ea-6c0a-40e4-a23c-aee19b347d6c","Joseph",3227.95,2018-09-10 07:00:00,"M",37,"Mudgeeraba","QLD",17.33,"0d6134b4470f48bd9bb6a4ac1e51494a","CUS-2695611575","153.37","-28.08","debit","Mon","09:01:48","09","September"
"5162","authorized","1","ACC-574997646","150.79","-33.64","POS","b09b9843-a21b-4fce-a9d3-149276af4065","Mackenzie",4482.67,2018-09-10 07:00:00,"F",18,"Cronulla","NSW",11.38,"d0efb7a2b122439e91a12c077f09ab5b","CUS-586638664","151.15","-34.05","debit","Mon","09:06:07","09","September"
"5163","authorized","1","ACC-2265520058","151.27","-33.85","POS","95a7ad25-7a74-4bf2-b437-bb327c21ee6c","Catherine",1899.58,2018-09-10 07:00:00,"F",26,"Concord West","NSW",10.8,"51aa654545e54445bcb35f8b29e2bdac","CUS-331942311","151.09","-33.84","debit","Mon","09:10:25","09","September"
"5164","authorized","1","ACC-1516130869","130.84","-12.45","SALES-POS","11d9f6dc-b2eb-447d-aebf-807fc2ee55a6","Jessica",3145.09,2018-09-10 07:00:00,"F",21,"Stuart Park","NT",15.09,"dce28bc53fc44ffb97f51a9ae368ec59","CUS-325142416","130.84","-12.45","debit","Mon","09:14:44","09","September"
"5165","authorized","0","ACC-1443681913","150.92","-33.77","SALES-POS","7c0fb9a6-2a80-4ba4-94c6-edcc4a4e4227","Ryan",3048.42,2018-09-10 07:00:00,"M",31,"Balgowlah","NSW",41.74,"ce4220a14fc946778cdf7f8e0e147497","CUS-3129499595","151.27","-33.79","debit","Mon","09:19:03","09","September"
"5166","authorized","1","ACC-1903037542","153.05","-27.61","POS","1f10692f-b889-42d7-ac95-09d28d9e2126","Jeffrey",2822.37,2018-09-10 07:00:00,"M",30,"Thornlands","QLD",5.46,"7d49838ebea442bd9c07770d20c3a976","CUS-860700529","153.27","-27.56","debit","Mon","09:23:21","09","September"
"5167","authorized","1","ACC-4258502723","145.45","-37.74","SALES-POS","9089ad5d-70a1-42d0-ac2f-a6e6debc4f3c","Kimberly",2550.23,2018-09-10 07:00:00,"F",24,"Melbourne","VIC",46.79,"f7be5db2dafe452289eff40ca29ff195","CUS-3378712515","144.97","-37.83","debit","Mon","09:27:40","09","September"
"5168","authorized","0","ACC-1443681913","150.92","-33.77","POS","bccc2aea-8c61-401e-9d1b-7c89f557c036","Ryan",2935.15,2018-09-10 07:00:00,"M",31,"Parramatta","NSW",113.27,"ec7b43d4a322454c96c453a7cb18e624","CUS-3129499595","151","-33.81","debit","Mon","09:31:58","09","September"
"5169","authorized","1","ACC-1608363396","151.22","-33.87","SALES-POS","91d95d67-9ba7-4a80-8aee-e8b1440f8a43","Robert",5928.05,2018-09-10 07:00:00,"M",20,"Marrickville","NSW",24.35,"61945737016047009893a5b08db832c0","CUS-2688605418","151.17","-33.91","debit","Mon","09:36:17","09","September"
"5170","authorized","1","ACC-1652235822","144.89","-37.81","SALES-POS","c5e4a467-5150-49ac-a137-7a5cc2435941","Renee",20691.95,2018-09-10 07:00:00,"F",38,"Maribyrnong","VIC",29.64,"0dad5b0cab2542ad92bbc96379e50f5d","CUS-2206365095","144.89","-37.77","debit","Mon","09:40:36","09","September"
"5171","authorized","1","ACC-2249586092","115.98","-32.07","SALES-POS","d06b5e6d-e48c-402c-a1d7-b01531f76c99","Edward",6892.62,2018-09-10 07:00:00,"M",19,"Perth","WA",6.02,"9ea35f4f887f4885b7e1d1df38df7149","CUS-443776336","115.85","-31.95","debit","Mon","09:44:54","09","September"
"5172","authorized","1","ACC-3485804958","138.52","-35.01","POS","20440fb7-e48f-46cf-afc6-a71e50c433a3","Jessica",19974.11,2018-09-10 07:00:00,"F",34,"Deakin","ACT",102.89,"2725e77e31de44bc816bfb9c9ec9d13b","CUS-1196156254","149.1","-35.32","debit","Mon","09:49:13","09","September"
"5173","authorized","0","ACC-1598451071","153.41","-27.95","POS","91f952db-5094-4e65-8fd8-7c9cff78a66f","Diana",1580.76,2018-09-10 07:00:00,"F",26,"Mermaid Waters","QLD",6.15,"49141797c5a14a02a79f9942f3fe2eaf","CUS-2487424745","153.42","-28.04","debit","Mon","09:53:32","09","September"
"5174","authorized","1","ACC-90814749","151.68","-32.98","POS","3d429f5a-6a5b-482b-9c30-5357af5b569f","Christopher",10310.98,2018-09-10 07:00:00,"M",35,"Whyalla","SA",37.93,"85b4e1640cb349dead8212d9ca3366fb","CUS-1896554896","137.57","-33.03","debit","Mon","09:57:50","09","September"
"5175","posted",NA,"ACC-2528867619","138.58","-34.96","PAYMENT",NA,"Abigail",9845.9,2018-09-10 07:00:00,"F",40,NA,NA,80,"f27b0e73ecee4fb9aee8dfffd2484dd1","CUS-2505971401",NA,NA,"debit","Mon","10:00:00","10","September"
"5176","authorized","1","ACC-3481401842","115.74","-31.72","SALES-POS","5d340b94-d239-4bab-934e-28015baadb08","Tiffany",4163.96,2018-09-10 07:00:00,"F",25,"Taree","NSW",26.73,"1f151f58140444d181625769efcbd95c","CUS-1669695324","152.46","-31.91","debit","Mon","10:04:30","10","September"
"5177","authorized","1","ACC-3485804958","138.52","-35.01","POS","a1265af0-d718-4285-99ce-6eb528f8527c","Jessica",19942.8,2018-09-10 07:00:00,"F",34,"Harefield","NSW",31.31,"0517b97bbf824237a75684063e83cd57","CUS-1196156254","147.49","-35.05","debit","Mon","10:13:30","10","September"
"5178","authorized","1","ACC-4258502723","145.45","-37.74","SALES-POS","61072baf-cc28-4da8-a7e2-27022f9b9d92","Kimberly",2534.33,2018-09-10 07:00:00,"F",24,"Melbourne","VIC",15.9,"25d818989a7544e4ab82c805ed68d31b","CUS-3378712515","144.96","-37.81","debit","Mon","10:22:31","10","September"
"5179","authorized","0","ACC-2828321672","153.03","-27.51","POS","81580c88-c3bf-42fa-9121-ca550a0db9e9","Stephanie",2776.22,2018-09-10 07:00:00,"F",53,"Newstead","QLD",17.39,"23d458b00cbf4f2c962f1dc729c008dc","CUS-1005756958","153.04","-27.45","debit","Mon","10:31:31","10","September"
"5180","authorized","1","ACC-211792489","138.63","-34.93","SALES-POS","d745e2a5-f129-47a4-b733-db2f94124359","Jacqueline",6149.31,2018-09-10 07:00:00,"F",30,"Murrumbateman","NSW",121.82,"22200ce880c04390b0329a25fac107e4","CUS-497688347","149.03","-34.97","debit","Mon","10:40:32","10","September"
"5181","authorized","0","ACC-182446574","116.06","-32.00","SALES-POS","7447ec2b-9c66-45cc-8554-cf86ff651978","Tonya",5042.45,2018-09-10 07:00:00,"F",27,"Morley","WA",20.12,"45deadbaa6594be791e458b9f20ae22a","CUS-3026014945","115.89","-31.9","debit","Mon","10:49:32","10","September"
"5182","authorized","1","ACC-2249586092","115.98","-32.07","SALES-POS","af248048-a034-42dd-b9ae-5d6fd544bfda","Edward",6886.54,2018-09-10 07:00:00,"M",19,"Scone","NSW",6.08,"ec3891c38ee440a08d132e89c2f05de0","CUS-443776336","150.87","-32.04","debit","Mon","10:58:33","10","September"
"5183","posted",NA,"ACC-3233697971","151.04","-33.77","PAY/SALARY",NA,"Robin",7918.61,2018-09-10 07:00:00,"F",34,NA,NA,1711.39,"91d9d52522a148328a42d61dbe6533f4","CUS-1147642491",NA,NA,"credit","Mon","11:00:00","11","September"
"5184","posted",NA,"ACC-3233697971","151.04","-33.77","PAYMENT",NA,"Robin",7872.61,2018-09-10 07:00:00,"F",34,NA,NA,46,"d811c5bc5113435784bb7d6bf89eabb3","CUS-1147642491",NA,NA,"debit","Mon","11:00:00","11","September"
"5185","posted",NA,"ACC-847145727","115.90","-31.92","PAYMENT",NA,"Michael",54831.72,2018-09-10 07:00:00,"M",19,NA,NA,37,"620fee53415a45788588df8c56a607a3","CUS-1609060617",NA,NA,"debit","Mon","11:00:00","11","September"
"5186","posted",NA,"ACC-1037050564","153.10","-27.66","PAY/SALARY",NA,"Rhonda",3724.18,2018-09-10 07:00:00,"F",40,NA,NA,892.09,"1cbbcb140c64400fb52801626b1631f4","CUS-1614226872",NA,NA,"credit","Mon","11:00:00","11","September"
"5187","posted",NA,"ACC-38923874","151.27","-33.90","PAYMENT",NA,"Ryan",37810.16,2018-09-10 07:00:00,"M",38,NA,NA,42,"f1b06cc7ccb54b2e83f733020626fba6","CUS-3249305314",NA,NA,"debit","Mon","11:00:00","11","September"
"5188","posted",NA,"ACC-2265520058","151.27","-33.85","PAY/SALARY",NA,"Catherine",3742.72,2018-09-10 07:00:00,"F",26,NA,NA,1843.14,"9df7121be945439a9fcdf4f4834fa597","CUS-331942311",NA,NA,"credit","Mon","11:00:00","11","September"
"5189","authorized","1","ACC-182446574","116.06","-32.00","SALES-POS","d211ad69-9481-4da9-b532-c4a314917c0b","Tonya",5025.8,2018-09-10 07:00:00,"F",27,"Beechboro","WA",16.65,"180be6af36534c87a3c030b98862633d","CUS-3026014945","115.95","-31.87","debit","Mon","11:20:59","11","September"
"5190","authorized","1","ACC-2305712452","138.61","-34.89","SALES-POS","ddf5dd29-9d98-42b9-aef1-5d1815930291","Debra",2988.38,2018-09-10 07:00:00,"F",18,"Canberra","ACT",7.53,"cdcaf5c2c21c4f689d5bda6cdac19ae9","CUS-1842679196","149.09","-35.35","debit","Mon","11:45:59","11","September"
"5191","posted",NA,"ACC-4274272854","145.23","-37.86","PAY/SALARY",NA,"Timothy",6853.74,2018-09-10 07:00:00,"M",20,NA,NA,1640.83,"616d7569fe8e4ece8aadfb2a504a5ac9","CUS-2484453271",NA,NA,"credit","Mon","12:00:00","12","September"
"5192","posted",NA,"ACC-1438600314","138.69","-34.84","PAY/SALARY",NA,"Maria",4313.61,2018-09-10 07:00:00,"F",35,NA,NA,862.95,"0218e312654f4e44adea1f5954b33abc","CUS-2650223890",NA,NA,"credit","Mon","12:00:00","12","September"
"5193","authorized","1","ACC-182446574","116.06","-32.00","SALES-POS","0cc03d95-bf40-41a7-9248-2d7c42e95c04","Tonya",5012.59,2018-09-10 07:00:00,"F",27,"Ceduna","SA",13.21,"d4c073e39ca247729bd416a60900d1c0","CUS-3026014945","133.67","-32.13","debit","Mon","12:10:28","12","September"
"5194","authorized","0","ACC-1608363396","151.22","-33.87","SALES-POS","882b949a-5f55-4fd9-8ed0-2c761889ed1b","Robert",5918.52,2018-09-10 07:00:00,"M",20,"Marrickville","NSW",9.53,"b0002a0e895e49629311d462561f5f2f","CUS-2688605418","151.17","-33.91","debit","Mon","12:34:17","12","September"
"5195","authorized","1","ACC-2249586092","115.98","-32.07","SALES-POS","03f4de0d-d78b-421a-8a53-30a0d03479eb","Edward",6884.13,2018-09-10 07:00:00,"M",19,"Aveley","WA",2.41,"abd33c5149824ba4966cde97c5fa3521","CUS-443776336","115.98","-31.8","debit","Mon","12:58:05","12","September"
"5196","posted",NA,"ACC-2681137560","151.11","-33.99","PAY/SALARY",NA,"Nathaniel",7495.12,2018-09-10 07:00:00,"M",31,NA,NA,2886.52,"d9d57552cb7a4adcad24cf514c4c40f9","CUS-2083971310",NA,NA,"credit","Mon","13:00:00","13","September"
"5197","posted",NA,"ACC-1496451953","145.16","-37.84","PAY/SALARY",NA,"Ricky",13040.1,2018-09-10 07:00:00,"M",43,NA,NA,2588.01,"ef754fceafc5407b877abdb42967a3f6","CUS-3142625864",NA,NA,"credit","Mon","13:00:00","13","September"
"5198","posted",NA,"ACC-2173390920","144.71","-37.58","PAY/SALARY",NA,"Luis",6232.5,2018-09-10 07:00:00,"M",27,NA,NA,1396.23,"3d1430ed3f494ecab0ab5afce0b6accb","CUS-3180318393",NA,NA,"credit","Mon","13:00:00","13","September"
"5199","posted",NA,"ACC-2615038700","145.35","-38.03","PAY/SALARY",NA,"Emily",30326.6,2018-09-10 07:00:00,"F",43,NA,NA,664.43,"a633faff3ea54430bb9e5f1408b2a48a","CUS-3255104878",NA,NA,"credit","Mon","13:00:00","13","September"
"5200","posted",NA,"ACC-4258502723","145.45","-37.74","PAY/SALARY",NA,"Kimberly",3594.17,2018-09-10 07:00:00,"F",24,NA,NA,1059.84,"29fa60567e5a49f6b744b4b220e632f0","CUS-3378712515",NA,NA,"credit","Mon","13:00:00","13","September"
"5201","posted",NA,"ACC-2249586092","115.98","-32.07","PAY/SALARY",NA,"Edward",7874.68,2018-09-10 07:00:00,"M",19,NA,NA,990.55,"e6e530a418914a788d9fca25def32f2b","CUS-443776336",NA,NA,"credit","Mon","13:00:00","13","September"
"5202","posted",NA,"ACC-574997646","150.79","-33.64","PAYMENT",NA,"Mackenzie",3972.67,2018-09-10 07:00:00,"F",18,NA,NA,510,"e52211dc11f54e9bb42735de7d87c6ee","CUS-586638664",NA,NA,"debit","Mon","13:00:00","13","September"
"5203","authorized","0","ACC-1516130869","130.84","-12.45","SALES-POS","f08135b7-cdce-430a-a14c-6a488968e831","Jessica",3127.33,2018-09-10 07:00:00,"F",21,"Bakewell","NT",17.76,"eaa4efbbf5d648829379e56e2d015b25","CUS-325142416","130.99","-12.5","debit","Mon","13:22:26","13","September"
"5204","authorized","0","ACC-2897221629","150.90","-34.37","POS","a25213a7-e817-44c8-8077-7e84b332e8a3","Scott",3515.63,2018-09-10 07:00:00,"M",23,"Yeppoon","QLD",16.11,"3c4ebe06623a4f6ba7ca80603d68c2b7","CUS-511326734","150.74","-23.13","debit","Mon","13:46:49","13","September"
"5205","posted",NA,"ACC-4065652575","115.81","-31.82","PAYMENT",NA,"Lucas",8338.51,2018-09-10 07:00:00,"M",21,NA,NA,40,"82706568d5fa488e8d0502a04e8e74aa","CUS-1117979751",NA,NA,"debit","Mon","14:00:00","14","September"
"5206","posted",NA,"ACC-1199531521","116.02","-31.87","INTER BANK",NA,"Billy",9385.59,2018-09-10 07:00:00,"M",52,NA,NA,491,"aba0271762a6445280fcdd374ff33498","CUS-134833760",NA,NA,"debit","Mon","14:00:00","14","September"
"5207","posted",NA,"ACC-602667573","151.23","-33.96","PAY/SALARY",NA,"Michael",11322.88,2018-09-10 07:00:00,"M",40,NA,NA,2280.36,"3fcef640bf40403fa3de11dd0f89d8ee","CUS-2031327464",NA,NA,"credit","Mon","14:00:00","14","September"
"5208","posted",NA,"ACC-3827517394","151.12","-33.89","PAYMENT",NA,"Craig",35508.93,2018-09-10 07:00:00,"M",28,NA,NA,20,"f47c97a55ec54c74a5a627f3d7309cdc","CUS-2663907001",NA,NA,"debit","Mon","14:00:00","14","September"
"5209","posted",NA,"ACC-1443681913","150.92","-33.77","PAYMENT",NA,"Ryan",2861.15,2018-09-10 07:00:00,"M",31,NA,NA,74,"d0350cce31554b2cad550a9b46e4214f","CUS-3129499595",NA,NA,"debit","Mon","14:00:00","14","September"
"5210","posted",NA,"ACC-3021093232","149.83","-29.47","PAY/SALARY",NA,"Melissa",8446.1,2018-09-10 07:00:00,"F",30,NA,NA,1636.72,"ecae7b61234d4ee7ad0fc47f9bf25790","CUS-55310383",NA,NA,"credit","Mon","14:00:00","14","September"
"5211","authorized","1","ACC-182446574","116.06","-32.00","POS","60d6e26e-08cf-4a3e-bd1b-ad3e4794c127","Tonya",4989.78,2018-09-10 07:00:00,"F",27,"Beechboro","WA",22.81,"73775e5033e74756b068ae3515be5500","CUS-3026014945","115.95","-31.87","debit","Mon","14:11:47","14","September"
"5212","authorized","0","ACC-3485804958","138.52","-35.01","SALES-POS","d27e703a-643d-4198-beb5-20e3a78b8fe9","Jessica",19925.45,2018-09-10 07:00:00,"F",34,"Fullarton","SA",17.35,"b444f1bcc5f44f628abafa7285e09cce","CUS-1196156254","138.63","-34.96","debit","Mon","14:37:26","14","September"
"5213","posted",NA,"ACC-819621312","145.04","-37.85","INTER BANK",NA,"Michele",4689.4,2018-09-10 07:00:00,"F",30,NA,NA,55,"74f34cb0d8ac4ae9bd9a919f9efca6e7","CUS-1271030853",NA,NA,"debit","Mon","15:00:00","15","September"
"5214","posted",NA,"ACC-1650504218","145.01","-37.93","PAYMENT",NA,"Marissa",8602.48,2018-09-10 07:00:00,"F",23,NA,NA,22,"d2c8d54b400f44e0939de69693abed61","CUS-2500783281",NA,NA,"debit","Mon","15:00:00","15","September"
"5215","authorized","1","ACC-2265520058","151.27","-33.85","POS","904ce8b6-42da-4f7e-b26e-fd528cdef66d","Catherine",3685.64,2018-09-10 07:00:00,"F",26,"Belmore","NSW",57.08,"29652537269b45d1af6ad8bbd100dd5d","CUS-331942311","151.09","-33.92","debit","Mon","15:02:26","15","September"
"5216","authorized","0","ACC-1598451071","153.41","-27.95","POS","6410042e-b13c-48b2-af42-5578536376f1","Diana",1565.8,2018-09-10 07:00:00,"F",26,"Biggera Waters","QLD",14.96,"8dfb74a2a46e46c0bbd2d3796b3ebdb8","CUS-2487424745","153.39","-27.93","debit","Mon","15:22:51","15","September"
"5217","authorized","1","ACC-182446574","116.06","-32.00","POS","4f640c8c-498f-49ea-902b-cc8837e95db2","Tonya",4889.72,2018-09-10 07:00:00,"F",27,"Mirrabooka","WA",100.06,"962a86a8dd6540d190e3779d7db1be1c","CUS-3026014945","115.86","-31.87","debit","Mon","15:43:15","15","September"
"5218","posted",NA,"ACC-3317636250","153.02","-27.66","PAYMENT",NA,"Kenneth",10670.9,2018-09-10 07:00:00,"M",35,NA,NA,1965,"8081958577114f8f81639e51ef029eec","CUS-2738291516",NA,NA,"debit","Mon","16:00:00","16","September"
"5219","authorized","1","ACC-3689607373","115.79","-31.79","POS","85001102-e9fe-4fe8-b52a-9e7c16a34e98","Virginia",4987.5,2018-09-10 07:00:00,"F",20,"Ceduna","SA",16.35,"71777c3b54324c7db7bd3b94a1fb4ee0","CUS-127297539","133.67","-32.13","debit","Mon","16:05:27","16","September"
"5220","authorized","1","ACC-354106658","151.04","-33.80","POS","03a3ec31-b8b8-411a-b814-77ef8f4bfd33","Christine",6189.04,2018-09-10 07:00:00,"F",39,"Surry Hills","NSW",21.44,"270bc8a1335c4c79a584d7e51a2f3f1e","CUS-2376382098","151.21","-33.89","debit","Mon","16:35:45","16","September"
"5221","posted",NA,"ACC-847145727","115.90","-31.92","PAY/SALARY",NA,"Michael",57686.46,2018-09-10 07:00:00,"M",19,NA,NA,2854.74,"8420a9b70719410d9703755cc77e3f0a","CUS-1609060617",NA,NA,"credit","Mon","17:00:00","17","September"
"5222","posted",NA,"ACC-3084464802","145.15","-37.76","PAYMENT",NA,"Susan",6856.83,2018-09-10 07:00:00,"F",19,NA,NA,36,"86ef2c01088f49ac87adb9c7772bd59d","CUS-1928710999",NA,NA,"debit","Mon","17:00:00","17","September"
"5223","posted",NA,"ACC-3827517394","151.12","-33.89","PAY/SALARY",NA,"Craig",39563.7,2018-09-10 07:00:00,"M",28,NA,NA,4054.77,"9636a6cfa6114db4840bcccf942cd412","CUS-2663907001",NA,NA,"credit","Mon","17:00:00","17","September"
"5224","posted",NA,"ACC-4258502723","145.45","-37.74","PAYMENT",NA,"Kimberly",3541.17,2018-09-10 07:00:00,"F",24,NA,NA,53,"1ce717be418e4352a8aaf80b05cfe52c","CUS-3378712515",NA,NA,"debit","Mon","17:00:00","17","September"
"5225","authorized","1","ACC-1903037542","153.05","-27.61","SALES-POS","57e1ee3c-4118-4218-92be-48a1dcd01a7c","Jeffrey",2801.42,2018-09-10 07:00:00,"M",30,"West End","QLD",20.95,"2fd263ba6ba348349ba6446a12283bdf","CUS-860700529","153.01","-27.48","debit","Mon","17:06:39","17","September"
"5226","authorized","0","ACC-3485804958","138.52","-35.01","SALES-POS","56e19732-2944-4521-94f3-c4a4595e84d0","Jessica",19891.47,2018-09-10 07:00:00,"F",34,"Culburra Beach","NSW",33.98,"7d72355b68ec4b1baf231414790e018d","CUS-1196156254","150.76","-34.93","debit","Mon","17:39:59","17","September"
"5227","posted",NA,"ACC-1973887809","115.78","-31.90","PAYMENT",NA,"Antonio",4575.63,2018-09-10 07:00:00,"M",26,NA,NA,199,"e6f7e7d915064d5bb657eecdd1e9ddf0","CUS-1646621553",NA,NA,"debit","Mon","18:00:00","18","September"
"5228","authorized","1","ACC-1683215619","138.67","-34.86","SALES-POS","8f242119-a911-4935-b7f9-39e6617b79d7","Barry",4215.44,2018-09-10 07:00:00,"M",38,"West Lakes","SA",27.33,"93b0e0ce1a174b5eafefd806d242da8a","CUS-1604596597","138.49","-34.88","debit","Mon","18:14:17","18","September"
"5229","authorized","0","ACC-2890243754","153.32","-27.93","POS","a7385530-4f23-4213-a86f-b46203b65374","Joseph",3208.68,2018-09-10 07:00:00,"M",37,"Broadbeach Waters","QLD",19.27,"1549503d28d04b57a71ad13c2a5f6ef8","CUS-2695611575","153.43","-28.04","debit","Mon","18:49:59","18","September"
"5230","posted",NA,"ACC-37709441","153.41","-28.01","PAYMENT",NA,"Charles",10290.9,2018-09-10 07:00:00,"M",18,NA,NA,55,"632eaeacdf154b6790447a65868b58d2","CUS-3336454548",NA,NA,"debit","Mon","19:00:00","19","September"
"5231","authorized","0","ACC-4258502723","145.45","-37.74","SALES-POS","5d3d6f33-1fa9-4e4f-abe6-502cacbf7743","Kimberly",3525.22,2018-09-10 07:00:00,"F",24,"Moonee Ponds","VIC",15.95,"16b1a694eb91439fb802833ebcf43940","CUS-3378712515","144.92","-37.77","debit","Mon","19:31:18","19","September"
"5232","posted",NA,"ACC-2920611728","144.96","-37.76","PAYMENT",NA,"Tyler",5264.46,2018-09-10 07:00:00,"M",69,NA,NA,64,"a5ccb75aae7a4b56be80cab4be29db08","CUS-1388323263",NA,NA,"debit","Mon","20:00:00","20","September"
"5233","posted",NA,"ACC-2650850707","148.16","-23.52","PAYMENT",NA,"Brian",109766.7,2018-09-10 07:00:00,"M",42,NA,NA,33,"c93f617d100544df9105f3e5f3b74c25","CUS-2819545904",NA,NA,"debit","Mon","20:00:00","20","September"
"5234","posted",NA,"ACC-154431271","153.09","-27.48","PAYMENT",NA,"Lori",2967.55,2018-09-10 07:00:00,"F",18,NA,NA,61,"a0034bb1ab904a3db645ed1d4df566aa","CUS-3702001629",NA,NA,"debit","Mon","20:00:00","20","September"
"5235","posted",NA,"ACC-854938045","147.63","-22.84","PAYMENT",NA,"James",10710.38,2018-09-10 07:00:00,"M",28,NA,NA,106,"45769ac990204aa8bf8b3a351c899dda","CUS-4023861240",NA,NA,"debit","Mon","20:00:00","20","September"
"5236","authorized","1","ACC-1056639002","145.03","-37.91","SALES-POS","cdcef1bf-8c51-4c37-8986-efdb22d06bd8","Michael",45438.59,2018-09-10 07:00:00,"M",22,"Richmond","VIC",13.44,"a9ba3457867d4f0f885fb2e228d948e1","CUS-3462882033","145","-37.82","debit","Mon","20:05:18","20","September"
"5237","authorized","1","ACC-1598451071","153.41","-27.95","SALES-POS","2f1cfccd-c0d3-4c30-9e2b-46390b7fd4dd","Diana",1559.04,2018-09-10 07:00:00,"F",26,"Melbourne","VIC",6.76,"81060dc00edb4a5bb21e6ccab06f4c81","CUS-2487424745","144.96","-37.82","debit","Mon","20:20:56","20","September"
"5238","authorized","1","ACC-958000567","130.90","-12.37","SALES-POS","c837dd7a-aada-4633-b5e8-137a7327c441","Sandra",7025.23,2018-09-10 07:00:00,"F",34,"Casuarina","NT",14.69,"8c9e983cf8054a5c9b223ed98447377d","CUS-4142663097","130.88","-12.38","debit","Mon","20:36:33","20","September"
"5239","authorized","1","ACC-414431115","142.77","-37.06","SALES-POS","6ddddc40-5b69-4253-8a26-167999a8bf96","Amy",2852.46,2018-09-10 07:00:00,"F",43,"Castlemaine","VIC",18.84,"c06dd69af6944c03b0c86c146b968caa","CUS-2599279756","144.22","-37.06","debit","Mon","20:52:11","20","September"
"5240","authorized","1","ACC-3689607373","115.79","-31.79","POS","6ebae375-77d4-4b6d-a004-c67eef82fd1f","Virginia",4960.88,2018-09-10 07:00:00,"F",20,"Meckering","WA",26.62,"b33e67b3df6a476990271838ade7e9a0","CUS-127297539","117.01","-31.63","debit","Mon","21:06:14","21","September"
"5241","authorized","1","ACC-182446574","116.06","-32.00","POS","6738d671-5dbc-4016-a941-9bbb15bdbff8","Tonya",4878.41,2018-09-10 07:00:00,"F",27,"Malaga","WA",11.31,"62e448a3f1bf40c6ac05ca3d32ae89ee","CUS-3026014945","115.88","-31.86","debit","Mon","21:18:44","21","September"
"5242","authorized","1","ACC-182446574","116.06","-32.00","POS","d58901fe-d2b6-471a-a8bb-2c27ce1d81f7","Tonya",4862.32,2018-09-10 07:00:00,"F",27,"Spearwood","WA",16.09,"c6de26667fb54ed1840754fd972a991a","CUS-3026014945","115.78","-32.1","debit","Mon","21:31:14","21","September"
"5243","authorized","1","ACC-2890243754","153.32","-27.93","POS","1b8eb87e-5b88-4628-a7fa-1a414a0a5888","Joseph",3187.1,2018-09-10 07:00:00,"M",37,"Burleigh Heads","QLD",21.58,"907f009d7188453a8ea8407d93120e0b","CUS-2695611575","153.44","-28.1","debit","Mon","21:43:44","21","September"
"5244","authorized","1","ACC-2890243754","153.32","-27.93","SALES-POS","c9c60926-5ca5-4e56-9085-c4b4ac429141","Joseph",3181.01,2018-09-10 07:00:00,"M",37,"Woodburn","NSW",6.09,"a066a61a1c28477fbc6cef7f0f62fcf4","CUS-2695611575","153.34","-29.07","debit","Mon","21:56:14","21","September"
"5245","posted",NA,"ACC-2249586092","115.98","-32.07","PAYMENT",NA,"Edward",7843.68,2018-09-10 07:00:00,"M",19,NA,NA,31,"e76541047d314ff2813c55d1e2bc6394","CUS-443776336",NA,NA,"debit","Mon","22:00:00","22","September"
"5246","authorized","0","ACC-182446574","116.06","-32.00","SALES-POS","7bffd4eb-3bc8-4ed0-b357-428f10dd69f8","Tonya",4853.46,2018-09-10 07:00:00,"F",27,"West Perth","WA",8.86,"a505bf5bc74548208a22aadda47f0e27","CUS-3026014945","115.84","-31.95","debit","Mon","22:20:35","22","September"
"5247","authorized","1","ACC-958000567","130.90","-12.37","SALES-POS","eda99bd7-a23d-42a0-bdb9-b4528e0122d0","Sandra",7005.68,2018-09-10 07:00:00,"F",34,"Fannie Bay","NT",19.55,"dfc6d02043114ad480f4cb0db9b99630","CUS-4142663097","130.84","-12.42","debit","Mon","22:49:59","22","September"
"5248","posted",NA,"ACC-2970114956","144.89","-37.69","PAYMENT",NA,"Robert",7852.55,2018-09-10 07:00:00,"M",26,NA,NA,61,"5680e5230d1b49b29ea60c5a1ee249d1","CUS-880898248",NA,NA,"debit","Mon","23:00:00","23","September"
"5249","authorized","0","ACC-2673069055","152.99","-27.49","POS","b0c21608-751b-4534-bf71-87d311a1ba4e","Richard",20958.55,2018-09-11 07:00:00,"M",24,"Forest Lake","QLD",16.89,"5fe61170595c4a2d8bf471b9a495d9b4","CUS-51506836","152.97","-27.62","debit","Tue","00:12:51","00","September"
"5250","authorized","1","ACC-3485804958","138.52","-35.01","SALES-POS","9a112a54-f370-4115-b75f-800ca9687176","Jessica",19878.52,2018-09-11 07:00:00,"F",34,"Goulburn","NSW",12.95,"1e5fe66b3d5244aebe69688370e1a552","CUS-1196156254","149.72","-34.75","debit","Tue","01:10:37","01","September"
"5251","authorized","1","ACC-354106658","151.04","-33.80","SALES-POS","bca5985f-e048-4651-9a86-3b1e73c3b0db","Christine",6171.56,2018-09-11 07:00:00,"F",39,"Glebe","NSW",17.48,"400c5e2e11914cf2b4afa87ca641d146","CUS-2376382098","151.19","-33.88","debit","Tue","01:41:52","01","September"
"5252","posted",NA,"ACC-1598451071","153.41","-27.95","INTER BANK",NA,"Diana",1539.04,2018-09-11 07:00:00,"F",26,NA,NA,20,"ef0047e43b9d41a78b1a36d8a055ea82","CUS-2487424745",NA,NA,"debit","Tue","02:00:00","02","September"
"5253","posted",NA,"ACC-37709441","153.41","-28.01","PAYMENT",NA,"Charles",10104.9,2018-09-11 07:00:00,"M",18,NA,NA,186,"7af84d5c61c34ea88f15d53f09e8e1b8","CUS-3336454548",NA,NA,"debit","Tue","02:00:00","02","September"
"5254","posted",NA,"ACC-2231965366","144.96","-37.84","INTER BANK",NA,"Linda",12068.41,2018-09-11 07:00:00,"F",35,NA,NA,17,"85a2dd9e08354f2dbd26d670bfa79793","CUS-2155701614",NA,NA,"debit","Tue","03:00:00","03","September"
"5255","posted",NA,"ACC-240804743","121.48","-30.75","PHONE BANK",NA,"Kenneth",11453.39,2018-09-11 07:00:00,"M",29,NA,NA,43,"17901e61ae13422c9747c967b408d064","CUS-261674136",NA,NA,"debit","Tue","03:00:00","03","September"
"5256","posted",NA,"ACC-1788473090","145.06","-37.95","INTER BANK",NA,"Rachael",5108.9,2018-09-11 07:00:00,"F",21,NA,NA,20,"016444f6942e4b43b35e03d2e9182be1","CUS-134193016",NA,NA,"debit","Tue","04:00:00","04","September"
"5257","posted",NA,"ACC-3827517394","151.12","-33.89","PAYMENT",NA,"Craig",39533.7,2018-09-11 07:00:00,"M",28,NA,NA,30,"ca206b2048694798ae1bcaee9bffe079","CUS-2663907001",NA,NA,"debit","Tue","04:00:00","04","September"
"5258","posted",NA,"ACC-2265520058","151.27","-33.85","PAYMENT",NA,"Catherine",3582.64,2018-09-11 07:00:00,"F",26,NA,NA,103,"b65dff09d0ba4238b5e8febc4a0d42a1","CUS-331942311",NA,NA,"debit","Tue","04:00:00","04","September"
"5259","authorized","1","ACC-3541460373","145.00","-37.83","POS","ea659ca5-7c95-4e24-807e-83b16bbfa39f","Jeffrey",2483,2018-09-11 07:00:00,"M",24,"Ringwood East","VIC",25.3,"6dd78ae276724ed9a63c2f1bc93951a2","CUS-1433879684","145.24","-37.81","debit","Tue","04:14:07","04","September"
"5260","posted",NA,"ACC-1890605467","143.88","-37.66","INTER BANK",NA,"Alexander",13318.36,2018-09-11 07:00:00,"M",38,NA,NA,42,"9a34fe2e36fd46c5a8d81c8dce21739e","CUS-1478398256",NA,NA,"debit","Tue","05:00:00","05","September"
"5261","posted",NA,"ACC-1443681913","150.92","-33.77","PAYMENT",NA,"Ryan",2734.15,2018-09-11 07:00:00,"M",31,NA,NA,127,"7177128da1ff4e98b9639a17994209b2","CUS-3129499595",NA,NA,"debit","Tue","05:00:00","05","September"
"5262","posted",NA,"ACC-958000567","130.90","-12.37","PAYMENT",NA,"Sandra",6985.68,2018-09-11 07:00:00,"F",34,NA,NA,20,"875285edab0d4a9a9bd89efe8e932ce9","CUS-4142663097",NA,NA,"debit","Tue","05:00:00","05","September"
"5263","authorized","1","ACC-414431115","142.77","-37.06","POS","6932e4aa-e374-4279-903f-509d72b60737","Amy",2838.28,2018-09-11 07:00:00,"F",43,"Maryborough","VIC",14.18,"b5ae2f6511894449b04d80a60af79d20","CUS-2599279756","143.74","-37.05","debit","Tue","05:18:19","05","September"
"5264","posted",NA,"ACC-354106658","151.04","-33.80","PAYMENT",NA,"Christine",6150.56,2018-09-11 07:00:00,"F",39,NA,NA,21,"f881aaf307d749c1adaec4c1390232f7","CUS-2376382098",NA,NA,"debit","Tue","06:00:00","06","September"
"5265","posted",NA,"ACC-3741880913","150.50","-23.40","PAYMENT",NA,"Ashley",7100.8,2018-09-11 07:00:00,"F",25,NA,NA,131,"918043db189545039a795d004f46c3a0","CUS-1220154422",NA,NA,"debit","Tue","07:00:00","07","September"
"5266","posted",NA,"ACC-2270192619","138.56","-35.27","PAYMENT",NA,"Darren",11910.15,2018-09-11 07:00:00,"M",20,NA,NA,39,"99c1b5779c86483c958a6912611ede1e","CUS-2110742437",NA,NA,"debit","Tue","07:00:00","07","September"
"5267","posted",NA,"ACC-2231965366","144.96","-37.84","PAYMENT",NA,"Linda",11902.41,2018-09-11 07:00:00,"F",35,NA,NA,166,"1326bb0c902f4afd86a12e4b1791dc60","CUS-2155701614",NA,NA,"debit","Tue","07:00:00","07","September"
"5268","posted",NA,"ACC-4274272854","145.23","-37.86","PAYMENT",NA,"Timothy",6819.74,2018-09-11 07:00:00,"M",20,NA,NA,34,"17165be2cb0345678b762e70fe3e509f","CUS-2484453271",NA,NA,"debit","Tue","07:00:00","07","September"
"5269","posted",NA,"ACC-1598451071","153.41","-27.95","PAYMENT",NA,"Diana",1503.04,2018-09-11 07:00:00,"F",26,NA,NA,36,"05571bfecdb543b5941b0ab6ae841ad4","CUS-2487424745",NA,NA,"debit","Tue","07:00:00","07","September"
"5270","authorized","1","ACC-2920611728","144.96","-37.76","POS","2752307d-a872-4644-844f-f19ef9fc1628","Tyler",5254.89,2018-09-11 07:00:00,"M",69,"Caulfield South","VIC",9.57,"d2750317ed794b2c8ae16cc2e4cd8b37","CUS-1388323263","145.03","-37.9","debit","Tue","07:07:46","07","September"
"5271","posted",NA,"ACC-2231965366","144.96","-37.84","PAYMENT",NA,"Linda",11866.41,2018-09-11 07:00:00,"F",35,NA,NA,36,"d406288d68dc4222b32624e94a550a89","CUS-2155701614",NA,NA,"debit","Tue","08:00:00","08","September"
"5272","authorized","1","ACC-354106658","151.04","-33.80","SALES-POS","f0ae3f23-1564-4a89-bb6e-c020b7a3e5a7","Christine",6026.42,2018-09-11 07:00:00,"F",39,"Parramatta","NSW",124.14,"a40605f83ff54804aa085f941ef7d1c3","CUS-2376382098","151","-33.82","debit","Tue","08:00:52","08","September"
"5273","authorized","1","ACC-90814749","151.68","-32.98","SALES-POS","1e16b2d4-5c0a-4c97-b8f4-c43b8d95fe08","Christopher",10278.16,2018-09-11 07:00:00,"M",35,"Armidale","NSW",32.82,"f34e223633ce44ea935994bb74ed813a","CUS-1896554896","151.66","-30.51","debit","Tue","08:15:35","08","September"
"5274","authorized","1","ACC-1598451071","153.41","-27.95","POS","0981935d-e304-4561-a782-c1b92474fee7","Diana",1494.18,2018-09-11 07:00:00,"F",26,"Southport","QLD",8.86,"43669ed80eaf4f628426ed8c50694b2d","CUS-2487424745","153.4","-27.97","debit","Tue","08:44:59","08","September"
"5275","authorized","1","ACC-4258502723","145.45","-37.74","SALES-POS","b43f887e-c154-40b8-b4e0-96ca0321ca83","Kimberly",3513.64,2018-09-11 07:00:00,"F",24,"Box Hill","VIC",11.58,"258871b5bdc647629ee1200f128409a2","CUS-3378712515","145.12","-37.82","debit","Tue","08:59:42","08","September"
"5276","posted",NA,"ACC-819621312","145.04","-37.85","PAYMENT",NA,"Michele",4580.4,2018-09-11 07:00:00,"F",30,NA,NA,109,"f9fafcd339784b0285883f43b4d4a620","CUS-1271030853",NA,NA,"debit","Tue","09:00:00","09","September"
"5277","posted",NA,"ACC-3827517394","151.12","-33.89","INTER BANK",NA,"Craig",39504.7,2018-09-11 07:00:00,"M",28,NA,NA,29,"572827f93aa744cfa5b94b213aee8166","CUS-2663907001",NA,NA,"debit","Tue","09:00:00","09","September"
"5278","posted",NA,"ACC-1710017148","150.82","-34.01","PAYMENT",NA,"Michelle",8721.12,2018-09-11 07:00:00,"F",19,NA,NA,54,"82f4e80c50c54e109de9635cd75f56c1","CUS-883482547",NA,NA,"debit","Tue","09:00:00","09","September"
"5279","authorized","0","ACC-3485804958","138.52","-35.01","POS","818e50ea-c183-40ce-80ca-16a721104f8d","Jessica",19833.92,2018-09-11 07:00:00,"F",34,"Parkside","SA",44.6,"3524a71a7cf5450b9a3fb7133571cd6e","CUS-1196156254","138.62","-34.94","debit","Tue","09:04:00","09","September"
"5280","authorized","1","ACC-3541460373","145.00","-37.83","POS","759d8ced-e171-4238-9465-00cbe78e0d06","Jeffrey",2466.89,2018-09-11 07:00:00,"M",24,"Altona","VIC",16.11,"c498a805ed0044bf9da4879d52ba820a","CUS-1433879684","144.83","-37.87","debit","Tue","09:16:18","09","September"
"5281","authorized","1","ACC-1799207998","150.68","-33.79","SALES-POS","4d8ec525-a8fc-4cf7-b133-6d36f67c5c74","Susan",5898.93,2018-09-11 07:00:00,"F",20,"Dee Why","NSW",24.94,"3e0994f0b5de468398e273eb5c51e7d8","CUS-164374203","151.3","-33.75","debit","Tue","09:20:24","09","September"
"5282","authorized","1","ACC-2231965366","144.96","-37.84","POS","202453f5-0691-418b-9164-0ccab8209fe3","Linda",11756.16,2018-09-11 07:00:00,"F",35,"Strathpine","QLD",110.25,"9e6093600e20432b982da72af8a52659","CUS-2155701614","152.99","-27.31","debit","Tue","09:24:30","09","September"
"5283","authorized","1","ACC-1598451071","153.41","-27.95","POS","4bdfc599-000b-4cda-bb7d-1a59a540c2ac","Diana",1487.21,2018-09-11 07:00:00,"F",26,"Burleigh Heads","QLD",6.97,"d80be41ef7e344fe8b937c09cf635365","CUS-2487424745","153.45","-28.09","debit","Tue","09:28:36","09","September"
"5284","authorized","1","ACC-1516130869","130.84","-12.45","POS","dc0465df-81f1-4b5d-a2bb-346bb6ea2c48","Jessica",3114.47,2018-09-11 07:00:00,"F",21,"Nightcliff","NT",12.86,"d45e4544a4004dd5b8d4df1e4dc06d00","CUS-325142416","130.85","-12.38","debit","Tue","09:32:42","09","September"
"5285","authorized","1","ACC-1598451071","153.41","-27.95","SALES-POS","e7750a26-513e-48b7-bc69-f6ed2e910a2f","Diana",1464.51,2018-09-11 07:00:00,"F",26,"Kenmore","QLD",22.7,"c4fd845791d6429d87b17dc9cab225ff","CUS-2487424745","152.94","-27.51","debit","Tue","09:36:48","09","September"
"5286","authorized","1","ACC-1598451071","153.41","-27.95","POS","e7008444-e6ff-483a-99df-30f0c2ae32fc","Diana",1454.17,2018-09-11 07:00:00,"F",26,"Lennox Head","NSW",10.34,"f25bcf19010244a8b7c47ff2b61fc50b","CUS-2487424745","153.59","-28.79","debit","Tue","09:44:59","09","September"
"5287","authorized","1","ACC-53508546","150.62","-33.76","SALES-POS","21bb0379-bda2-4eb2-8b11-4c6cbec91cc7","Kimberly",3887.18,2018-09-11 07:00:00,"F",35,"Castle Hill","NSW",90.74,"7a2a77bb2ae74dc59c5db524d0c851bf","CUS-72755508","151.01","-33.73","debit","Tue","09:49:05","09","September"
"5288","authorized","1","ACC-1349834573","145.17","-37.84","POS","ca81094e-ca7c-4d45-b6a6-bcd8fc0d5ac8","Matthew",9637.13,2018-09-11 07:00:00,"M",39,"Frenchs Forest","NSW",86.5,"1fc92ff73cf0430982683ed6978a70e3","CUS-1790886359","151.24","-33.75","debit","Tue","09:53:11","09","September"
"5289","authorized","1","ACC-1652235822","144.89","-37.81","SALES-POS","30c61efb-ed82-4b2c-9e95-984a4f61131c","Renee",20653.54,2018-09-11 07:00:00,"F",38,"Chirnside Park","VIC",38.41,"63f4a94f3b02439dbdc0d530a85ac03e","CUS-2206365095","145.31","-37.76","debit","Tue","09:57:17","09","September"
"5290","authorized","1","ACC-2014856841","144.99","-37.90","POS","cbd9a62a-8929-4748-87c6-b178ab329117","Patrick",263884.15,2018-09-11 07:00:00,"M",46,"Footscray","VIC",58.03,"bd41eb80529343cb95c4fc6864d38d85","CUS-2370108457","144.9","-37.8","debit","Tue","10:04:14","10","September"
"5291","authorized","1","ACC-1598451071","153.41","-27.95","SALES-POS","df8967fd-6022-478b-829a-d54f1c288d25","Diana",1446.06,2018-09-11 07:00:00,"F",26,"Kenmore","QLD",8.11,"11ec66c320c4479bb4847fc7567f85b2","CUS-2487424745","152.94","-27.51","debit","Tue","10:16:44","10","September"
"5292","authorized","0","ACC-1990648130","114.62","-28.80","POS","72001733-2028-44be-92b8-2d7e25512d3e","Kaitlyn",3291.55,2018-09-11 07:00:00,"F",21,"Leonora","WA",10.65,"da20f395f49e46bd9694139f427993c6","CUS-809013380","121.33","-28.88","debit","Tue","10:29:14","10","September"
"5293","authorized","1","ACC-90814749","151.68","-32.98","POS","cc64c86b-30e3-4bed-ac9b-a1faa39946b2","Christopher",10220.53,2018-09-11 07:00:00,"M",35,"Narrogin","WA",57.63,"26b163f3e83d40dc8ff33969186b3afb","CUS-1896554896","117.18","-32.94","debit","Tue","10:41:44","10","September"
"5294","authorized","0","ACC-1652235822","144.89","-37.81","POS","9a8701d6-a0ff-4550-b48e-a1e9d0af4136","Renee",20639.81,2018-09-11 07:00:00,"F",38,"Coburg North","VIC",13.73,"52b54307c6bc4381b513ccc07f36f9c0","CUS-2206365095","144.96","-37.73","debit","Tue","10:54:14","10","September"
"5295","posted",NA,"ACC-2231965366","144.96","-37.84","PAYMENT",NA,"Linda",11711.16,2018-09-11 07:00:00,"F",35,NA,NA,45,"ad0bd6167c144ce98b615ff74110c2b6","CUS-2155701614",NA,NA,"debit","Tue","11:00:00","11","September"
"5296","authorized","1","ACC-588564840","151.27","-33.76","POS","c272fe53-ea6b-479d-961b-7ffa44470ea6","Isaiah",11860.36,2018-09-11 07:00:00,"M",23,"Kensington","NSW",9.26,"d7f8b294c98e403d816456aebe03af7d","CUS-1462656821","151.22","-33.91","debit","Tue","11:04:51","11","September"
"5297","authorized","1","ACC-1903037542","153.05","-27.61","SALES-POS","6cceaaa5-2cb2-4f71-95af-9aea4fbce0b5","Jeffrey",2786.8,2018-09-11 07:00:00,"M",30,"Toowong","QLD",14.62,"10c234c847b04b11a406a33a0a32b7d6","CUS-860700529","152.99","-27.48","debit","Tue","11:13:52","11","September"
"5298","authorized","1","ACC-588564840","151.27","-33.76","POS","0629ad0d-f85a-4cf4-9efc-82c6c59b5817","Isaiah",11845.45,2018-09-11 07:00:00,"M",23,"Darlington","NSW",14.91,"276fac6ecf2240a8953e62c968c002cd","CUS-1462656821","151.2","-33.89","debit","Tue","11:22:52","11","September"
"5299","authorized","1","ACC-1652235822","144.89","-37.81","POS","552a2246-f940-4e3d-86e1-b12a892390f1","Renee",20633.4,2018-09-11 07:00:00,"F",38,"Hamilton","VIC",6.41,"fc8968ac53e64005ad51e28ccce380e3","CUS-2206365095","142.03","-37.74","debit","Tue","11:31:53","11","September"
"5300","authorized","1","ACC-964839203","146.92","-36.07","SALES-POS","73481b19-b6d5-4216-a3ff-bfc2d199ea4e","Michael",33587.74,2018-09-11 07:00:00,"M",21,"Hyde Park","QLD",11.44,"5db0b241736646a2a54a963bb4b8b1a5","CUS-2059096722","146.79","-19.27","debit","Tue","11:49:54","11","September"
"5301","authorized","0","ACC-588564840","151.27","-33.76","POS","a5a19f64-ed9a-4e49-9e20-66f2ac96b81f","Isaiah",11821.74,2018-09-11 07:00:00,"M",23,"Margaret River","WA",23.71,"fd77b177c67d44b0a0aec48ca72154fe","CUS-1462656821","115.07","-33.95","debit","Tue","11:58:55","11","September"
"5302","posted",NA,"ACC-2231965366","144.96","-37.84","PAY/SALARY",NA,"Linda",14154.4,2018-09-11 07:00:00,"F",35,NA,NA,2443.24,"c2c9ba89ec19446ebbaf340e523295df","CUS-2155701614",NA,NA,"credit","Tue","12:00:00","12","September"
"5303","posted",NA,"ACC-1334819143","145.13","-37.70","PAY/SALARY",NA,"Christopher",62519.84,2018-09-11 07:00:00,"M",33,NA,NA,2718.51,"99fab95431724bd99bf2c4ebd1c278c4","CUS-3117610635",NA,NA,"credit","Tue","12:00:00","12","September"
"5304","posted",NA,"ACC-1998563091","149.03","-35.25","PAYMENT",NA,"David",15762.36,2018-09-11 07:00:00,"M",42,NA,NA,116,"f43ed33d56e6432fbd1fe2d0dfbb6bf6","CUS-3395687666",NA,NA,"debit","Tue","12:00:00","12","September"
"5305","authorized","1","ACC-1683215619","138.67","-34.86","SALES-POS","bf8c607e-e559-49f8-ae49-dbc068246cd2","Barry",4205.76,2018-09-11 07:00:00,"M",38,"Marden","SA",9.68,"ff2916aa0da74a0a861cd30715ff0e0b","CUS-1604596597","138.64","-34.9","debit","Tue","12:19:33","12","September"
"5306","authorized","1","ACC-1652235822","144.89","-37.81","SALES-POS","ccf58766-88af-4323-bfc4-bcdb63c01dc6","Renee",20597.48,2018-09-11 07:00:00,"F",38,"Doncaster","VIC",35.92,"1a72f2aed974403bbe8d40f1b087c6db","CUS-2206365095","145.13","-37.79","debit","Tue","12:41:46","12","September"
"5307","posted",NA,"ACC-1349834573","145.17","-37.84","PAYMENT",NA,"Matthew",9487.13,2018-09-11 07:00:00,"M",39,NA,NA,150,"cf0f8d2108314057b51f7e8510b95dbc","CUS-1790886359",NA,NA,"debit","Tue","13:00:00","13","September"
"5308","posted",NA,"ACC-1443681913","150.92","-33.77","PAY/SALARY",NA,"Ryan",3730.39,2018-09-11 07:00:00,"M",31,NA,NA,996.24,"327eab5dc19e48a8b1447d06b453f078","CUS-3129499595",NA,NA,"credit","Tue","13:00:00","13","September"
"5309","posted",NA,"ACC-1998563091","149.03","-35.25","PAY/SALARY",NA,"David",17520.17,2018-09-11 07:00:00,"M",42,NA,NA,1757.81,"f5688af1387a4d7cab6c526402acebc3","CUS-3395687666",NA,NA,"credit","Tue","13:00:00","13","September"
"5310","authorized","0","ACC-1598451071","153.41","-27.95","SALES-POS","86f6f266-ca2e-4a5e-b563-2a40bda8d2e0","Diana",1417.32,2018-09-11 07:00:00,"F",26,"Melbourne","VIC",28.74,"8f084359ba26407099f42103a493d2a5","CUS-2487424745","144.96","-37.82","debit","Tue","13:04:05","13","September"
"5311","authorized","1","ACC-2615038700","145.35","-38.03","POS","5b4441b9-71ee-4ff2-9946-286d37e65be4","Emily",30319.43,2018-09-11 07:00:00,"F",43,"Melbourne","VIC",7.17,"e68744769f0d4b5197476ebfe4c7e098","CUS-3255104878","144.97","-37.82","debit","Tue","13:26:49","13","September"
"5312","authorized","1","ACC-1652235822","144.89","-37.81","SALES-POS","8805b863-9ef4-42d8-bc16-2f1bb490ec54","Renee",20548.2,2018-09-11 07:00:00,"F",38,"Carnegie","VIC",49.28,"c205ff7b641342c785bce00e235ff8ef","CUS-2206365095","145.06","-37.89","debit","Tue","13:49:32","13","September"
"5313","posted",NA,"ACC-3485804958","138.52","-35.01","PAYMENT",NA,"Jessica",19794.92,2018-09-11 07:00:00,"F",34,NA,NA,39,"45ef4a2b32a741f4861326deb876a960","CUS-1196156254",NA,NA,"debit","Tue","14:00:00","14","September"
"5314","posted",NA,"ACC-2305712452","138.61","-34.89","PAY/SALARY",NA,"Debra",3749.71,2018-09-11 07:00:00,"F",18,NA,NA,761.33,"afa049ab3ad54f01800846803aa682a9","CUS-1842679196",NA,NA,"credit","Tue","14:00:00","14","September"
"5315","posted",NA,"ACC-2173390920","144.71","-37.58","PAYMENT",NA,"Luis",6204.5,2018-09-11 07:00:00,"M",27,NA,NA,28,"8fbce3c9f7aa442abc53d850062c183f","CUS-3180318393",NA,NA,"debit","Tue","14:00:00","14","September"
"5316","posted",NA,"ACC-1990648130","114.62","-28.80","PAY/SALARY",NA,"Kaitlyn",4328.62,2018-09-11 07:00:00,"F",21,NA,NA,1037.07,"d0c9f31a2afe49368c2f82864a322203","CUS-809013380",NA,NA,"credit","Tue","14:00:00","14","September"
"5317","authorized","1","ACC-1598451071","153.41","-27.95","SALES-POS","e4bc12e1-0e87-439e-bc3b-961a06af1371","Diana",1402.46,2018-09-11 07:00:00,"F",26,"South Yarra","VIC",14.86,"c1be9e0e28904775bc693ae3074d6d47","CUS-2487424745","145","-37.84","debit","Tue","14:07:36","14","September"
"5318","authorized","1","ACC-1683215619","138.67","-34.86","POS","f0a81952-81ae-486d-bba2-246f4af66b5a","Barry",4152.4,2018-09-11 07:00:00,"M",38,"Worrigee","NSW",53.36,"3adbafe389e34894b43b0d94525a48f2","CUS-1604596597","150.63","-34.91","debit","Tue","14:21:41","14","September"
"5319","authorized","1","ACC-354106658","151.04","-33.80","POS","bed106de-a246-40d9-80ba-8f470ba89507","Christine",6005.32,2018-09-11 07:00:00,"F",39,"Artarmon","NSW",21.1,"73d32efbd3714800acefcc111e6e5d69","CUS-2376382098","151.18","-33.81","debit","Tue","14:35:46","14","September"
"5320","posted",NA,"ACC-3481401842","115.74","-31.72","PAYMENT",NA,"Tiffany",4131.96,2018-09-11 07:00:00,"F",25,NA,NA,32,"41733f2d117144f298585dd7962ef2f4","CUS-1669695324",NA,NA,"debit","Tue","15:00:00","15","September"
"5321","posted",NA,"ACC-2681137560","151.11","-33.99","PAYMENT",NA,"Nathaniel",7357.12,2018-09-11 07:00:00,"M",31,NA,NA,138,"b8bb1ecfb02f4b6790a55ebaadf1f9aa","CUS-2083971310",NA,NA,"debit","Tue","15:00:00","15","September"
"5322","authorized","0","ACC-2828321672","153.03","-27.51","SALES-POS","251499c5-16bf-4ea8-9424-314ffbefa772","Stephanie",2747.05,2018-09-11 07:00:00,"F",53,"Port Macquarie South","NSW",29.17,"823f8fd36dda46baa2b3a9c8862d07bf","CUS-1005756958","152.91","-31.48","debit","Tue","15:02:24","15","September"
"5323","authorized","1","ACC-90814749","151.68","-32.98","POS","eb93860b-42d6-4afd-8c0b-74fb08a1336f","Christopher",10154.01,2018-09-11 07:00:00,"M",35,"Hamilton","NSW",66.52,"4f3f1151e1e844a3ac5610f504c78e81","CUS-1896554896","151.75","-32.92","debit","Tue","15:11:02","15","September"
"5324","authorized","1","ACC-2673069055","152.99","-27.49","SALES-POS","bf2091e2-83f9-4ead-88c2-31cbd0e770b2","Richard",20952.66,2018-09-11 07:00:00,"M",24,"Gatton","QLD",5.89,"6f847eb158f24fc1b496de38c9eaac9b","CUS-51506836","152.28","-27.56","debit","Tue","15:19:39","15","September"
"5325","authorized","1","ACC-2673069055","152.99","-27.49","POS","ca506b49-b1b7-43f2-b015-af1cf0462b54","Richard",20932.91,2018-09-11 07:00:00,"M",24,"Toowoomba City","QLD",19.75,"50add58b42744c5ea9ddff57906087ee","CUS-51506836","151.95","-27.58","debit","Tue","15:28:16","15","September"
"5326","authorized","1","ACC-1496451953","145.16","-37.84","SALES-POS","b88cd541-59bf-4bb6-be5a-8a7e000dd472","Ricky",12979.13,2018-09-11 07:00:00,"M",43,"Stafford Heights","QLD",60.97,"0c1aa38a17d7492dadbee62c94807b79","CUS-3142625864","153.01","-27.4","debit","Tue","15:36:53","15","September"
"5327","authorized","1","ACC-1037050564","153.10","-27.66","SALES-POS","be96bab8-7a1a-4783-adfb-901325016671","Rhonda",3699.61,2018-09-11 07:00:00,"F",40,"Labrador","QLD",24.57,"5853ccb43719437698a26e48bd3e83b1","CUS-1614226872","153.41","-27.95","debit","Tue","15:45:31","15","September"
"5328","authorized","1","ACC-1516130869","130.84","-12.45","SALES-POS","ff7652a0-7d92-41bf-afbc-0f1bb6c5cde2","Jessica",3102.89,2018-09-11 07:00:00,"F",21,"Bakewell","NT",11.58,"5e4a2fec3999479aacea05f11a01e2c3","CUS-325142416","130.99","-12.5","debit","Tue","15:54:08","15","September"
"5329","posted",NA,"ACC-2828321672","153.03","-27.51","PAY/SALARY",NA,"Stephanie",3717.52,2018-09-11 07:00:00,"F",53,NA,NA,970.47,"27e8d534b0ef4aa5857e4d56dc1cdda2","CUS-1005756958",NA,NA,"credit","Tue","16:00:00","16","September"
"5330","posted",NA,"ACC-3941181087","115.79","-31.94","PAYMENT",NA,"Paul",7923.88,2018-09-11 07:00:00,"M",25,NA,NA,46,"48eaa2de66a44a54b5892ba8267c27ec","CUS-3989008654",NA,NA,"debit","Tue","16:00:00","16","September"
"5331","authorized","1","ACC-1903037542","153.05","-27.61","POS","080f11a9-7d38-40d1-84dc-b32f05742c52","Jeffrey",2768.96,2018-09-11 07:00:00,"M",30,"Runcorn","QLD",17.84,"d7a6afd3e58b4172bebc4a49c53a1784","CUS-860700529","153.08","-27.59","debit","Tue","16:07:37","16","September"
"5332","authorized","1","ACC-4258502723","145.45","-37.74","SALES-POS","bdaa1e6c-2c0e-46f7-9c0f-9b3144ccc6ca","Kimberly",3506.77,2018-09-11 07:00:00,"F",24,"Melbourne","VIC",6.87,"3803209a281147d7a221530326ee20a2","CUS-3378712515","144.96","-37.81","debit","Tue","16:31:25","16","September"
"5333","authorized","1","ACC-847145727","115.90","-31.92","POS","5472ce3d-8d13-4d83-b118-0e99a400ca3d","Michael",57643.55,2018-09-11 07:00:00,"M",19,"York","WA",42.91,"5f92b4a1b1234f1b968a03f19495b9f3","CUS-1609060617","116.77","-31.89","debit","Tue","16:55:14","16","September"
"5334","posted",NA,"ACC-1279356312","144.79","-37.73","PAYMENT",NA,"Tyler",6168.7,2018-09-11 07:00:00,"M",44,NA,NA,27,"217fb4b5b21c4381a68926b059292749","CUS-1892177589",NA,NA,"debit","Tue","17:00:00","17","September"
"5335","posted",NA,"ACC-1222300524","151.23","-33.94","PAY/SALARY",NA,"Michael",1006.33,2018-09-11 07:00:00,"M",38,NA,NA,1002.13,"a482d73773854d24a97ad042ef265852","CUS-2142601169",NA,NA,"credit","Tue","17:00:00","17","September"
"5336","posted",NA,"ACC-1652235822","144.89","-37.81","PAY/SALARY",NA,"Renee",22079.56,2018-09-11 07:00:00,"F",38,NA,NA,1541.12,"2968a33ec5994ebdb0454c437408fbaf","CUS-2206365095",NA,NA,"credit","Tue","17:00:00","17","September"
"5337","posted",NA,"ACC-3771436525","145.04","-37.92","PAY/SALARY",NA,"Derek",4164.86,2018-09-11 07:00:00,"M",20,NA,NA,1099.7,"a7ff118bb530493d9b6f08f2aebb7360","CUS-3325710106",NA,NA,"credit","Tue","17:00:00","17","September"
"5338","posted",NA,"ACC-3954677887","115.72","-32.28","PAY/SALARY",NA,"Ruth",5764.99,2018-09-11 07:00:00,"F",47,NA,NA,1272.47,"d825e56a393d4b769668bc8985c66fe5","CUS-3716701010",NA,NA,"credit","Tue","17:00:00","17","September"
"5339","posted",NA,"ACC-1243371644","150.90","-33.78","INTER BANK",NA,"Gregory",4358.65,2018-09-11 07:00:00,"M",42,NA,NA,20,"bbb702a44e414bcaa75cedaec2edebe6","CUS-3904958894",NA,NA,"debit","Tue","17:00:00","17","September"
"5340","posted",NA,"ACC-2897221629","150.90","-34.37","PAY/SALARY",NA,"Scott",4498.34,2018-09-11 07:00:00,"M",23,NA,NA,982.71,"f17db34b51224b0caaa44e8f7a2880ae","CUS-511326734",NA,NA,"credit","Tue","17:00:00","17","September"
"5341","authorized","1","ACC-2249586092","115.98","-32.07","SALES-POS","099f9893-7926-4cf6-b2b0-110b2767d6f3","Edward",7833.12,2018-09-11 07:00:00,"M",19,"East Victoria Park","WA",10.56,"0bf340e91be4478c8066accc79766d6b","CUS-443776336","115.9","-31.98","debit","Tue","17:15:23","17","September"
"5342","authorized","1","ACC-1652235822","144.89","-37.81","POS","33e1691c-0d64-423d-b54f-347c13bd22d0","Renee",20538.44,2018-09-11 07:00:00,"F",38,"Doncaster","VIC",9.76,"8a648d075ff54471aff595e333702592","CUS-2206365095","145.13","-37.78","debit","Tue","17:34:36","17","September"
"5343","authorized","1","ACC-847145727","115.90","-31.92","SALES-POS","dbf44e06-ee8c-4b3a-9741-ac02f82cfe1c","Michael",57624.79,2018-09-11 07:00:00,"M",19,"Jandakot","WA",18.76,"78bf8427168f48389015446b57694692","CUS-1609060617","115.87","-32.09","debit","Tue","17:53:50","17","September"
"5344","posted",NA,"ACC-1344825761","151.09","-33.91","PAYMENT",NA,"Sarah",19557.65,2018-09-11 07:00:00,"F",46,NA,NA,45,"231e8d17556449b48a11391209b00a71","CUS-1499065773",NA,NA,"debit","Tue","18:00:00","18","September"
"5345","posted",NA,"ACC-38923874","151.27","-33.90","INTER BANK",NA,"Ryan",37781.16,2018-09-11 07:00:00,"M",38,NA,NA,29,"236324c89794420fbe3f7ad90457db65","CUS-3249305314",NA,NA,"debit","Tue","18:00:00","18","September"
"5346","posted",NA,"ACC-3879258709","143.83","-37.66","PAYMENT",NA,"Natasha",196259.47,2018-09-11 07:00:00,"F",40,NA,NA,29,"47a8bfc5dc4a47d9a63fa425f8728d3b","CUS-527400765",NA,NA,"debit","Tue","18:00:00","18","September"
"5347","authorized","1","ACC-2828321672","153.03","-27.51","POS","e5728470-bf30-4467-86cf-33bf03578de1","Stephanie",3693.05,2018-09-11 07:00:00,"F",53,"Gatton","QLD",24.47,"dae266158d114d2d98c02f91b21ba79f","CUS-1005756958","152.28","-27.56","debit","Tue","18:19:59","18","September"
"5348","authorized","1","ACC-2249586092","115.98","-32.07","POS","a657dff1-c0a1-464c-b8c9-d8d32fd205af","Edward",7817.76,2018-09-11 07:00:00,"M",19,"Parkwood","WA",15.36,"a41e529f573d442a9f3fa6b3a50d34a1","CUS-443776336","115.9","-32.04","debit","Tue","18:49:24","18","September"
"5349","posted",NA,"ACC-1424176027","151.08","-33.93","PAYMENT",NA,"Donald",5064.3,2018-09-11 07:00:00,"M",22,NA,NA,186,"c512103b059a437c83d4db49104d140c","CUS-3431016847",NA,NA,"debit","Tue","19:00:00","19","September"
"5350","authorized","1","ACC-1037050564","153.10","-27.66","SALES-POS","d130e4ff-26ff-452c-9b15-e3bf30de9dec","Rhonda",3690.63,2018-09-11 07:00:00,"F",40,"Toowoomba City","QLD",8.98,"c5d0fb607d754654ab912cbe1458d3f3","CUS-1614226872","151.95","-27.56","debit","Tue","19:13:19","19","September"
"5351","authorized","1","ACC-1516130869","130.84","-12.45","POS","ff7652a0-7d92-41bf-afbc-0f1bb6c5cde2","Jessica",3089.19,2018-09-11 07:00:00,"F",21,"Bakewell","NT",13.7,"4fb315788f804f91b4f2f694a3573f85","CUS-325142416","130.99","-12.5","debit","Tue","19:34:09","19","September"
"5352","authorized","1","ACC-1903037542","153.05","-27.61","POS","8e1ff0f5-a647-4238-9e8e-b7d5c6430290","Jeffrey",2491.42,2018-09-11 07:00:00,"M",30,"Mount Gravatt East","QLD",277.54,"6f15ce8907fb48ecb6aff942aada6f65","CUS-860700529","153.08","-27.54","debit","Tue","19:54:59","19","September"
"5353","posted",NA,"ACC-1199531521","116.02","-31.87","PAYMENT",NA,"Billy",9365.59,2018-09-11 07:00:00,"M",52,NA,NA,20,"8c9e6cfd783842c9a2f2b0fdc8eb13c2","CUS-134833760",NA,NA,"debit","Tue","20:00:00","20","September"
"5354","posted",NA,"ACC-1199531521","116.02","-31.87","INTER BANK",NA,"Billy",9220.59,2018-09-11 07:00:00,"M",52,NA,NA,145,"7438b826881a493c9a6b038c44908d17","CUS-134833760",NA,NA,"debit","Tue","20:00:00","20","September"
"5355","posted",NA,"ACC-1349834573","145.17","-37.84","PAYMENT",NA,"Matthew",9453.13,2018-09-11 07:00:00,"M",39,NA,NA,34,"5136dc590d9d425ca102a62a0382b99d","CUS-1790886359",NA,NA,"debit","Tue","20:00:00","20","September"
"5356","authorized","1","ACC-1890605467","143.88","-37.66","POS","7c6c5c99-7e7f-4e73-b7ca-543d10aa4901","Alexander",13277.42,2018-09-11 07:00:00,"M",38,"Craigieburn","VIC",40.94,"759b615ecbab4233b7667eab0b3edf95","CUS-1478398256","144.92","-37.57","debit","Tue","20:18:59","20","September"
"5357","authorized","1","ACC-1037050564","153.10","-27.66","SALES-POS","26f2a4dc-e384-42fc-a159-f0e0d566f763","Rhonda",3682.56,2018-09-11 07:00:00,"F",40,"Park Ridge","QLD",8.07,"17d4c86a18164fd2938402259c08e5a4","CUS-1614226872","153.06","-27.7","debit","Tue","20:43:59","20","September"
"5358","posted",NA,"ACC-854938045","147.63","-22.84","PAYMENT",NA,"James",10529.38,2018-09-11 07:00:00,"M",28,NA,NA,181,"828387b77211478e9883f8487252131c","CUS-4023861240",NA,NA,"debit","Tue","21:00:00","21","September"
"5359","authorized","1","ACC-4258502723","145.45","-37.74","POS","e501d4a3-36da-4af4-9d66-38523457078b","Kimberly",3382.96,2018-09-11 07:00:00,"F",24,"Saint Kilda","VIC",123.81,"63cf658522cc468182c4d814a8d87693","CUS-3378712515","144.99","-37.87","debit","Tue","21:07:20","21","September"
"5360","authorized","0","ACC-1990648130","114.62","-28.80","SALES-POS","810b95a9-3abc-42de-86c6-837e0abb58fc","Kaitlyn",4315.28,2018-09-11 07:00:00,"F",21,"Lismore","NSW",13.34,"54056c124cc6492f99f46dfa25bdb850","CUS-809013380","153.29","-28.81","debit","Tue","21:27:45","21","September"
"5361","authorized","0","ACC-3689607373","115.79","-31.79","SALES-POS","c998dc19-e3c7-4154-b699-4992a61ef0df","Virginia",4947.14,2018-09-11 07:00:00,"F",20,"Maddington","WA",13.74,"66798357b1da42bdb6042c911be621ff","CUS-127297539","115.99","-32.06","debit","Tue","21:48:09","21","September"
"5362","posted",NA,"ACC-958000567","130.90","-12.37","PAYMENT",NA,"Sandra",6818.68,2018-09-11 07:00:00,"F",34,NA,NA,167,"a3d6bd9c81d7446cb090c274fe70cbe4","CUS-4142663097",NA,NA,"debit","Tue","22:00:00","22","September"
"5363","authorized","1","ACC-574997646","150.79","-33.64","POS","8bdc1e1c-40eb-49f9-aa1c-33b6e8f8e13f","Mackenzie",3941.52,2018-09-11 07:00:00,"F",18,"Narellan","NSW",31.15,"f5c2babb63ed4db7b365d2872a387903","CUS-586638664","150.76","-34.05","debit","Tue","22:15:33","22","September"
"5364","authorized","1","ACC-3233697971","151.04","-33.77","SALES-POS","275f8670-2dc3-4113-88b7-6e1849bcd6b3","Robin",7842,2018-09-11 07:00:00,"F",34,"Parramatta","NSW",30.61,"06f3c071077046e3b5bae5fdbd427021","CUS-1147642491","151","-33.81","debit","Tue","22:52:35","22","September"
"5365","posted",NA,"ACC-2901672282","255.00","-573.00","PAYMENT",NA,"Daniel",4349.29,2018-09-11 07:00:00,"M",22,NA,NA,40,"524aa18834004711aa7088b6c9434c31","CUS-1617121891",NA,NA,"debit","Tue","23:00:00","23","September"
"5366","authorized","0","ACC-4258502723","145.45","-37.74","POS","f5f9329e-f039-4d5e-a24b-53dbbcc66b45","Kimberly",3367.91,2018-09-11 07:00:00,"F",24,"Mooroopna","VIC",15.05,"998eed8541dd4bc3a4492d77e1035f99","CUS-3378712515","145.36","-36.39","debit","Tue","23:29:37","23","September"
"5367","authorized","1","ACC-958000567","130.90","-12.37","POS","d71960ad-dff5-49b4-9095-5ec05a0c54a8","Sandra",6786.27,2018-09-12 07:00:00,"F",34,"Darwin City","NT",32.41,"a0cf703ea69c4a79826ceca78b7fc375","CUS-4142663097","130.85","-12.47","debit","Wed","00:06:25","00","September"
"5368","authorized","1","ACC-3689607373","115.79","-31.79","POS","f61b0191-e68f-4fa5-b2d9-2094dcf3f822","Virginia",4930.85,2018-09-12 07:00:00,"F",20,"East Fremantle","WA",16.29,"0b282912598c4f299b7476cb3764ca2d","CUS-127297539","115.78","-32.04","debit","Wed","00:42:08","00","September"
"5369","authorized","1","ACC-2920611728","144.96","-37.76","SALES-POS","9cf12ed7-1600-403d-bb24-7f61d51609ef","Tyler",5215.77,2018-09-12 07:00:00,"M",69,"Hoppers Crossing","VIC",39.12,"9c4b758fc15c4aaca329872b206da045","CUS-1388323263","144.7","-37.88","debit","Wed","01:12:11","01","September"
"5370","authorized","1","ACC-847145727","115.90","-31.92","POS","2f276a34-0b5b-4b0c-b4f5-3cf05286dad9","Michael",57606.02,2018-09-12 07:00:00,"M",19,"Bulahdelah","NSW",18.77,"a9d44a824a0f4088a83be6937a1bbd5e","CUS-1609060617","152.21","-32.41","debit","Wed","01:36:35","01","September"
"5371","authorized","1","ACC-2776252858","144.95","-37.76","POS","e070c852-72fd-4f77-8931-24c90fc36ef2","Kristin",3592.17,2018-09-12 07:00:00,"F",43,"Ascot Vale","VIC",17.66,"5cf4830e9a9342e7bf14b7238aea8126","CUS-4123612273","144.91","-37.77","debit","Wed","02:05:42","02","September"
"5372","authorized","0","ACC-1056639002","145.03","-37.91","SALES-POS","c019dbd6-3089-4949-b6ca-4c8aee0dc78a","Michael",45370.25,2018-09-12 07:00:00,"M",22,"Windsor","VIC",68.34,"077ae5990e2d42a1ac7e1f30d330d055","CUS-3462882033","145","-37.85","debit","Wed","04:18:39","04","September"
"5373","authorized","1","ACC-3689607373","115.79","-31.79","POS","a684e8da-788b-48e2-8e9e-68dcca90266d","Virginia",4918.51,2018-09-12 07:00:00,"F",20,"Midland","WA",12.34,"29b4b882f58a4c7d80bda46cd35f7316","CUS-127297539","116","-31.89","debit","Wed","04:51:59","04","September"
"5374","posted",NA,"ACC-588564840","151.27","-33.76","PAYMENT",NA,"Isaiah",11644.74,2018-09-12 07:00:00,"M",23,NA,NA,177,"3accb964197d40e8be497eceeb522f7b","CUS-1462656821",NA,NA,"debit","Wed","06:00:00","06","September"
"5375","posted",NA,"ACC-602667573","151.23","-33.96","INTER BANK",NA,"Michael",11301.88,2018-09-12 07:00:00,"M",40,NA,NA,21,"80e1b91abd704ab6a488d909dc9c72a5","CUS-2031327464",NA,NA,"debit","Wed","06:00:00","06","September"
"5376","posted",NA,"ACC-2171593283","146.94","-36.04","PAYMENT",NA,"Fernando",11051.81,2018-09-12 07:00:00,"M",19,NA,NA,27,"89d224fdd41d4bdcb76681ea200c4b89","CUS-2317998716",NA,NA,"debit","Wed","06:00:00","06","September"
"5377","posted",NA,"ACC-1496451953","145.16","-37.84","INTER BANK",NA,"Ricky",12833.13,2018-09-12 07:00:00,"M",43,NA,NA,146,"6fdc76a285fe421b9e924d8972451e07","CUS-3142625864",NA,NA,"debit","Wed","06:00:00","06","September"
"5378","posted",NA,"ACC-2776252858","144.95","-37.76","PAYMENT",NA,"Kristin",3563.17,2018-09-12 07:00:00,"F",43,NA,NA,29,"7a86723fd5814749a07aee8a901e1f31","CUS-4123612273",NA,NA,"debit","Wed","06:00:00","06","September"
"5379","authorized","1","ACC-1799207998","150.68","-33.79","SALES-POS","d816309c-7cd6-4975-8ef4-e8b3d7ea33e8","Susan",5863.41,2018-09-12 07:00:00,"F",20,"Eastwood","NSW",35.52,"a993b5d8c97e4adfab6375ae9ff7a32d","CUS-164374203","151.08","-33.79","debit","Wed","06:51:59","06","September"
"5380","posted",NA,"ACC-588564840","151.27","-33.76","INTER BANK",NA,"Isaiah",11619.74,2018-09-12 07:00:00,"M",23,NA,NA,25,"d548c735a22d41e5be99d45f9f96eb8f","CUS-1462656821",NA,NA,"debit","Wed","07:00:00","07","September"
"5381","posted",NA,"ACC-1496451953","145.16","-37.84","INTER BANK",NA,"Ricky",12794.13,2018-09-12 07:00:00,"M",43,NA,NA,39,"3186135baf904b2d81ca02b210eb6c36","CUS-3142625864",NA,NA,"debit","Wed","07:00:00","07","September"
"5382","authorized","1","ACC-2897221629","150.90","-34.37","POS","cff3c7d0-7fbd-4c73-aa56-503b52150a9c","Scott",4472.23,2018-09-12 07:00:00,"M",23,"Castle Hill","NSW",26.11,"9f68e95c58bd47efb2db0df7e9817b19","CUS-511326734","150.98","-33.73","debit","Wed","07:34:04","07","September"
"5383","posted",NA,"ACC-2014856841","144.99","-37.90","INTER BANK",NA,"Patrick",263862.15,2018-09-12 07:00:00,"M",46,NA,NA,22,"63bf39bcde3d49bcbd5f22fe421d4cfe","CUS-2370108457",NA,NA,"debit","Wed","08:00:00","08","September"
"5384","posted",NA,"ACC-4163822186","149.03","-34.97","PAYMENT",NA,"Karen",6704.8,2018-09-12 07:00:00,"F",26,NA,NA,55,"f61e571155924d259d0efa574f3f688b","CUS-2630892467",NA,NA,"debit","Wed","08:00:00","08","September"
"5385","posted",NA,"ACC-2674800293","144.96","-37.69","PAYMENT",NA,"Elizabeth",27007.13,2018-09-12 07:00:00,"F",50,NA,NA,176,"c5a1d3de93a44e2ebc3a53aba752b300","CUS-2977593493",NA,NA,"debit","Wed","08:00:00","08","September"
"5386","posted",NA,"ACC-3954677887","115.72","-32.28","PAYMENT",NA,"Ruth",5706.99,2018-09-12 07:00:00,"F",47,NA,NA,58,"a8f7686574a94993b1c5e62b27cc5a63","CUS-3716701010",NA,NA,"debit","Wed","08:00:00","08","September"
"5387","authorized","1","ACC-854938045","147.63","-22.84","SALES-POS","4bf11f3a-c3e4-4f41-b5a5-72f3337034fc","James",10518.12,2018-09-12 07:00:00,"M",28,"Newman","WA",11.26,"b19bbea9250347579e2453a87d8ad217","CUS-4023861240","118.97","-22.92","debit","Wed","08:02:43","08","September"
"5388","authorized","1","ACC-2776252858","144.95","-37.76","POS","0bd73d69-e579-4761-9a56-aa79e8366632","Kristin",3534.83,2018-09-12 07:00:00,"F",43,"Lilydale","VIC",28.34,"ca4399f9d4c347de919eb98c825e9058","CUS-4123612273","145.36","-37.75","debit","Wed","08:11:49","08","September"
"5389","authorized","1","ACC-414431115","142.77","-37.06","SALES-POS","02383a7d-f0f7-4696-a94c-81cf6af67141","Amy",2822.74,2018-09-12 07:00:00,"F",43,"Mansfield","VIC",15.54,"d459dc847e254118853e4f0d97c28ee1","CUS-2599279756","146.09","-37.05","debit","Wed","08:20:54","08","September"
"5390","authorized","1","ACC-211792489","138.63","-34.93","SALES-POS","39a1e428-8dc0-4cbc-8512-86162c660c51","Jacqueline",6090.7,2018-09-12 07:00:00,"F",30,"Huskisson","NSW",58.61,"ddd77724685b42b299821474c3a56424","CUS-497688347","150.67","-35.04","debit","Wed","08:29:59","08","September"
"5391","authorized","0","ACC-2270192619","138.56","-35.27","SALES-POS","5846c59f-de05-48dc-adf8-132f5b5e0752","Darren",11877.04,2018-09-12 07:00:00,"M",20,"Blackwood","SA",33.11,"241981dbbb304d909e17495a7217e943","CUS-2110742437","138.62","-35.02","debit","Wed","08:39:05","08","September"
"5392","authorized","1","ACC-2828321672","153.03","-27.51","POS","d9fc7e95-b5a1-4d35-bf83-2d1d9502a160","Stephanie",3645.93,2018-09-12 07:00:00,"F",53,"Chermside","QLD",47.12,"90a84e5475e34154a9e1224adc655536","CUS-1005756958","153.03","-27.38","debit","Wed","08:48:10","08","September"
"5393","authorized","1","ACC-1598451071","153.41","-27.95","SALES-POS","6ea10976-582a-43c5-8bb9-0662f0217237","Diana",1401.7,2018-09-12 07:00:00,"F",26,"Broadbeach","QLD",0.76,"477a90092a2f493f857fc4675be80771","CUS-2487424745","153.43","-28.03","debit","Wed","08:57:16","08","September"
"5394","posted",NA,"ACC-354106658","151.04","-33.80","INTER BANK",NA,"Christine",5980.32,2018-09-12 07:00:00,"F",39,NA,NA,25,"7b982d1e80dd4ab3a761a7b2c5b7586f","CUS-2376382098",NA,NA,"debit","Wed","09:00:00","09","September"
"5395","posted",NA,"ACC-1443681913","150.92","-33.77","PAYMENT",NA,"Ryan",3694.39,2018-09-12 07:00:00,"M",31,NA,NA,36,"fbaf691d05ba4e7fa43f120a5f9d6e01","CUS-3129499595",NA,NA,"debit","Wed","09:00:00","09","September"
"5396","authorized","0","ACC-211792489","138.63","-34.93","SALES-POS","3b6372a5-9b14-4d98-bb58-92c215bca597","Jacqueline",6090.6,2018-09-12 07:00:00,"F",30,"Melbourne","VIC",0.1,"daab7b7e1e5c4503b87d96358d9b4bee","CUS-497688347","144.96","-37.81","debit","Wed","09:02:37","09","September"
"5397","authorized","1","ACC-1056639002","145.03","-37.91","POS","9db21f6e-950b-47b0-882a-408d3fee71ba","Michael",45360.94,2018-09-12 07:00:00,"M",22,"Hoppers Crossing","VIC",9.31,"2cc62b944da84472a84b745985d90519","CUS-3462882033","144.68","-37.88","debit","Wed","09:06:22","09","September"
"5398","authorized","0","ACC-958000567","130.90","-12.37","POS","f126f15e-30c2-456f-8b10-a28f9762e41d","Sandra",6637.22,2018-09-12 07:00:00,"F",34,"Brisbane City","QLD",149.05,"7701482f9171448f850b1d1827145f4b","CUS-4142663097","153.02","-27.47","debit","Wed","09:10:06","09","September"
"5399","authorized","0","ACC-2528867619","138.58","-34.96","POS","39d8e31d-aa6c-443e-b9de-9f0031c33578","Abigail",9816.3,2018-09-12 07:00:00,"F",40,"Pyrmont","NSW",29.6,"8973be5e464e4acba843ea03bafa1f43","CUS-2505971401","151.19","-33.86","debit","Wed","09:13:51","09","September"
"5400","authorized","1","ACC-4258502723","145.45","-37.74","POS","cb89466f-81a0-4ff5-af34-bf6b7310a82a","Kimberly",3362.84,2018-09-12 07:00:00,"F",24,"South Yarra","VIC",5.07,"0686dca0d045406ca1f87be8cb60815e","CUS-3378712515","144.99","-37.84","debit","Wed","09:17:36","09","September"
"5401","authorized","1","ACC-1598451071","153.41","-27.95","SALES-POS","165ae310-aa9e-43b6-b875-f996db6586bd","Diana",1376.61,2018-09-12 07:00:00,"F",26,"Brisbane City","QLD",25.09,"4daabb2518dc4211a479c64ca0e0b57d","CUS-2487424745","153.03","-27.47","debit","Wed","09:21:20","09","September"
"5402","authorized","1","ACC-211792489","138.63","-34.93","SALES-POS","15d635f7-3feb-4a08-99f8-2bc68dd5cda8","Jacqueline",6045.9,2018-09-12 07:00:00,"F",30,"Victor Harbor","SA",44.7,"d0ae31609d5449d8a35112557dbf503b","CUS-497688347","138.62","-35.56","debit","Wed","09:25:05","09","September"
"5403","authorized","1","ACC-1652235822","144.89","-37.81","SALES-POS","9ec84008-4fe5-454a-bf32-599071a3e6db","Renee",22062.57,2018-09-12 07:00:00,"F",38,"Camberwell","VIC",16.99,"873c44df07cb4adb9859ce0f7549c665","CUS-2206365095","145.06","-37.83","debit","Wed","09:28:50","09","September"
"5404","authorized","1","ACC-1903037542","153.05","-27.61","POS","2f11bd7f-d87d-4f06-adf9-0ae61fdca774","Jeffrey",2485.76,2018-09-12 07:00:00,"M",30,"Brisbane City","QLD",5.66,"29a1b6dd3a6a4bf7826047390107c897","CUS-860700529","153.02","-27.47","debit","Wed","09:32:35","09","September"
"5405","authorized","1","ACC-2615038700","145.35","-38.03","SALES-POS","42ad63fa-ddda-481b-95dd-80bdc3e3851a","Emily",30288.49,2018-09-12 07:00:00,"F",43,"Coburg","VIC",30.94,"faa80613813344e583e7a11fadfbcc76","CUS-3255104878","144.97","-37.74","debit","Wed","09:36:19","09","September"
"5406","authorized","1","ACC-211792489","138.63","-34.93","SALES-POS","bd5de8d2-dd79-41f8-af03-7e2f5a25dcfb","Jacqueline",6010.57,2018-09-12 07:00:00,"F",30,"Dry Creek","SA",35.33,"5b09f172eb234f8681d7b366a02cb611","CUS-497688347","138.59","-34.82","debit","Wed","09:40:04","09","September"
"5407","authorized","1","ACC-414431115","142.77","-37.06","POS","2f827786-043b-43d1-bd25-55db007b365f","Amy",2802.59,2018-09-12 07:00:00,"F",43,"Maryborough","VIC",20.15,"a41ac38ef8ef4847a41b4ca19a4c1566","CUS-2599279756","143.74","-37.05","debit","Wed","09:43:49","09","September"
"5408","authorized","0","ACC-1222300524","151.23","-33.94","POS","b086c009-8b97-4706-b6f9-bcde403a3f49","Michael",997.22,2018-09-12 07:00:00,"M",38,"Marrickville","NSW",9.11,"d695060a9d5942a086a19d2d531aac04","CUS-2142601169","151.17","-33.91","debit","Wed","09:47:33","09","September"
"5409","authorized","1","ACC-4258502723","145.45","-37.74","POS","27e8bea5-a0b7-4a0a-a4fe-82e4e1693c74","Kimberly",3350.18,2018-09-12 07:00:00,"F",24,"Caulfield East","VIC",12.66,"e7d13eda425b4e39b637efd832dd5866","CUS-3378712515","145.04","-37.88","debit","Wed","09:51:18","09","September"
"5410","authorized","1","ACC-1598451071","153.41","-27.95","SALES-POS","f5cdbd66-84f1-438f-922a-455168c50e9b","Diana",1368.96,2018-09-12 07:00:00,"F",26,"Palm Beach","QLD",7.65,"265f605db4e44633baa3110122bb9889","CUS-2487424745","153.46","-28.11","debit","Wed","09:55:03","09","September"
"5411","authorized","1","ACC-1349834573","145.17","-37.84","SALES-POS","42bbf3d8-113a-41ac-bc23-50a8b6dad91a","Matthew",9441.59,2018-09-12 07:00:00,"M",39,"Melbourne","VIC",11.54,"ccd8a4f515254190b8ab4adabb3497c7","CUS-1790886359","144.97","-37.81","debit","Wed","09:58:48","09","September"
"5412","posted",NA,"ACC-1037050564","153.10","-27.66","PAYMENT",NA,"Rhonda",3650.56,2018-09-12 07:00:00,"F",40,NA,NA,32,"3f6909566a9f4b7da2bac4b216f1e634","CUS-1614226872",NA,NA,"debit","Wed","10:00:00","10","September"
"5413","posted",NA,"ACC-1799207998","150.68","-33.79","INTER BANK",NA,"Susan",5817.82,2018-09-12 07:00:00,"F",20,NA,NA,39,"40fe78b9a0334e8187c3002ade0e377e","CUS-164374203",NA,NA,"debit","Wed","10:00:00","10","September"
"5414","posted",NA,"ACC-2107684084","145.03","-37.88","PAYMENT",NA,"Richard",5686.57,2018-09-12 07:00:00,"M",22,NA,NA,34,"8525688728b34fd78227ad84c257fb27","CUS-2283904812",NA,NA,"debit","Wed","10:00:00","10","September"
"5415","posted",NA,"ACC-2173390920","144.71","-37.58","PAYMENT",NA,"Luis",6175.5,2018-09-12 07:00:00,"M",27,NA,NA,29,"7d10aa85cc6247d6b613a8957e49114a","CUS-3180318393",NA,NA,"debit","Wed","10:00:00","10","September"
"5416","posted",NA,"ACC-966140392","147.08","-37.97","PAYMENT",NA,"Joseph",4591.4,2018-09-12 07:00:00,"M",21,NA,NA,30,"67dbcffdc2bd45449380d73e178ba1d9","CUS-537508723",NA,NA,"debit","Wed","10:00:00","10","September"
"5417","authorized","1","ACC-958000567","130.90","-12.37","SALES-POS","5689d17d-5202-4ad5-9333-2505f051c5dd","Sandra",5354.38,2018-09-12 07:00:00,"F",34,"Parap","NT",1282.84,"5468e6766dca47cbbe74c3b62c46f252","CUS-4142663097","130.84","-12.44","debit","Wed","10:11:43","10","September"
"5418","authorized","1","ACC-4258502723","145.45","-37.74","SALES-POS","8f9ce8af-35cb-4c54-abb7-81ce189206a2","Kimberly",3296.64,2018-09-12 07:00:00,"F",24,"Carlton","VIC",53.54,"003144b8e1c34dda9d34bfe630a55359","CUS-3378712515","144.97","-37.8","debit","Wed","10:28:57","10","September"
"5419","authorized","1","ACC-1799207998","150.68","-33.79","POS","e6535425-8471-4feb-a5b2-acdc73880ba2","Susan",5856.82,2018-09-12 07:00:00,"F",20,"Mosman","NSW",6.59,"6c8e05eca4824663b52f1e8e214a79fa","CUS-164374203","151.24","-33.83","debit","Wed","10:46:12","10","September"
"5420","posted",NA,"ACC-588564840","151.27","-33.76","PAY/SALARY",NA,"Isaiah",15523.69,2018-09-12 07:00:00,"M",23,NA,NA,3903.95,"4e8da0f42d534b919b2b5c045204d8cf","CUS-1462656821",NA,NA,"credit","Wed","11:00:00","11","September"
"5421","posted",NA,"ACC-847145727","115.90","-31.92","PAYMENT",NA,"Michael",57473.02,2018-09-12 07:00:00,"M",19,NA,NA,133,"1e238089f5784ee783a7cc675a735312","CUS-1609060617",NA,NA,"debit","Wed","11:00:00","11","September"
"5422","authorized","0","ACC-2828321672","153.03","-27.51","POS","f36be4b6-ba26-42bd-9412-4a05042cc7fa","Stephanie",3614,2018-09-12 07:00:00,"F",53,"Upper Mount Gravatt","QLD",31.93,"55e3cbcc19e7497c8fc28cca7648ff95","CUS-1005756958","153.08","-27.56","debit","Wed","11:01:23","11","September"
"5423","authorized","1","ACC-1799207998","150.68","-33.79","SALES-POS","b1e22450-945f-456f-84fa-d6582620873f","Susan",5774.19,2018-09-12 07:00:00,"F",20,"Dee Why","NSW",43.63,"cf6008084b2b4e2c8fa4339b9f13160b","CUS-164374203","151.3","-33.75","debit","Wed","11:08:19","11","September"
"5424","authorized","1","ACC-3233697971","151.04","-33.77","SALES-POS","4a5de989-4ee7-4c92-a7a7-a94a8f05ec28","Robin",7670.27,2018-09-12 07:00:00,"F",34,"Eastwood","NSW",171.73,"a67da6d7e0eb438c9f75ba877c54b4b5","CUS-1147642491","151.09","-33.79","debit","Wed","11:15:16","11","September"
"5425","authorized","1","ACC-354106658","151.04","-33.80","SALES-POS","4c73b458-7a86-4664-b68f-16a2c0a186fe","Christine",5948.54,2018-09-12 07:00:00,"F",39,"Austinmer","NSW",31.78,"a5ac2a3e4dae433ba931c21b157fc2ed","CUS-2376382098","150.94","-34.3","debit","Wed","11:22:13","11","September"
"5426","authorized","1","ACC-1652235822","144.89","-37.81","SALES-POS","ae373432-0f87-44d6-9966-6ddaf7ee2785","Renee",22044.72,2018-09-12 07:00:00,"F",38,"Toorak","VIC",17.85,"bbc8657953414afea7ef92a4a92dbaf4","CUS-2206365095","145.01","-37.84","debit","Wed","11:29:09","11","September"
"5427","authorized","1","ACC-3084464802","145.15","-37.76","SALES-POS","2d292a1b-d6fb-45ab-a605-287d1994b515","Susan",6835.43,2018-09-12 07:00:00,"F",19,"Melbourne","VIC",21.4,"3ed0609c4c0f49dea52b3f7f8dd0019d","CUS-1928710999","144.96","-37.81","debit","Wed","11:36:06","11","September"
"5428","authorized","1","ACC-53508546","150.62","-33.76","POS","bdf4377a-77a8-4634-ae40-db1fd8128577","Kimberly",3880.52,2018-09-12 07:00:00,"F",35,"Enmore","NSW",6.66,"6b8c826fdcbd4e33872718e6c591c54a","CUS-72755508","151.17","-33.9","debit","Wed","11:43:03","11","September"
"5429","authorized","1","ACC-414431115","142.77","-37.06","SALES-POS","106e1272-44ab-4dcb-a438-dd98e0071e51","Amy",2774.9,2018-09-12 07:00:00,"F",43,"Eden","NSW",27.69,"0fac5670fb6d463090f04defa72068f9","CUS-2599279756","149.9","-37.06","debit","Wed","11:49:59","11","September"
"5430","authorized","1","ACC-2249586092","115.98","-32.07","POS","baeaedd8-8da3-4499-8138-8832efc13057","Edward",7801.52,2018-09-12 07:00:00,"M",19,"Kiara","WA",16.24,"4142d662eb4e4d3c93b152f4f2b318fc","CUS-443776336","115.94","-31.89","debit","Wed","11:56:56","11","September"
"5431","posted",NA,"ACC-1650504218","145.01","-37.93","PAY/SALARY",NA,"Marissa",10228.96,2018-09-12 07:00:00,"F",23,NA,NA,1626.48,"1d197043a6f04b4f84a7237a28d64def","CUS-2500783281",NA,NA,"credit","Wed","12:00:00","12","September"
"5432","posted",NA,"ACC-414431115","142.77","-37.06","INTER BANK",NA,"Amy",2595.9,2018-09-12 07:00:00,"F",43,NA,NA,179,"7199104b360042d4a95225295e2813fd","CUS-2599279756",NA,NA,"debit","Wed","12:00:00","12","September"
"5433","posted",NA,"ACC-4163822186","149.03","-34.97","PAYMENT",NA,"Karen",6658.8,2018-09-12 07:00:00,"F",26,NA,NA,46,"97e81152c3474675a6bc53de06cbfbea","CUS-2630892467",NA,NA,"debit","Wed","12:00:00","12","September"
"5434","posted",NA,"ACC-182446574","116.06","-32.00","INTER BANK",NA,"Tonya",4796.46,2018-09-12 07:00:00,"F",27,NA,NA,57,"30b2863b06484f118d99386ec75f02f7","CUS-3026014945",NA,NA,"debit","Wed","12:00:00","12","September"
"5435","posted",NA,"ACC-3326339947","151.18","-33.80","PAY/SALARY",NA,"Eric",7839.91,2018-09-12 07:00:00,"M",22,NA,NA,983.36,"380e0f8c350746a891ee7ce49033087b","CUS-326006476",NA,NA,"credit","Wed","12:00:00","12","September"
"5436","authorized","1","ACC-1598451071","153.41","-27.95","SALES-POS","4bdfc599-000b-4cda-bb7d-1a59a540c2ac","Diana",1362.48,2018-09-12 07:00:00,"F",26,"Burleigh Heads","QLD",6.48,"a7e67bd01f72433b9bd57f7e79fc5bd8","CUS-2487424745","153.45","-28.09","debit","Wed","12:10:33","12","September"
"5437","authorized","1","ACC-1652235822","144.89","-37.81","SALES-POS","3a07b841-ea22-4cd7-b378-a46239d1c282","Renee",20161.68,2018-09-12 07:00:00,"F",38,"Maribyrnong","VIC",1883.04,"1a8a2e38b6df457396d7f079d764dce5","CUS-2206365095","144.89","-37.77","debit","Wed","12:29:26","12","September"
"5438","authorized","1","ACC-1516130869","130.84","-12.45","SALES-POS","73c0924f-dc35-4ab1-8136-2b5775cf4280","Jessica",3076.11,2018-09-12 07:00:00,"F",21,"Stuart Park","NT",13.08,"247abdafcd4d40ec86676ee4a4c07cf3","CUS-325142416","130.84","-12.44","debit","Wed","12:48:18","12","September"
"5439","posted",NA,"ACC-3541460373","145.00","-37.83","PAY/SALARY",NA,"Jeffrey",3874.97,2018-09-12 07:00:00,"M",24,NA,NA,1408.08,"8c612ef2320749d7adee5a757852656c","CUS-1433879684",NA,NA,"credit","Wed","13:00:00","13","September"
"5440","posted",NA,"ACC-2776252858","144.95","-37.76","PAY/SALARY",NA,"Kristin",4602.87,2018-09-12 07:00:00,"F",43,NA,NA,1068.04,"72e059f24ccb4ee5a9969214b47ed92f","CUS-4123612273",NA,NA,"credit","Wed","13:00:00","13","September"
"5441","authorized","1","ACC-1598451071","153.41","-27.95","POS","3bd3001e-4a98-4186-927f-ec765136749f","Diana",1348.94,2018-09-12 07:00:00,"F",26,"Southport","QLD",13.54,"b391dbb4ed544c1281d660ddaa430c93","CUS-2487424745","153.41","-27.98","debit","Wed","13:07:35","13","September"
"5442","authorized","0","ACC-4258502723","145.45","-37.74","SALES-POS","33b9a101-8bd1-4014-80da-27d84e786424","Kimberly",3214.37,2018-09-12 07:00:00,"F",24,"Moorabbin Airport","VIC",82.27,"9bd9d66cfe2949e2b2e8e96946fd1a42","CUS-3378712515","145.09","-37.97","debit","Wed","13:27:35","13","September"
"5443","authorized","0","ACC-3084464802","145.15","-37.76","POS","0117c644-de6b-42ac-ade4-a2eaedb5e78c","Susan",6813,2018-09-12 07:00:00,"F",19,"Balaclava","VIC",22.43,"ea8e2cdcae394072bdc06749179a56fa","CUS-1928710999","144.99","-37.87","debit","Wed","13:47:35","13","September"
"5444","posted",NA,"ACC-1598451071","153.41","-27.95","PAY/SALARY",NA,"Diana",2341.26,2018-09-12 07:00:00,"F",26,NA,NA,1013.67,"25cf76b489414f6cac603e69aad03f9d","CUS-2487424745",NA,NA,"credit","Wed","14:00:00","14","September"
"5445","posted",NA,"ACC-240804743","121.48","-30.75","PAYMENT",NA,"Kenneth",11390.27,2018-09-12 07:00:00,"M",29,NA,NA,56,"34b605f522704ac585465cf38ed3f4fd","CUS-261674136",NA,NA,"debit","Wed","14:00:00","14","September"
"5446","authorized","1","ACC-2528867619","138.58","-34.96","POS","412dd7cb-04ba-4b6f-bfd7-5d97e1ae55d6","Abigail",9786.38,2018-09-12 07:00:00,"F",40,"Parafield Gardens","SA",29.92,"bc98d79254d548ebaeb32e0d6d5a8c7d","CUS-2505971401","138.61","-34.79","debit","Wed","14:03:39","14","September"
"5447","authorized","1","ACC-3485804958","138.52","-35.01","POS","93fa42e9-8c46-4fd3-b042-efba48fda9f9","Jessica",19783.61,2018-09-12 07:00:00,"F",34,"Aberfoyle Park","SA",11.31,"f4bb83251b954feb91a6fcfdcc6766e3","CUS-1196156254","138.6","-35.08","debit","Wed","14:13:16","14","September"
"5448","authorized","1","ACC-240804743","121.48","-30.75","SALES-POS","61bec0f3-20b1-4235-95e2-febd8a89f079","Kenneth",11446.27,2018-09-12 07:00:00,"M",29,"Kalgoorlie","WA",7.12,"4f72853b601e4fee8cbcd3d7ad6cdc74","CUS-261674136","121.48","-30.75","debit","Wed","14:22:53","14","September"
"5449","authorized","1","ACC-1903037542","153.05","-27.61","SALES-POS","8875d96e-09c6-4eeb-a080-e185fbcfc278","Jeffrey",2461.9,2018-09-12 07:00:00,"M",30,"Birkdale","QLD",23.86,"78af26aa4b6e4af99a3cf91b42757077","CUS-860700529","153.22","-27.49","debit","Wed","14:32:29","14","September"
"5450","authorized","1","ACC-1598451071","153.41","-27.95","SALES-POS","91b3f708-5397-414f-8b12-912598664278","Diana",1327.59,2018-09-12 07:00:00,"F",26,"Elanora","QLD",21.35,"b0b9f04770be40ecab8a410f8cd51f81","CUS-2487424745","153.47","-28.14","debit","Wed","14:42:06","14","September"
"5451","authorized","1","ACC-1516130869","130.84","-12.45","POS","91a9cee4-ad61-49b8-a8cf-cf8a49c21ca7","Jessica",3066.26,2018-09-12 07:00:00,"F",21,"Durack","NT",9.85,"4788dfe1e2a64963b5c7af1bcb577738","CUS-325142416","130.97","-12.47","debit","Wed","14:51:43","14","September"
"5452","posted",NA,"ACC-2305712452","138.61","-34.89","PAYMENT",NA,"Debra",3713.71,2018-09-12 07:00:00,"F",18,NA,NA,36,"71300ca65d924e57b63ccf0c01003633","CUS-1842679196",NA,NA,"debit","Wed","15:00:00","15","September"
"5453","posted",NA,"ACC-354106658","151.04","-33.80","PAYMENT",NA,"Christine",5839.54,2018-09-12 07:00:00,"F",39,NA,NA,109,"487a4c9e30cb4b458764ee73ac58d161","CUS-2376382098",NA,NA,"debit","Wed","15:00:00","15","September"
"5454","posted",NA,"ACC-38923874","151.27","-33.90","PAYMENT",NA,"Ryan",37746.16,2018-09-12 07:00:00,"M",38,NA,NA,35,"3a67010415ab45efa916c64c7e90cc13","CUS-3249305314",NA,NA,"debit","Wed","15:00:00","15","September"
"5455","authorized","1","ACC-2173390920","144.71","-37.58","SALES-POS","02496114-4eae-4edb-b083-cd130e140c71","Luis",6148.08,2018-09-12 07:00:00,"M",27,"Ascot Vale","VIC",27.42,"4ed1db0960894d8e8f75bb945d91ee1e","CUS-3180318393","144.92","-37.77","debit","Wed","15:00:57","15","September"
"5456","authorized","0","ACC-3541460373","145.00","-37.83","SALES-POS","d03ec57b-fe15-4d6e-89b9-00a81103914b","Jeffrey",3852.75,2018-09-12 07:00:00,"M",24,"Taylors Lakes","VIC",22.22,"8d427ab19e124c01a98290b5218fbc8d","CUS-1433879684","144.78","-37.7","debit","Wed","15:07:45","15","September"
"5457","authorized","1","ACC-2528867619","138.58","-34.96","SALES-POS","2bb1c6ed-d7d8-4086-acb5-59ab88e6eefd","Abigail",9775.79,2018-09-12 07:00:00,"F",40,"Glenelg East","SA",10.59,"88440e2926bb433db9b6b65ec549274b","CUS-2505971401","138.54","-34.98","debit","Wed","15:14:33","15","September"
"5458","authorized","1","ACC-1652235822","144.89","-37.81","SALES-POS","c0fab9eb-a843-4853-a6f7-5ccdc0010fe2","Renee",20144.98,2018-09-12 07:00:00,"F",38,"Airport West","VIC",16.7,"652eb46a37994ab09bd8fb6be81f79ca","CUS-2206365095","144.89","-37.71","debit","Wed","15:21:21","15","September"
"5459","authorized","1","ACC-2173390920","144.71","-37.58","POS","b0b6b706-27a4-47c5-aa00-b82739505bcc","Luis",6123.71,2018-09-12 07:00:00,"M",27,"Craigieburn","VIC",24.37,"19742201c3374892b22a9a3d5b9f7a78","CUS-3180318393","144.94","-37.6","debit","Wed","15:28:09","15","September"
"5460","authorized","1","ACC-4274272854","145.23","-37.86","POS","67b77e0d-60d2-4aa8-8505-e92d77630788","Timothy",5850.12,2018-09-12 07:00:00,"M",20,"Altona","VIC",969.62,"f49ef10f5df743b5b3692ef3b8c21b6b","CUS-2484453271","144.79","-37.85","debit","Wed","15:34:57","15","September"
"5461","authorized","1","ACC-1222300524","151.23","-33.94","SALES-POS","ac3990bf-7638-42d6-b442-da11826fb40d","Michael",990.83,2018-09-12 07:00:00,"M",38,"Liverpool","NSW",6.39,"8d1e8aad7bc04d2488512783a576dec8","CUS-2142601169","150.92","-33.92","debit","Wed","15:41:46","15","September"
"5462","authorized","1","ACC-2249586092","115.98","-32.07","POS","5e1fd3fa-2b3f-4719-84be-92a1345b0b0a","Edward",7793.35,2018-09-12 07:00:00,"M",19,"Joondalup","WA",8.17,"ba9d277f108a439aabcaa6b8f8f75e08","CUS-443776336","115.76","-31.75","debit","Wed","15:48:34","15","September"
"5463","authorized","1","ACC-2920611728","144.96","-37.76","POS","8469c266-0837-436d-8de4-667aa319b6e3","Tyler",5172.76,2018-09-12 07:00:00,"M",69,"Parkdale","VIC",43.01,"45011495f5d1492a86cfe3b9e380f3e8","CUS-1388323263","145.08","-37.99","debit","Wed","15:55:22","15","September"
"5464","posted",NA,"ACC-4065652575","115.81","-31.82","PAYMENT",NA,"Lucas",8283.51,2018-09-12 07:00:00,"M",21,NA,NA,55,"284e12f75fd34714ba0f8f4f81f90c62","CUS-1117979751",NA,NA,"debit","Wed","16:00:00","16","September"
"5465","posted",NA,"ACC-3485804958","138.52","-35.01","PAY/SALARY",NA,"Jessica",23687.34,2018-09-12 07:00:00,"F",34,NA,NA,3903.73,"e1272b0080624715b8e4a976d657c316","CUS-1196156254",NA,NA,"credit","Wed","16:00:00","16","September"
"5466","posted",NA,"ACC-1799207998","150.68","-33.79","PAYMENT",NA,"Susan",5739.19,2018-09-12 07:00:00,"F",20,NA,NA,35,"efc129e78e52490590a70e8d727a6c06","CUS-164374203",NA,NA,"debit","Wed","16:00:00","16","September"
"5467","posted",NA,"ACC-1973887809","115.78","-31.90","PAY/SALARY",NA,"Antonio",5674.54,2018-09-12 07:00:00,"M",26,NA,NA,1098.91,"dd06cc65cf474b15b84550fba6e3bb33","CUS-1646621553",NA,NA,"credit","Wed","16:00:00","16","September"
"5468","posted",NA,"ACC-602667573","151.23","-33.96","PAYMENT",NA,"Michael",11216.88,2018-09-12 07:00:00,"M",40,NA,NA,85,"2090f281fcdd4d50814302448a691af4","CUS-2031327464",NA,NA,"debit","Wed","16:00:00","16","September"
"5469","posted",NA,"ACC-2014856841","144.99","-37.90","PAYMENT",NA,"Patrick",263672.15,2018-09-12 07:00:00,"M",46,NA,NA,190,"14ffbb3559e448ada4bf3d94bfb76e44","CUS-2370108457",NA,NA,"debit","Wed","16:00:00","16","September"
"5470","posted",NA,"ACC-4059612845","130.98","-12.49","PAY/SALARY",NA,"Jonathan",57232.45,2018-09-12 07:00:00,"M",38,NA,NA,2647.38,"33f2d3441359415abb45170aab621a10","CUS-495599312",NA,NA,"credit","Wed","16:00:00","16","September"
"5471","authorized","0","ACC-240804743","121.48","-30.75","SALES-POS","abf814cc-5f46-4652-a768-39865adf4319","Kenneth",11366.34,2018-09-12 07:00:00,"M",29,"Coolbellup","WA",23.93,"f0acc4e718ab4805a2bd957df1ee181a","CUS-261674136","115.81","-32.08","debit","Wed","16:05:42","16","September"
"5472","authorized","1","ACC-1516130869","130.84","-12.45","SALES-POS","047e6a2d-97d2-4e23-9d61-89e5ac02587e","Jessica",3053.98,2018-09-12 07:00:00,"F",21,"Darwin","NT",12.28,"603bdcbdc6ea45eab294256be7ef1e7d","CUS-325142416","130.84","-12.46","debit","Wed","16:23:34","16","September"
"5473","authorized","1","ACC-3233697971","151.04","-33.77","POS","38d95127-2a37-47d4-af68-56356470c98d","Robin",7624.58,2018-09-12 07:00:00,"F",34,"Sydney","NSW",45.69,"81b877fbdb8542fca0d1c8b09ec656fb","CUS-1147642491","151.21","-33.87","debit","Wed","16:41:25","16","September"
"5474","authorized","0","ACC-1652235822","144.89","-37.81","SALES-POS","8e68935b-e428-453e-a778-0f14980a7419","Renee",20124.29,2018-09-12 07:00:00,"F",38,"Broadmeadows","VIC",20.69,"32cc234a05874f3288ad6f4a872b0a53","CUS-2206365095","144.92","-37.68","debit","Wed","16:59:17","16","September"
"5475","posted",NA,"ACC-819621312","145.04","-37.85","PAY/SALARY",NA,"Michele",5738.55,2018-09-12 07:00:00,"F",30,NA,NA,1158.15,"d0679ffd892c42ebbeed60126e9d66bf","CUS-1271030853",NA,NA,"credit","Wed","17:00:00","17","September"
"5476","posted",NA,"ACC-2920611728","144.96","-37.76","PAY/SALARY",NA,"Tyler",6215.88,2018-09-12 07:00:00,"M",69,NA,NA,1043.12,"25b25b556fa141719ff7148a299f741d","CUS-1388323263",NA,NA,"credit","Wed","17:00:00","17","September"
"5477","posted",NA,"ACC-2901672282","255.00","-573.00","PAYMENT",NA,"Daniel",4316.29,2018-09-12 07:00:00,"M",22,NA,NA,33,"643ef80181cd45c49f33312b38ba82e7","CUS-1617121891",NA,NA,"debit","Wed","17:00:00","17","September"
"5478","posted",NA,"ACC-1799207998","150.68","-33.79","PAY/SALARY",NA,"Susan",7134.68,2018-09-12 07:00:00,"F",20,NA,NA,1395.49,"9f2008a66b214796beaaa56e4d57793d","CUS-164374203",NA,NA,"credit","Wed","17:00:00","17","September"
"5479","posted",NA,"ACC-1349834573","145.17","-37.84","PAY/SALARY",NA,"Matthew",12512.73,2018-09-12 07:00:00,"M",39,NA,NA,3071.14,"ecb210f2ff604e3a80c44e280b1a88f8","CUS-1790886359",NA,NA,"credit","Wed","17:00:00","17","September"
"5480","posted",NA,"ACC-4163822186","149.03","-34.97","PAYMENT",NA,"Karen",6608.8,2018-09-12 07:00:00,"F",26,NA,NA,50,"e8546f084a0e48339b52a41e09c66099","CUS-2630892467",NA,NA,"debit","Wed","17:00:00","17","September"
"5481","authorized","1","ACC-3084464802","145.15","-37.76","SALES-POS","a063e596-233a-4c00-a910-8dfbf146ecca","Susan",6786.56,2018-09-12 07:00:00,"F",19,"Chirnside Park","VIC",26.44,"72fc6de818f84dbbaf78873e93970b5c","CUS-1928710999","145.31","-37.76","debit","Wed","17:12:37","17","September"
"5482","authorized","1","ACC-1652235822","144.89","-37.81","SALES-POS","c88dba05-1c36-4bbb-877d-9278a5e1180d","Renee",20086.14,2018-09-12 07:00:00,"F",38,"Lilydale","VIC",38.15,"d454d5b6b8a0446e9265833f456840d4","CUS-2206365095","145.36","-37.75","debit","Wed","17:25:47","17","September"
"5483","authorized","1","ACC-1222300524","151.23","-33.94","SALES-POS","f656c191-9b37-4ca9-9b91-4f91ebed5cbe","Michael",959.03,2018-09-12 07:00:00,"M",38,"Alexandria","NSW",31.8,"06ab051a128b4718a2bf32a0db35f578","CUS-2142601169","151.19","-33.91","debit","Wed","17:38:56","17","September"
"5484","authorized","1","ACC-2897221629","150.90","-34.37","POS","1e52168e-2ec5-4c70-91f9-db84de1715d9","Scott",4435.3,2018-09-12 07:00:00,"M",23,"Macquarie Park","NSW",36.93,"032c99e8fbb044048065cc0c2278f033","CUS-511326734","151.13","-33.78","debit","Wed","17:52:06","17","September"
"5485","posted",NA,"ACC-3481401842","115.74","-31.72","INTER BANK",NA,"Tiffany",4007.96,2018-09-12 07:00:00,"F",25,NA,NA,124,"d9668efd3cf44bfbbff42e19a5615582","CUS-1669695324",NA,NA,"debit","Wed","18:00:00","18","September"
"5486","posted",NA,"ACC-2153562714","116.00","-31.88","PAYMENT",NA,"Linda",3463.65,2018-09-12 07:00:00,"F",24,NA,NA,46,"fe8af72252474e54a37d95613db5ac72","CUS-423725039",NA,NA,"debit","Wed","18:00:00","18","September"
"5487","authorized","1","ACC-240804743","121.48","-30.75","SALES-POS","404684ec-68bb-4c3c-89ba-1d57c607ca32","Kenneth",11329.42,2018-09-12 07:00:00,"M",29,"Piccadilly","WA",36.92,"2a51859dd296471fbc82c55bd1f9fa6c","CUS-261674136","121.47","-30.74","debit","Wed","18:10:48","18","September"
"5488","authorized","0","ACC-1222300524","151.23","-33.94","POS","2c5f2074-e8cc-4e01-ac39-30fd936dd547","Michael",940.53,2018-09-12 07:00:00,"M",38,"Chatswood","NSW",18.5,"2e3b485aa4754a6a94f5e79fdb2ae58c","CUS-2142601169","151.18","-33.8","debit","Wed","18:37:50","18","September"
"5489","posted",NA,"ACC-1349834573","145.17","-37.84","PAYMENT",NA,"Matthew",12464.73,2018-09-12 07:00:00,"M",39,NA,NA,48,"a638c7e6768f457e9000dd9e2982d2e8","CUS-1790886359",NA,NA,"debit","Wed","19:00:00","19","September"
"5490","posted",NA,"ACC-3084464802","145.15","-37.76","PAYMENT",NA,"Susan",5720.56,2018-09-12 07:00:00,"F",19,NA,NA,1066,"03344083122c4ccca306fd40cb280bd5","CUS-1928710999",NA,NA,"debit","Wed","19:00:00","19","September"
"5491","posted",NA,"ACC-2776252858","144.95","-37.76","PAYMENT",NA,"Kristin",4424.87,2018-09-12 07:00:00,"F",43,NA,NA,178,"4d87c035f7e54386b9aac2b0daf7d2a2","CUS-4123612273",NA,NA,"debit","Wed","19:00:00","19","September"
"5492","authorized","1","ACC-3689607373","115.79","-31.79","POS","2d377fff-4b7e-4b96-99b6-6caa94f234e6","Virginia",4913.08,2018-09-12 07:00:00,"F",20,"Joondalup","WA",5.43,"37d48f7303034dceb815cd7bd9b8dade","CUS-127297539","115.77","-31.74","debit","Wed","19:02:11","19","September"
"5493","authorized","1","ACC-2173390920","144.71","-37.58","POS","db656976-26c9-45f0-931b-be20f5b4a8fb","Luis",6080.26,2018-09-12 07:00:00,"M",27,"Hampton Park","VIC",43.45,"e920d22feda24295bf38be76a4c8a155","CUS-3180318393","145.26","-38.03","debit","Wed","19:14:23","19","September"
"5494","authorized","1","ACC-3485804958","138.52","-35.01","SALES-POS","5db857fb-118c-4757-ab48-337ea3710e01","Jessica",23677.56,2018-09-12 07:00:00,"F",34,"Wagga Wagga","NSW",9.78,"068bc56f0b274778b2141cbd969ef8a9","CUS-1196156254","147.42","-35.12","debit","Wed","19:26:35","19","September"
"5495","authorized","1","ACC-182446574","116.06","-32.00","POS","11af824a-7388-4ff2-b0b0-666e22c1325b","Tonya",4758.23,2018-09-12 07:00:00,"F",27,"Broken Hill","NSW",38.23,"f333bb5ee06045ea967f7c193ce6fb75","CUS-3026014945","141.46","-31.96","debit","Wed","19:38:46","19","September"
"5496","authorized","0","ACC-3689607373","115.79","-31.79","POS","b5d118eb-8230-43c1-afc0-c91060a2666a","Virginia",4902.57,2018-09-12 07:00:00,"F",20,"Gilgandra","NSW",10.51,"13520e9009824fd8bc78686652f59f83","CUS-127297539","148.66","-31.71","debit","Wed","19:50:58","19","September"
"5497","posted",NA,"ACC-2171593283","146.94","-36.04","PAYMENT",NA,"Fernando",11034.81,2018-09-12 07:00:00,"M",19,NA,NA,17,"21a752b17ca0485bbfaccb0946586e1a","CUS-2317998716",NA,NA,"debit","Wed","20:00:00","20","September"
"5498","posted",NA,"ACC-1650504218","145.01","-37.93","PAYMENT",NA,"Marissa",10195.96,2018-09-12 07:00:00,"F",23,NA,NA,33,"cc259a17eb7f440f96548efab065c136","CUS-2500783281",NA,NA,"debit","Wed","20:00:00","20","September"
"5499","posted",NA,"ACC-182446574","116.06","-32.00","INTER BANK",NA,"Tonya",4725.23,2018-09-12 07:00:00,"F",27,NA,NA,33,"a6d48e2e30324a8899c6d31415d879f3","CUS-3026014945",NA,NA,"debit","Wed","20:00:00","20","September"
"5500","posted",NA,"ACC-4281711154","144.98","-37.84","PHONE BANK",NA,"Eric",37661.56,2018-09-12 07:00:00,"M",42,NA,NA,36,"6c3ba8dc7d4249ac8ef48f990eb3efaf","CUS-3151318058",NA,NA,"debit","Wed","20:00:00","20","September"
"5501","authorized","1","ACC-1799207998","150.68","-33.79","POS","5099c8c6-7f04-4b26-aaa2-0c9f5be234a6","Susan",7111.78,2018-09-12 07:00:00,"F",20,"Baulkham Hills","NSW",22.9,"e52a7ec20e08456fb98849b2ea502e61","CUS-164374203","150.99","-33.76","debit","Wed","20:07:13","20","September"
"5502","authorized","1","ACC-3485804958","138.52","-35.01","POS","5db857fb-118c-4757-ab48-337ea3710e01","Jessica",23668.21,2018-09-12 07:00:00,"F",34,"Wagga Wagga","NSW",9.35,"b716035d3b294a0992f8dba6ea963da6","CUS-1196156254","147.42","-35.12","debit","Wed","20:34:59","20","September"
"5503","posted",NA,"ACC-3536132544","144.93","-37.79","INTER BANK",NA,"Heather",4102.87,2018-09-12 07:00:00,"F",41,NA,NA,43,"e14fd534e54f449daa69cbfc4e11727f","CUS-2348881191",NA,NA,"debit","Wed","21:00:00","21","September"
"5504","posted",NA,"ACC-2173390920","144.71","-37.58","PHONE BANK",NA,"Luis",6013.26,2018-09-12 07:00:00,"M",27,NA,NA,67,"78913571de6d4254ac93677592123087","CUS-3180318393",NA,NA,"debit","Wed","21:00:00","21","September"
"5505","authorized","1","ACC-1199531521","116.02","-31.87","SALES-POS","ff61dd5e-938a-4acb-a1fd-03d1d2fbba4e","Billy",9084.64,2018-09-12 07:00:00,"M",52,"Sydney","NSW",135.95,"5f241e0ac6d34c17b2dcf51ed3a68d85","CUS-134833760","151.21","-33.87","debit","Wed","21:02:13","21","September"
"5506","authorized","0","ACC-1903037542","153.05","-27.61","SALES-POS","34ebf462-ae7d-4974-850e-a9fafdad65e4","Jeffrey",2450.79,2018-09-12 07:00:00,"M",30,"Victoria Point","QLD",11.11,"18b3b53b172844f9b1ccbfbeebc58f2a","CUS-860700529","153.28","-27.59","debit","Wed","21:24:26","21","September"
"5507","authorized","1","ACC-182446574","116.06","-32.00","SALES-POS","c9da73d1-9d5e-4617-84c0-745f303de973","Tonya",4718.86,2018-09-12 07:00:00,"F",27,"Forrestfield","WA",6.37,"180c3ddcbc7e480a92f64ba0a0c5291b","CUS-3026014945","116.01","-31.99","debit","Wed","21:46:39","21","September"
"5508","posted",NA,"ACC-1710017148","150.82","-34.01","PAYMENT",NA,"Michelle",8688.12,2018-09-12 07:00:00,"F",19,NA,NA,33,"6e78561f9c7b48719598bc0d24cc606a","CUS-883482547",NA,NA,"debit","Wed","22:00:00","22","September"
"5509","authorized","1","ACC-1652235822","144.89","-37.81","POS","77e97e63-ffc1-418f-aa89-f8881c02ac42","Renee",20065.17,2018-09-12 07:00:00,"F",38,"Coldstream","VIC",20.97,"0da5f627dca34369a730e99b76a7fa58","CUS-2206365095","145.42","-37.7","debit","Wed","22:14:48","22","September"
"5510","authorized","1","ACC-966140392","147.08","-37.97","SALES-POS","63431a9c-2ef8-4229-b2bf-ce794432d32a","Joseph",4577.35,2018-09-12 07:00:00,"M",21,"Geelong","VIC",14.05,"53a0a2f59bb3483e8de5e43ef51179b9","CUS-537508723","144.36","-38.15","debit","Wed","22:51:51","22","September"
"5511","posted",NA,"ACC-1973887809","115.78","-31.90","PAYMENT",NA,"Antonio",5645.54,2018-09-12 07:00:00,"M",26,NA,NA,29,"3d45aefe595f4e01b5cead04f458a8b3","CUS-1646621553",NA,NA,"debit","Wed","23:00:00","23","September"
"5512","posted",NA,"ACC-1349834573","145.17","-37.84","PAYMENT",NA,"Matthew",12432.73,2018-09-12 07:00:00,"M",39,NA,NA,32,"089806b148394ee3be84ecca8d8f6359","CUS-1790886359",NA,NA,"debit","Wed","23:00:00","23","September"
"5513","posted",NA,"ACC-240804743","121.48","-30.75","PAYMENT",NA,"Kenneth",11260.3,2018-09-12 07:00:00,"M",29,NA,NA,39,"5ee578c6a37245e4b8df7a22fbf31d9d","CUS-261674136",NA,NA,"debit","Wed","23:00:00","23","September"
"5514","authorized","1","ACC-240804743","121.48","-30.75","SALES-POS","c90572a4-d494-4374-8dcd-33a240007c62","Kenneth",11299.3,2018-09-12 07:00:00,"M",29,"Kalgoorlie","WA",30.12,"602971eb2617427085b799e740e68c88","CUS-261674136","121.47","-30.75","debit","Wed","23:18:08","23","September"
"5515","authorized","0","ACC-3084464802","145.15","-37.76","SALES-POS","6eb62c10-2845-4d88-900a-4be92df6646d","Susan",5712.18,2018-09-12 07:00:00,"F",19,"Lilydale","VIC",8.38,"c1fa5e8dd8a44b73bfeebb378552a1d4","CUS-1928710999","145.35","-37.76","debit","Wed","23:41:23","23","September"
"5516","authorized","0","ACC-3084464802","145.15","-37.76","SALES-POS","ba875c12-e736-4688-bc3c-b577d5abf55c","Susan",5695.24,2018-09-13 07:00:00,"F",19,"Woori Yallock","VIC",16.94,"ad035736e49341e98037e1f95a9b4dba","CUS-1928710999","145.53","-37.78","debit","Thu","00:07:08","00","September"
"5517","authorized","1","ACC-2901672282","255.00","-573.00","SALES-POS","a1360283-370b-4de2-9c27-8c3452f7e4af","Daniel",4277.88,2018-09-13 07:00:00,"M",22,"Melbourne","VIC",38.41,"cda02e188eb242d09861c66bdcc9d0bd","CUS-1617121891","144.97","-37.82","debit","Thu","00:42:51","00","September"
"5518","authorized","1","ACC-1598451071","153.41","-27.95","POS","1e767676-dfb1-428e-a532-8c652ef863ac","Diana",2333.51,2018-09-13 07:00:00,"F",26,"Broadbeach","QLD",7.75,"150d126e8151459f998fe70380d9b9cf","CUS-2487424745","153.43","-28.04","debit","Thu","01:12:22","01","September"
"5519","authorized","0","ACC-4274272854","145.23","-37.86","POS","0542f88c-0252-437a-9161-da3c0aff2875","Timothy",5825.1,2018-09-13 07:00:00,"M",20,"Braybrook","VIC",25.02,"3ccbe2836f4d4d2db5c812cf760d9665","CUS-2484453271","144.86","-37.78","debit","Thu","01:36:11","01","September"
"5520","authorized","0","ACC-1516130869","130.84","-12.45","SALES-POS","c341d8bc-6ac7-43b1-9dfa-b34a48d0b01a","Jessica",3041.07,2018-09-13 07:00:00,"F",21,"Palmerston City","NT",12.91,"146db7d4662e4035801e4aca7347c5b5","CUS-325142416","130.99","-12.48","debit","Thu","01:59:59","01","September"
"5521","posted",NA,"ACC-1496451953","145.16","-37.84","INTER BANK",NA,"Ricky",12778.13,2018-09-13 07:00:00,"M",43,NA,NA,16,"083435ba4c8c4395a5139266cb603901","CUS-3142625864",NA,NA,"debit","Thu","02:00:00","02","September"
"5522","posted",NA,"ACC-3771436525","145.04","-37.92","PAYMENT",NA,"Derek",3996.86,2018-09-13 07:00:00,"M",20,NA,NA,168,"06d85d7cb8f74474b9e8ae36fadce0c9","CUS-3325710106",NA,NA,"debit","Thu","02:00:00","02","September"
"5523","posted",NA,"ACC-1523339231","115.83","-31.90","PAYMENT",NA,"Tim",61588.22,2018-09-13 07:00:00,"M",40,NA,NA,47,"049678dec92c4184a3d2547c4769acf1","CUS-1816693151",NA,NA,"debit","Thu","03:00:00","03","September"
"5524","posted",NA,"ACC-2890243754","153.32","-27.93","PAYMENT",NA,"Joseph",3129.01,2018-09-13 07:00:00,"M",37,NA,NA,52,"e22667c353aa4a8a9039b35960ad0409","CUS-2695611575",NA,NA,"debit","Thu","03:00:00","03","September"
"5525","posted",NA,"ACC-2270192619","138.56","-35.27","PAYMENT",NA,"Darren",11838.04,2018-09-13 07:00:00,"M",20,NA,NA,39,"742f3c33e9564db8a6b77143f191c27d","CUS-2110742437",NA,NA,"debit","Thu","04:00:00","04","September"
"5526","posted",NA,"ACC-3536132544","144.93","-37.79","PAYMENT",NA,"Heather",4080.87,2018-09-13 07:00:00,"F",41,NA,NA,22,"cec0d3b449044c7094752e510c62029b","CUS-2348881191",NA,NA,"debit","Thu","04:00:00","04","September"
"5527","authorized","1","ACC-2901672282","255.00","-573.00","SALES-POS","39d7df49-d246-45c6-bb90-5e4b3a3b003b","Daniel",4263.69,2018-09-13 07:00:00,"M",22,"Sydney","NSW",14.19,"9d03a54c90e44a008d0ae9bd2eaa7331","CUS-1617121891","151.21","-33.87","debit","Thu","04:08:29","04","September"
"5528","authorized","1","ACC-4274272854","145.23","-37.86","POS","32dee8bf-1e33-4568-94b5-f51d531175a4","Timothy",5807.4,2018-09-13 07:00:00,"M",20,"Officer","VIC",17.7,"b1b7db8040e94343be70dcda91c058e2","CUS-2484453271","145.41","-38.06","debit","Thu","04:38:47","04","September"
"5529","posted",NA,"ACC-2171593283","146.94","-36.04","PAYMENT",NA,"Fernando",11001.81,2018-09-13 07:00:00,"M",19,NA,NA,33,"5bc7cc9373664dc8b33c0028277be4f8","CUS-2317998716",NA,NA,"debit","Thu","05:00:00","05","September"
"5530","posted",NA,"ACC-2890243754","153.32","-27.93","PAYMENT",NA,"Joseph",3111.01,2018-09-13 07:00:00,"M",37,NA,NA,18,"75b0e29e6e864103b7fc804a263a81b6","CUS-2695611575",NA,NA,"debit","Thu","05:00:00","05","September"
"5531","authorized","1","ACC-3233697971","151.04","-33.77","POS","d8bc8141-7903-408f-a626-c41c5e45dde6","Robin",7595.33,2018-09-13 07:00:00,"F",34,"Tamworth","NSW",29.25,"ea67cf0f638a484a9cdb1cc05f76cf7e","CUS-1147642491","150.92","-31.09","debit","Thu","05:49:59","05","September"
"5532","posted",NA,"ACC-559365433","147.31","-42.88","INTER BANK",NA,"Mary",1953.26,2018-09-13 07:00:00,"F",64,NA,NA,160,"a3487a8de48e4077bd9bd5bede035417","CUS-1654129794",NA,NA,"debit","Thu","06:00:00","06","September"
"5533","posted",NA,"ACC-3481401842","115.74","-31.72","PAYMENT",NA,"Tiffany",3961.96,2018-09-13 07:00:00,"F",25,NA,NA,46,"9d898f4ca2784c6cb5e48b43a4a74cf0","CUS-1669695324",NA,NA,"debit","Thu","06:00:00","06","September"
"5534","posted",NA,"ACC-1608363396","151.22","-33.87","PAYMENT",NA,"Robert",5783.52,2018-09-13 07:00:00,"M",20,NA,NA,135,"1bfd69aa10c7478295e7a9b8f9d170a3","CUS-2688605418",NA,NA,"debit","Thu","06:00:00","06","September"
"5535","posted",NA,"ACC-211792489","138.63","-34.93","PAYMENT",NA,"Jacqueline",5963.57,2018-09-13 07:00:00,"F",30,NA,NA,47,"36d9c174bc024c7d9deca138eb86daea","CUS-497688347",NA,NA,"debit","Thu","06:00:00","06","September"
"5536","posted",NA,"ACC-2231965366","144.96","-37.84","PAYMENT",NA,"Linda",14121.4,2018-09-13 07:00:00,"F",35,NA,NA,33,"aa985bb4e0ca494597541570f8220588","CUS-2155701614",NA,NA,"debit","Thu","07:00:00","07","September"
"5537","posted",NA,"ACC-1438600314","138.69","-34.84","PAYMENT",NA,"Maria",4193.61,2018-09-13 07:00:00,"F",35,NA,NA,120,"0e316df7dfc74da6b2b9ddbe49036c44","CUS-2650223890",NA,NA,"debit","Thu","07:00:00","07","September"
"5538","posted",NA,"ACC-2259139624","144.66","-37.91","INTER BANK",NA,"Cindy",10563.9,2018-09-13 07:00:00,"F",19,NA,NA,22,"5b4f14ccae5a443489e667f994d362a0","CUS-3174332735",NA,NA,"debit","Thu","07:00:00","07","September"
"5539","authorized","1","ACC-3954677887","115.72","-32.28","SALES-POS","0573359a-48af-4d38-a1a0-00d115cb2654","Ruth",5701.47,2018-09-13 07:00:00,"F",47,"Taree","NSW",5.52,"1b093d0f8984475396c6b8ef0e8ed3dd","CUS-3716701010","152.46","-31.91","debit","Thu","07:06:09","07","September"
"5540","authorized","1","ACC-3541460373","145.00","-37.83","POS","72cdcf17-312b-49c3-9fbe-bd3cdcf97d42","Jeffrey",3840.32,2018-09-13 07:00:00,"M",24,"West Melbourne","VIC",12.43,"fad3222695584b179cd6352340f06c96","CUS-1433879684","144.95","-37.81","debit","Thu","07:44:36","07","September"
"5541","posted",NA,"ACC-2776252858","144.95","-37.76","PAYMENT",NA,"Kristin",4381.87,2018-09-13 07:00:00,"F",43,NA,NA,43,"98e7900065044cc39f4575df078d7a6c","CUS-4123612273",NA,NA,"debit","Thu","08:00:00","08","September"
"5542","authorized","1","ACC-966140392","147.08","-37.97","POS","c34d1bb1-04b3-407e-b7e6-45ef0b497902","Joseph",4566.46,2018-09-13 07:00:00,"M",21,"Springvale","VIC",10.89,"94a1671e280d4f9f88c6fd8dc184c6f2","CUS-537508723","145.16","-37.93","debit","Thu","08:04:59","08","September"
"5543","authorized","1","ACC-4274272854","145.23","-37.86","POS","acb057e5-a59f-492e-b83b-61b75fa1fa12","Timothy",5798.74,2018-09-13 07:00:00,"M",20,"Strahan","TAS",8.66,"a216c6965edf459f9fbdcdd775b66a12","CUS-2484453271","145.33","-42.15","debit","Thu","08:13:19","08","September"
"5544","authorized","1","ACC-414431115","142.77","-37.06","SALES-POS","959694dd-5121-4e68-9d7f-ad35790519e3","Amy",2569.65,2018-09-13 07:00:00,"F",43,"Mansfield","VIC",26.25,"d9300757e17d43d0b84b45c2ac3914f7","CUS-2599279756","146.09","-37.05","debit","Thu","08:21:39","08","September"
"5545","authorized","1","ACC-4274272854","145.23","-37.86","SALES-POS","1832158b-7c45-4e17-9239-b7d7fef46969","Timothy",5788.47,2018-09-13 07:00:00,"M",20,"Narre Warren","VIC",10.27,"dff97f3022f942d7ab9faa2be3769989","CUS-2484453271","145.31","-38.02","debit","Thu","08:29:59","08","September"
"5546","authorized","1","ACC-4258502723","145.45","-37.74","POS","6a981542-751b-48d6-9060-63190edeacf4","Kimberly",3205.79,2018-09-13 07:00:00,"F",24,"Melbourne","VIC",8.58,"398302dc364c40f0b9fcb4a5e625c8b1","CUS-3378712515","144.96","-37.81","debit","Thu","08:38:19","08","September"
"5547","authorized","1","ACC-2901672282","255.00","-573.00","POS","dcd7f696-8ac8-45f0-955b-4fd3982d45cf","Daniel",4247.81,2018-09-13 07:00:00,"M",22,"Melbourne","VIC",15.88,"c38bb72b647d45b29b7b979394b174d4","CUS-1617121891","144.96","-37.81","debit","Thu","08:46:39","08","September"
"5548","authorized","1","ACC-154431271","153.09","-27.48","POS","36a1855d-f406-4c1b-a44e-89d7adb63848","Lori",2937.95,2018-09-13 07:00:00,"F",18,"Kingsthorpe","QLD",29.6,"d3723b9f39194f7ea20cb7f901604439","CUS-3702001629","151.83","-27.51","debit","Thu","08:54:59","08","September"
"5549","posted",NA,"ACC-3485804958","138.52","-35.01","PAYMENT",NA,"Jessica",23641.21,2018-09-13 07:00:00,"F",34,NA,NA,27,"d8e41adf3b9d43f9a598d88d623fd6f3","CUS-1196156254",NA,NA,"debit","Thu","09:00:00","09","September"
"5550","posted",NA,"ACC-1650504218","145.01","-37.93","PAYMENT",NA,"Marissa",10041.96,2018-09-13 07:00:00,"F",23,NA,NA,154,"dbbdbe0773614aa499d221cca5ae18dc","CUS-2500783281",NA,NA,"debit","Thu","09:00:00","09","September"
"5551","posted",NA,"ACC-1516130869","130.84","-12.45","INTER BANK",NA,"Jessica",2957.26,2018-09-13 07:00:00,"F",21,NA,NA,39,"a7b0b8294e0f447eba8fb9667aff6bf3","CUS-325142416",NA,NA,"debit","Thu","09:00:00","09","September"
"5552","posted",NA,"ACC-1998563091","149.03","-35.25","PAYMENT",NA,"David",16116.17,2018-09-13 07:00:00,"M",42,NA,NA,1404,"f92037c189404462b6471c966561cec7","CUS-3395687666",NA,NA,"debit","Thu","09:00:00","09","September"
"5553","posted",NA,"ACC-1243371644","150.90","-33.78","PAYMENT",NA,"Gregory",4164.65,2018-09-13 07:00:00,"M",42,NA,NA,194,"a97c0947d8724dd2b5ac4231da402117","CUS-3904958894",NA,NA,"debit","Thu","09:00:00","09","September"
"5554","authorized","1","ACC-2897221629","150.90","-34.37","SALES-POS","79383131-7121-47ef-8a83-1f051318c92f","Scott",4429.89,2018-09-13 07:00:00,"M",23,"Gordon","NSW",5.41,"526e50935f334504bad297e950e6d71b","CUS-511326734","151.15","-33.76","debit","Thu","09:01:38","09","September"
"5555","authorized","0","ACC-1222300524","151.23","-33.94","SALES-POS","ca504361-fa5f-4c0a-a6f5-800343d80b98","Michael",924.19,2018-09-13 07:00:00,"M",38,"Brighton-Le-Sands","NSW",16.34,"8c538f41fddc4577b73ff14ca5e72a1e","CUS-2142601169","151.16","-33.96","debit","Thu","09:05:45","09","September"
"5556","authorized","0","ACC-3084464802","145.15","-37.76","POS","0b5b8661-5fd3-480b-83ca-889afec8c716","Susan",5688.53,2018-09-13 07:00:00,"F",19,"Ringwood","VIC",6.71,"ec383a4e7a1e466cafbf55b1ebe5f76a","CUS-1928710999","145.23","-37.81","debit","Thu","09:09:52","09","September"
"5557","authorized","1","ACC-4258502723","145.45","-37.74","SALES-POS","6e268cb4-abc2-41b1-9f90-beac7955627f","Kimberly",3198.77,2018-09-13 07:00:00,"F",24,"Hawthorn","VIC",7.02,"2c556891ad994e7ba5259eb35f2c27be","CUS-3378712515","145.04","-37.82","debit","Thu","09:13:59","09","September"
"5558","authorized","1","ACC-1516130869","130.84","-12.45","POS","cb021e50-fc33-4d52-9d1c-e17b5c7b277b","Jessica",3013.23,2018-09-13 07:00:00,"F",21,"Darwin","NT",27.84,"bf7784c857114e40b816bea03388ef43","CUS-325142416","130.84","-12.46","debit","Thu","09:18:06","09","September"
"5559","authorized","1","ACC-1799207998","150.68","-33.79","POS","29f50e49-952e-41f4-8df5-f83d711d90c2","Susan",7088.05,2018-09-13 07:00:00,"F",20,"Lane Cove","NSW",23.73,"db26db8739ef4d0583f53809cf4588d7","CUS-164374203","151.17","-33.81","debit","Thu","09:22:13","09","September"
"5560","authorized","1","ACC-3689607373","115.79","-31.79","POS","9b03f1fb-e94f-4a23-b48e-1b2c0c4ac093","Virginia",4889.98,2018-09-13 07:00:00,"F",20,"West Perth","WA",12.59,"ebae6f1912bb487a8a954b02f7d720c7","CUS-127297539","115.85","-31.95","debit","Thu","09:26:20","09","September"
"5561","authorized","0","ACC-1516130869","130.84","-12.45","SALES-POS","bf3bc19d-ccf4-4117-af76-f1375d2a6e1b","Jessica",2996.26,2018-09-13 07:00:00,"F",21,"Marrara","NT",16.97,"c9246114c19745b6b1fd7a07568a7bf1","CUS-325142416","130.9","-12.4","debit","Thu","09:30:27","09","September"
"5562","authorized","1","ACC-3954677887","115.72","-32.28","POS","209ea563-6f75-4605-b322-d9f5d24d7a45","Ruth",5674.4,2018-09-13 07:00:00,"F",47,"Hocking","WA",27.07,"6363ba1726944ee792b93d61775a60ee","CUS-3716701010","115.82","-31.77","debit","Thu","09:34:34","09","September"
"5563","authorized","0","ACC-4258502723","145.45","-37.74","POS","26b0b9bc-a8af-4484-b4d3-4cf0838ed5bf","Kimberly",3179.88,2018-09-13 07:00:00,"F",24,"Southbank","VIC",18.89,"c3785d6070c749cfb9f1f79f8f623d0b","CUS-3378712515","144.97","-37.83","debit","Thu","09:38:40","09","September"
"5564","authorized","1","ACC-1222300524","151.23","-33.94","POS","72cdcf17-312b-49c3-9fbe-bd3cdcf97d42","Michael",916.81,2018-09-13 07:00:00,"M",38,"West Melbourne","VIC",7.38,"564a561b680f437892edde0c40eb41ef","CUS-2142601169","144.95","-37.81","debit","Thu","09:42:47","09","September"
"5565","authorized","1","ACC-1199531521","116.02","-31.87","SALES-POS","e31795fc-3756-48c8-97f8-3c55599cd769","Billy",9062.94,2018-09-13 07:00:00,"M",52,"Claremont","WA",21.7,"90bf4e0c5cde494b966a2ec69953dd8f","CUS-134833760","115.79","-31.97","debit","Thu","09:46:54","09","September"
"5566","authorized","0","ACC-1903037542","153.05","-27.61","SALES-POS","eb6dedcd-cf23-4229-a5f7-e557a935a3e5","Jeffrey",2443.84,2018-09-13 07:00:00,"M",30,"Toowoomba City","QLD",6.95,"1adbd0ad5dfb4cf4bdd09ba27a8b142e","CUS-860700529","151.95","-27.56","debit","Thu","09:51:01","09","September"
"5567","authorized","1","ACC-2828321672","153.03","-27.51","SALES-POS","3174ce1c-7f3b-4852-99d1-33abf1bcfb90","Stephanie",3596.74,2018-09-13 07:00:00,"F",53,"Port Macquarie","NSW",17.26,"1db6d9f999d64db8af3b04cfc61dbab3","CUS-1005756958","152.89","-31.43","debit","Thu","09:55:08","09","September"
"5568","authorized","1","ACC-1903037542","153.05","-27.61","SALES-POS","1f67fe13-88de-4730-a94c-3ccd989930a2","Jeffrey",2402.54,2018-09-13 07:00:00,"M",30,"Melbourne","VIC",41.3,"9335083f8d73405e9215521f02da91d9","CUS-860700529","144.97","-37.81","debit","Thu","09:59:15","09","September"
"5569","posted",NA,"ACC-966140392","147.08","-37.97","PAYMENT",NA,"Joseph",4432.46,2018-09-13 07:00:00,"M",21,NA,NA,134,"b55028fdaa2b408db952f4443aa52f9e","CUS-537508723",NA,NA,"debit","Thu","10:00:00","10","September"
"5570","authorized","1","ACC-1903037542","153.05","-27.61","POS","f1830a21-3ed4-4659-9396-1ea7683f207a","Jeffrey",2395.41,2018-09-13 07:00:00,"M",30,"Mount Lofty","QLD",7.13,"1704712ff4d3439fb442e14e559eb3d2","CUS-860700529","151.97","-27.55","debit","Thu","10:18:13","10","September"
"5571","authorized","0","ACC-1222300524","151.23","-33.94","POS","a1ca1b7e-a737-4fc8-b070-3e606f52c0d6","Michael",908.68,2018-09-13 07:00:00,"M",38,"Margaret River","WA",8.13,"c5d7f8293a3e4928ac155cc9fba1f5aa","CUS-2142601169","115.07","-33.95","debit","Thu","10:40:26","10","September"
"5572","posted",NA,"ACC-3233697971","151.04","-33.77","PAYMENT",NA,"Robin",7516.33,2018-09-13 07:00:00,"F",34,NA,NA,79,"1fe8f5216b3143cc850453915f5f3a02","CUS-1147642491",NA,NA,"debit","Thu","11:00:00","11","September"
"5573","posted",NA,"ACC-3541460373","145.00","-37.83","PAYMENT",NA,"Jeffrey",3799.32,2018-09-13 07:00:00,"M",24,NA,NA,41,"10721f6b20714ea7ad2287b019a410a4","CUS-1433879684",NA,NA,"debit","Thu","11:00:00","11","September"
"5574","posted",NA,"ACC-4163822186","149.03","-34.97","PAY/SALARY",NA,"Karen",7529.51,2018-09-13 07:00:00,"F",26,NA,NA,920.71,"f557bdb10a3847138897a11429671dcb","CUS-2630892467",NA,NA,"credit","Thu","11:00:00","11","September"
"5575","posted",NA,"ACC-1608363396","151.22","-33.87","INTER BANK",NA,"Robert",5759.52,2018-09-13 07:00:00,"M",20,NA,NA,24,"fe0fd9b735b84bd2aa1836ead1bd37d9","CUS-2688605418",NA,NA,"debit","Thu","11:00:00","11","September"
"5576","posted",NA,"ACC-3954677887","115.72","-32.28","PAYMENT",NA,"Ruth",5628.4,2018-09-13 07:00:00,"F",47,NA,NA,46,"8c90d376f63b4df9aea63a6d1a37f603","CUS-3716701010",NA,NA,"debit","Thu","11:00:00","11","September"
"5577","authorized","1","ACC-414431115","142.77","-37.06","SALES-POS","df59f83b-b2e2-4625-85ba-58d31275e329","Amy",2537.34,2018-09-13 07:00:00,"F",43,"Mansfield","VIC",32.31,"7ad2e3251ca74427968be8015b0e588d","CUS-2599279756","146.07","-37.05","debit","Thu","11:01:02","11","September"
"5578","authorized","1","ACC-1222300524","151.23","-33.94","POS","a1082d97-f4c7-4fbd-85c6-271112d5b94d","Michael",889.06,2018-09-13 07:00:00,"M",38,"Padstow","NSW",19.62,"de57028c22554d798727bbe0e7ea82d1","CUS-2142601169","151.03","-33.95","debit","Thu","11:09:44","11","September"
"5579","authorized","1","ACC-1443681913","150.92","-33.77","SALES-POS","c469fa1e-aace-404c-bf80-160bea139ea3","Ryan",3643.53,2018-09-13 07:00:00,"M",31,"Milsons Point","NSW",50.86,"866c1c7085904a7986ba80ea2d7f8d5f","CUS-3129499595","151.21","-33.85","debit","Thu","11:18:26","11","September"
"5580","authorized","1","ACC-1890605467","143.88","-37.66","POS","76931b68-8dd8-47c4-98b6-690f1908713a","Alexander",13242.83,2018-09-13 07:00:00,"M",38,"Roxburgh Park","VIC",34.59,"b1e8263f3f474f1da1081dd320ae034c","CUS-1478398256","144.93","-37.64","debit","Thu","11:27:07","11","September"
"5581","authorized","1","ACC-1222300524","151.23","-33.94","POS","296a0500-8552-48ac-ac81-ec37065b568e","Michael",845.21,2018-09-13 07:00:00,"M",38,"Casula","NSW",43.85,"727c305e1c904251812e4a71d5c66184","CUS-2142601169","150.88","-33.96","debit","Thu","11:35:49","11","September"
"5582","authorized","1","ACC-2890243754","153.32","-27.93","SALES-POS","05a0ae1a-11ae-4407-8759-dcf2eaa2fe0d","Joseph",3105.5,2018-09-13 07:00:00,"M",37,"Southport","QLD",5.51,"d935fee0da664cfabef9b7c5a94a6d1c","CUS-2695611575","153.41","-27.96","debit","Thu","11:44:31","11","September"
"5583","authorized","1","ACC-2890243754","153.32","-27.93","POS","58ca4138-eccc-44ed-b9f4-89f52f586b07","Joseph",3093.91,2018-09-13 07:00:00,"M",37,"Biggera Waters","QLD",11.59,"345b0d694f4745efbd39946c522712b1","CUS-2695611575","153.4","-27.94","debit","Thu","11:53:13","11","September"
"5584","posted",NA,"ACC-721712940","145.09","-37.82","PAY/SALARY",NA,"Andrew",54662.64,2018-09-13 07:00:00,"M",78,NA,NA,782.42,"97b527697963482ebe45fb9487ec8c74","CUS-1646183815",NA,NA,"credit","Thu","12:00:00","12","September"
"5585","posted",NA,"ACC-2528867619","138.58","-34.96","PAYMENT",NA,"Abigail",9579.79,2018-09-13 07:00:00,"F",40,NA,NA,196,"c5c221e4759e4daf97d0bbbb3d3d215f","CUS-2505971401",NA,NA,"debit","Thu","12:00:00","12","September"
"5586","posted",NA,"ACC-3879258709","143.83","-37.66","PHONE BANK",NA,"Natasha",196218.47,2018-09-13 07:00:00,"F",40,NA,NA,41,"66370982b69949bb8deaf7e872d2b027","CUS-527400765",NA,NA,"debit","Thu","12:00:00","12","September"
"5587","posted",NA,"ACC-966140392","147.08","-37.97","PAYMENT",NA,"Joseph",4397.46,2018-09-13 07:00:00,"M",21,NA,NA,35,"a0a9210958ba434c999f1271456ffc40","CUS-537508723",NA,NA,"debit","Thu","12:00:00","12","September"
"5588","authorized","1","ACC-414431115","142.77","-37.06","SALES-POS","394e10ae-ecde-49cc-a245-c0fe9511f088","Amy",2502.82,2018-09-13 07:00:00,"F",43,"Castlemaine","VIC",34.52,"8cb3605ffcef436da64600907b8d3b76","CUS-2599279756","144.21","-37.07","debit","Thu","12:04:09","12","September"
"5589","authorized","0","ACC-3827517394","151.12","-33.89","SALES-POS","0734a330-077f-4317-8d28-120f632d6358","Craig",39136.73,2018-09-13 07:00:00,"M",28,"Bondi Junction","NSW",367.97,"05d024479b664d27a33daaf8f17fe3ff","CUS-2663907001","151.25","-33.89","debit","Thu","12:23:01","12","September"
"5590","authorized","1","ACC-80388494","144.97","-37.42","POS","9550a2b5-7803-43af-b84f-856c9cee2455","Dustin",5885.96,2018-09-13 07:00:00,"M",28,"Eight Mile Plains","QLD",10.48,"b177332459424fcea481523c82e5888a","CUS-1140341822","153.09","-27.58","debit","Thu","12:41:53","12","September"
"5591","posted",NA,"ACC-2107684084","145.03","-37.88","PAY/SALARY",NA,"Richard",7905.3,2018-09-13 07:00:00,"M",22,NA,NA,2218.73,"18c60efd6f6e41b8ae42960e54e62368","CUS-2283904812",NA,NA,"credit","Thu","13:00:00","13","September"
"5592","posted",NA,"ACC-4274272854","145.23","-37.86","PAYMENT",NA,"Timothy",5773.47,2018-09-13 07:00:00,"M",20,NA,NA,15,"c8b43329fe4b41159c7032ec01fa9f12","CUS-2484453271",NA,NA,"debit","Thu","13:00:00","13","September"
"5593","authorized","1","ACC-182446574","116.06","-32.00","POS","5388e492-3862-47fe-96e1-127e2a31505d","Tonya",4700.8,2018-09-13 07:00:00,"F",27,"York","WA",18.06,"db0cd0bae0644d97a1cf9cd60126e0cd","CUS-3026014945","116.77","-31.89","debit","Thu","13:00:47","13","September"
"5594","authorized","1","ACC-1903037542","153.05","-27.61","POS","e8aa4daa-cfe2-4a2c-a0df-aaa9e6a629d2","Jeffrey",2388.64,2018-09-13 07:00:00,"M",30,"Underwood","QLD",6.77,"5b4ce73169c844e898bd5db38f4bb1a9","CUS-860700529","153.11","-27.61","debit","Thu","13:20:23","13","September"
"5595","authorized","1","ACC-847145727","115.90","-31.92","SALES-POS","8d1075d3-05c6-4a8b-8e97-6171a08a5921","Michael",57459.15,2018-09-13 07:00:00,"M",19,"York","WA",13.87,"e76d82b62535488a807db2c049abe446","CUS-1609060617","116.77","-31.89","debit","Thu","13:39:59","13","September"
"5596","authorized","0","ACC-1598451071","153.41","-27.95","POS","70a06eee-8c34-4bb2-a664-c962c5277930","Diana",2326.12,2018-09-13 07:00:00,"F",26,"Palm Beach","QLD",7.39,"c004b25e989843a5b39d61e9f73b8579","CUS-2487424745","153.47","-28.12","debit","Thu","13:59:36","13","September"
"5597","posted",NA,"ACC-1349834573","145.17","-37.84","PAYMENT",NA,"Matthew",12372.73,2018-09-13 07:00:00,"M",39,NA,NA,60,"524e8655624e4e1bb6bc98e6600add28","CUS-1790886359",NA,NA,"debit","Thu","14:00:00","14","September"
"5598","posted",NA,"ACC-2107684084","145.03","-37.88","INTER BANK",NA,"Richard",7458.3,2018-09-13 07:00:00,"M",22,NA,NA,447,"cbd0e74211e6423ba4b452111c01c687","CUS-2283904812",NA,NA,"debit","Thu","14:00:00","14","September"
"5599","posted",NA,"ACC-1903037542","153.05","-27.61","PAY/SALARY",NA,"Jeffrey",4197.26,2018-09-13 07:00:00,"M",30,NA,NA,1808.62,"0b7d9dc698ea4c6e941b48480e361380","CUS-860700529",NA,NA,"credit","Thu","14:00:00","14","September"
"5600","authorized","1","ACC-1598451071","153.41","-27.95","POS","e9c44b2b-0f72-4ddc-9fc7-be5370aa0d44","Diana",2313.72,2018-09-13 07:00:00,"F",26,"Tamborine Mountain","QLD",12.4,"5e11cd21ceb4434da3423cf073656372","CUS-2487424745","153.2","-27.97","debit","Thu","14:09:42","14","September"
"5601","authorized","1","ACC-1710017148","150.82","-34.01","SALES-POS","a1ca1b7e-a737-4fc8-b070-3e606f52c0d6","Michelle",8677.91,2018-09-13 07:00:00,"F",19,"Margaret River","WA",10.21,"c80e5014e48b4c8999ec1e7bee34c3f1","CUS-883482547","115.07","-33.95","debit","Thu","14:19:36","14","September"
"5602","authorized","1","ACC-240804743","121.48","-30.75","SALES-POS","1b687605-2f01-43e0-84f2-297f3dd86f53","Kenneth",11243.29,2018-09-13 07:00:00,"M",29,"Boulder","WA",17.01,"102b2606f7dc4d3c8d1df783e4708c64","CUS-261674136","121.48","-30.77","debit","Thu","14:29:30","14","September"
"5603","authorized","1","ACC-1598451071","153.41","-27.95","SALES-POS","41179464-a548-45e4-b684-71de31becfd6","Diana",2302.3,2018-09-13 07:00:00,"F",26,"Burleigh Heads","QLD",11.42,"6a60d65493c74dbbae42a9acf900d1f2","CUS-2487424745","153.44","-28.1","debit","Thu","14:39:24","14","September"
"5604","authorized","1","ACC-1598451071","153.41","-27.95","POS","1f740c9f-75ff-4562-a173-009a3cd55556","Diana",2297.67,2018-09-13 07:00:00,"F",26,"Mermaid Waters","QLD",4.63,"e95280229e7c4d54aea5f72dcdf86f56","CUS-2487424745","153.41","-28.05","debit","Thu","14:49:18","14","September"
"5605","authorized","0","ACC-414431115","142.77","-37.06","SALES-POS","66029090-5982-4b1d-bc91-a23383b48058","Amy",2478.6,2018-09-13 07:00:00,"F",43,"Maryborough","VIC",24.22,"4cbcf30dc9144447b33467fbd395ccd5","CUS-2599279756","143.74","-37.05","debit","Thu","14:59:12","14","September"
"5606","posted",NA,"ACC-2988263882","145.18","-37.90","PAY/SALARY",NA,"Michael",5321.85,2018-09-13 07:00:00,"M",44,NA,NA,596.33,"16a5fdfbf55b43cca235f81b9579f9fb","CUS-1233833708",NA,NA,"credit","Thu","15:00:00","15","September"
"5607","posted",NA,"ACC-1037050564","153.10","-27.66","PAYMENT",NA,"Rhonda",3552.3,2018-09-13 07:00:00,"F",40,NA,NA,33,"2fc85e1a4e8c4191bcf9dc67ab9fe818","CUS-1614226872",NA,NA,"debit","Thu","15:00:00","15","September"
"5608","posted",NA,"ACC-2970114956","144.89","-37.69","PAY/SALARY",NA,"Robert",9286.53,2018-09-13 07:00:00,"M",26,NA,NA,1433.98,"4717d1016e074732a2b0ffe524049ef5","CUS-880898248",NA,NA,"credit","Thu","15:00:00","15","September"
"5609","authorized","1","ACC-3084464802","145.15","-37.76","SALES-POS","f3d2df7c-4c9a-4f88-931c-fa5ff1cca58c","Susan",5645.37,2018-09-13 07:00:00,"F",19,"Ripponlea","VIC",43.16,"99f9005c2b674369a0bb22ee5b1bb6a2","CUS-1928710999","145","-37.88","debit","Thu","15:07:04","15","September"
"5610","authorized","1","ACC-559365433","147.31","-42.88","POS","9e9c170b-c83e-4b0b-9b73-3a45556f233c","Mary",1928.21,2018-09-13 07:00:00,"F",64,"Fitzroy North","VIC",25.05,"063b1db38704437da084c8a9f8b4d971","CUS-1654129794","144.98","-37.78","debit","Thu","15:14:46","15","September"
"5611","authorized","1","ACC-1903037542","153.05","-27.61","POS","a29bb976-b297-4ddd-9f2c-2283fa4a4e3c","Jeffrey",4185.34,2018-09-13 07:00:00,"M",30,"Gatton","QLD",11.92,"9fa66168581e484e822f0f264af09c41","CUS-860700529","152.28","-27.56","debit","Thu","15:22:27","15","September"
"5612","authorized","0","ACC-182446574","116.06","-32.00","POS","8790c38f-d212-4d49-8623-4fa698117e25","Tonya",4691.29,2018-09-13 07:00:00,"F",27,"Mirrabooka","WA",9.51,"9d445e2eb3ae4fcc95600153f1b9389e","CUS-3026014945","115.87","-31.85","debit","Thu","15:30:09","15","September"
"5613","authorized","1","ACC-414431115","142.77","-37.06","POS","394e10ae-ecde-49cc-a245-c0fe9511f088","Amy",2442.42,2018-09-13 07:00:00,"F",43,"Castlemaine","VIC",36.18,"8591ccdc6e4e4360b3f41edd57760380","CUS-2599279756","144.21","-37.07","debit","Thu","15:37:50","15","September"
"5614","authorized","0","ACC-1903037542","153.05","-27.61","SALES-POS","2ca9bb2e-01e3-48d2-a6df-3c45194dfd21","Jeffrey",4169.82,2018-09-13 07:00:00,"M",30,"Silkstone","QLD",15.52,"81a2af18c93d4990bdcc0a55c4b0efd4","CUS-860700529","152.79","-27.62","debit","Thu","15:45:32","15","September"
"5615","authorized","1","ACC-1037050564","153.10","-27.66","POS","729321c9-17ac-4434-a6f3-7803f9a60904","Rhonda",3585.3,2018-09-13 07:00:00,"F",40,"Mango Hill","QLD",65.26,"b6dcff2e53b1494e9ccd443cf296b292","CUS-1614226872","153.02","-27.24","debit","Thu","15:53:13","15","September"
"5616","posted",NA,"ACC-414431115","142.77","-37.06","PAY/SALARY",NA,"Amy",4072.78,2018-09-13 07:00:00,"F",43,NA,NA,1630.36,"80f909564aa3469ebf2e4a31303a3ab8","CUS-2599279756",NA,NA,"credit","Thu","16:00:00","16","September"
"5617","posted",NA,"ACC-3881031190","149.19","-21.15","PAY/SALARY",NA,"Richard",5981.34,2018-09-13 07:00:00,"M",37,NA,NA,916.75,"07845d0dd9e341f4938224f964598edb","CUS-3201519139",NA,NA,"credit","Thu","16:00:00","16","September"
"5618","authorized","1","ACC-3541460373","145.00","-37.83","SALES-POS","934890a0-37c4-4745-be2f-271aa98c235a","Jeffrey",3785.18,2018-09-13 07:00:00,"M",24,"Point Cook","VIC",14.14,"79278af205284c24b96e0f0151ef4c64","CUS-1433879684","144.73","-37.88","debit","Thu","16:01:59","16","September"
"5619","authorized","1","ACC-1037050564","153.10","-27.66","SALES-POS","f3c386d7-c74f-4eb5-ad11-71607fcdbb71","Rhonda",3512.65,2018-09-13 07:00:00,"F",40,"Sydney","NSW",39.65,"db032b0e9d5a4e6b8bf482bba93f7c07","CUS-1614226872","151.21","-33.87","debit","Thu","16:18:39","16","September"
"5620","authorized","1","ACC-2173390920","144.71","-37.58","SALES-POS","a72416a7-bfa8-4182-943c-938bb28210f5","Luis",5992.84,2018-09-13 07:00:00,"M",27,"Camberwell","VIC",20.42,"e8718787613d4f5ca8e57332512eb956","CUS-3180318393","145.06","-37.83","debit","Thu","16:35:19","16","September"
"5621","authorized","1","ACC-1598451071","153.41","-27.95","POS","f5ae2ba9-8ffc-4d9f-bb7f-4ef5439a096e","Diana",2264.56,2018-09-13 07:00:00,"F",26,"Yatala","QLD",33.11,"652812a3796f4756a7637d11984f69dd","CUS-2487424745","153.23","-27.76","debit","Thu","16:51:59","16","September"
"5622","posted",NA,"ACC-1279356312","144.79","-37.73","PAYMENT",NA,"Tyler",6153.7,2018-09-13 07:00:00,"M",44,NA,NA,15,"f01fcbfb128c47fa956d839599a59e5c","CUS-1892177589",NA,NA,"debit","Thu","17:00:00","17","September"
"5623","posted",NA,"ACC-2014856841","144.99","-37.90","INTER BANK",NA,"Patrick",262504.15,2018-09-13 07:00:00,"M",46,NA,NA,1168,"430b19685b98400cbe3d21cf5e4b7708","CUS-2370108457",NA,NA,"debit","Thu","17:00:00","17","September"
"5624","posted",NA,"ACC-2173390920","144.71","-37.58","PAYMENT",NA,"Luis",5963.84,2018-09-13 07:00:00,"M",27,NA,NA,29,"631436941ad34903b2205ad1192025e0","CUS-3180318393",NA,NA,"debit","Thu","17:00:00","17","September"
"5625","posted",NA,"ACC-1056639002","145.03","-37.91","PAY/SALARY",NA,"Michael",48555.95,2018-09-13 07:00:00,"M",22,NA,NA,3195.01,"dd9ac8be24424a4ebc1f50193b12f139","CUS-3462882033",NA,NA,"credit","Thu","17:00:00","17","September"
"5626","posted",NA,"ACC-958000567","130.90","-12.37","PAYMENT",NA,"Sandra",5305.69,2018-09-13 07:00:00,"F",34,NA,NA,37,"874760e455bd4c49a9aa69f61d3e1016","CUS-4142663097",NA,NA,"debit","Thu","17:00:00","17","September"
"5627","posted",NA,"ACC-53508546","150.62","-33.76","PAY/SALARY",NA,"Kimberly",4605.84,2018-09-13 07:00:00,"F",35,NA,NA,725.32,"5dc68f968e924f81a94ca0546bd32fca","CUS-72755508",NA,NA,"credit","Thu","17:00:00","17","September"
"5628","authorized","1","ACC-2265520058","151.27","-33.85","SALES-POS","de98ea25-1956-40e1-afe5-d3f32586269d","Catherine",3518.5,2018-09-13 07:00:00,"F",26,"Blacktown","NSW",64.14,"8348fbf3a4944f03a52749fb3c6163f0","CUS-331942311","150.91","-33.77","debit","Thu","17:06:11","17","September"
"5629","authorized","1","ACC-958000567","130.90","-12.37","SALES-POS","7e044743-4610-4772-985f-7ed4d59a5c87","Sandra",5342.69,2018-09-13 07:00:00,"F",34,"Casuarina","NT",11.69,"114f3cd82d734e259c9ad4652f33eff1","CUS-4142663097","130.88","-12.38","debit","Thu","17:18:05","17","September"
"5630","authorized","1","ACC-1799207998","150.68","-33.79","POS","7122207c-1b4f-4613-9aa0-9eba945a86d1","Susan",7079.37,2018-09-13 07:00:00,"F",20,"Narraweena","NSW",8.68,"06f751b4abfd43558aca4d8c302c5312","CUS-164374203","151.27","-33.75","debit","Thu","17:29:59","17","September"
"5631","authorized","1","ACC-1903037542","153.05","-27.61","POS","63ed3d01-4b95-49a5-a1d4-c95d4e49d9e3","Jeffrey",4151.72,2018-09-13 07:00:00,"M",30,"Victoria Point","QLD",18.1,"c0202dbaaa644c5495072ec319d9337f","CUS-860700529","153.28","-27.58","debit","Thu","17:41:54","17","September"
"5632","authorized","1","ACC-3689607373","115.79","-31.79","SALES-POS","6c84c219-96ea-4c6f-9de5-0a28bcaec62f","Virginia",4872.31,2018-09-13 07:00:00,"F",20,"Rainbow Flat","NSW",17.67,"dc584099de9c4f0584d7f75327c334f9","CUS-127297539","152.47","-32.01","debit","Thu","17:53:48","17","September"
"5633","posted",NA,"ACC-588564840","151.27","-33.76","PAYMENT",NA,"Isaiah",15482.69,2018-09-13 07:00:00,"M",23,NA,NA,41,"499770f554d741c48502a4d807e9145d","CUS-1462656821",NA,NA,"debit","Thu","18:00:00","18","September"
"5634","posted",NA,"ACC-1683215619","138.67","-34.86","PAYMENT",NA,"Barry",4103.4,2018-09-13 07:00:00,"M",38,NA,NA,49,"f58087ceeee041cba22661001ad87adf","CUS-1604596597",NA,NA,"debit","Thu","18:00:00","18","September"
"5635","posted",NA,"ACC-3879258709","143.83","-37.66","PAYMENT",NA,"Natasha",196197.47,2018-09-13 07:00:00,"F",40,NA,NA,21,"26bfc67329c84e6ca333350dfdca2ca2","CUS-527400765",NA,NA,"debit","Thu","18:00:00","18","September"
"5636","authorized","1","ACC-2897221629","150.90","-34.37","POS","3716e385-33dd-4645-bd4d-6a6e42dcf6eb","Scott",4402.43,2018-09-13 07:00:00,"M",23,"Busselton","WA",27.46,"6cc239d172944b968654fe6f130d42f0","CUS-511326734","115.35","-33.65","debit","Thu","18:11:25","18","September"
"5637","authorized","0","ACC-559365433","147.31","-42.88","POS","84a5be12-07d2-4de0-a371-978a8544e6b0","Mary",1915.69,2018-09-13 07:00:00,"F",64,"Oakleigh","VIC",12.52,"e6636c5615914cc7a2fff44a16936c29","CUS-1654129794","145.08","-37.91","debit","Thu","18:35:14","18","September"
"5638","authorized","1","ACC-1516130869","130.84","-12.45","POS","d443739e-46ec-4c81-ace3-995c012ae13a","Jessica",2939.19,2018-09-13 07:00:00,"F",21,"Fannie Bay","NT",18.07,"ac3475ae74df4dd496cc2cefde7c7105","CUS-325142416","130.84","-12.42","debit","Thu","18:59:02","18","September"
"5639","posted",NA,"ACC-1973887809","115.78","-31.90","PAYMENT",NA,"Antonio",5539.54,2018-09-13 07:00:00,"M",26,NA,NA,106,"aaf8f39ac0954fc988be54b2fe6cc4fc","CUS-1646621553",NA,NA,"debit","Thu","19:00:00","19","September"
"5640","posted",NA,"ACC-1222300524","151.23","-33.94","PAYMENT",NA,"Michael",795.21,2018-09-13 07:00:00,"M",38,NA,NA,50,"f7ab1f65221a4e7f80d030fe37707bff","CUS-2142601169",NA,NA,"debit","Thu","19:00:00","19","September"
"5641","posted",NA,"ACC-2014856841","144.99","-37.90","PAYMENT",NA,"Patrick",262454.15,2018-09-13 07:00:00,"M",46,NA,NA,50,"fbef9340fcb94b1382cbece1163b1287","CUS-2370108457",NA,NA,"debit","Thu","19:00:00","19","September"
"5642","authorized","1","ACC-3541460373","145.00","-37.83","SALES-POS","9d50c611-15be-4907-a853-c3589c97b53e","Jeffrey",3732.73,2018-09-13 07:00:00,"M",24,"Melbourne","VIC",52.45,"1c082b8fe96046ed8f8a9fd555b9bdda","CUS-1433879684","144.96","-37.81","debit","Thu","19:09:35","19","September"
"5643","authorized","1","ACC-1652235822","144.89","-37.81","POS","dc72ced4-7989-42cc-b650-46c249793433","Renee",20025.97,2018-09-13 07:00:00,"F",38,"Camberwell","VIC",39.2,"3f129fcc506e433a9e7eb586d7b639db","CUS-2206365095","145.06","-37.83","debit","Thu","19:19:35","19","September"
"5644","authorized","1","ACC-1652235822","144.89","-37.81","POS","3f7ff446-2ca9-4575-bd2d-df7033a76968","Renee",20012.67,2018-09-13 07:00:00,"F",38,"Hawthorn East","VIC",13.3,"22702eb5e0124583a2b1c0e53aebb16f","CUS-2206365095","145.05","-37.83","debit","Thu","19:29:35","19","September"
"5645","authorized","0","ACC-2231965366","144.96","-37.84","POS","8ceab902-ce1f-42d4-971e-6a3ba3769422","Linda",14102.78,2018-09-13 07:00:00,"F",35,"Maribyrnong","VIC",18.62,"e9bc8892dfdf4e6e867f38d81c695580","CUS-2155701614","144.89","-37.77","debit","Thu","19:39:35","19","September"
"5646","authorized","1","ACC-1516130869","130.84","-12.45","POS","e7d6c699-7f92-44b6-a009-63f871f7509c","Jessica",2935.52,2018-09-13 07:00:00,"F",21,"Darwin","NT",3.67,"57bf380c686b42509fd3f70f4a093724","CUS-325142416","130.84","-12.46","debit","Thu","19:49:35","19","September"
"5647","authorized","0","ACC-1890605467","143.88","-37.66","POS","3e35990d-c83e-415e-9830-79a9ed47239d","Alexander",13215.88,2018-09-13 07:00:00,"M",38,"Avondale Heights","VIC",26.95,"523d4c337f274ea9a809627927f078ba","CUS-1478398256","144.87","-37.77","debit","Thu","19:59:35","19","September"
"5648","posted",NA,"ACC-1279356312","144.79","-37.73","PAYMENT",NA,"Tyler",6112.7,2018-09-13 07:00:00,"M",44,NA,NA,41,"42ba1e07b8ab40b69a0f6e440f15db4c","CUS-1892177589",NA,NA,"debit","Thu","20:00:00","20","September"
"5649","authorized","0","ACC-182446574","116.06","-32.00","POS","0faf8d6e-f204-4abe-b7c1-21ff8e657828","Tonya",4663.94,2018-09-13 07:00:00,"F",27,"Osborne Park","WA",27.35,"889484bd1145420bb33c916b329a930b","CUS-3026014945","115.83","-31.9","debit","Thu","20:18:27","20","September"
"5650","authorized","1","ACC-588564840","151.27","-33.76","POS","4e7e4cae-50fb-41e3-84a5-567fd66d6a19","Isaiah",15452.83,2018-09-13 07:00:00,"M",23,"Punchbowl","NSW",29.86,"1e989d2afdd04d4eab47269f7cc86d73","CUS-1462656821","151.05","-33.93","debit","Thu","20:37:41","20","September"
"5651","authorized","1","ACC-966140392","147.08","-37.97","SALES-POS","5e82896e-3f00-48c9-bd27-492f15439b39","Joseph",4371.9,2018-09-13 07:00:00,"M",21,"Clarinda","VIC",25.56,"20d86ac400c54651a3f30a5575ace95e","CUS-537508723","145.1","-37.94","debit","Thu","20:56:55","20","September"
"5652","posted",NA,"ACC-854938045","147.63","-22.84","PHONE BANK",NA,"James",10460.12,2018-09-13 07:00:00,"M",28,NA,NA,58,"1419afa25ae043ae979fc83177e345f7","CUS-4023861240",NA,NA,"debit","Thu","21:00:00","21","September"
"5653","authorized","1","ACC-966140392","147.08","-37.97","SALES-POS","e6988ff9-81da-4d27-98ff-4835a1ad5dd4","Joseph",4359.81,2018-09-13 07:00:00,"M",21,"Knoxfield","VIC",12.09,"8cfbc07bdbf94710bbd678c8c3e603b4","CUS-537508723","145.23","-37.9","debit","Thu","21:11:49","21","September"
"5654","authorized","1","ACC-966140392","147.08","-37.97","SALES-POS","3fe81527-e10f-4341-a789-d227e7180dab","Joseph",4346.43,2018-09-13 07:00:00,"M",21,"Carrum Downs","VIC",13.38,"60675430514d459fbf25bea70df26f89","CUS-537508723","145.19","-38.1","debit","Thu","21:25:54","21","September"
"5655","authorized","1","ACC-588564840","151.27","-33.76","SALES-POS","f4de8077-1282-4a9d-89ec-faf918885e57","Isaiah",15445.09,2018-09-13 07:00:00,"M",23,"Kogarah","NSW",7.74,"0194c67dba9b4439973074c4ef18850d","CUS-1462656821","151.13","-33.96","debit","Thu","21:39:59","21","September"
"5656","authorized","1","ACC-2231965366","144.96","-37.84","SALES-POS","a4327c86-cf62-41ce-928a-881aaa11b2f4","Linda",14062.65,2018-09-13 07:00:00,"F",35,"Lilydale","VIC",40.13,"df5b27e6c987483cab08de585685f267","CUS-2155701614","145.35","-37.76","debit","Thu","21:54:05","21","September"
"5657","posted",NA,"ACC-3741880913","150.50","-23.40","PAYMENT",NA,"Ashley",7068.8,2018-09-13 07:00:00,"F",25,NA,NA,32,"bd201c99677a41ad9a42ded46b09e970","CUS-1220154422",NA,NA,"debit","Thu","22:00:00","22","September"
"5658","posted",NA,"ACC-90814749","151.68","-32.98","PAYMENT",NA,"Christopher",10118.01,2018-09-13 07:00:00,"M",35,NA,NA,36,"abdae1cecb484fbaa76f7f419ca99eec","CUS-1896554896",NA,NA,"debit","Thu","22:00:00","22","September"
"5659","posted",NA,"ACC-2265520058","151.27","-33.85","PAYMENT",NA,"Catherine",3485.5,2018-09-13 07:00:00,"F",26,NA,NA,33,"f65edeeb1054488ca1b3f17a1913531a","CUS-331942311",NA,NA,"debit","Thu","22:00:00","22","September"
"5660","posted",NA,"ACC-854938045","147.63","-22.84","PAYMENT",NA,"James",10376.12,2018-09-13 07:00:00,"M",28,NA,NA,84,"d52b80c8d7eb40b78d655b2db62c7b43","CUS-4023861240",NA,NA,"debit","Thu","22:00:00","22","September"
"5661","authorized","0","ACC-2305712452","138.61","-34.89","SALES-POS","a43ea02a-4dfd-4be4-a7b6-5438df923271","Debra",3629.95,2018-09-13 07:00:00,"F",18,"Sydney","NSW",83.76,"5d8137f507c148878d0801fab79c7ce7","CUS-1842679196","151.21","-33.86","debit","Thu","22:09:30","22","September"
"5662","authorized","1","ACC-964839203","146.92","-36.07","POS","f0e656b5-fcfc-44a1-b297-29826efcb2a4","Michael",33554.96,2018-09-13 07:00:00,"M",21,"Berwick","VIC",32.78,"56c50b2767ff45139e3f9fc6c4e9db9f","CUS-2059096722","145.33","-38.02","debit","Thu","22:25:54","22","September"
"5663","authorized","0","ACC-1710017148","150.82","-34.01","SALES-POS","ffaffe7f-3d95-4429-a3dd-96a8d6088863","Michelle",8628.41,2018-09-13 07:00:00,"F",19,"Prahran","VIC",49.5,"153b6793b8434034b373721d9d0bc299","CUS-883482547","145","-37.85","debit","Thu","22:42:17","22","September"
"5664","authorized","1","ACC-1903037542","153.05","-27.61","SALES-POS","8d7c3b90-f653-45da-8afd-a53c94fb05dd","Jeffrey",4137.25,2018-09-13 07:00:00,"M",30,"Sydney","NSW",14.47,"39b53f652f4c4c2690bb7ee0b8140826","CUS-860700529","151.21","-33.87","debit","Thu","22:58:41","22","September"
"5665","posted",NA,"ACC-354106658","151.04","-33.80","PAYMENT",NA,"Christine",5787.54,2018-09-13 07:00:00,"F",39,NA,NA,52,"b80818ae33274d4fbb1adbbe31380694","CUS-2376382098",NA,NA,"debit","Thu","23:00:00","23","September"
"5666","posted",NA,"ACC-1334819143","145.13","-37.70","INTER BANK",NA,"Christopher",62460.84,2018-09-13 07:00:00,"M",33,NA,NA,59,"3676a03d73894f3f8e6a3f6eb112c6ad","CUS-3117610635",NA,NA,"debit","Thu","23:00:00","23","September"
"5667","authorized","0","ACC-1710017148","150.82","-34.01","POS","3d0c1cfa-bdfd-4467-b3f0-42d4037326d0","Michelle",8596.15,2018-09-13 07:00:00,"F",19,"Alexandria","NSW",32.26,"c6c6cec25ce64a809d00eb111987527c","CUS-883482547","151.2","-33.9","debit","Thu","23:15:04","23","September"
"5668","authorized","1","ACC-1710017148","150.82","-34.01","SALES-POS","8bdc1e1c-40eb-49f9-aa1c-33b6e8f8e13f","Michelle",8557.84,2018-09-13 07:00:00,"F",19,"Narellan","NSW",38.31,"57263d9a79034d95abd8b6c9c64bf7cc","CUS-883482547","150.76","-34.05","debit","Thu","23:31:28","23","September"
"5669","authorized","1","ACC-854938045","147.63","-22.84","POS","165ae310-aa9e-43b6-b875-f996db6586bd","James",10321.08,2018-09-13 07:00:00,"M",28,"Brisbane City","QLD",55.04,"dd5c9c9a134b4a15a29d9936f30a745c","CUS-4023861240","153.03","-27.47","debit","Thu","23:47:52","23","September"
"5670","authorized","1","ACC-1443681913","150.92","-33.77","SALES-POS","0e08d4cb-0910-4752-b6ed-10f4875e9d02","Ryan",3613.02,2018-09-14 07:00:00,"M",31,"Waterloo","NSW",30.51,"986763570939450f9f6959e5dbcacc2b","CUS-3129499595","151.21","-33.9","debit","Fri","00:08:57","00","September"
"5671","authorized","0","ACC-2173390920","144.71","-37.58","POS","b0bfc66e-5739-461d-bf38-b02bd1c3b9ec","Luis",5929.74,2018-09-14 07:00:00,"M",27,"Greensborough","VIC",34.1,"9d32f09afaec477789994561f451ce38","CUS-3180318393","145.1","-37.7","debit","Fri","00:43:26","00","September"
"5672","authorized","1","ACC-1903037542","153.05","-27.61","POS","dbe576eb-3ac2-423b-9c43-89141991c500","Jeffrey",4120.52,2018-09-14 07:00:00,"M",30,"Victoria Point","QLD",16.73,"3d3d3cc4c9374f9991d8ec201750745e","CUS-860700529","153.28","-27.59","debit","Fri","01:11:18","01","September"
"5673","authorized","0","ACC-2897221629","150.90","-34.37","SALES-POS","48bd5e29-8fb8-49c3-954e-1fb7c8c29646","Scott",4394.51,2018-09-14 07:00:00,"M",23,"Westleigh","NSW",7.92,"51f369a6c9544535aa4e6824d9eb5f23","CUS-511326734","151.07","-33.72","debit","Fri","01:33:02","01","September"
"5674","authorized","1","ACC-38923874","151.27","-33.90","SALES-POS","0f3c6ed7-12f4-4af7-b65e-1463a245d122","Ryan",37710.36,2018-09-14 07:00:00,"M",38,"Bankstown","NSW",35.8,"a56b6d194c2c43809d7f5f4833974a3d","CUS-3249305314","151.04","-33.92","debit","Fri","01:54:46","01","September"
"5675","authorized","1","ACC-3536132544","144.93","-37.79","SALES-POS","3d724a98-a268-4630-afa4-03d37ac87e83","Heather",4034.61,2018-09-14 07:00:00,"F",41,"Nunawading","VIC",46.26,"cf38a3c4c7294eef88998101fbe55db6","CUS-2348881191","145.17","-37.82","debit","Fri","02:21:06","02","September"
"5676","authorized","1","ACC-854938045","147.63","-22.84","SALES-POS","26c92de4-4848-4c65-aba4-f33884e7545a","James",10191.05,2018-09-14 07:00:00,"M",28,"Ashmore","QLD",130.03,"14743a88f24247f2adb0a925eb4b8e87","CUS-4023861240","153.39","-27.99","debit","Fri","02:48:53","02","September"
"5677","posted",NA,"ACC-3233697971","151.04","-33.77","PAYMENT",NA,"Robin",7343.33,2018-09-14 07:00:00,"F",34,NA,NA,173,"bf25dd4a61284cde8980ffb210be642e","CUS-1147642491",NA,NA,"debit","Fri","03:00:00","03","September"
"5678","posted",NA,"ACC-1683215619","138.67","-34.86","PAYMENT",NA,"Barry",4044.4,2018-09-14 07:00:00,"M",38,NA,NA,59,"daf12317a64847caa49ffc7a08e98e1c","CUS-1604596597",NA,NA,"debit","Fri","03:00:00","03","September"
"5679","posted",NA,"ACC-2901672282","255.00","-573.00","PAYMENT",NA,"Daniel",4111.81,2018-09-14 07:00:00,"M",22,NA,NA,136,"942768ce788848a7af5c1017c88da62d","CUS-1617121891",NA,NA,"debit","Fri","03:00:00","03","September"
"5680","posted",NA,"ACC-211792489","138.63","-34.93","PAYMENT",NA,"Jacqueline",5814.57,2018-09-14 07:00:00,"F",30,NA,NA,149,"1e033a6f68fa42cfa101190b648c6981","CUS-497688347",NA,NA,"debit","Fri","03:00:00","03","September"
"5681","posted",NA,"ACC-2673069055","152.99","-27.49","PAYMENT",NA,"Richard",20889.91,2018-09-14 07:00:00,"M",24,NA,NA,43,"b9d87758fba14a0cba8f1612580117b8","CUS-51506836",NA,NA,"debit","Fri","03:00:00","03","September"
"5682","posted",NA,"ACC-1438600314","138.69","-34.84","PAYMENT",NA,"Maria",4018.61,2018-09-14 07:00:00,"F",35,NA,NA,175,"f3306a35ffb64fe2a7c89c92894c7bad","CUS-2650223890",NA,NA,"debit","Fri","04:00:00","04","September"
"5683","posted",NA,"ACC-1496451953","145.16","-37.84","PAYMENT",NA,"Ricky",12755.13,2018-09-14 07:00:00,"M",43,NA,NA,23,"c2e076bb29ed478bb2b927d89cbb371b","CUS-3142625864",NA,NA,"debit","Fri","04:00:00","04","September"
"5684","posted",NA,"ACC-1496451953","145.16","-37.84","PAYMENT",NA,"Ricky",12684.13,2018-09-14 07:00:00,"M",43,NA,NA,71,"a280266f92724587889e8324fc7235cb","CUS-3142625864",NA,NA,"debit","Fri","04:00:00","04","September"
"5685","posted",NA,"ACC-3021093232","149.83","-29.47","PAYMENT",NA,"Melissa",6605.1,2018-09-14 07:00:00,"F",30,NA,NA,1841,"6ea3318ddbb94a7eab05ebbf8328a762","CUS-55310383",NA,NA,"debit","Fri","04:00:00","04","September"
"5686","posted",NA,"ACC-1710017148","150.82","-34.01","PAYMENT",NA,"Michelle",8517.84,2018-09-14 07:00:00,"F",19,NA,NA,40,"fb1fa75f61fb4cbfb218d0795edf723f","CUS-883482547",NA,NA,"debit","Fri","04:00:00","04","September"
"5687","authorized","0","ACC-1903037542","153.05","-27.61","POS","6f4caf36-f377-4894-8287-428874771395","Jeffrey",4104.57,2018-09-14 07:00:00,"M",30,"Brendale","QLD",15.95,"3d3e677f792d4391bf1cb1e91e8bfb64","CUS-860700529","152.99","-27.32","debit","Fri","04:11:42","04","September"
"5688","authorized","1","ACC-2173390920","144.71","-37.58","POS","794a7032-af6d-4b30-bbd5-d0a3757e1640","Luis",5914.15,2018-09-14 07:00:00,"M",27,"Eltham","VIC",15.59,"9d6e77c111de483693602b69736519e6","CUS-3180318393","145.14","-37.73","debit","Fri","04:36:05","04","September"
"5689","posted",NA,"ACC-3827517394","151.12","-33.89","PAYMENT",NA,"Craig",39071.73,2018-09-14 07:00:00,"M",28,NA,NA,65,"d224d1c63e854ec7bc52fde751ca89e8","CUS-2663907001",NA,NA,"debit","Fri","05:00:00","05","September"
"5690","authorized","1","ACC-964839203","146.92","-36.07","SALES-POS","ef508b54-56af-402a-84ee-a831b0dbf0cf","Michael",33469.47,2018-09-14 07:00:00,"M",21,"Townsville","QLD",85.49,"670daf5322504875a7b9254af69e4022","CUS-2059096722","146.8","-19.29","debit","Fri","05:02:29","05","September"
"5691","posted",NA,"ACC-3941181087","115.79","-31.94","PAYMENT",NA,"Paul",7895.88,2018-09-14 07:00:00,"M",25,NA,NA,28,"1166d34bf7ad4437a6b86b8d6b9a0e27","CUS-3989008654",NA,NA,"debit","Fri","06:00:00","06","September"
"5692","posted",NA,"ACC-1990648130","114.62","-28.80","PAYMENT",NA,"Kaitlyn",4287.28,2018-09-14 07:00:00,"F",21,NA,NA,28,"7fbcb27e46144719a1c145ce0bf86218","CUS-809013380",NA,NA,"debit","Fri","06:00:00","06","September"
"5693","authorized","1","ACC-1349834573","145.17","-37.84","POS","1bb2f452-fcc3-4b3d-aeba-2037e0cf03c0","Matthew",12312.49,2018-09-14 07:00:00,"M",39,"Fitzroy","VIC",60.24,"e505fe7939694b30b308b734fa63c1cc","CUS-1790886359","144.98","-37.8","debit","Fri","06:35:59","06","September"
"5694","posted",NA,"ACC-1496451953","145.16","-37.84","PAYMENT",NA,"Ricky",12667.13,2018-09-14 07:00:00,"M",43,NA,NA,17,"75385724e73c4be899398bfdf87af153","CUS-3142625864",NA,NA,"debit","Fri","07:00:00","07","September"
"5695","authorized","1","ACC-1222300524","151.23","-33.94","POS","f3c3b9e2-0600-4e15-9ca5-d1c901744c37","Michael",781.17,2018-09-14 07:00:00,"M",38,"Northmead","NSW",14.04,"2e20c76f166b40b0952b6a7e7415a4eb","CUS-2142601169","151","-33.79","debit","Fri","07:23:42","07","September"
"5696","authorized","1","ACC-3689607373","115.79","-31.79","POS","4d1c882d-8b38-4de0-8b1d-c486d2202d2e","Virginia",4856.64,2018-09-14 07:00:00,"F",20,"Gloucester","NSW",15.67,"fc73d812ccbc465f84105fff6a00c985","CUS-127297539","151.96","-32.01","debit","Fri","08:00:11","08","September"
"5697","authorized","0","ACC-1903037542","153.05","-27.61","POS","5ac58602-21fe-456d-a258-4b5b49d89de0","Jeffrey",4093.89,2018-09-14 07:00:00,"M",30,"Hamilton","QLD",10.68,"a4ef7a47e50a47d1bb16fec204a29896","CUS-860700529","153.07","-27.44","debit","Fri","08:10:05","08","September"
"5698","authorized","1","ACC-1710017148","150.82","-34.01","SALES-POS","7361b6ab-2ee1-4cf4-8de6-cd2929b38bd8","Michelle",8513.22,2018-09-14 07:00:00,"F",19,"Randwick","NSW",4.62,"92cb5a1883304418900aaf6f82570c2c","CUS-883482547","151.24","-33.91","debit","Fri","08:19:59","08","September"
"5699","authorized","1","ACC-1903037542","153.05","-27.61","SALES-POS","6572f528-736a-4223-a5e6-88124c6213d4","Jeffrey",4087.94,2018-09-14 07:00:00,"M",30,"South Brisbane","QLD",5.95,"7f2af8ff64bd46ccb0abaeea7e71d516","CUS-860700529","153.02","-27.48","debit","Fri","08:29:54","08","September"
"5700","authorized","1","ACC-3879258709","143.83","-37.66","POS","6cc9aaf2-e927-43f7-9308-ce15edf05915","Natasha",196190.39,2018-09-14 07:00:00,"F",40,"Docklands","VIC",7.08,"3dabef678cd847c8b3ec2383fd82106b","CUS-527400765","144.95","-37.82","debit","Fri","08:39:48","08","September"
"5701","authorized","1","ACC-1523339231","115.83","-31.90","SALES-POS","68ad62a0-9970-4b22-8d51-6257b882f2ec","Tim",61578.62,2018-09-14 07:00:00,"M",40,"Girrawheen","WA",9.6,"e0fdc85cfe9d47fc80e454b2d42bfda4","CUS-1816693151","115.84","-31.84","debit","Fri","08:49:42","08","September"
"5702","authorized","1","ACC-2305712452","138.61","-34.89","POS","5dd18868-b3f2-460b-a111-89bbaeef642f","Debra",3592.88,2018-09-14 07:00:00,"F",18,"Adelaide","SA",37.07,"bd6e9bad9da24b2eaeed4e4faf377feb","CUS-1842679196","138.6","-34.93","debit","Fri","08:59:36","08","September"
"5703","authorized","1","ACC-3689607373","115.79","-31.79","SALES-POS","cebc217a-60a9-4a09-9c52-3852108f5c2d","Virginia",4835.48,2018-09-14 07:00:00,"F",20,"Innaloo","WA",21.16,"223cb8c0a8a5419a9cf958798f3a0bad","CUS-127297539","115.8","-31.9","debit","Fri","09:05:57","09","September"
"5704","authorized","0","ACC-1443681913","150.92","-33.77","SALES-POS","231b7102-a72c-4f0a-9596-0e65a5753038","Ryan",3588.2,2018-09-14 07:00:00,"M",31,"Cronulla","NSW",24.82,"f6ead8eb5db34c20b81cef197de90f4b","CUS-3129499595","151.15","-34.06","debit","Fri","09:12:10","09","September"
"5705","authorized","1","ACC-1903037542","153.05","-27.61","SALES-POS","e12478ed-63bc-4625-96f9-ae5f94d84bb6","Jeffrey",4057.52,2018-09-14 07:00:00,"M",30,"Kenmore","QLD",30.42,"fc80edbb0e8e4d61a48a2b7c18041a97","CUS-860700529","152.94","-27.51","debit","Fri","09:18:23","09","September"
"5706","authorized","1","ACC-3689607373","115.79","-31.79","POS","de2bf089-d4a7-4fc4-8428-a50643217748","Virginia",4822.43,2018-09-14 07:00:00,"F",20,"Erskine","WA",13.05,"bcaf1d56c14e4ae8aa7500a8e21d2a61","CUS-127297539","115.69","-32.56","debit","Fri","09:24:35","09","September"
"5707","authorized","0","ACC-1710017148","150.82","-34.01","SALES-POS","a5aa5467-c49e-4dee-a612-7bc76aad9ab7","Michelle",8476.91,2018-09-14 07:00:00,"F",19,"Catherine Field","NSW",36.31,"33e61940a6254c8d9782efd1cefd0611","CUS-883482547","150.78","-33.99","debit","Fri","09:30:48","09","September"
"5708","authorized","1","ACC-1243371644","150.90","-33.78","SALES-POS","025c01c1-cea9-4f70-962c-21760f1da19d","Gregory",4121.92,2018-09-14 07:00:00,"M",42,"Chatswood","NSW",42.73,"ee979da881ef468b8528af09a83ec75d","CUS-3904958894","151.18","-33.8","debit","Fri","09:37:01","09","September"
"5709","authorized","1","ACC-1903037542","153.05","-27.61","SALES-POS","1c39f7ff-3f06-4c06-9d8a-7a695117bf16","Jeffrey",4046.65,2018-09-14 07:00:00,"M",30,"Brisbane City","QLD",10.87,"2099162d9b05434d975f35af6688de9a","CUS-860700529","153.02","-27.47","debit","Fri","09:43:13","09","September"
"5710","authorized","1","ACC-2901672282","255.00","-573.00","POS","ee7ab545-152d-45fb-b117-e98a0a6f04d7","Daniel",3979.57,2018-09-14 07:00:00,"M",22,"Canberra","ACT",132.24,"f158cbb8cec446a6a9e2df8ed7ed2ded","CUS-1617121891","149.13","-35.28","debit","Fri","09:49:26","09","September"
"5711","authorized","1","ACC-1222300524","151.23","-33.94","POS","06fc4a45-fc32-4940-85a3-4e5c414c40ee","Michael",754.28,2018-09-14 07:00:00,"M",38,"Baulkham Hills","NSW",26.89,"7898fc7977e04a45b35ccb2b4c9c2930","CUS-2142601169","150.98","-33.75","debit","Fri","09:55:39","09","September"
"5712","posted",NA,"ACC-1334819143","145.13","-37.70","PAYMENT",NA,"Christopher",62410.84,2018-09-14 07:00:00,"M",33,NA,NA,50,"e39b018e9a0a4564a802f5e5dc51280d","CUS-3117610635",NA,NA,"debit","Fri","10:00:00","10","September"
"5713","authorized","1","ACC-1903037542","153.05","-27.61","SALES-POS","0a1d930e-fed4-4d23-adee-6f46a9ac8bdb","Jeffrey",4043.17,2018-09-14 07:00:00,"M",30,"Clayfield","QLD",3.48,"3e12a5258207450f8dd13b1a9fb5fdb6","CUS-860700529","153.05","-27.42","debit","Fri","10:06:22","10","September"
"5714","authorized","1","ACC-2673069055","152.99","-27.49","SALES-POS","0b8fab23-d4fd-45e7-acac-555c96e0b1c7","Richard",20785.01,2018-09-14 07:00:00,"M",24,"Sydney","NSW",104.9,"72841d9af46d418d941d197c986b426d","CUS-51506836","151.2","-33.87","debit","Fri","10:27:39","10","September"
"5715","authorized","1","ACC-3741880913","150.50","-23.40","SALES-POS","6a8e369b-555b-4151-b281-e5e6309bfbbb","Ashley",7034.03,2018-09-14 07:00:00,"F",25,"Biloela","QLD",34.77,"4cd18c196c8145efbed627b26f395f23","CUS-1220154422","150.5","-24.41","debit","Fri","10:48:56","10","September"
"5716","posted",NA,"ACC-3233697971","151.04","-33.77","PAYMENT",NA,"Robin",7183.33,2018-09-14 07:00:00,"F",34,NA,NA,160,"ee2052fe805b45109ce388f336686d41","CUS-1147642491",NA,NA,"debit","Fri","11:00:00","11","September"
"5717","posted",NA,"ACC-1788473090","145.06","-37.95","INTER BANK",NA,"Rachael",5042.9,2018-09-14 07:00:00,"F",21,NA,NA,66,"3a21e85f71f4443ba9836a6fe16d8f64","CUS-134193016",NA,NA,"debit","Fri","11:00:00","11","September"
"5718","posted",NA,"ACC-3536132544","144.93","-37.79","PAYMENT",NA,"Heather",4001.61,2018-09-14 07:00:00,"F",41,NA,NA,33,"671862c148d84735992a2b2d73c7444d","CUS-2348881191",NA,NA,"debit","Fri","11:00:00","11","September"
"5719","posted",NA,"ACC-414431115","142.77","-37.06","INTER BANK",NA,"Amy",4012.96,2018-09-14 07:00:00,"F",43,NA,NA,18,"231cfb23870b4e16b38b2fb446a348f8","CUS-2599279756",NA,NA,"debit","Fri","11:00:00","11","September"
"5720","posted",NA,"ACC-38923874","151.27","-33.90","PAY/SALARY",NA,"Ryan",39591.31,2018-09-14 07:00:00,"M",38,NA,NA,1880.95,"3f180c26a7dd48f385f214fb789d5ee0","CUS-3249305314",NA,NA,"credit","Fri","11:00:00","11","September"
"5721","authorized","1","ACC-2901672282","255.00","-573.00","POS","948749e3-471e-4a8f-92ad-73e934b95ec4","Daniel",3952.08,2018-09-14 07:00:00,"M",22,"Sydney","NSW",27.49,"66405702b5314cffafc9a2008efbe9a8","CUS-1617121891","151.21","-33.87","debit","Fri","11:03:52","11","September"
"5722","authorized","0","ACC-1598451071","153.41","-27.95","POS","bec54cd6-3005-4704-86bb-3fa30d7ff16d","Diana",2253.82,2018-09-14 07:00:00,"F",26,"Miami","QLD",10.74,"6ccb8e6c4d8d4f7bb9c749ee40b48092","CUS-2487424745","153.44","-28.08","debit","Fri","11:11:56","11","September"
"5723","authorized","0","ACC-182446574","116.06","-32.00","SALES-POS","d8cc78c6-57c3-4992-8311-7501247ed962","Tonya",4641.93,2018-09-14 07:00:00,"F",27,"Midland","WA",22.01,"f59c17704ce347238e4b704d33ff337e","CUS-3026014945","116","-31.89","debit","Fri","11:19:59","11","September"
"5724","authorized","1","ACC-414431115","142.77","-37.06","POS","fead27c2-a33d-4870-9cce-29f199b117ad","Amy",4030.96,2018-09-14 07:00:00,"F",43,"Castlemaine","VIC",41.82,"d30cc148895a415f98e0fe8c509777b0","CUS-2599279756","144.22","-37.06","debit","Fri","11:28:03","11","September"
"5725","authorized","0","ACC-1443681913","150.92","-33.77","POS","9690a753-fe1a-4bfd-be12-5b33652e8093","Ryan",3509.01,2018-09-14 07:00:00,"M",31,"Penrith","NSW",79.19,"2c5df5e0b34f4e548b6dc8365e352e91","CUS-3129499595","150.69","-33.75","debit","Fri","11:36:07","11","September"
"5726","authorized","1","ACC-1598451071","153.41","-27.95","POS","be96bab8-7a1a-4783-adfb-901325016671","Diana",2242.39,2018-09-14 07:00:00,"F",26,"Labrador","QLD",11.43,"c7b54096dff2498eadf9032674a0b47c","CUS-2487424745","153.41","-27.95","debit","Fri","11:44:11","11","September"
"5727","authorized","1","ACC-2249586092","115.98","-32.07","POS","7a696b6f-7586-4d4d-a2c6-e32904de84dd","Edward",7774.74,2018-09-14 07:00:00,"M",19,"Ceduna","SA",18.61,"868486b2583e4b54a23cb762d52d0daf","CUS-443776336","133.67","-32.13","debit","Fri","11:52:15","11","September"
"5728","posted",NA,"ACC-3485804958","138.52","-35.01","PAYMENT",NA,"Jessica",23625.21,2018-09-14 07:00:00,"F",34,NA,NA,16,"f419d9d7f2324b04ba70a28021a6ad51","CUS-1196156254",NA,NA,"debit","Fri","12:00:00","12","September"
"5729","posted",NA,"ACC-3689607373","115.79","-31.79","PAY/SALARY",NA,"Virginia",5961.22,2018-09-14 07:00:00,"F",20,NA,NA,1138.79,"41692d21b6eb433ea2a5f190da1873e5","CUS-127297539",NA,NA,"credit","Fri","12:00:00","12","September"
"5730","posted",NA,"ACC-2890243754","153.32","-27.93","PAY/SALARY",NA,"Joseph",4011.36,2018-09-14 07:00:00,"M",37,NA,NA,917.45,"dd77339eb1b74e498c22e162dea03e16","CUS-2695611575",NA,NA,"credit","Fri","12:00:00","12","September"
"5731","authorized","0","ACC-3879258709","143.83","-37.66","POS","6c12fd89-f5b3-4b16-84fe-ffe384d9954b","Natasha",196141.69,2018-09-14 07:00:00,"F",40,"Kinglake West","VIC",48.7,"f25caf3ae29e4e6f88aa2d194c8f9139","CUS-527400765","145.27","-37.48","debit","Fri","12:00:42","12","September"
"5732","authorized","1","ACC-1903037542","153.05","-27.61","POS","ae3070be-618f-4bb4-96b1-e28a9696508f","Jeffrey",4035.87,2018-09-14 07:00:00,"M",30,"Carindale","QLD",7.3,"86f8e9777d3342e4885fb65ad58ef1d6","CUS-860700529","153.1","-27.5","debit","Fri","12:18:34","12","September"
"5733","authorized","1","ACC-182446574","116.06","-32.00","POS","ef36d4a3-17a8-4f6a-917f-671bc7eac67c","Tonya",4631.79,2018-09-14 07:00:00,"F",27,"Mount Waverley","VIC",10.14,"655ab23b2b084762a3c49cc7f4b7367b","CUS-3026014945","145.13","-37.88","debit","Fri","12:36:25","12","September"
"5734","authorized","1","ACC-1037050564","153.10","-27.66","SALES-POS","2c0feb7d-f8e5-4d26-a09e-eb1c4c179ae6","Rhonda",3501.89,2018-09-14 07:00:00,"F",40,"Bellbowrie","QLD",10.76,"25ccd04883f54b859a2df07d3e60bd29","CUS-1614226872","152.89","-27.56","debit","Fri","12:54:17","12","September"
"5735","posted",NA,"ACC-1788473090","145.06","-37.95","PAY/SALARY",NA,"Rachael",7066.58,2018-09-14 07:00:00,"F",21,NA,NA,2023.68,"45abfcf4a6484fdc963d0846a41de0fc","CUS-134193016",NA,NA,"credit","Fri","13:00:00","13","September"
"5736","posted",NA,"ACC-1199531521","116.02","-31.87","PAY/SALARY",NA,"Billy",12848.72,2018-09-14 07:00:00,"M",52,NA,NA,3785.78,"45985033103147e1bb946e964b3135b1","CUS-134833760",NA,NA,"credit","Fri","13:00:00","13","September"
"5737","posted",NA,"ACC-559365433","147.31","-42.88","PAY/SALARY",NA,"Mary",2491.69,2018-09-14 07:00:00,"F",64,NA,NA,576,"ede278d15cbb4c9a8a52f19562f19e6e","CUS-1654129794",NA,NA,"credit","Fri","13:00:00","13","September"
"5738","posted",NA,"ACC-3481401842","115.74","-31.72","PAY/SALARY",NA,"Tiffany",5187.29,2018-09-14 07:00:00,"F",25,NA,NA,1225.33,"b42a029b97cc43249a9d57333b4bc65d","CUS-1669695324",NA,NA,"credit","Fri","13:00:00","13","September"
"5739","posted",NA,"ACC-2528867619","138.58","-34.96","PAY/SALARY",NA,"Abigail",11526.36,2018-09-14 07:00:00,"F",40,NA,NA,1946.57,"4991c80eb8e94be881eb27a9c3428f7f","CUS-2505971401",NA,NA,"credit","Fri","13:00:00","13","September"
"5740","posted",NA,"ACC-414431115","142.77","-37.06","PAYMENT",NA,"Amy",3840.96,2018-09-14 07:00:00,"F",43,NA,NA,172,"5d7492b4bd3b463ca4e232cc98c6592d","CUS-2599279756",NA,NA,"debit","Fri","13:00:00","13","September"
"5741","posted",NA,"ACC-1516130869","130.84","-12.45","PAYMENT",NA,"Jessica",2906.52,2018-09-14 07:00:00,"F",21,NA,NA,29,"6875db09a0a84eac95095f223a6e0667","CUS-325142416",NA,NA,"debit","Fri","13:00:00","13","September"
"5742","authorized","1","ACC-53508546","150.62","-33.76","POS","ed56d0c6-0c74-45d4-92aa-67d4afe698ed","Kimberly",4578.9,2018-09-14 07:00:00,"F",35,"Eastwood","NSW",26.94,"547df22076364f2683ced17855f27ffe","CUS-72755508","151.08","-33.79","debit","Fri","13:12:49","13","September"
"5743","authorized","1","ACC-1903037542","153.05","-27.61","POS","c7439064-0230-4908-8901-12c88d14e73d","Jeffrey",4010.02,2018-09-14 07:00:00,"M",30,"Brassall","QLD",25.85,"5b5eae1d76f442c99e262e3807fbeeec","CUS-860700529","152.75","-27.59","debit","Fri","13:31:41","13","September"
"5744","authorized","0","ACC-1903037542","153.05","-27.61","SALES-POS","c7439064-0230-4908-8901-12c88d14e73d","Jeffrey",3984.29,2018-09-14 07:00:00,"M",30,"Brassall","QLD",25.73,"1267433ddb5d4554b792d24c32358ed7","CUS-860700529","152.75","-27.59","debit","Fri","13:50:33","13","September"
"5745","posted",NA,"ACC-1344825761","151.09","-33.91","PAYMENT",NA,"Sarah",19535.65,2018-09-14 07:00:00,"F",46,NA,NA,22,"ed550cde5685491289bc99062277cebc","CUS-1499065773",NA,NA,"debit","Fri","14:00:00","14","September"
"5746","posted",NA,"ACC-1523339231","115.83","-31.90","PAYMENT",NA,"Tim",61538.62,2018-09-14 07:00:00,"M",40,NA,NA,40,"b4287875e3e2489a9fcdb5412fb2d565","CUS-1816693151",NA,NA,"debit","Fri","14:00:00","14","September"
"5747","posted",NA,"ACC-2674800293","144.96","-37.69","PAY/SALARY",NA,"Elizabeth",28444.11,2018-09-14 07:00:00,"F",50,NA,NA,1436.98,"9185a7bc20fd4958a7b7f8744321fde4","CUS-2977593493",NA,NA,"credit","Fri","14:00:00","14","September"
"5748","authorized","0","ACC-2173390920","144.71","-37.58","SALES-POS","4a09c870-8feb-40ee-a34f-d05c8004e41a","Luis",5889.62,2018-09-14 07:00:00,"M",27,"Queenscliff","VIC",24.53,"f1e66e02820e410d9d8a185f81cae29f","CUS-3180318393","144.66","-38.27","debit","Fri","14:04:18","14","September"
"5749","authorized","1","ACC-1598451071","153.41","-27.95","SALES-POS","67c8b27c-1b99-45e8-88f2-f182571064d0","Diana",2233.25,2018-09-14 07:00:00,"F",26,"Coolangatta","QLD",9.14,"9f6543643c89452dbc7414401d61c299","CUS-2487424745","153.54","-28.17","debit","Fri","14:12:55","14","September"
"5750","authorized","0","ACC-958000567","130.90","-12.37","SALES-POS","223a3a53-05bd-4cc1-b690-0408106b9cb7","Sandra",5218.6,2018-09-14 07:00:00,"F",34,"Millner","NT",87.09,"49615107e087431483627f0fc2229c1e","CUS-4142663097","130.86","-12.39","debit","Fri","14:21:33","14","September"
"5751","authorized","1","ACC-1222300524","151.23","-33.94","POS","8fcf9ffb-8c03-47ef-a976-b579343f2afb","Michael",6.45,2018-09-14 07:00:00,"M",38,"Mount Pritchard","NSW",747.83,"5ca70dc81ce9417bb8a02708eeff4985","CUS-2142601169","150.9","-33.9","debit","Fri","14:30:10","14","September"
"5752","authorized","1","ACC-1652235822","144.89","-37.81","SALES-POS","90295d36-a6a7-4392-9046-23eb997aa494","Renee",19999.07,2018-09-14 07:00:00,"F",38,"Melbourne","VIC",13.6,"1155e070a2824acfa39a99ba4d4ce8f9","CUS-2206365095","144.97","-37.81","debit","Fri","14:38:47","14","September"
"5753","authorized","1","ACC-3233697971","151.04","-33.77","POS","be297f2d-e16e-469f-8f9c-50752519eb16","Robin",7164.04,2018-09-14 07:00:00,"F",34,"Lakemba","NSW",19.29,"548f6e09806441d3bbfea4ebf72b9a0a","CUS-1147642491","151.08","-33.92","debit","Fri","14:47:24","14","September"
"5754","authorized","0","ACC-1903037542","153.05","-27.61","POS","6cbf99f6-5365-40b7-9b16-29e51e772471","Jeffrey",3964.12,2018-09-14 07:00:00,"M",30,"Saint Lucia","QLD",20.17,"041cb7cdd6814a6bbf88f1c7529fc8b3","CUS-860700529","153.01","-27.5","debit","Fri","14:56:02","14","September"
"5755","posted",NA,"ACC-354106658","151.04","-33.80","PAY/SALARY",NA,"Christine",10891.05,2018-09-14 07:00:00,"F",39,NA,NA,5103.51,"188e04b6e00f44f3a43afbf232a6f5c3","CUS-2376382098",NA,NA,"credit","Fri","15:00:00","15","September"
"5756","posted",NA,"ACC-354106658","151.04","-33.80","PAY/SALARY",NA,"Christine",15994.56,2018-09-14 07:00:00,"F",39,NA,NA,5103.51,"7faf986ac5a341e3adfdb7030ec03f48","CUS-2376382098",NA,NA,"credit","Fri","15:00:00","15","September"
"5757","posted",NA,"ACC-182446574","116.06","-32.00","PAY/SALARY",NA,"Tonya",7453.73,2018-09-14 07:00:00,"F",27,NA,NA,2840.15,"86d954a4770c496c879893d321622e16","CUS-3026014945",NA,NA,"credit","Fri","15:00:00","15","September"
"5758","authorized","1","ACC-240804743","121.48","-30.75","SALES-POS","40f16a84-480f-47a5-bd17-16aecfb896cb","Kenneth",11232.57,2018-09-14 07:00:00,"M",29,"Hannans","WA",10.72,"953e51a468e94e20b4fca259548f5b77","CUS-261674136","121.45","-30.73","debit","Fri","15:11:09","15","September"
"5759","authorized","1","ACC-1903037542","153.05","-27.61","SALES-POS","42ade571-5972-4160-9ecb-e0162a305fee","Jeffrey",3896.75,2018-09-14 07:00:00,"M",30,"Belrose","NSW",67.37,"363414cffcb44472a868e317f7dd63da","CUS-860700529","151.21","-33.7","debit","Fri","15:18:24","15","September"
"5760","authorized","1","ACC-2173390920","144.71","-37.58","POS","f15d18c4-ecaf-4b25-bed9-6e7b7c177e72","Luis",5858.13,2018-09-14 07:00:00,"M",27,"Thornbury","VIC",31.49,"245d6884e2904a96ba09ba3d7fb9266b","CUS-3180318393","145","-37.75","debit","Fri","15:25:39","15","September"
"5761","authorized","0","ACC-1598451071","153.41","-27.95","SALES-POS","521bea81-43d7-4693-ac77-8c1f7ed2b96c","Diana",2227.42,2018-09-14 07:00:00,"F",26,"Southport","QLD",5.83,"c679dc46a9994e7a8c86b60aab049b8c","CUS-2487424745","153.41","-27.96","debit","Fri","15:32:53","15","September"
"5762","authorized","1","ACC-3233697971","151.04","-33.77","SALES-POS","146cffd0-87c3-47e3-b0f3-815483a532b9","Robin",7128.18,2018-09-14 07:00:00,"F",34,"Kadina","SA",35.86,"10685223e78c4ae9ba2fcac96bb9251c","CUS-1147642491","137.71","-33.96","debit","Fri","15:40:08","15","September"
"5763","authorized","1","ACC-1598451071","153.41","-27.95","POS","00097987-7795-4c01-92c7-66bf486bacca","Diana",2215.52,2018-09-14 07:00:00,"F",26,"Leinster","WA",11.9,"853150e5a77240f8b3b61282dd878c21","CUS-2487424745","120.7","-27.92","debit","Fri","15:47:23","15","September"
"5764","authorized","1","ACC-182446574","116.06","-32.00","SALES-POS","b606056b-040d-4a6c-99c3-72601545a0d6","Tonya",4613.58,2018-09-14 07:00:00,"F",27,"Mount Lawley","WA",18.21,"763a29be95c546f7a75b1807067ce77e","CUS-3026014945","115.87","-31.93","debit","Fri","15:54:38","15","September"
"5765","posted",NA,"ACC-3741880913","150.50","-23.40","PAY/SALARY",NA,"Ashley",9316.39,2018-09-14 07:00:00,"F",25,NA,NA,2282.36,"a1bc6857bd66437884d36436dfeba733","CUS-1220154422",NA,NA,"credit","Fri","16:00:00","16","September"
"5766","posted",NA,"ACC-602667573","151.23","-33.96","PAYMENT",NA,"Michael",11175.88,2018-09-14 07:00:00,"M",40,NA,NA,41,"54119634d21840cb81737455d817d26c","CUS-2031327464",NA,NA,"debit","Fri","16:00:00","16","September"
"5767","posted",NA,"ACC-964839203","146.92","-36.07","PAY/SALARY",NA,"Michael",35029.67,2018-09-14 07:00:00,"M",21,NA,NA,1560.2,"188c7663994241fbb263a08e3aa55cf6","CUS-2059096722",NA,NA,"credit","Fri","16:00:00","16","September"
"5768","posted",NA,"ACC-3827517394","151.12","-33.89","PAYMENT",NA,"Craig",39028.73,2018-09-14 07:00:00,"M",28,NA,NA,43,"6a362439ca6443368653e84dc5595528","CUS-2663907001",NA,NA,"debit","Fri","16:00:00","16","September"
"5769","posted",NA,"ACC-2153562714","116.00","-31.88","PAYMENT",NA,"Linda",3436.65,2018-09-14 07:00:00,"F",24,NA,NA,27,"a4b9932919654af19c13e89fa2efee46","CUS-423725039",NA,NA,"debit","Fri","16:00:00","16","September"
"5770","authorized","0","ACC-854938045","147.63","-22.84","SALES-POS","9b1f5867-31b9-4119-a0d7-3eca9826f940","James",10147.16,2018-09-14 07:00:00,"M",28,"Brookvale","NSW",43.89,"379e3170e0ce4a0583c74823717bb4f6","CUS-4023861240","151.26","-33.76","debit","Fri","16:04:15","16","September"
"5771","authorized","1","ACC-3481401842","115.74","-31.72","POS","06f59793-056a-48f0-894d-006f02dc2439","Tiffany",5157.01,2018-09-14 07:00:00,"F",25,"Burswood","WA",30.28,"9862e7b5a0af431c9cdee8cf8916b38c","CUS-1669695324","115.9","-31.96","debit","Fri","16:20:39","16","September"
"5772","authorized","1","ACC-182446574","116.06","-32.00","SALES-POS","80af2780-67d7-4e46-aaa0-93b10a2113ce","Tonya",7187.89,2018-09-14 07:00:00,"F",27,"Subiaco","WA",265.84,"49b29ab7594b49e88cece4544d9fdb5f","CUS-3026014945","115.83","-31.95","debit","Fri","16:37:02","16","September"
"5773","authorized","1","ACC-3481401842","115.74","-31.72","SALES-POS","68ad62a0-9970-4b22-8d51-6257b882f2ec","Tiffany",5152.32,2018-09-14 07:00:00,"F",25,"Girrawheen","WA",4.69,"3df00abf1d8d4590971b4f05ae78895a","CUS-1669695324","115.84","-31.84","debit","Fri","16:53:26","16","September"
"5774","posted",NA,"ACC-2901672282","255.00","-573.00","PAY/SALARY",NA,"Daniel",7280.85,2018-09-14 07:00:00,"M",22,NA,NA,3328.77,"123405299c9c4fab82b03f3f0060be7c","CUS-1617121891",NA,NA,"credit","Fri","17:00:00","17","September"
"5775","posted",NA,"ACC-3317636250","153.02","-27.66","PAY/SALARY",NA,"Kenneth",13215.66,2018-09-14 07:00:00,"M",35,NA,NA,2544.76,"aed477f14cf34d26a6c02c2eca3a61b1","CUS-2738291516",NA,NA,"credit","Fri","17:00:00","17","September"
"5776","posted",NA,"ACC-966140392","147.08","-37.97","PAY/SALARY",NA,"Joseph",6919.34,2018-09-14 07:00:00,"M",21,NA,NA,2572.91,"20fb52f285be4c1b9f7b2c0f78905ec3","CUS-537508723",NA,NA,"credit","Fri","17:00:00","17","September"
"5777","authorized","1","ACC-1903037542","153.05","-27.61","POS","caf30f6a-3825-450b-ad8a-83a3355e048e","Jeffrey",3872.93,2018-09-14 07:00:00,"M",30,"Holland Park","QLD",23.82,"6e2b3579f3fe409f823ad997cad1faae","CUS-860700529","153.06","-27.53","debit","Fri","17:06:22","17","September"
"5778","authorized","1","ACC-1710017148","150.82","-34.01","POS","d855e456-8a39-4249-91ca-02ffdc7a708c","Michelle",8427.05,2018-09-14 07:00:00,"F",19,"Busselton","WA",49.86,"1e645def09ef4f748a0ff9c7d92c9744","CUS-883482547","115.35","-33.65","debit","Fri","17:17:01","17","September"
"5779","authorized","1","ACC-1349834573","145.17","-37.84","POS","27f93a60-ed2e-4b56-826d-8b1c9f1c1b8a","Matthew",12260.99,2018-09-14 07:00:00,"M",39,"Regents Park","NSW",51.5,"d34e99a34a284f289d2ff218b20a92eb","CUS-1790886359","151.02","-33.88","debit","Fri","17:27:39","17","September"
"5780","authorized","1","ACC-1443681913","150.92","-33.77","POS","993ba598-6469-49ce-8a04-452b460d783d","Ryan",3498.88,2018-09-14 07:00:00,"M",31,"West Busselton","WA",10.13,"b2903dfb657149a7a83bd61852845078","CUS-3129499595","115.31","-33.66","debit","Fri","17:38:17","17","September"
"5781","authorized","1","ACC-1903037542","153.05","-27.61","POS","fdd2acf2-db2d-4934-84c5-d4ecb7deb645","Jeffrey",3863.11,2018-09-14 07:00:00,"M",30,"Toowoomba City","QLD",9.82,"8b82367e1f554a5484a410610dabffa5","CUS-860700529","151.95","-27.56","debit","Fri","17:48:56","17","September"
"5782","authorized","1","ACC-2897221629","150.90","-34.37","SALES-POS","a7362ad4-39ad-40ed-a2c8-646ae8b1568d","Scott",4320.8,2018-09-14 07:00:00,"M",23,"South Melbourne","VIC",73.71,"3840b6cec49c4c4398db63f790c99ab6","CUS-511326734","144.95","-37.83","debit","Fri","17:59:34","17","September"
"5783","posted",NA,"ACC-1788473090","145.06","-37.95","INTER BANK",NA,"Rachael",7033.58,2018-09-14 07:00:00,"F",21,NA,NA,33,"8c4a886780a04d44af70ad90fcee2e49","CUS-134193016",NA,NA,"debit","Fri","18:00:00","18","September"
"5784","posted",NA,"ACC-3541460373","145.00","-37.83","PAYMENT",NA,"Jeffrey",3679.73,2018-09-14 07:00:00,"M",24,NA,NA,53,"f9a8300280a94defb272e9388e2794cb","CUS-1433879684",NA,NA,"debit","Fri","18:00:00","18","September"
"5785","posted",NA,"ACC-1652235822","144.89","-37.81","PAYMENT",NA,"Renee",19933.07,2018-09-14 07:00:00,"F",38,NA,NA,66,"11247607bf0b42769d8fe1e9aa2209b6","CUS-2206365095",NA,NA,"debit","Fri","18:00:00","18","September"
"5786","authorized","1","ACC-2673069055","152.99","-27.49","POS","6bcca105-4e3d-4ac7-adb3-0d1317a88abb","Richard",20735.07,2018-09-14 07:00:00,"M",24,"Tullamarine","VIC",49.94,"3f6cc53773dd4b7bab645b3f485c0571","CUS-51506836","144.88","-37.69","debit","Fri","18:20:52","18","September"
"5787","authorized","1","ACC-1903037542","153.05","-27.61","SALES-POS","f68431f6-1159-40bf-ba6a-c7d3b205d000","Jeffrey",3853.75,2018-09-14 07:00:00,"M",30,"Sunnybank","QLD",9.36,"10e50018f5494fe6910a81c95d260d26","CUS-860700529","153.06","-27.57","debit","Fri","18:42:36","18","September"
"5788","posted",NA,"ACC-3485804958","138.52","-35.01","PAYMENT",NA,"Jessica",23562.21,2018-09-14 07:00:00,"F",34,NA,NA,63,"3f4639ad7a3a411d9559f75824226da3","CUS-1196156254",NA,NA,"debit","Fri","19:00:00","19","September"
"5789","posted",NA,"ACC-3689607373","115.79","-31.79","INTER BANK",NA,"Virginia",5906.22,2018-09-14 07:00:00,"F",20,NA,NA,55,"043288fb199743a1ae2b1d30293bef07","CUS-127297539",NA,NA,"debit","Fri","19:00:00","19","September"
"5790","posted",NA,"ACC-2171593283","146.94","-36.04","PAYMENT",NA,"Fernando",10943.66,2018-09-14 07:00:00,"M",19,NA,NA,40,"ccbfed47f4e549a58118b7e1bddd2292","CUS-2317998716",NA,NA,"debit","Fri","19:00:00","19","September"
"5791","posted",NA,"ACC-1438600314","138.69","-34.84","PAYMENT",NA,"Maria",3973.61,2018-09-14 07:00:00,"F",35,NA,NA,45,"939b91185cbc44149e1cb0d8f7d5df7a","CUS-2650223890",NA,NA,"debit","Fri","19:00:00","19","September"
"5792","posted",NA,"ACC-2970114956","144.89","-37.69","PAYMENT",NA,"Robert",9137.53,2018-09-14 07:00:00,"M",26,NA,NA,149,"7d570042f04e4ab0a21df8d347946614","CUS-880898248",NA,NA,"debit","Fri","19:00:00","19","September"
"5793","authorized","1","ACC-1890605467","143.88","-37.66","POS","e5ecdb21-12f4-480e-b79c-b9340caf0eae","Alexander",13197.84,2018-09-14 07:00:00,"M",38,"Sunbury","VIC",18.04,"0d85fec7d67a473fbb7a54e7f30fd419","CUS-1478398256","144.73","-37.58","debit","Fri","19:01:54","19","September"
"5794","authorized","1","ACC-854938045","147.63","-22.84","POS","eeca52d2-c1d3-429c-9cd1-fca8346924a5","James",10099.13,2018-09-14 07:00:00,"M",28,"Fountain Gate","VIC",48.03,"19f7596b7e9c4e4e890d588b423867d8","CUS-4023861240","145.3","-38.02","debit","Fri","19:11:25","19","September"
"5795","authorized","1","ACC-1349834573","145.17","-37.84","SALES-POS","d582810b-04c5-4fec-9016-ab0ee3c27e01","Matthew",12219.74,2018-09-14 07:00:00,"M",39,"Tarneit","VIC",41.25,"1175e4595d3749f497c9c80bf5baf3fb","CUS-1790886359","144.69","-37.84","debit","Fri","19:20:57","19","September"
"5796","authorized","1","ACC-2673069055","152.99","-27.49","SALES-POS","76edd368-a120-406d-aac0-16b7e981450f","Richard",20723.62,2018-09-14 07:00:00,"M",24,"Wacol","QLD",11.45,"8551de9c85334df49ac31c8c43395366","CUS-51506836","152.92","-27.59","debit","Fri","19:30:28","19","September"
"5797","authorized","1","ACC-182446574","116.06","-32.00","POS","e2591002-0bb4-4adc-a30a-49e3505355b5","Tonya",7175.38,2018-09-14 07:00:00,"F",27,"Warwick","WA",12.51,"b8c87c8fc0f54135b38007340e9df841","CUS-3026014945","115.81","-31.85","debit","Fri","19:39:59","19","September"
"5798","authorized","0","ACC-2171593283","146.94","-36.04","POS","720cfee4-fd57-4f9c-8e20-360bb27dacd5","Fernando",10983.66,2018-09-14 07:00:00,"M",19,"Brunswick East","VIC",18.15,"aaeabb27a53746a1ae10459bdc1c50d4","CUS-2317998716","144.97","-37.77","debit","Fri","19:49:31","19","September"
"5799","authorized","1","ACC-240804743","121.48","-30.75","SALES-POS","0888ed2d-076f-4688-a446-28a0af4cc360","Kenneth",11169.31,2018-09-14 07:00:00,"M",29,"Sydney","NSW",63.26,"60aa5fee29bb43938ef2c41d7f6acffc","CUS-261674136","151.21","-33.87","debit","Fri","19:59:02","19","September"
"5800","posted",NA,"ACC-37709441","153.41","-28.01","PAYMENT",NA,"Charles",10077.9,2018-09-14 07:00:00,"M",18,NA,NA,27,"fa3ab7c7740446e08aa127d6fb87057d","CUS-3336454548",NA,NA,"debit","Fri","20:00:00","20","September"
"5801","posted",NA,"ACC-1903037542","153.05","-27.61","INTER BANK",NA,"Jeffrey",3767.11,2018-09-14 07:00:00,"M",30,NA,NA,78,"364fc8017a50429cbfa098531e1c44c9","CUS-860700529",NA,NA,"debit","Fri","20:00:00","20","September"
"5802","authorized","1","ACC-1222300524","151.23","-33.94","SALES-POS","a1ca1b7e-a737-4fc8-b070-3e606f52c0d6","Michael",0.98,2018-09-14 07:00:00,"M",38,"Margaret River","WA",5.47,"2fc1fc588217444aa9c03a070f94512c","CUS-2142601169","115.07","-33.95","debit","Fri","20:08:54","20","September"
"5803","authorized","0","ACC-240804743","121.48","-30.75","POS","c818980d-52a2-4831-912e-f4f6ef0f61a2","Kenneth",11146.84,2018-09-14 07:00:00,"M",29,"Piccadilly","WA",22.47,"a42d1819e3774fd99c840542001193db","CUS-261674136","121.47","-30.74","debit","Fri","20:18:48","20","September"
"5804","authorized","1","ACC-3485804958","138.52","-35.01","POS","21b61d81-d7af-47f3-8831-2b134cd1ec99","Jessica",23554.7,2018-09-14 07:00:00,"F",34,"Middleton Beach","WA",7.51,"7fd8df9ade684e1ca54ee39fe2e4272e","CUS-1196156254","117.92","-35.02","debit","Fri","20:28:42","20","September"
"5805","authorized","1","ACC-1903037542","153.05","-27.61","POS","905df638-9513-4d5d-b5c2-65da440c19d0","Jeffrey",3845.11,2018-09-14 07:00:00,"M",30,"Brisbane City","QLD",8.64,"8bfcaa7c4c3545c596bada604045599e","CUS-860700529","153.03","-27.47","debit","Fri","20:38:36","20","September"
"5806","authorized","0","ACC-2265520058","151.27","-33.85","POS","bc6f62e0-7120-4631-ac30-0115e2679ec7","Catherine",3432.69,2018-09-14 07:00:00,"F",26,"Brookvale","NSW",52.81,"b2ecfffcabed474282eaafb1e1f1520b","CUS-331942311","151.28","-33.76","debit","Fri","20:48:30","20","September"
"5807","authorized","1","ACC-240804743","121.48","-30.75","SALES-POS","9a479b0e-cf88-4060-b7fb-030aa88f5ffd","Kenneth",11137.7,2018-09-14 07:00:00,"M",29,"West Kalgoorlie","WA",9.14,"3c59799308e443ca9d7634c0d743a82b","CUS-261674136","121.44","-30.78","debit","Fri","20:58:24","20","September"
"5808","posted",NA,"ACC-3689607373","115.79","-31.79","PAYMENT",NA,"Virginia",5837.22,2018-09-14 07:00:00,"F",20,NA,NA,69,"1a055251443f46d8bbb221c19951af29","CUS-127297539",NA,NA,"debit","Fri","21:00:00","21","September"
"5809","posted",NA,"ACC-721712940","145.09","-37.82","PAYMENT",NA,"Andrew",54624.64,2018-09-14 07:00:00,"M",78,NA,NA,38,"d372dbfb2c7a4e26ae922621e50c1771","CUS-1646183815",NA,NA,"debit","Fri","21:00:00","21","September"
"5810","posted",NA,"ACC-2681137560","151.11","-33.99","PAYMENT",NA,"Nathaniel",7240.82,2018-09-14 07:00:00,"M",31,NA,NA,29,"f4476392b11e422cad5ed00a75c470c5","CUS-2083971310",NA,NA,"debit","Fri","21:00:00","21","September"
"5811","posted",NA,"ACC-2171593283","146.94","-36.04","PAYMENT",NA,"Fernando",10893.66,2018-09-14 07:00:00,"M",19,NA,NA,50,"7f1c75f9bb4748048b275233c1ab5ce6","CUS-2317998716",NA,NA,"debit","Fri","21:00:00","21","September"
"5812","posted",NA,"ACC-1903037542","153.05","-27.61","PAYMENT",NA,"Jeffrey",3744.11,2018-09-14 07:00:00,"M",30,NA,NA,23,"61e48753c27b461596359e833d7a07ee","CUS-860700529",NA,NA,"debit","Fri","21:00:00","21","September"
"5813","authorized","1","ACC-1598451071","153.41","-27.95","SALES-POS","7f921c2c-4819-45e6-92c8-07b21dd06eac","Diana",2195.3,2018-09-14 07:00:00,"F",26,"Palm Beach","QLD",20.22,"b2d1023ccbd149caace62d63e41f9ab7","CUS-2487424745","153.47","-28.12","debit","Fri","21:05:49","21","September"
"5814","authorized","1","ACC-1598451071","153.41","-27.95","SALES-POS","e6bf73ae-dd3e-492e-8afb-ab040dcdbd44","Diana",2181.02,2018-09-14 07:00:00,"F",26,"Benowa","QLD",14.28,"34a020f7eda34aaaba8e5936969642d9","CUS-2487424745","153.39","-28.01","debit","Fri","21:12:46","21","September"
"5815","authorized","1","ACC-2265520058","151.27","-33.85","POS","7c27c261-9d34-40e2-89d2-d32c5626712d","Catherine",3397.35,2018-09-14 07:00:00,"F",26,"Lutwyche","QLD",35.34,"b4e696b1256749b7badedf78114073ce","CUS-331942311","153.03","-27.42","debit","Fri","21:26:39","21","September"
"5816","authorized","0","ACC-2528867619","138.58","-34.96","POS","f01cc8b4-1328-4501-8958-21e97b518510","Abigail",11502.86,2018-09-14 07:00:00,"F",40,"Mount Melville","WA",23.5,"5cf4cdcf60ec423caef01f156204b435","CUS-2505971401","117.87","-35.01","debit","Fri","21:33:36","21","September"
"5817","authorized","0","ACC-2681137560","151.11","-33.99","POS","d1f1060e-ce6f-4ab3-a91e-e0570af14010","Nathaniel",7269.82,2018-09-14 07:00:00,"M",31,"Sydney","NSW",87.3,"8d8b2889a6844993bd689e15a88d8596","CUS-2083971310","151.21","-33.87","debit","Fri","21:40:33","21","September"
"5818","authorized","1","ACC-1598451071","153.41","-27.95","POS","7fbd6363-a171-4ce6-ad92-c59fd7991396","Diana",2172.91,2018-09-14 07:00:00,"F",26,"Lidcombe","NSW",8.11,"fd42d54410f84166959b9c347527b3ae","CUS-2487424745","151.06","-33.86","debit","Fri","21:47:29","21","September"
"5819","authorized","1","ACC-1598451071","153.41","-27.95","SALES-POS","2c3aa0ea-feca-44ae-8979-800ccc9bf3cb","Diana",2168.25,2018-09-14 07:00:00,"F",26,"Kenmore","QLD",4.66,"814abfbe44934848954c46c090cf3337","CUS-2487424745","152.94","-27.51","debit","Fri","22:01:54","22","September"
"5820","authorized","1","ACC-1598451071","153.41","-27.95","POS","b7804a62-1556-4743-adec-eb6fd8644365","Diana",2160.92,2018-09-14 07:00:00,"F",26,"Salisbury","QLD",7.33,"16708e6f986640f6975c2ae9bcc0fa08","CUS-2487424745","153.03","-27.55","debit","Fri","22:11:25","22","September"
"5821","authorized","0","ACC-1443681913","150.92","-33.77","POS","5296902a-a068-4c1d-a6d7-d06fe6f23962","Ryan",3477.34,2018-09-14 07:00:00,"M",31,"North Sydney","NSW",21.54,"b7553d314b284a77ba81cf7e5ca3b00b","CUS-3129499595","151.21","-33.83","debit","Fri","22:20:57","22","September"
"5822","authorized","1","ACC-847145727","115.90","-31.92","SALES-POS","1d0f5513-3654-4aaf-a3d8-762a0016fad8","Michael",57408.99,2018-09-14 07:00:00,"M",19,"Trigg","WA",50.16,"4943b46650c04775a4420bfb68398534","CUS-1609060617","115.76","-31.87","debit","Fri","22:30:28","22","September"
"5823","authorized","1","ACC-182446574","116.06","-32.00","POS","7c0ed0d1-0976-4859-9793-49e2083165a5","Tonya",7087.4,2018-09-14 07:00:00,"F",27,"Broken Hill","NSW",87.98,"187d78614fc54071ab80f2779ad92c0f","CUS-3026014945","141.47","-31.95","debit","Fri","22:39:59","22","September"
"5824","authorized","0","ACC-3689607373","115.79","-31.79","SALES-POS","e790fde4-fdbd-4a87-a222-37cc4cf6a044","Virginia",5826.02,2018-09-14 07:00:00,"F",20,"Stratton","WA",11.2,"b684dc69cac64700ae09479fc032c97a","CUS-127297539","116.04","-31.86","debit","Fri","22:49:31","22","September"
"5825","authorized","0","ACC-1903037542","153.05","-27.61","SALES-POS","91f83684-2258-410c-9638-06d5c97fa60f","Jeffrey",3727.1,2018-09-14 07:00:00,"M",30,"Indooroopilly","QLD",17.01,"123829ea11d84506a3ade82c6d5eddae","CUS-860700529","152.98","-27.5","debit","Fri","22:59:02","22","September"
"5826","posted",NA,"ACC-3541460373","145.00","-37.83","PAYMENT",NA,"Jeffrey",3638.73,2018-09-14 07:00:00,"M",24,NA,NA,41,"92150603d22a443782a83aa4bab0cfc9","CUS-1433879684",NA,NA,"debit","Fri","23:00:00","23","September"
"5827","posted",NA,"ACC-3084464802","145.15","-37.76","PAYMENT",NA,"Susan",5522.37,2018-09-14 07:00:00,"F",19,NA,NA,123,"e883fa7c466c416aab1aec644b4bbd33","CUS-1928710999",NA,NA,"debit","Fri","23:00:00","23","September"
"5828","authorized","1","ACC-240804743","121.48","-30.75","POS","41aa5103-841a-4f87-8cd2-577fe3e2b269","Kenneth",11121.03,2018-09-14 07:00:00,"M",29,"Loganholme","QLD",16.67,"bb894addac05426f926faa8eaa75eccc","CUS-261674136","152.87","-30.8","debit","Fri","23:17:59","23","September"
"5829","authorized","1","ACC-1598451071","153.41","-27.95","POS","9317b506-51f0-4c27-9542-af6af493ac81","Diana",2149.4,2018-09-14 07:00:00,"F",26,"Mudgeeraba","QLD",11.52,"4936ea689109460f9c4ee7220df39926","CUS-2487424745","153.36","-28.08","debit","Fri","23:37:59","23","September"
"5830","authorized","0","ACC-1903037542","153.05","-27.61","POS","8a2c577e-6d84-41ee-ba72-5148ad656792","Jeffrey",3697.93,2018-09-14 07:00:00,"M",30,"Brisbane City","QLD",29.17,"3b790288465247ea88abc8104d4ca30d","CUS-860700529","153.02","-27.47","debit","Fri","23:57:59","23","September"
"5831","authorized","1","ACC-2265520058","151.27","-33.85","SALES-POS","89e7ab50-95ec-48c6-8364-dc4562f59bd1","Catherine",3311.92,2018-09-15 07:00:00,"F",26,"Castle Hill","NSW",85.43,"4cc8553d417540d68337e11c6d640856","CUS-331942311","150.98","-33.73","debit","Sat","00:42:51","00","September"
"5832","authorized","1","ACC-3541460373","145.00","-37.83","SALES-POS","7a391ea8-226a-4ce0-b418-8cadd5443672","Jeffrey",3624.74,2018-09-15 07:00:00,"M",24,"Melbourne","VIC",13.99,"59103e9e3b7b4e7e96afbdb4c570452d","CUS-1433879684","144.96","-37.82","debit","Sat","01:12:04","01","September"
"5833","authorized","1","ACC-2673069055","152.99","-27.49","POS","33de11be-d1af-410c-a6ca-e7ff735253f2","Richard",20712.93,2018-09-15 07:00:00,"M",24,"Marrickville","NSW",10.69,"4fe5ca6ce72542bfb94c4388f58f2308","CUS-51506836","151.17","-33.91","debit","Sat","01:30:56","01","September"
"5834","authorized","1","ACC-1652235822","144.89","-37.81","SALES-POS","d1db0203-8b5e-4578-b69b-9426e3b136b4","Renee",19923.06,2018-09-15 07:00:00,"F",38,"Brunswick","VIC",10.01,"db74ab07efcb484aa4bb569553b14e52","CUS-2206365095","144.97","-37.76","debit","Sat","01:49:48","01","September"
"5835","posted",NA,"ACC-3481401842","115.74","-31.72","PAYMENT",NA,"Tiffany",5126.32,2018-09-15 07:00:00,"F",25,NA,NA,26,"9588983a3a1e44ccb3d3af577d921d9f","CUS-1669695324",NA,NA,"debit","Sat","02:00:00","02","September"
"5836","authorized","1","ACC-2528867619","138.58","-34.96","POS","fbf92758-f678-4bdb-81fa-efe7f8643d6b","Abigail",11486.86,2018-09-15 07:00:00,"F",40,"North Adelaide","SA",16,"b20f83de23324dfe94d5b4546164e0dc","CUS-2505971401","138.6","-34.91","debit","Sat","02:11:13","02","September"
"5837","authorized","1","ACC-354106658","151.04","-33.80","SALES-POS","2d013734-3385-47fe-bfdc-c1bc443baf16","Christine",15963.81,2018-09-15 07:00:00,"F",39,"Sydney","NSW",30.75,"68968029d80e4664bef903fbde717089","CUS-2376382098","151.21","-33.87","debit","Sat","02:35:36","02","September"
"5838","authorized","0","ACC-3541460373","145.00","-37.83","SALES-POS","e8253ae8-09bd-4bbe-9b01-3ee3a5489dd6","Jeffrey",3552.2,2018-09-15 07:00:00,"M",24,"South Yarra","VIC",72.54,"f90756fdf8264fea92c8304f9d5709cd","CUS-1433879684","145","-37.84","debit","Sat","03:55:33","03","September"
"5839","posted",NA,"ACC-964839203","146.92","-36.07","PAYMENT",NA,"Michael",35001.67,2018-09-15 07:00:00,"M",21,NA,NA,28,"3c3f5fee0e934185852e7c4d71933ae4","CUS-2059096722",NA,NA,"debit","Sat","04:00:00","04","September"
"5840","authorized","1","ACC-3485804958","138.52","-35.01","POS","d47efc0a-2443-47d0-ad6b-4379779d2e3e","Jessica",23504.95,2018-09-15 07:00:00,"F",34,"Albany","WA",49.75,"55fa9a0cd66f46e1a79e30e01f6520a0","CUS-1196156254","117.89","-35.03","debit","Sat","04:22:26","04","September"
"5841","authorized","1","ACC-3536132544","144.93","-37.79","POS","c4c6020c-b9ab-4868-b6c4-7a6bed751010","Heather",3963.11,2018-09-15 07:00:00,"F",41,"Seville","VIC",38.5,"8ab20cc3030b41d29d178cc7567e7ed5","CUS-2348881191","145.46","-37.78","debit","Sat","04:46:49","04","September"
"5842","posted",NA,"ACC-2681137560","151.11","-33.99","PAYMENT",NA,"Nathaniel",7214.82,2018-09-15 07:00:00,"M",31,NA,NA,26,"3aa4697af7c7401a9ce2818b57a35628","CUS-2083971310",NA,NA,"debit","Sat","05:00:00","05","September"
"5843","posted",NA,"ACC-1652235822","144.89","-37.81","PAYMENT",NA,"Renee",19878.06,2018-09-15 07:00:00,"F",38,NA,NA,45,"533b34863c414210b6a425894d4d66e2","CUS-2206365095",NA,NA,"debit","Sat","05:00:00","05","September"
"5844","posted",NA,"ACC-1650504218","145.01","-37.93","PAYMENT",NA,"Marissa",9998.96,2018-09-15 07:00:00,"F",23,NA,NA,43,"3d92a8bfd0e541c19e322076499dfd1e","CUS-2500783281",NA,NA,"debit","Sat","05:00:00","05","September"
"5845","posted",NA,"ACC-4281711154","144.98","-37.84","PAYMENT",NA,"Eric",37624.56,2018-09-15 07:00:00,"M",42,NA,NA,37,"f880bbcc055a46bbbe6b09852dd0e15a","CUS-3151318058",NA,NA,"debit","Sat","05:00:00","05","September"
"5846","authorized","1","ACC-854938045","147.63","-22.84","SALES-POS","38c1492f-bb0b-4735-9cf5-55c96f75311e","James",10087.94,2018-09-15 07:00:00,"M",28,"Newman","WA",11.19,"352060ec2718470d84ba5a0233ec2046","CUS-4023861240","119.99","-22.91","debit","Sat","05:57:29","05","September"
"5847","posted",NA,"ACC-3941181087","115.79","-31.94","PAYMENT",NA,"Paul",7723.88,2018-09-15 07:00:00,"M",25,NA,NA,172,"dcd7a0ff5f554bffbca34a5b7b9e5692","CUS-3989008654",NA,NA,"debit","Sat","06:00:00","06","September"
"5848","posted",NA,"ACC-4059612845","130.98","-12.49","INTER BANK",NA,"Jonathan",57037.45,2018-09-15 07:00:00,"M",38,NA,NA,195,"a4c862c2f1254a029e2276ae30b1b574","CUS-495599312",NA,NA,"debit","Sat","06:00:00","06","September"
"5849","authorized","0","ACC-1037050564","153.10","-27.66","POS","aeb596f9-827d-4fb3-8082-dbe9df68cd16","Rhonda",3473.87,2018-09-15 07:00:00,"F",40,"Booval","QLD",28.02,"8de6463f43c44994873aa89be23ea614","CUS-1614226872","152.79","-27.62","debit","Sat","07:37:14","07","September"
"5850","posted",NA,"ACC-3689607373","115.79","-31.79","INTER BANK",NA,"Virginia",5719.02,2018-09-15 07:00:00,"F",20,NA,NA,107,"183c9d7d189544d5b23b430779c36908","CUS-127297539",NA,NA,"debit","Sat","08:00:00","08","September"
"5851","authorized","1","ACC-1652235822","144.89","-37.81","POS","fdb6a7b3-8197-4892-8322-7666da16a7ba","Renee",19864.89,2018-09-15 07:00:00,"F",38,"Carrum Downs","VIC",13.17,"f4bc2d8bdec2437b8bb21e19ca995278","CUS-2206365095","145.18","-38.1","debit","Sat","08:05:51","08","September"
"5852","authorized","1","ACC-1243371644","150.90","-33.78","SALES-POS","80954676-2a81-4972-bd15-ff90394424db","Gregory",4099.58,2018-09-15 07:00:00,"M",42,"Frenchs Forest","NSW",22.34,"8e7ce8294c06406b996923e99180ae91","CUS-3904958894","151.21","-33.74","debit","Sat","08:23:06","08","September"
"5853","authorized","1","ACC-2681137560","151.11","-33.99","POS","8f2c36dd-9a99-4230-b00f-99bbb42b68ef","Nathaniel",7205.2,2018-09-15 07:00:00,"M",31,"Kadina","SA",9.62,"602d2d9235ea42dbacb2d71354bb1739","CUS-2083971310","137.71","-33.96","debit","Sat","08:40:20","08","September"
"5854","authorized","0","ACC-1243371644","150.90","-33.78","POS","c8833b7c-5cb6-4969-83cc-8f2a0651dac3","Gregory",4044.34,2018-09-15 07:00:00,"M",42,"North Ryde","NSW",55.24,"600df8fbccca42b39a5ae52d2d211b13","CUS-3904958894","151.14","-33.79","debit","Sat","08:57:35","08","September"
"5855","authorized","0","ACC-2249586092","115.98","-32.07","SALES-POS","80117b77-2727-4831-8510-aa90942868a0","Edward",7761.38,2018-09-15 07:00:00,"M",19,"Innaloo","WA",13.36,"76fe2a8e830d4d5f9068a08071d8ea38","CUS-443776336","115.8","-31.9","debit","Sat","09:19:10","09","September"
"5856","authorized","1","ACC-3689607373","115.79","-31.79","SALES-POS","9de66fe5-6b47-419c-b9bc-cd81f869aec8","Virginia",5694.05,2018-09-15 07:00:00,"F",20,"Armadale","WA",24.97,"a32862e6fe6f4afaa65b72d6ffdf60cb","CUS-127297539","116.01","-32.15","debit","Sat","09:29:29","09","September"
"5857","authorized","0","ACC-1243371644","150.90","-33.78","POS","69818774-fbbe-4b2a-a441-3e7c9581c541","Gregory",4019.24,2018-09-15 07:00:00,"M",42,"Neutral Bay","NSW",25.1,"356e20d99f1c4527ae9826f47862407b","CUS-3904958894","151.22","-33.83","debit","Sat","09:39:47","09","September"
"5858","authorized","1","ACC-1056639002","145.03","-37.91","SALES-POS","e049f21d-3952-463a-878e-d9ab75d851b0","Michael",48531.89,2018-09-15 07:00:00,"M",22,"Burwood East","VIC",24.06,"659829d40303489b8d8858fb6fe9d896","CUS-3462882033","145.13","-37.85","debit","Sat","09:50:06","09","September"
"5859","posted",NA,"ACC-4065652575","115.81","-31.82","INTER BANK",NA,"Lucas",7282.51,2018-09-15 07:00:00,"M",21,NA,NA,1001,"fddfc7d7163c40728473749f21d6108f","CUS-1117979751",NA,NA,"debit","Sat","10:00:00","10","September"
"5860","posted",NA,"ACC-1496451953","145.16","-37.84","PAYMENT",NA,"Ricky",12517.13,2018-09-15 07:00:00,"M",43,NA,NA,150,"4e12f75ec49a4402a0a0cdd3f75536d2","CUS-3142625864",NA,NA,"debit","Sat","10:00:00","10","September"
"5861","posted",NA,"ACC-574997646","150.79","-33.64","PAYMENT",NA,"Mackenzie",3896.52,2018-09-15 07:00:00,"F",18,NA,NA,45,"24e9e90db08743fbb1567ab7a9628c9a","CUS-586638664",NA,NA,"debit","Sat","10:00:00","10","September"
"5862","authorized","1","ACC-2901672282","255.00","-573.00","SALES-POS","e234cbd2-be0c-4e7d-8e4b-2b84b5bac0d6","Daniel",7216.66,2018-09-15 07:00:00,"M",22,"Sydney","NSW",64.19,"d4ce8f349e6b405dbd7f5c3d703bf632","CUS-1617121891","151.21","-33.87","debit","Sat","10:00:23","10","September"
"5863","authorized","0","ACC-3689607373","115.79","-31.79","SALES-POS","7b838781-85ec-4203-9401-d10563db1e4a","Virginia",5653.18,2018-09-15 07:00:00,"F",20,"Welshpool","WA",40.87,"e288a8c7e67846f7a90a2c781296f0e9","CUS-127297539","115.95","-31.99","debit","Sat","10:10:05","10","September"
"5864","authorized","0","ACC-3741880913","150.50","-23.40","POS","fafaa229-b437-4640-9f1d-a48fe80d8cca","Ashley",9305.78,2018-09-15 07:00:00,"F",25,"Mollymook","NSW",10.61,"2d5bb6a080f0479f95096a513c71fde0","CUS-1220154422","150.47","-35.34","debit","Sat","10:19:48","10","September"
"5865","authorized","1","ACC-854938045","147.63","-22.84","SALES-POS","be2fdae5-77c0-479f-87e6-3708f631d2e6","James",10061.85,2018-09-15 07:00:00,"M",28,"Narre Warren","VIC",26.09,"f45ffa017ee544c795ad08caa1554464","CUS-4023861240","145.3","-38.02","debit","Sat","10:29:30","10","September"
"5866","authorized","1","ACC-354106658","151.04","-33.80","POS","0888ed2d-076f-4688-a446-28a0af4cc360","Christine",15847.48,2018-09-15 07:00:00,"F",39,"Sydney","NSW",116.33,"ddb15b88658c4f148a30d7a10137b365","CUS-2376382098","151.21","-33.87","debit","Sat","10:39:13","10","September"
"5867","authorized","1","ACC-1598451071","153.41","-27.95","SALES-POS","ddf112bb-15d5-4c0f-a0c5-5aa73fcd7ac7","Diana",2136.3,2018-09-15 07:00:00,"F",26,"Clear Island Waters","QLD",13.1,"e0f7dbb35db949269d059a6ebe07bc99","CUS-2487424745","153.39","-28.03","debit","Sat","10:48:55","10","September"
"5868","authorized","0","ACC-2901672282","255.00","-573.00","SALES-POS","2524fe8b-0b41-460d-b7d6-77fdba54657d","Daniel",7103.41,2018-09-15 07:00:00,"M",22,"Clontarf","NSW",113.25,"a8029ce3a2e74d0a98b15dd78c6e764c","CUS-1617121891","151.26","-33.81","debit","Sat","10:58:38","10","September"
"5869","posted",NA,"ACC-2681137560","151.11","-33.99","PAYMENT",NA,"Nathaniel",7188.2,2018-09-15 07:00:00,"M",31,NA,NA,17,"2aaceeab9a5440a8a69ed182b6f5849b","CUS-2083971310",NA,NA,"debit","Sat","11:00:00","11","September"
"5870","authorized","1","ACC-1438600314","138.69","-34.84","SALES-POS","d745e2a5-f129-47a4-b733-db2f94124359","Maria",3889.03,2018-09-15 07:00:00,"F",35,"Murrumbateman","NSW",84.58,"daa00ff5e7c3429b811d57b4d5d928db","CUS-2650223890","149.03","-34.97","debit","Sat","11:05:46","11","September"
"5871","authorized","0","ACC-3689607373","115.79","-31.79","POS","442296c7-c041-4547-8979-25626e1a766d","Virginia",5638.66,2018-09-15 07:00:00,"F",20,"Broken Hill","NSW",14.52,"76747b45ad644960843e2d59b09520d3","CUS-127297539","141.46","-31.96","debit","Sat","11:19:11","11","September"
"5872","authorized","1","ACC-1037050564","153.10","-27.66","SALES-POS","47cecb93-d416-4a4c-b557-b61f4e9b0976","Rhonda",3439.04,2018-09-15 07:00:00,"F",40,"Indooroopilly","QLD",34.83,"714c9bf001224d1fa0578bf3935e9034","CUS-1614226872","152.98","-27.5","debit","Sat","11:25:54","11","September"
"5873","authorized","1","ACC-3689607373","115.79","-31.79","SALES-POS","e3c60eca-6c21-4870-88ab-5323f1dfc6e4","Virginia",5623.9,2018-09-15 07:00:00,"F",20,"Henley Brook","WA",14.76,"85df0b5c454f4aa99bfff3ac4d848c71","CUS-127297539","116","-31.81","debit","Sat","11:32:37","11","September"
"5874","authorized","1","ACC-4258502723","145.45","-37.74","SALES-POS","138d4caf-1025-4013-a659-628b4148eb08","Kimberly",3157.42,2018-09-15 07:00:00,"F",24,"Sydney","NSW",22.46,"b301b1b5820640f88a331e8bfff4cb3f","CUS-3378712515","151.2","-33.87","debit","Sat","11:39:19","11","September"
"5875","authorized","1","ACC-1890605467","143.88","-37.66","SALES-POS","52ea5772-5c58-477a-8529-066adc898666","Alexander",13140.83,2018-09-15 07:00:00,"M",38,"Preston","VIC",57.01,"b59614c2b7c64f088263beea899ed3a6","CUS-1478398256","145","-37.74","debit","Sat","11:46:02","11","September"
"5876","authorized","0","ACC-1652235822","144.89","-37.81","POS","0bc72e38-dadd-4fac-8814-7cb964246beb","Renee",19845.43,2018-09-15 07:00:00,"F",38,"Laverton North","VIC",19.46,"3ae07f23b0bc4a8c9301d55a411161eb","CUS-2206365095","144.78","-37.84","debit","Sat","11:52:45","11","September"
"5877","authorized","1","ACC-354106658","151.04","-33.80","SALES-POS","0369df1c-a7cc-4873-819a-c7135b704cae","Christine",15840.04,2018-09-15 07:00:00,"F",39,"Chippendale","NSW",7.44,"0f2ad050dd35407e8c7bb2904a6fb052","CUS-2376382098","151.2","-33.89","debit","Sat","11:59:27","11","September"
"5878","posted",NA,"ACC-1998563091","149.03","-35.25","PAYMENT",NA,"David",16071.17,2018-09-15 07:00:00,"M",42,NA,NA,45,"19e16e0801f34575aa7bbe7a5ab28375","CUS-3395687666",NA,NA,"debit","Sat","12:00:00","12","September"
"5879","authorized","0","ACC-1037050564","153.10","-27.66","SALES-POS","f0708d5e-588e-4a1f-96c8-af712a6c8f90","Rhonda",3423.63,2018-09-15 07:00:00,"F",40,"Southport","QLD",15.41,"4230482ea2e14c5cbfa1d64ed0ad9048","CUS-1614226872","153.41","-27.97","debit","Sat","12:15:19","12","September"
"5880","authorized","1","ACC-3485804958","138.52","-35.01","SALES-POS","c7c3f0d7-5cac-48ff-bec3-59dadb194279","Jessica",23477.33,2018-09-15 07:00:00,"F",34,"Marden","SA",27.62,"005b7ca511bb4aa2b74681c5c8249e44","CUS-1196156254","138.64","-34.9","debit","Sat","12:48:39","12","September"
"5881","posted",NA,"ACC-90814749","151.68","-32.98","INTER BANK",NA,"Christopher",10074.01,2018-09-15 07:00:00,"M",35,NA,NA,44,"5df3f590311e41619f07d1c025ecb5b6","CUS-1896554896",NA,NA,"debit","Sat","13:00:00","13","September"
"5882","authorized","1","ACC-182446574","116.06","-32.00","POS","0fc83e0d-c2a1-4a6d-a5d0-fdc4ac5c446c","Tonya",7054.49,2018-09-15 07:00:00,"F",27,"Spearwood","WA",32.91,"6351751e593f47ba9c881831bf698e2f","CUS-3026014945","115.78","-32.1","debit","Sat","13:05:31","13","September"
"5883","authorized","1","ACC-854938045","147.63","-22.84","SALES-POS","b034674f-6a5d-47f4-a148-8521a992dd15","James",9913.76,2018-09-15 07:00:00,"M",28,"Mulgrave","VIC",148.09,"7bad29dfbc7d48b3929707ea18cc5d0a","CUS-4023861240","145.15","-37.93","debit","Sat","13:22:45","13","September"
"5884","authorized","1","ACC-154431271","153.09","-27.48","SALES-POS","acb77539-e479-4f85-b231-0330e17f620f","Lori",2794.17,2018-09-15 07:00:00,"F",18,"Petrie Terrace","QLD",143.78,"abf4edf2b1184d768882ce5b582c8f52","CUS-3702001629","153.02","-27.47","debit","Sat","13:39:59","13","September"
"5885","authorized","1","ACC-1516130869","130.84","-12.45","POS","4af9af34-b5de-4063-bd48-664840bbaea2","Jessica",2883.9,2018-09-15 07:00:00,"F",21,"Holtze","NT",22.62,"3ea4c3ad1835407e8a6d1c04f9afc80a","CUS-325142416","130.97","-12.45","debit","Sat","13:57:14","13","September"
"5886","posted",NA,"ACC-37709441","153.41","-28.01","INTER BANK",NA,"Charles",10032.9,2018-09-15 07:00:00,"M",18,NA,NA,45,"b9baff06c43f41beb48d0d026e325fce","CUS-3336454548",NA,NA,"debit","Sat","14:00:00","14","September"
"5887","authorized","1","ACC-1344825761","151.09","-33.91","SALES-POS","963f436b-358e-4976-8871-7c48bbf0b435","Sarah",19508.09,2018-09-15 07:00:00,"F",46,"Sylvania","NSW",27.56,"bff83edbd2314fc6a4c19bf74a86e0a1","CUS-1499065773","151.1","-34.01","debit","Sat","14:15:12","14","September"
"5888","authorized","1","ACC-182446574","116.06","-32.00","SALES-POS","ed79169c-d268-4884-a82f-f9d2a7317e79","Tonya",7024.03,2018-09-15 07:00:00,"F",27,"Malaga","WA",30.46,"9242a0a3e76f48c8837f02f0c938fa71","CUS-3026014945","115.89","-31.86","debit","Sat","14:23:28","14","September"
"5889","authorized","1","ACC-1344825761","151.09","-33.91","SALES-POS","1df732ad-2900-40d7-99fe-edb926815acb","Sarah",19448.64,2018-09-15 07:00:00,"F",46,"Waterloo","NSW",59.45,"83a0d574714c44c58c17cd9621ace64e","CUS-1499065773","151.2","-33.9","debit","Sat","14:31:44","14","September"
"5890","authorized","1","ACC-958000567","130.90","-12.37","POS","3fbc2fcc-15cb-49f0-bdaf-1d5cf1218138","Sandra",5207.75,2018-09-15 07:00:00,"F",34,"North Ryde","NSW",10.85,"b8c3ba1fa41f42058f2dcc94ba216067","CUS-4142663097","151.14","-33.8","debit","Sat","14:39:59","14","September"
"5891","authorized","1","ACC-4258502723","145.45","-37.74","SALES-POS","86c35382-adfd-4d1b-9ffe-6b64c2672db2","Kimberly",3141.56,2018-09-15 07:00:00,"F",24,"Saint Kilda","VIC",15.86,"d1276ef844fa4e32bebac067595ef8a5","CUS-3378712515","144.97","-37.86","debit","Sat","14:48:15","14","September"
"5892","authorized","1","ACC-354106658","151.04","-33.80","POS","f26401e1-93c1-4dc9-92e2-79cd25e902e2","Christine",15798.71,2018-09-15 07:00:00,"F",39,"Brookvale","NSW",41.33,"f7c2569775ea4e52bb5a07b41f5a3913","CUS-2376382098","151.26","-33.77","debit","Sat","14:56:31","14","September"
"5893","posted",NA,"ACC-240804743","121.48","-30.75","PAYMENT",NA,"Kenneth",10983.03,2018-09-15 07:00:00,"M",29,NA,NA,138,"a4b8f39276614053bbbde4e1d4f8b928","CUS-261674136",NA,NA,"debit","Sat","15:00:00","15","September"
"5894","authorized","1","ACC-1516130869","130.84","-12.45","POS","d66375c5-a27a-4f85-af07-1312dd3671ce","Jessica",2818.83,2018-09-15 07:00:00,"F",21,"Darwin","NT",65.07,"e3cfab45912b4da7bbc98fb19aae6cfb","CUS-325142416","130.84","-12.46","debit","Sat","15:06:44","15","September"
"5895","authorized","0","ACC-154431271","153.09","-27.48","POS","280476fb-0fe2-47b6-ac51-eea8d3486cc9","Lori",2637.74,2018-09-15 07:00:00,"F",18,"Brisbane City","QLD",156.43,"b7222586d2264511abe51761e3686ee1","CUS-3702001629","153.03","-27.46","debit","Sat","15:18:22","15","September"
"5896","authorized","0","ACC-3233697971","151.04","-33.77","POS","c0c8afe3-0ae6-4233-b856-6c310c2b0791","Robin",7014.89,2018-09-15 07:00:00,"F",34,"Rockdale","NSW",113.29,"1bbd4903af004098891993f48581bf01","CUS-1147642491","151.14","-33.96","debit","Sat","15:29:59","15","September"
"5897","authorized","1","ACC-1652235822","144.89","-37.81","POS","a46386be-4fc6-4445-829c-c885f9ff9ab1","Renee",19821.62,2018-09-15 07:00:00,"F",38,"Chadstone","VIC",23.81,"0fc7c0f1d7fe46a39e7e5d036aa962c7","CUS-2206365095","145.08","-37.89","debit","Sat","15:41:37","15","September"
"5898","authorized","0","ACC-211792489","138.63","-34.93","SALES-POS","9e344a83-00aa-4814-8ba5-5c7acc0b3482","Jacqueline",5663.23,2018-09-15 07:00:00,"F",30,"Nowra","NSW",151.34,"667aab669ff04c0695206002a0e1d5b0","CUS-497688347","150.6","-34.88","debit","Sat","15:53:15","15","September"
"5899","posted",NA,"ACC-2920611728","144.96","-37.76","PAYMENT",NA,"Tyler",6198.88,2018-09-15 07:00:00,"M",69,NA,NA,17,"ed198a7e80c240c0819d213c033cdee2","CUS-1388323263",NA,NA,"debit","Sat","16:00:00","16","September"
"5900","posted",NA,"ACC-37709441","153.41","-28.01","PHONE BANK",NA,"Charles",10011.9,2018-09-15 07:00:00,"M",18,NA,NA,21,"431897d9ef3940aaa839d2967c22c037","CUS-3336454548",NA,NA,"debit","Sat","16:00:00","16","September"
"5901","posted",NA,"ACC-154431271","153.09","-27.48","PAYMENT",NA,"Lori",2503.74,2018-09-15 07:00:00,"F",18,NA,NA,134,"e4d641ce4e934942abb68280028c153d","CUS-3702001629",NA,NA,"debit","Sat","16:00:00","16","September"
"5902","authorized","1","ACC-1438600314","138.69","-34.84","POS","3f16e9e6-bf55-4d39-b4eb-3e459f51a019","Maria",3869.63,2018-09-15 07:00:00,"F",35,"Goulburn","NSW",19.4,"3e57ef73772f43bba947e2b1c0638cfd","CUS-2650223890","149.69","-34.77","debit","Sat","16:06:46","16","September"
"5903","authorized","1","ACC-1438600314","138.69","-34.84","POS","c1be9e40-0599-42c4-97e1-1eee927a4747","Maria",3845.76,2018-09-15 07:00:00,"F",35,"Exeter","NSW",23.87,"12f959dd607d4922a485d78613fe00c1","CUS-2650223890","150.23","-34.61","debit","Sat","16:22:54","16","September"
"5904","authorized","1","ACC-182446574","116.06","-32.00","POS","1e9a42ab-d3d1-4586-a898-e26c81007352","Tonya",7000.57,2018-09-15 07:00:00,"F",27,"Forrestfield","WA",23.46,"f22ea860a1e449868bf8e202bb29bdda","CUS-3026014945","116.01","-31.99","debit","Sat","16:39:01","16","September"
"5905","authorized","1","ACC-3084464802","145.15","-37.76","SALES-POS","39ff1275-e6f1-4295-b197-a3f43f7ca2ce","Susan",5486.53,2018-09-15 07:00:00,"F",19,"Brunswick West","VIC",35.84,"a3a38e31ca744dd9ac641a7acc7c5ab9","CUS-1928710999","144.95","-37.77","debit","Sat","16:55:09","16","September"
"5906","posted",NA,"ACC-854938045","147.63","-22.84","PAYMENT",NA,"James",9864.76,2018-09-15 07:00:00,"M",28,NA,NA,49,"cea96dcd4a8f45dca9e14afc5b472d16","CUS-4023861240",NA,NA,"debit","Sat","17:00:00","17","September"
"5907","authorized","1","ACC-182446574","116.06","-32.00","POS","8422eb4b-b489-458c-b07f-7e6561ebf63c","Tonya",6984.44,2018-09-15 07:00:00,"F",27,"Inglewood","WA",16.13,"20da0921c227458d95f6327a2504ee84","CUS-3026014945","115.88","-31.92","debit","Sat","17:06:14","17","September"
"5908","authorized","1","ACC-1344825761","151.09","-33.91","POS","5a3c3a04-69ec-4c07-beb1-64e96cd3bceb","Sarah",19393.9,2018-09-15 07:00:00,"F",46,"Busselton","WA",54.74,"a10323eb0c3f4a529ff3e523c91c6d75","CUS-1499065773","115.36","-33.66","debit","Sat","17:15:10","17","September"
"5909","authorized","1","ACC-182446574","116.06","-32.00","POS","eec019fb-c920-47fa-beeb-0195ef0bc036","Tonya",6973.16,2018-09-15 07:00:00,"F",27,"Booragoon","WA",11.28,"3fe5baabc43049e394fe79b13f4ba593","CUS-3026014945","115.84","-32.03","debit","Sat","17:24:06","17","September"
"5910","authorized","0","ACC-574997646","150.79","-33.64","POS","33ff13ea-0ed5-4c31-8f43-d30c9dbabb0d","Mackenzie",3887.57,2018-09-15 07:00:00,"F",18,"Avalon Beach","NSW",8.95,"e1cf89a98aab4396b94b19e648367f5b","CUS-586638664","151.33","-33.64","debit","Sat","17:33:02","17","September"
"5911","authorized","1","ACC-1438600314","138.69","-34.84","POS","cec6c173-d338-458d-8de3-0268e91dfcd6","Maria",3187.27,2018-09-15 07:00:00,"F",35,"Lowlands","WA",658.49,"ad4edd91b3ab4675b61b98ef9a68ab51","CUS-2650223890","117.53","-35.06","debit","Sat","17:41:57","17","September"
"5912","authorized","1","ACC-1438600314","138.69","-34.84","POS","7c9a4525-f0a0-4d06-bd3a-9518bcf2d406","Maria",3087.73,2018-09-15 07:00:00,"F",35,"Ashford","SA",99.54,"c14c810d4fc74027b5df2cf9e155e1e1","CUS-2650223890","138.58","-34.95","debit","Sat","17:50:53","17","September"
"5913","authorized","1","ACC-2970114956","144.89","-37.69","POS","285250a6-f38a-4865-86d7-caa91e66047b","Robert",9118.44,2018-09-15 07:00:00,"M",26,"Ballarat Central","VIC",19.09,"172b8798ff474f72afa83cd01fde6b70","CUS-880898248","143.85","-37.55","debit","Sat","17:59:49","17","September"
"5914","posted",NA,"ACC-1279356312","144.79","-37.73","INTER BANK",NA,"Tyler",5948.7,2018-09-15 07:00:00,"M",44,NA,NA,164,"97810c39a74a4840a2458acef8bd7174","CUS-1892177589",NA,NA,"debit","Sat","18:00:00","18","September"
"5915","posted",NA,"ACC-958000567","130.90","-12.37","PAYMENT",NA,"Sandra",5190.75,2018-09-15 07:00:00,"F",34,NA,NA,17,"ff1552609ffc49c2ae83932aee252123","CUS-4142663097",NA,NA,"debit","Sat","18:00:00","18","September"
"5916","authorized","1","ACC-3541460373","145.00","-37.83","SALES-POS","e170b598-8961-4c29-9ee1-d9a98196801c","Jeffrey",3495.68,2018-09-15 07:00:00,"M",24,"Mount Gambier","SA",56.52,"a48a15e27024423bbbe9ee6c5f3d3f43","CUS-1433879684","140.78","-37.83","debit","Sat","18:20:24","18","September"
"5917","authorized","1","ACC-80388494","144.97","-37.42","POS","5cf787f7-83e4-4354-bae2-05be0334d290","Dustin",5825.32,2018-09-15 07:00:00,"M",28,"Eagle Farm","QLD",60.64,"2c5d3ab1f9ce445181c3c6fea0fb3660","CUS-1140341822","153.08","-27.41","debit","Sat","18:41:14","18","September"
"5918","authorized","0","ACC-1608363396","151.22","-33.87","POS","4890e28b-05ec-44f2-9ab0-bb2e7348c756","Robert",5732.54,2018-09-15 07:00:00,"M",20,"Bankstown","NSW",26.98,"3b50a2ce35024579a97562c8f864845b","CUS-2688605418","151.04","-33.92","debit","Sat","19:00:58","19","September"
"5919","authorized","1","ACC-1438600314","138.69","-34.84","POS","3761c02e-96d1-49d0-8553-b5454268edca","Maria",3011.43,2018-09-15 07:00:00,"F",35,"North Plympton","SA",76.3,"4deeffd1f07d4fbe851728f10d56ec79","CUS-2650223890","138.54","-34.96","debit","Sat","19:10:47","19","September"
"5920","authorized","1","ACC-1438600314","138.69","-34.84","SALES-POS","dde85bee-5ccf-4571-b426-77837c1b9408","Maria",2987.79,2018-09-15 07:00:00,"F",35,"Yass","NSW",23.64,"8a2e9a8765124572805c2f0c01c872ed","CUS-2650223890","148.88","-34.81","debit","Sat","19:20:35","19","September"
"5921","authorized","1","ACC-2249586092","115.98","-32.07","POS","256eb126-d47d-44bd-8696-e324950ca522","Edward",7754.01,2018-09-15 07:00:00,"M",19,"Ceduna","SA",7.37,"e1a16e0e0d95436c973940f4189d4999","CUS-443776336","133.67","-32.11","debit","Sat","19:49:59","19","September"
"5922","authorized","1","ACC-1056639002","145.03","-37.91","SALES-POS","4e088088-0f3c-48bd-bd6f-e8151d535dc3","Michael",48517.34,2018-09-15 07:00:00,"M",22,"Essendon","VIC",14.55,"08802ddea306419c9cb9f1ccf51114b5","CUS-3462882033","144.92","-37.76","debit","Sat","19:59:48","19","September"
"5923","posted",NA,"ACC-4258502723","145.45","-37.74","INTER BANK",NA,"Kimberly",3113.56,2018-09-15 07:00:00,"F",24,NA,NA,28,"9db6a385e0924da3ac1e3539332758a5","CUS-3378712515",NA,NA,"debit","Sat","20:00:00","20","September"
"5924","authorized","1","ACC-3879258709","143.83","-37.66","POS","98b27892-36ea-4240-a710-55be6a60aaf2","Natasha",196119.57,2018-09-15 07:00:00,"F",40,"Hawthorn","VIC",22.12,"37e22f431a4747dea630a9edffb88dfc","CUS-527400765","145.03","-37.82","debit","Sat","20:07:09","20","September"
"5925","authorized","1","ACC-3879258709","143.83","-37.66","SALES-POS","3c5b0f0a-c9a7-4728-afd2-ad2057375228","Natasha",196068.01,2018-09-15 07:00:00,"F",40,"Mooroolbark","VIC",51.56,"c7694a20f2a949b68422e52677ee5c40","CUS-527400765","145.32","-37.78","debit","Sat","20:14:27","20","September"
"5926","authorized","1","ACC-1598451071","153.41","-27.95","POS","d9f44176-42ac-4e50-ae36-0b16ba748caa","Diana",2109.83,2018-09-15 07:00:00,"F",26,"Broadbeach","QLD",26.47,"7f5e623ee9ee4e7ca4326b78f4e55b38","CUS-2487424745","153.43","-28.03","debit","Sat","20:21:45","20","September"
"5927","authorized","1","ACC-1523339231","115.83","-31.90","SALES-POS","cebbf265-3b20-46f6-9ca5-6ce7fa174435","Tim",61492.8,2018-09-15 07:00:00,"M",40,"Perth","WA",45.82,"443fb4adfc224d1892cc3f38e161c717","CUS-1816693151","115.85","-31.95","debit","Sat","20:29:03","20","September"
"5928","authorized","1","ACC-1056639002","145.03","-37.91","SALES-POS","62534dab-d47d-46d1-98e0-1419b0643e98","Michael",48491.23,2018-09-15 07:00:00,"M",22,"South Yarra","VIC",26.11,"6acee96cdaf34e8c847be782633c60ab","CUS-3462882033","144.99","-37.85","debit","Sat","20:36:21","20","September"
"5929","authorized","0","ACC-1598451071","153.41","-27.95","SALES-POS","0db41b51-10e9-49d0-b6bd-2bb840dd76a9","Diana",2104.11,2018-09-15 07:00:00,"F",26,"Coomera","QLD",5.72,"7596101eaa5f4b00a6bad76732a7fe2f","CUS-2487424745","153.31","-27.86","debit","Sat","20:43:38","20","September"
"5930","authorized","1","ACC-2673069055","152.99","-27.49","POS","b755a38f-b8d8-48a4-800a-63db88276e34","Richard",20662.07,2018-09-15 07:00:00,"M",24,"Oodnadatta","SA",50.86,"67f74a820159459d880093f78f9fc201","CUS-51506836","135.45","-27.55","debit","Sat","20:50:56","20","September"
"5931","authorized","0","ACC-182446574","116.06","-32.00","SALES-POS","bba8e2ac-2918-4b75-8f5f-a6d2548f8de0","Tonya",6958.32,2018-09-15 07:00:00,"F",27,"Kelmscott","WA",14.84,"03bd184a803b44f79ab30d675f1b25a6","CUS-3026014945","116.01","-32.14","debit","Sat","20:58:14","20","September"
"5932","posted",NA,"ACC-1344825761","151.09","-33.91","PAYMENT",NA,"Sarah",19365.9,2018-09-15 07:00:00,"F",46,NA,NA,28,"0a7113bc1bd548a5b59d651a7ef2ef1f","CUS-1499065773",NA,NA,"debit","Sat","21:00:00","21","September"
"5933","authorized","1","ACC-154431271","153.09","-27.48","SALES-POS","5b3c03fa-52ab-48ea-a459-810a7bf631d7","Lori",2449.21,2018-09-15 07:00:00,"F",18,"Shailer Park","QLD",54.53,"2830d02472524f23820958ef6bc0d37e","CUS-3702001629","153.17","-27.66","debit","Sat","21:03:52","21","September"
"5934","authorized","0","ACC-4258502723","145.45","-37.74","SALES-POS","b89d48ff-342d-4d4b-80ed-eaa740240f1e","Kimberly",3100.34,2018-09-15 07:00:00,"F",24,"Abbotsford","VIC",13.22,"45b8e6647ceb4a879e72f578dfbd253c","CUS-3378712515","145","-37.8","debit","Sat","21:14:04","21","September"
"5935","authorized","1","ACC-1710017148","150.82","-34.01","POS","ea715c50-57c6-4f2c-9353-079eda5e0385","Michelle",8381.81,2018-09-15 07:00:00,"F",19,"Moonta","SA",45.24,"0661163e21994eaa9b4b58f04f20012f","CUS-883482547","137.59","-34.07","debit","Sat","21:19:11","21","September"
"5936","authorized","0","ACC-3233697971","151.04","-33.77","POS","45e5d618-4430-47a8-b50f-24759c469e60","Robin",6985.54,2018-09-15 07:00:00,"F",34,"Potts Point","NSW",29.35,"e0dc283b72664b18aa3b3c4c2968da03","CUS-1147642491","151.22","-33.87","debit","Sat","21:24:17","21","September"
"5937","authorized","0","ACC-154431271","153.09","-27.48","SALES-POS","6aec7075-9194-43a8-85c3-c7dbaa302475","Lori",2427.01,2018-09-15 07:00:00,"F",18,"Goodna","QLD",22.2,"9abd8243d0374ba39c4439fb6147f627","CUS-3702001629","152.88","-27.6","debit","Sat","21:29:23","21","September"
"5938","authorized","1","ACC-4258502723","145.45","-37.74","SALES-POS","6323cdfc-09c7-4537-ae1b-1533672d469f","Kimberly",3072.55,2018-09-15 07:00:00,"F",24,"Keilor East","VIC",27.79,"ecf809d6a5904d0d8d9d4c6d83a02d57","CUS-3378712515","144.86","-37.75","debit","Sat","21:34:29","21","September"
"5939","authorized","1","ACC-3541460373","145.00","-37.83","POS","e288a819-9b84-424f-b17c-e4e4869472b4","Jeffrey",3455.96,2018-09-15 07:00:00,"M",24,"Mount Gambier","SA",39.72,"144717ba910348398f594b01e3525084","CUS-1433879684","140.78","-37.83","debit","Sat","21:39:35","21","September"
"5940","authorized","1","ACC-3233697971","151.04","-33.77","SALES-POS","93ea2db0-ad5b-4fed-96f7-87d2332e23c8","Robin",6953.45,2018-09-15 07:00:00,"F",34,"South Granville","NSW",32.09,"a88333850304490ba213cc34f4f252fe","CUS-1147642491","151.01","-33.86","debit","Sat","21:49:47","21","September"
"5941","authorized","1","ACC-3233697971","151.04","-33.77","SALES-POS","9ec02ccd-ec22-4d6a-969c-46ad8c96d847","Robin",6928.04,2018-09-15 07:00:00,"F",34,"Katanning","WA",25.41,"39498881a22f49c28482871e9fd5796f","CUS-1147642491","117.56","-33.69","debit","Sat","21:54:53","21","September"
"5942","authorized","1","ACC-2249586092","115.98","-32.07","SALES-POS","e957b3e1-e8d7-49a4-98a9-e5feba8b1a74","Edward",7728.46,2018-09-15 07:00:00,"M",19,"Bondi Junction","NSW",25.55,"b7175eb9763b412aba3110f7ea186a7e","CUS-443776336","151.25","-33.89","debit","Sat","21:59:59","21","September"
"5943","posted",NA,"ACC-1799207998","150.68","-33.79","PAYMENT",NA,"Susan",7049.37,2018-09-15 07:00:00,"F",20,NA,NA,30,"85a4c846ab8641ad813bb728db72d1f2","CUS-164374203",NA,NA,"debit","Sat","22:00:00","22","September"
"5944","authorized","1","ACC-3879258709","143.83","-37.66","SALES-POS","d9298262-4c0b-43ca-b210-0ffa784e9b58","Natasha",196022.76,2018-09-15 07:00:00,"F",40,"Roxburgh Park","VIC",45.25,"caf651d657df4a7f84754432e0e09a22","CUS-527400765","144.93","-37.64","debit","Sat","22:08:32","22","September"
"5945","authorized","1","ACC-1056639002","145.03","-37.91","SALES-POS","74655009-eadf-4674-9930-e070251a3fa4","Michael",48480.64,2018-09-15 07:00:00,"M",22,"Port Melbourne","VIC",10.59,"457b372023cc4e1f97946e188109dbf0","CUS-3462882033","144.91","-37.83","debit","Sat","22:17:05","22","September"
"5946","authorized","0","ACC-1516130869","130.84","-12.45","POS","ea38a00c-0d8f-47a9-bf86-d597ae174d69","Jessica",2810.13,2018-09-15 07:00:00,"F",21,"Gray","NT",8.7,"d9fec8689cf84c27bc5cacd34a590a65","CUS-325142416","130.98","-12.5","debit","Sat","22:25:38","22","September"
"5947","authorized","1","ACC-1890605467","143.88","-37.66","POS","d887d414-368c-4332-a219-a9a33c87628a","Alexander",13123.95,2018-09-15 07:00:00,"M",38,"Wollert","VIC",16.88,"70b79c5b72054ce99a33f86f837993a9","CUS-1478398256","145.03","-37.62","debit","Sat","22:34:11","22","September"
"5948","authorized","1","ACC-1056639002","145.03","-37.91","SALES-POS","87d800d2-528d-425d-b3c7-305a9fc5e49b","Michael",48075.26,2018-09-15 07:00:00,"M",22,"St Kilda","VIC",405.38,"0d806184821d4c19ae93e1c7956548b2","CUS-3462882033","144.98","-37.87","debit","Sat","22:42:44","22","September"
"5949","authorized","1","ACC-3827517394","151.12","-33.89","POS","0b4b5cb5-ced8-443e-b4ff-b472bdf7fe88","Craig",39003.48,2018-09-15 07:00:00,"M",28,"Dee Why","NSW",25.25,"91c48444dab14d2caef6e97a0e6c8f36","CUS-2663907001","151.28","-33.75","debit","Sat","22:51:16","22","September"
"5950","authorized","0","ACC-90814749","151.68","-32.98","SALES-POS","d5dd999e-95ce-436f-a70b-a259910ef210","Christopher",10016.95,2018-09-15 07:00:00,"M",35,"Hamilton","NSW",57.06,"ab277b77e5604237bbf10895ed3e879c","CUS-1896554896","151.75","-32.92","debit","Sat","22:59:49","22","September"
"5951","posted",NA,"ACC-2014856841","144.99","-37.90","PAYMENT",NA,"Patrick",262411.15,2018-09-15 07:00:00,"M",46,NA,NA,43,"d9b987cb071642fc95fed87f23d8a22a","CUS-2370108457",NA,NA,"debit","Sat","23:00:00","23","September"
"5952","posted",NA,"ACC-354106658","151.04","-33.80","PAYMENT",NA,"Christine",15608.16,2018-09-15 07:00:00,"F",39,NA,NA,137,"6934d79c560948eeb73af67283611436","CUS-2376382098",NA,NA,"debit","Sat","23:00:00","23","September"
"5953","posted",NA,"ACC-3954677887","115.72","-32.28","PAYMENT",NA,"Ruth",5604.4,2018-09-15 07:00:00,"F",47,NA,NA,24,"1e57552deb7e46b9833fe44c2eab1793","CUS-3716701010",NA,NA,"debit","Sat","23:00:00","23","September"
"5954","authorized","1","ACC-1710017148","150.82","-34.01","POS","bb15561f-2bfc-4ec6-91a5-a2880101318d","Michelle",8362.77,2018-09-15 07:00:00,"F",19,"Temora","NSW",19.04,"1e38acd644494e96b3256fd322296fc9","CUS-883482547","147.53","-34.45","debit","Sat","23:13:14","23","September"
"5955","authorized","1","ACC-154431271","153.09","-27.48","POS","89b3ba89-a3ff-4da7-9ddc-cf6e98636c52","Lori",2417.09,2018-09-15 07:00:00,"F",18,"Brassall","QLD",9.92,"a040c6a7396946d8b97b95c19caa4fee","CUS-3702001629","152.75","-27.59","debit","Sat","23:26:45","23","September"
"5956","authorized","1","ACC-354106658","151.04","-33.80","SALES-POS","8efb7fb3-663d-45c3-b6fc-5fc9e5fc6835","Christine",15745.16,2018-09-15 07:00:00,"F",39,"Chatswood","NSW",53.55,"9037edf66bcb45cc9a507a201630b4cf","CUS-2376382098","151.2","-33.79","debit","Sat","23:40:16","23","September"
"5957","authorized","1","ACC-90814749","151.68","-32.98","POS","f44f53d8-9425-41e5-a6d3-4d0127f47d9c","Christopher",9990.76,2018-09-15 07:00:00,"M",35,"Kotara","NSW",26.19,"35530ce3721142f480c8c37b61da904a","CUS-1896554896","151.71","-32.94","debit","Sat","23:53:47","23","September"
"5958","authorized","1","ACC-1890605467","143.88","-37.66","SALES-POS","93958fca-80f1-46c6-bd3e-4058354d75e0","Alexander",13116.71,2018-09-16 07:00:00,"M",38,"Ballarat Central","VIC",7.24,"ae6021519242472d91b73de46e503a15","CUS-1478398256","143.86","-37.56","debit","Sun","00:31:45","00","September"
"5959","authorized","0","ACC-154431271","153.09","-27.48","POS","ea955803-4626-4f09-a7b5-becba41b1a71","Lori",2331.15,2018-09-16 07:00:00,"F",18,"Seventeen Mile Rocks","QLD",85.94,"758414ffa9b3436789d4bc1db39cdbdc","CUS-3702001629","152.95","-27.56","debit","Sun","01:11:33","01","September"
"5960","authorized","0","ACC-2673069055","152.99","-27.49","POS","a354b8ce-27c0-48c5-bbff-15e1fab5ffd5","Richard",20648.26,2018-09-16 07:00:00,"M",24,"Woolloongabba","QLD",13.81,"2f8e21e170574f81b753d85d5db65047","CUS-51506836","153.04","-27.49","debit","Sun","01:33:46","01","September"
"5961","authorized","1","ACC-2970114956","144.89","-37.69","POS","16d3882b-d540-41f4-b6ee-4ae7eb3ad73a","Robert",9096.41,2018-09-16 07:00:00,"M",26,"St Kilda","VIC",22.03,"1fca6b2d34e842f1a2431d3c0ea48456","CUS-880898248","144.97","-37.86","debit","Sun","01:55:59","01","September"
"5962","posted",NA,"ACC-2107684084","145.03","-37.88","PAYMENT",NA,"Richard",7433.3,2018-09-16 07:00:00,"M",22,NA,NA,25,"8340f3b280044079afa021e831270472","CUS-2283904812",NA,NA,"debit","Sun","02:00:00","02","September"
"5963","authorized","0","ACC-4258502723","145.45","-37.74","POS","4637eca8-efb6-4b52-b8dc-08103abdef9c","Kimberly",3067.86,2018-09-16 07:00:00,"F",24,"Melbourne","VIC",4.69,"c2808c1ace0e438e83a59b382c21171f","CUS-3378712515","144.96","-37.82","debit","Sun","02:43:09","02","September"
"5964","posted",NA,"ACC-1056639002","145.03","-37.91","INTER BANK",NA,"Michael",48039.26,2018-09-16 07:00:00,"M",22,NA,NA,36,"7703c8ca89044cb38f64ec0bfa587126","CUS-3462882033",NA,NA,"debit","Sun","03:00:00","03","September"
"5965","authorized","0","ACC-2673069055","152.99","-27.49","SALES-POS","d130e4ff-26ff-452c-9b15-e3bf30de9dec","Richard",20640.95,2018-09-16 07:00:00,"M",24,"Toowoomba City","QLD",7.31,"42a118b1741a4cd3a0b5c24049cce9cc","CUS-51506836","151.95","-27.56","debit","Sun","03:48:34","03","September"
"5966","posted",NA,"ACC-4258502723","145.45","-37.74","PAYMENT",NA,"Kimberly",3029.86,2018-09-16 07:00:00,"F",24,NA,NA,38,"bd522a9b26854ec8b2ebac62047dc504","CUS-3378712515",NA,NA,"debit","Sun","04:00:00","04","September"
"5967","authorized","1","ACC-3485804958","138.52","-35.01","POS","1a99ba7a-42b7-40ce-ac39-d878c15e1b16","Jessica",23452.97,2018-09-16 07:00:00,"F",34,"Swan Hill","VIC",24.36,"9d20cf161dfd466fb82fff992c365354","CUS-1196156254","143.56","-35.34","debit","Sun","04:32:18","04","September"
"5968","posted",NA,"ACC-3485804958","138.52","-35.01","PAYMENT",NA,"Jessica",23421.97,2018-09-16 07:00:00,"F",34,NA,NA,31,"21a070d8c9d748ef893a40dc79acd866","CUS-1196156254",NA,NA,"debit","Sun","05:00:00","05","September"
"5969","posted",NA,"ACC-559365433","147.31","-42.88","PAYMENT",NA,"Mary",2461.69,2018-09-16 07:00:00,"F",64,NA,NA,30,"e84e09d37aa9426a8f17390e6497b8d4","CUS-1654129794",NA,NA,"debit","Sun","05:00:00","05","September"
"5970","authorized","1","ACC-3879258709","143.83","-37.66","SALES-POS","649ce507-e945-49ea-b0aa-dc386c0a5fe2","Natasha",195985.77,2018-09-16 07:00:00,"F",40,"Ballarat East","VIC",36.99,"24fa311f3d944ca08da1bd0d605531f5","CUS-527400765","143.88","-37.56","debit","Sun","05:55:59","05","September"
"5971","posted",NA,"ACC-1523339231","115.83","-31.90","INTER BANK",NA,"Tim",61453.8,2018-09-16 07:00:00,"M",40,NA,NA,39,"a16fa090f83c433c8e8978521090fc05","CUS-1816693151",NA,NA,"debit","Sun","06:00:00","06","September"
"5972","posted",NA,"ACC-2650850707","148.16","-23.52","INTER BANK",NA,"Brian",109605.7,2018-09-16 07:00:00,"M",42,NA,NA,161,"3b38a9c5b1324c109db6849993794735","CUS-2819545904",NA,NA,"debit","Sun","07:00:00","07","September"
"5973","posted",NA,"ACC-3771436525","145.04","-37.92","PAYMENT",NA,"Derek",3947.86,2018-09-16 07:00:00,"M",20,NA,NA,49,"643813e2bc414d3aa46135ebae57180c","CUS-3325710106",NA,NA,"debit","Sun","07:00:00","07","September"
"5974","authorized","1","ACC-2249586092","115.98","-32.07","POS","4cde9948-295b-4058-ae6f-9f76161698dc","Edward",7719.05,2018-09-16 07:00:00,"M",19,"Innaloo","WA",9.41,"dec9c5598f2c4c03a5ef71b22616d1fe","CUS-443776336","115.8","-31.9","debit","Sun","07:15:14","07","September"
"5975","posted",NA,"ACC-2107684084","145.03","-37.88","INTER BANK",NA,"Richard",7400.3,2018-09-16 07:00:00,"M",22,NA,NA,33,"1b96358562dd4c5baefb75c59945a565","CUS-2283904812",NA,NA,"debit","Sun","08:00:00","08","September"
"5976","posted",NA,"ACC-240804743","121.48","-30.75","PAYMENT",NA,"Kenneth",10868.03,2018-09-16 07:00:00,"M",29,NA,NA,115,"64c97a2ab3b7475eb1ad07d5e33f8969","CUS-261674136",NA,NA,"debit","Sun","08:00:00","08","September"
"5977","authorized","1","ACC-80388494","144.97","-37.42","POS","01e137c0-b908-42e5-a904-0eaf8f12326f","Dustin",5573.84,2018-09-16 07:00:00,"M",28,"Doncaster East","VIC",251.48,"cd50891d739b49e3b9cba738e6da4b75","CUS-1140341822","145.17","-37.76","debit","Sun","08:01:39","08","September"
"5978","authorized","1","ACC-574997646","150.79","-33.64","POS","836794ef-9a32-49cd-8dfe-1e058c2027b6","Mackenzie",3874.71,2018-09-16 07:00:00,"F",18,"Liverpool","NSW",12.86,"f2259399425442609177bebabe77a288","CUS-586638664","150.92","-33.92","debit","Sun","08:29:26","08","September"
"5979","authorized","1","ACC-3084464802","145.15","-37.76","POS","2b6cd42f-f05c-4ea0-827b-264afe6dd800","Susan",5467.24,2018-09-16 07:00:00,"F",19,"Caulfield North","VIC",19.29,"c9629eba8ef745d4a4032579e0bc34d9","CUS-1928710999","145.02","-37.87","debit","Sun","08:57:13","08","September"
"5980","authorized","1","ACC-1608363396","151.22","-33.87","SALES-POS","7ed117ba-3dbb-4530-ac42-3ebb112694fd","Robert",5704.55,2018-09-16 07:00:00,"M",20,"Osborne Park","WA",27.99,"70d8662a4bd74cbf8a61b4de35579cea","CUS-2688605418","115.81","-31.91","debit","Sun","09:09:34","09","September"
"5981","authorized","1","ACC-2249586092","115.98","-32.07","POS","67abf1d1-db18-4663-ac92-a381f3c4e634","Edward",7711.69,2018-09-16 07:00:00,"M",19,"Palmyra","WA",7.36,"a7e94b1eaf5146fc92fa46ae71398f2a","CUS-443776336","115.79","-32.04","debit","Sun","09:20:12","09","September"
"5982","authorized","1","ACC-1037050564","153.10","-27.66","POS","86dde4fe-7852-4ea4-856e-46959a0d3796","Rhonda",3390.66,2018-09-16 07:00:00,"F",40,"Toowoomba","QLD",32.97,"082821be47f94163b8f6b67f1d932484","CUS-1614226872","151.97","-27.57","debit","Sun","09:30:51","09","September"
"5983","authorized","1","ACC-90814749","151.68","-32.98","POS","1b946c71-30b4-4644-92da-bd0d92bf2909","Christopher",9888.2,2018-09-16 07:00:00,"M",35,"Narrogin","WA",102.56,"c1d5d769b96f46e59bb9a8dda2dd9a6b","CUS-1896554896","117.18","-32.94","debit","Sun","09:41:29","09","September"
"5984","authorized","0","ACC-1438600314","138.69","-34.84","SALES-POS","3627a189-f7ee-4fcc-b2d2-8adeab637990","Maria",2877.61,2018-09-16 07:00:00,"F",35,"Glenside","SA",110.18,"849729dcd1d44a2ca2534f4e7e28021f","CUS-2650223890","138.64","-34.94","debit","Sun","09:52:07","09","September"
"5985","posted",NA,"ACC-964839203","146.92","-36.07","PAYMENT",NA,"Michael",34959.67,2018-09-16 07:00:00,"M",21,NA,NA,42,"8dea9b73436e4da8a39434c0efc08d53","CUS-2059096722",NA,NA,"debit","Sun","10:00:00","10","September"
"5986","authorized","1","ACC-4258502723","145.45","-37.74","POS","8af717e4-15d7-4a88-a321-5aa41602ec46","Kimberly",3017.92,2018-09-16 07:00:00,"F",24,"Berwick","VIC",11.94,"28615f8d5fc74779a3e7577f6b56d021","CUS-3378712515","145.32","-38.01","debit","Sun","10:01:24","10","September"
"5987","authorized","1","ACC-1710017148","150.82","-34.01","SALES-POS","601b9030-369f-4132-b0d5-27b2a8dcda38","Michelle",8344.81,2018-09-16 07:00:00,"F",19,"Port Broughton","SA",17.96,"af2ce34d8c75403c8bb192be02c59321","CUS-883482547","137.93","-33.6","debit","Sun","10:06:48","10","September"
"5988","authorized","1","ACC-80388494","144.97","-37.42","POS","b601f995-0311-4957-b9b7-4c2ee08b5376","Dustin",5557.56,2018-09-16 07:00:00,"M",28,"Melbourne","VIC",16.28,"e9d04f7421944cd1b5e27e47c6692964","CUS-1140341822","144.97","-37.81","debit","Sun","10:12:12","10","September"
"5989","authorized","1","ACC-2249586092","115.98","-32.07","POS","2d10fce1-fa78-445d-8667-02ed679481bf","Edward",7695.68,2018-09-16 07:00:00,"M",19,"Midland","WA",16.01,"4694c5dd6bd944978b98c5c923cfd086","CUS-443776336","116.01","-31.89","debit","Sun","10:17:37","10","September"
"5990","authorized","1","ACC-2107684084","145.03","-37.88","POS","a7aacfb6-c061-46b3-afe0-d745e0692e9e","Richard",7372.83,2018-09-16 07:00:00,"M",22,"Wantirna South","VIC",27.47,"c3c23a442ab045469f123ebd6ffb7e9a","CUS-2283904812","145.24","-37.87","debit","Sun","10:28:25","10","September"
"5991","authorized","1","ACC-1710017148","150.82","-34.01","POS","790b423d-b52c-41de-b9f2-f86ad72e0cd6","Michelle",8313.58,2018-09-16 07:00:00,"F",19,"Plumpton","NSW",31.23,"e44734fe98604dc48cae66126e65539c","CUS-883482547","150.84","-33.74","debit","Sun","10:33:50","10","September"
"5992","authorized","1","ACC-3485804958","138.52","-35.01","POS","75447b29-3ce1-466b-bf1d-4b3004f2c02d","Jessica",23407.88,2018-09-16 07:00:00,"F",34,"Adelaide","SA",14.09,"2bc46594e11243ffbe469390410efd3a","CUS-1196156254","138.6","-34.92","debit","Sun","10:39:14","10","September"
"5993","authorized","1","ACC-211792489","138.63","-34.93","POS","334f9bdd-fb72-489b-8bf3-49487ef23bef","Jacqueline",5615.54,2018-09-16 07:00:00,"F",30,"Huskisson","NSW",47.69,"b750a335fd8e4a0d8877a9200866dd14","CUS-497688347","150.67","-35.04","debit","Sun","10:44:38","10","September"
"5994","authorized","1","ACC-1438600314","138.69","-34.84","SALES-POS","bba9dc1b-883b-4f60-a316-3a34ac6ffc1c","Maria",2836.68,2018-09-16 07:00:00,"F",35,"Callala Bay","NSW",40.93,"7059ddba884c4b4c8e2da45265865c02","CUS-2650223890","150.72","-34.99","debit","Sun","10:50:03","10","September"
"5995","authorized","1","ACC-2249586092","115.98","-32.07","POS","f27c034d-70c3-4d77-af93-aaa894522ed8","Edward",7683.33,2018-09-16 07:00:00,"M",19,"Ellenbrook","WA",12.35,"277f6869e82646cb90e821cd9dddfabc","CUS-443776336","115.97","-31.78","debit","Sun","10:55:27","10","September"
"5996","posted",NA,"ACC-3827517394","151.12","-33.89","PAYMENT",NA,"Craig",38975.48,2018-09-16 07:00:00,"M",28,NA,NA,28,"1a1c45ac77d94c5583e5c2267df9cd9e","CUS-2663907001",NA,NA,"debit","Sun","11:00:00","11","September"
"5997","posted",NA,"ACC-1496451953","145.16","-37.84","INTER BANK",NA,"Ricky",12486.13,2018-09-16 07:00:00,"M",43,NA,NA,31,"f1662569b97049cdac941d4caabbba5c","CUS-3142625864",NA,NA,"debit","Sun","11:00:00","11","September"
"5998","posted",NA,"ACC-2615038700","145.35","-38.03","INTER BANK",NA,"Emily",30250.49,2018-09-16 07:00:00,"F",43,NA,NA,38,"97106d15ebd7461ca5479b2517264853","CUS-3255104878",NA,NA,"debit","Sun","11:00:00","11","September"
"5999","posted",NA,"ACC-854938045","147.63","-22.84","PAYMENT",NA,"James",9830.76,2018-09-16 07:00:00,"M",28,NA,NA,34,"360d24b7d2164d8db292025cfa6aec90","CUS-4023861240",NA,NA,"debit","Sun","11:00:00","11","September"
"6000","authorized","1","ACC-3541460373","145.00","-37.83","POS","7d57de78-57a2-4583-9cf3-32792fc3231a","Jeffrey",3431.51,2018-09-16 07:00:00,"M",24,"Glen Waverley","VIC",24.45,"204a794135104f0f8843a02c0e5c21db","CUS-1433879684","145.16","-37.88","debit","Sun","11:01:05","11","September"
"6001","authorized","1","ACC-1710017148","150.82","-34.01","POS","8b905246-9f6b-436d-af70-fc2fd7c7ad06","Michelle",8274.46,2018-09-16 07:00:00,"F",19,"Leichhardt","NSW",39.12,"8de6ab75254e4547898da748428f8014","CUS-883482547","151.15","-33.89","debit","Sun","11:07:56","11","September"
"6002","authorized","1","ACC-414431115","142.77","-37.06","SALES-POS","6932e4aa-e374-4279-903f-509d72b60737","Amy",3826.39,2018-09-16 07:00:00,"F",43,"Maryborough","VIC",14.57,"447b4f6a3bc045b79cf24a16ec7a9e3d","CUS-2599279756","143.74","-37.05","debit","Sun","11:14:47","11","September"
"6003","authorized","1","ACC-211792489","138.63","-34.93","POS","89ff4a05-ba92-4da5-9833-891dafbfafab","Jacqueline",5591.58,2018-09-16 07:00:00,"F",30,"Kangaroo Valley","NSW",23.96,"4ed0c107325648708adbcb229b9ee291","CUS-497688347","150.53","-34.74","debit","Sun","11:21:38","11","September"
"6004","authorized","1","ACC-414431115","142.77","-37.06","POS","bd30bd03-b96b-4c7b-8a63-c18105e1d6be","Amy",3819.91,2018-09-16 07:00:00,"F",43,"Mansfield","VIC",6.48,"c0579405d0ef440f92fd4cf8dd3a1726","CUS-2599279756","146.09","-37.05","debit","Sun","11:28:29","11","September"
"6005","authorized","1","ACC-1037050564","153.10","-27.66","SALES-POS","d0e11775-c321-4caa-958b-8aa2d34d3b2c","Rhonda",3373.34,2018-09-16 07:00:00,"F",40,"Brisbane City","QLD",17.32,"baa6225d8fdc4040a5ce17f2301d9802","CUS-1614226872","153.02","-27.47","debit","Sun","11:35:20","11","September"
"6006","authorized","1","ACC-1710017148","150.82","-34.01","POS","f100251b-1046-4162-b7b8-14a327543351","Michelle",8263.28,2018-09-16 07:00:00,"F",19,"Vineyard","NSW",11.18,"16417da23a1e41ea819494b160aa6aa5","CUS-883482547","150.84","-33.63","debit","Sun","11:42:11","11","September"
"6007","authorized","1","ACC-2249586092","115.98","-32.07","SALES-POS","0d206b8c-57aa-4003-9d08-047f6588f43d","Edward",7668.55,2018-09-16 07:00:00,"M",19,"Scarborough","WA",14.78,"3e26dec98d80423ebcdcf73cecf7df04","CUS-443776336","115.76","-31.9","debit","Sun","11:49:02","11","September"
"6008","authorized","1","ACC-1516130869","130.84","-12.45","SALES-POS","b288ac70-e73e-4cf7-a7a8-6eb003a221c0","Jessica",2784.3,2018-09-16 07:00:00,"F",21,"Zuccoli","NT",25.83,"0457c80dc3eb442f9266ebcc3026e914","CUS-325142416","131.01","-12.51","debit","Sun","11:55:53","11","September"
"6009","posted",NA,"ACC-2249586092","115.98","-32.07","PAYMENT",NA,"Edward",7631.55,2018-09-16 07:00:00,"M",19,NA,NA,37,"9cfcd26c508b4c56a7d5985bcdb5188b","CUS-443776336",NA,NA,"debit","Sun","12:00:00","12","September"
"6010","posted",NA,"ACC-3021093232","149.83","-29.47","PAYMENT",NA,"Melissa",6412.1,2018-09-16 07:00:00,"F",30,NA,NA,193,"22a786f90a9d434198dae360c7c45ba0","CUS-55310383",NA,NA,"debit","Sun","12:00:00","12","September"
"6011","authorized","0","ACC-1598451071","153.41","-27.95","SALES-POS","f37dc2ff-2dee-4774-b099-32860e4af443","Diana",2097.57,2018-09-16 07:00:00,"F",26,"Surfers Paradise","QLD",6.54,"eff708130b2440b8badbafc562725540","CUS-2487424745","153.43","-28.01","debit","Sun","12:07:32","12","September"
"6012","authorized","1","ACC-1710017148","150.82","-34.01","SALES-POS","f2a5c744-e3c5-4892-aea1-192d24c28acc","Michelle",8249.23,2018-09-16 07:00:00,"F",19,"Wattle Grove","NSW",14.05,"194bec6281dc4780a93eda1356f43952","CUS-883482547","150.95","-33.96","debit","Sun","12:26:24","12","September"
"6013","authorized","1","ACC-2673069055","152.99","-27.49","SALES-POS","c32e6115-9e1a-4bf5-9627-ffbbcc210e53","Richard",20615.8,2018-09-16 07:00:00,"M",24,"Harlaxton","QLD",25.15,"e79d99e104fa49baabb7b7547bed26fb","CUS-51506836","151.95","-27.54","debit","Sun","12:45:16","12","September"
"6014","authorized","1","ACC-3771436525","145.04","-37.92","POS","da6078a6-3810-4a9b-bc13-ca2f48c9565b","Derek",3939.95,2018-09-16 07:00:00,"M",20,"Bulleen","VIC",7.91,"0731d8b445d143888ddf7b604f25376b","CUS-3325710106","145.08","-37.78","debit","Sun","13:04:18","13","September"
"6015","authorized","1","ACC-1598451071","153.41","-27.95","POS","88fc4153-6fdc-40c0-8f45-56244b44601e","Diana",2084.92,2018-09-16 07:00:00,"F",26,"Bundall","QLD",12.65,"cc700678ff1c4e5facd98664b6dc403f","CUS-2487424745","153.41","-28.01","debit","Sun","13:23:55","13","September"
"6016","authorized","0","ACC-2901672282","255.00","-573.00","POS","a1393fa3-196b-4b47-bc66-91e287c25733","Daniel",7080.32,2018-09-16 07:00:00,"M",22,"North Sydney","NSW",23.09,"ca7181474b59433b977f9085bea111f4","CUS-1617121891","151.21","-33.84","debit","Sun","13:43:31","13","September"
"6017","posted",NA,"ACC-37709441","153.41","-28.01","INTER BANK",NA,"Charles",9971.9,2018-09-16 07:00:00,"M",18,NA,NA,40,"0580b30833314325b7715f9c49693239","CUS-3336454548",NA,NA,"debit","Sun","14:00:00","14","September"
"6018","posted",NA,"ACC-1903037542","153.05","-27.61","PAYMENT",NA,"Jeffrey",3532.93,2018-09-16 07:00:00,"M",30,NA,NA,165,"593736c84bc644089a8c84f312b8c5f5","CUS-860700529",NA,NA,"debit","Sun","14:00:00","14","September"
"6019","authorized","0","ACC-2674800293","144.96","-37.69","POS","278f9e02-7fff-413f-b0de-7d56ffaf941f","Elizabeth",28386.24,2018-09-16 07:00:00,"F",50,"Wantirna South","VIC",57.87,"2e499ff1d74946cb9a693dd1ff06857c","CUS-2977593493","145.24","-37.87","debit","Sun","14:01:35","14","September"
"6020","authorized","0","ACC-2890243754","153.32","-27.93","SALES-POS","ccd5a4a3-4226-4a54-a21d-4855be23e33a","Joseph",4007.66,2018-09-16 07:00:00,"M",37,"Tamborine Mountain","QLD",3.7,"998bb443b67444948d17ab69cdbd7d41","CUS-2695611575","153.2","-27.95","debit","Sun","14:11:29","14","September"
"6021","authorized","0","ACC-3954677887","115.72","-32.28","SALES-POS","5be1f568-5d69-421e-9a73-37cb0e37c893","Ruth",5593.7,2018-09-16 07:00:00,"F",47,"Kinross","WA",10.7,"90b448c7feab448f8e71c5ab9893676b","CUS-3716701010","115.74","-31.72","debit","Sun","14:21:23","14","September"
"6022","authorized","1","ACC-1598451071","153.41","-27.95","POS","bddc90d0-43ca-4529-a835-ff2f6802cb4d","Diana",2068.13,2018-09-16 07:00:00,"F",26,"Brunswick Heads","NSW",16.79,"5be47ebfabab46d4b995e611ae3832bb","CUS-2487424745","153.55","-28.54","debit","Sun","14:31:17","14","September"
"6023","authorized","1","ACC-1598451071","153.41","-27.95","POS","9317b506-51f0-4c27-9542-af6af493ac81","Diana",2056.08,2018-09-16 07:00:00,"F",26,"Mudgeeraba","QLD",12.05,"5b94c4bfe0f548ada5f7bcdf2a20e21c","CUS-2487424745","153.36","-28.08","debit","Sun","14:51:05","14","September"
"6024","authorized","1","ACC-1037050564","153.10","-27.66","POS","606e59e2-285f-4955-83b1-de242970d5b5","Rhonda",3369.63,2018-09-16 07:00:00,"F",40,"Waterloo","NSW",3.71,"25a5eafc80714d2c87bc8233ea64b311","CUS-1614226872","151.21","-33.9","debit","Sun","15:01:39","15","September"
"6025","authorized","1","ACC-3827517394","151.12","-33.89","POS","a7362ad4-39ad-40ed-a2c8-646ae8b1568d","Craig",38874.5,2018-09-16 07:00:00,"M",28,"South Melbourne","VIC",100.98,"1dcdc19bec79469686e5fecc3b3b9004","CUS-2663907001","144.95","-37.83","debit","Sun","15:18:19","15","September"
"6026","authorized","1","ACC-3485804958","138.52","-35.01","SALES-POS","ab523591-340e-4293-ae1e-da2cb9d08dd4","Jessica",23373.19,2018-09-16 07:00:00,"F",34,"Mira Mar","WA",34.69,"a29d4c6b6255457d854e2ee0265360bf","CUS-1196156254","117.89","-35.02","debit","Sun","15:34:59","15","September"
"6027","authorized","1","ACC-2890243754","153.32","-27.93","POS","d304c1c8-d745-4ec3-916c-b550f337da0e","Joseph",4003.76,2018-09-16 07:00:00,"M",37,"Southport","QLD",3.9,"e551af6f70c64c4d9443e1d6a6e619a9","CUS-2695611575","153.41","-27.96","debit","Sun","15:51:39","15","September"
"6028","posted",NA,"ACC-38923874","151.27","-33.90","PAYMENT",NA,"Ryan",39469.31,2018-09-16 07:00:00,"M",38,NA,NA,122,"296fec00fa504539a76dbeaca0e55620","CUS-3249305314",NA,NA,"debit","Sun","16:00:00","16","September"
"6029","posted",NA,"ACC-3879258709","143.83","-37.66","INTER BANK",NA,"Natasha",195858.77,2018-09-16 07:00:00,"F",40,NA,NA,127,"bda9d0b0e01a4e5c96661d009349acb6","CUS-527400765",NA,NA,"debit","Sun","16:00:00","16","September"
"6030","authorized","1","ACC-1598451071","153.41","-27.95","SALES-POS","5bc650f2-cd8d-46e9-b58e-2cae0ba33a03","Diana",2042.57,2018-09-16 07:00:00,"F",26,"Eagleby","QLD",13.51,"bb0efe4da32a4b6fa6777e210107f005","CUS-2487424745","153.21","-27.7","debit","Sun","16:09:59","16","September"
"6031","authorized","1","ACC-211792489","138.63","-34.93","SALES-POS","02cb9aab-54b3-489e-9189-e7750e0879aa","Jacqueline",5532.54,2018-09-16 07:00:00,"F",30,"Nowra","NSW",59.04,"1674ed4fa63441beb57383ee9e2323c6","CUS-497688347","150.61","-34.88","debit","Sun","16:29:59","16","September"
"6032","authorized","1","ACC-2171593283","146.94","-36.04","SALES-POS","1b9ea2a4-61fe-4134-9042-b9b6d92aea7a","Fernando",10866.42,2018-09-16 07:00:00,"M",19,"North Ward","QLD",27.24,"59049c82456840d899bfe1d0e1654050","CUS-2317998716","146.81","-19.25","debit","Sun","16:49:59","16","September"
"6033","posted",NA,"ACC-4163822186","149.03","-34.97","PAYMENT",NA,"Karen",7365.51,2018-09-16 07:00:00,"F",26,NA,NA,164,"6220e94c34fa490080d341cccd9787c0","CUS-2630892467",NA,NA,"debit","Sun","17:00:00","17","September"
"6034","posted",NA,"ACC-211792489","138.63","-34.93","PAYMENT",NA,"Jacqueline",5510.54,2018-09-16 07:00:00,"F",30,NA,NA,22,"0955e031b59943499e992f16c966276a","CUS-497688347",NA,NA,"debit","Sun","17:00:00","17","September"
"6035","authorized","1","ACC-1598451071","153.41","-27.95","SALES-POS","de1b4205-d411-437b-a5c8-6e7cf7413848","Diana",2022.02,2018-09-16 07:00:00,"F",26,"Bundall","QLD",20.55,"fdbd3b24cefa440dab55473665bf2853","CUS-2487424745","153.41","-28.01","debit","Sun","17:08:28","17","September"
"6036","authorized","1","ACC-2673069055","152.99","-27.49","SALES-POS","22e0b7e5-bd9f-45c6-a7ad-6f3db34ed52b","Richard",20589.74,2018-09-16 07:00:00,"M",24,"Capalaba","QLD",26.06,"218acff8316f4405b89abc7278f7d365","CUS-51506836","153.2","-27.55","debit","Sun","17:25:25","17","September"
"6037","authorized","1","ACC-588564840","151.27","-33.76","POS","c436f00a-0bdb-4639-b9f2-438ee9ae97c6","Isaiah",15406.22,2018-09-16 07:00:00,"M",23,"Wentworth Falls","NSW",38.87,"5df00ff2eb7c49c7a1c892665e0d789e","CUS-1462656821","150.38","-33.71","debit","Sun","17:42:22","17","September"
"6038","authorized","1","ACC-854938045","147.63","-22.84","POS","e409298f-baab-4942-a431-beba6ea59c72","James",9786.46,2018-09-16 07:00:00,"M",28,"Mitcham","VIC",44.3,"d1debbbcdb5b4ba4b70522d18cccacd0","CUS-4023861240","145.2","-37.82","debit","Sun","17:59:19","17","September"
"6039","posted",NA,"ACC-2681137560","151.11","-33.99","PAYMENT",NA,"Nathaniel",7143.2,2018-09-16 07:00:00,"M",31,NA,NA,45,"a006298315734f62af7ce282c1419b31","CUS-2083971310",NA,NA,"debit","Sun","18:00:00","18","September"
"6040","authorized","1","ACC-1598451071","153.41","-27.95","POS","e5ea11d7-0577-4fde-a153-cd3065dd944b","Diana",2014.58,2018-09-16 07:00:00,"F",26,"Robina","QLD",7.44,"13666e248f05412aa25bbbecce83a39e","CUS-2487424745","153.4","-28.09","debit","Sun","18:25:15","18","September"
"6041","authorized","1","ACC-2673069055","152.99","-27.49","POS","35091d81-268d-4a65-ab8d-9f239ce6eb14","Richard",20576.32,2018-09-16 07:00:00,"M",24,"Jindalee","QLD",13.42,"8bfc04570db94c9ea8eac48e6a746303","CUS-51506836","152.95","-27.53","debit","Sun","18:51:34","18","September"
"6042","posted",NA,"ACC-3741880913","150.50","-23.40","PAYMENT",NA,"Ashley",9224.78,2018-09-16 07:00:00,"F",25,NA,NA,81,"c952b9c9bd1a4674b27b268d2bfbc4c6","CUS-1220154422",NA,NA,"debit","Sun","19:00:00","19","September"
"6043","posted",NA,"ACC-1650504218","145.01","-37.93","PAYMENT",NA,"Marissa",9980.96,2018-09-16 07:00:00,"F",23,NA,NA,18,"fdf349541ada404d91f8266a0bcdcb92","CUS-2500783281",NA,NA,"debit","Sun","19:00:00","19","September"
"6044","posted",NA,"ACC-37709441","153.41","-28.01","INTER BANK",NA,"Charles",9944.9,2018-09-16 07:00:00,"M",18,NA,NA,27,"57c13d164fa5493f88f8782c42b131c9","CUS-3336454548",NA,NA,"debit","Sun","19:00:00","19","September"
"6045","authorized","1","ACC-2249586092","115.98","-32.07","POS","37bde927-5d7e-4cc4-81a1-0495d9f1e034","Edward",7626.68,2018-09-16 07:00:00,"M",19,"Laurieton","NSW",4.87,"aeeb5127f8584d8ea6b3f91685c5465e","CUS-443776336","152.8","-31.65","debit","Sun","19:25:50","19","September"
"6046","authorized","1","ACC-1516130869","130.84","-12.45","POS","61334d6d-b25d-4c6c-9145-029b9a988c70","Jessica",2776.11,2018-09-16 07:00:00,"F",21,"Palmerston City","NT",8.19,"8d2f0dc62fb5455fb7edc74e628f0433","CUS-325142416","130.99","-12.48","debit","Sun","19:56:36","19","September"
"6047","posted",NA,"ACC-3233697971","151.04","-33.77","PAYMENT",NA,"Robin",6785.04,2018-09-16 07:00:00,"F",34,NA,NA,143,"82904e0332394e58a4700d44d38ce35d","CUS-1147642491",NA,NA,"debit","Sun","20:00:00","20","September"
"6048","posted",NA,"ACC-240804743","121.48","-30.75","PAYMENT",NA,"Kenneth",10820.03,2018-09-16 07:00:00,"M",29,NA,NA,48,"c4401fdaec6a4736b32a814cfa207ce2","CUS-261674136",NA,NA,"debit","Sun","20:00:00","20","September"
"6049","posted",NA,"ACC-2897221629","150.90","-34.37","PAYMENT",NA,"Scott",4278.8,2018-09-16 07:00:00,"M",23,NA,NA,42,"b70cf30b2fde4a41ab4f4bcc876a4e79","CUS-511326734",NA,NA,"debit","Sun","20:00:00","20","September"
"6050","authorized","1","ACC-3954677887","115.72","-32.28","POS","b429e42e-e416-4d68-975f-e6a8f56638b7","Ruth",5548.66,2018-09-16 07:00:00,"F",47,"Malaga","WA",45.04,"d4003df99bf340b2b7507ed66a63b26f","CUS-3716701010","115.88","-31.85","debit","Sun","20:07:13","20","September"
"6051","authorized","1","ACC-211792489","138.63","-34.93","POS","f7c2a095-4198-46b8-ad74-5eeba70e6766","Jacqueline",5366.97,2018-09-16 07:00:00,"F",30,"Sydney","NSW",143.57,"982877ca60974092b17b4c7977e06649","CUS-497688347","151.21","-33.87","debit","Sun","20:16:28","20","September"
"6052","authorized","1","ACC-1496451953","145.16","-37.84","POS","8d8ff73c-5cb3-489c-87ac-73613853ba42","Ricky",12466.31,2018-09-16 07:00:00,"M",43,"South Yarra","VIC",19.82,"6fa4a043bd8b41f4b7b55453a0011afb","CUS-3142625864","144.99","-37.84","debit","Sun","20:25:44","20","September"
"6053","authorized","1","ACC-3827517394","151.12","-33.89","SALES-POS","23abf7ff-db5f-494a-8ce3-6e9ff91bb015","Craig",38822.26,2018-09-16 07:00:00,"M",28,"The Rocks","NSW",52.24,"6819be3294a443ed8ffbfeee442b9d5c","CUS-2663907001","151.21","-33.86","debit","Sun","20:34:59","20","September"
"6054","authorized","1","ACC-2890243754","153.32","-27.93","SALES-POS","51c48fe8-7f8d-4b1d-9c51-a76202af058f","Joseph",3971.46,2018-09-16 07:00:00,"M",37,"Toowoomba City","QLD",32.3,"01b75203b68a4403a411b16238d369ec","CUS-2695611575","151.95","-27.56","debit","Sun","20:44:15","20","September"
"6055","authorized","0","ACC-354106658","151.04","-33.80","SALES-POS","72cdcf17-312b-49c3-9fbe-bd3cdcf97d42","Christine",15592.07,2018-09-16 07:00:00,"F",39,"West Melbourne","VIC",16.09,"493c25d1fbde4787bf426e0743122891","CUS-2376382098","144.95","-37.81","debit","Sun","20:53:31","20","September"
"6056","posted",NA,"ACC-2890243754","153.32","-27.93","PAYMENT",NA,"Joseph",3833.46,2018-09-16 07:00:00,"M",37,NA,NA,138,"4b4418d1d1894261bc8ff0d892b27a31","CUS-2695611575",NA,NA,"debit","Sun","21:00:00","21","September"
"6057","posted",NA,"ACC-154431271","153.09","-27.48","PAYMENT",NA,"Lori",2281.15,2018-09-16 07:00:00,"F",18,NA,NA,50,"0f14f6c62d6a4a45aaf237e50887e9d9","CUS-3702001629",NA,NA,"debit","Sun","21:00:00","21","September"
"6058","authorized","1","ACC-1683215619","138.67","-34.86","SALES-POS","42141f30-eb72-472f-8b0d-bb5d803fa00e","Barry",4016.44,2018-09-16 07:00:00,"M",38,"Nowra","NSW",27.96,"914030233cfe4cb0b67d25c96c07fe62","CUS-1604596597","150.6","-34.88","debit","Sun","21:01:59","21","September"
"6059","authorized","1","ACC-958000567","130.90","-12.37","POS","e8d4f481-f132-4585-bbc2-c242d9780165","Sandra",5184.24,2018-09-16 07:00:00,"F",34,"Coconut Grove","NT",6.51,"76673e6623c841f58536da6d1c17b746","CUS-4142663097","130.85","-12.39","debit","Sun","21:15:13","21","September"
"6060","authorized","0","ACC-1608363396","151.22","-33.87","SALES-POS","916600e4-49dd-4527-9833-a802b7fc9fdd","Robert",5695.27,2018-09-16 07:00:00,"M",20,"Bondi","NSW",9.28,"27bc518f545b4cb0933bbf5c41c77bad","CUS-2688605418","151.26","-33.89","debit","Sun","21:21:51","21","September"
"6061","authorized","1","ACC-1683215619","138.67","-34.86","POS","b017fbf8-ce34-4e39-a053-3eabd02c7f8e","Barry",3998.24,2018-09-16 07:00:00,"M",38,"Goulburn","NSW",18.2,"a10cecb360844cd190eab1b5737402e7","CUS-1604596597","149.72","-34.76","debit","Sun","21:28:28","21","September"
"6062","authorized","0","ACC-847145727","115.90","-31.92","SALES-POS","d00d2c9a-883a-4564-806f-54b6533d5472","Michael",56955.1,2018-09-16 07:00:00,"M",19,"Sydney","NSW",453.89,"f47e71b77aad4060a884da4d27286135","CUS-1609060617","151.21","-33.87","debit","Sun","21:35:05","21","September"
"6063","authorized","1","ACC-1608363396","151.22","-33.87","SALES-POS","a134e9d1-4da3-44e2-af08-54423c3560e9","Robert",5680.2,2018-09-16 07:00:00,"M",20,"Mascot","NSW",15.07,"70782b3792af453296f00cf69bf77862","CUS-2688605418","151.19","-33.93","debit","Sun","21:41:43","21","September"
"6064","authorized","1","ACC-574997646","150.79","-33.64","SALES-POS","696a09cc-c7b4-41cd-8fbe-f08a9da4a79a","Mackenzie",3861.08,2018-09-16 07:00:00,"F",18,"Nuriootpa","SA",13.63,"7b39cbcf84a644bfa854fd335c84279b","CUS-586638664","138.98","-34.48","debit","Sun","21:48:20","21","September"
"6065","authorized","1","ACC-2673069055","152.99","-27.49","POS","23b2b0fc-6c7f-49f3-929d-a247ae09575b","Richard",20564.2,2018-09-16 07:00:00,"M",24,"Gatton","QLD",12.12,"f7613d3d49f1432cba2ea9b1e749af5a","CUS-51506836","152.28","-27.55","debit","Sun","21:54:58","21","September"
"6066","posted",NA,"ACC-602667573","151.23","-33.96","PAYMENT",NA,"Michael",11150.88,2018-09-16 07:00:00,"M",40,NA,NA,25,"489867d75a48456785f40ed9a344699e","CUS-2031327464",NA,NA,"debit","Sun","22:00:00","22","September"
"6067","authorized","1","ACC-1598451071","153.41","-27.95","POS","9b2514bf-2cb4-4432-a412-2b71f6dc14d3","Diana",1992.22,2018-09-16 07:00:00,"F",26,"Beaudesert","QLD",22.36,"440f2cd3424e4115af9d2e532fb174d0","CUS-2487424745","153","-27.99","debit","Sun","22:02:59","22","September"
"6068","authorized","1","ACC-3541460373","145.00","-37.83","POS","c2549a79-da41-42cd-99ae-7147e0fe0711","Jeffrey",3409.69,2018-09-16 07:00:00,"M",24,"Oakleigh","VIC",21.82,"66538be13ce04e47a3f3c7456df2c77d","CUS-1433879684","145.09","-37.9","debit","Sun","22:15:29","22","September"
"6069","authorized","1","ACC-1516130869","130.84","-12.45","SALES-POS","8420f84b-ac16-498e-be44-f3b2e01c1637","Jessica",2745.01,2018-09-16 07:00:00,"F",21,"Shoal Bay","NT",31.1,"84894b8059374873956dd0a6ccdc7810","CUS-325142416","130.98","-12.44","debit","Sun","22:27:59","22","September"
"6070","authorized","1","ACC-1788473090","145.06","-37.95","SALES-POS","74a68dbe-3b29-4fdb-84c9-3cae03a2f99c","Rachael",7011.34,2018-09-16 07:00:00,"F",21,"Narre Warren","VIC",22.24,"5661d5d525e44eba9d24fb7a7cde0d23","CUS-134193016","145.3","-38.02","debit","Sun","22:40:29","22","September"
"6071","authorized","1","ACC-3689607373","115.79","-31.79","POS","2be09a29-2f79-4cb3-9ed2-36594d0138d4","Virginia",5586.6,2018-09-16 07:00:00,"F",20,"Yarraman","NSW",37.3,"94a0bcb1b50e48f39170700ef749d900","CUS-127297539","150.15","-31.67","debit","Sun","22:52:59","22","September"
"6072","posted",NA,"ACC-3485804958","138.52","-35.01","INTER BANK",NA,"Jessica",23243.19,2018-09-16 07:00:00,"F",34,NA,NA,130,"f68d52eaca444ecbad2b96a60f065b13","CUS-1196156254",NA,NA,"debit","Sun","23:00:00","23","September"
"6073","authorized","1","ACC-1598451071","153.41","-27.95","POS","eeca8a89-8c38-4312-a6c9-9db0628b3658","Diana",1988.55,2018-09-16 07:00:00,"F",26,"Coolangatta","QLD",3.67,"dafb9eb0c8214b2b92a89cb6afa0654a","CUS-2487424745","153.54","-28.17","debit","Sun","23:09:09","23","September"
"6074","authorized","1","ACC-1496451953","145.16","-37.84","SALES-POS","dfb85e0b-ee84-4436-9a99-7ff6ef9a2e14","Ricky",12450.05,2018-09-16 07:00:00,"M",43,"Melbourne","VIC",16.26,"a91b9b3c1a0e479cbfa41b50a4f1473d","CUS-3142625864","144.96","-37.82","debit","Sun","23:29:59","23","September"
"6075","authorized","1","ACC-1037050564","153.10","-27.66","POS","bde416e5-779c-484a-9e04-415eb4c4087d","Rhonda",3332.58,2018-09-16 07:00:00,"F",40,"Caloundra","QLD",37.05,"d843e63aa4794981bf93c4ea7422e43e","CUS-1614226872","153.12","-26.8","debit","Sun","23:50:49","23","September"
"6076","authorized","1","ACC-1683215619","138.67","-34.86","POS","ad7ccfd9-0fb2-47bb-905f-6e1d97945c8c","Barry",3974.77,2018-09-17 07:00:00,"M",38,"South Nowra","NSW",23.47,"0e6a32f548544636b6ff87a5cfdd68a6","CUS-1604596597","150.6","-34.91","debit","Mon","01:39:59","01","September"
"6077","posted",NA,"ACC-602667573","151.23","-33.96","INTER BANK",NA,"Michael",11053.88,2018-09-17 07:00:00,"M",40,NA,NA,97,"08f0900f7b5241b98b33a9809da22b9f","CUS-2031327464",NA,NA,"debit","Mon","02:00:00","02","September"
"6078","posted",NA,"ACC-2681137560","151.11","-33.99","PAYMENT",NA,"Nathaniel",7069.2,2018-09-17 07:00:00,"M",31,NA,NA,74,"f44b9cadaada4338bd608f1005acf6ec","CUS-2083971310",NA,NA,"debit","Mon","02:00:00","02","September"
"6079","posted",NA,"ACC-4258502723","145.45","-37.74","INTER BANK",NA,"Kimberly",2915.92,2018-09-17 07:00:00,"F",24,NA,NA,102,"3eb73ba23ab44aecb7f0411eba550588","CUS-3378712515",NA,NA,"debit","Mon","02:00:00","02","September"
"6080","authorized","1","ACC-966140392","147.08","-37.97","SALES-POS","7a5aae8a-3a6b-40f3-bfcf-ba3cf9921e89","Joseph",6906.65,2018-09-17 07:00:00,"M",21,"Saint Kilda","VIC",12.69,"6a48aa1718ac4f27bd76632e8a90c2e0","CUS-537508723","144.98","-37.87","debit","Mon","02:59:59","02","September"
"6081","posted",NA,"ACC-1349834573","145.17","-37.84","INTER BANK",NA,"Matthew",12186.74,2018-09-17 07:00:00,"M",39,NA,NA,33,"dcd1fc56f9564485b03e9591027edd6a","CUS-1790886359",NA,NA,"debit","Mon","03:00:00","03","September"
"6082","posted",NA,"ACC-3084464802","145.15","-37.76","INTER BANK",NA,"Susan",5443.24,2018-09-17 07:00:00,"F",19,NA,NA,24,"d0f0d9bf8c74432a848fd91517687611","CUS-1928710999",NA,NA,"debit","Mon","03:00:00","03","September"
"6083","posted",NA,"ACC-819621312","145.04","-37.85","PAYMENT",NA,"Michele",5672.55,2018-09-17 07:00:00,"F",30,NA,NA,66,"80082983295a45138fbe821320a8a414","CUS-1271030853",NA,NA,"debit","Mon","04:00:00","04","September"
"6084","posted",NA,"ACC-2107684084","145.03","-37.88","PAYMENT",NA,"Richard",7338.83,2018-09-17 07:00:00,"M",22,NA,NA,34,"b76c87ee4313428cafc809444b5b3049","CUS-2283904812",NA,NA,"debit","Mon","05:00:00","05","September"
"6085","posted",NA,"ACC-2988263882","145.18","-37.90","PAYMENT",NA,"Michael",5124.85,2018-09-17 07:00:00,"M",44,NA,NA,197,"1534ee1bd1ac484390df3d449cc151e2","CUS-1233833708",NA,NA,"debit","Mon","06:00:00","06","September"
"6086","posted",NA,"ACC-1438600314","138.69","-34.84","PAYMENT",NA,"Maria",2801.68,2018-09-17 07:00:00,"F",35,NA,NA,35,"ffeccd3e43bb4806b641678efebe9fd0","CUS-2650223890",NA,NA,"debit","Mon","06:00:00","06","September"
"6087","authorized","0","ACC-1598451071","153.41","-27.95","SALES-POS","4486cfb1-b6f7-466b-9473-561db42f46d5","Diana",1949.61,2018-09-17 07:00:00,"F",26,"Alexandria","NSW",38.94,"4dd88effcd6e497690298228597f1ccd","CUS-2487424745","151.2","-33.9","debit","Mon","06:07:59","06","September"
"6088","posted",NA,"ACC-588564840","151.27","-33.76","PAYMENT",NA,"Isaiah",15309.22,2018-09-17 07:00:00,"M",23,NA,NA,97,"de85cc2aeecb4f88ba443e9596e25ea4","CUS-1462656821",NA,NA,"debit","Mon","07:00:00","07","September"
"6089","posted",NA,"ACC-847145727","115.90","-31.92","PAYMENT",NA,"Michael",56804.1,2018-09-17 07:00:00,"M",19,NA,NA,151,"a3798da224f6436a8ff0112f439e9e9f","CUS-1609060617",NA,NA,"debit","Mon","07:00:00","07","September"
"6090","posted",NA,"ACC-3879258709","143.83","-37.66","INTER BANK",NA,"Natasha",195807.77,2018-09-17 07:00:00,"F",40,NA,NA,51,"af5dbd63d7c94db887542d2624030ad0","CUS-527400765",NA,NA,"debit","Mon","08:00:00","08","September"
"6091","authorized","1","ACC-1598451071","153.41","-27.95","POS","6b6f922a-8f7b-4708-a8b8-4054423556da","Diana",1938.28,2018-09-17 07:00:00,"F",26,"Beaudesert","QLD",11.33,"93913b8c3a914f148836e9aa95895ac8","CUS-2487424745","152.99","-27.98","debit","Mon","08:02:54","08","September"
"6092","authorized","1","ACC-3485804958","138.52","-35.01","SALES-POS","9ed79227-3a16-4aad-94fd-6542f61450a8","Jessica",23231.72,2018-09-17 07:00:00,"F",34,"Canberra","ACT",11.47,"9170583a6b5a49869e7d3b8d13a62cac","CUS-1196156254","149.13","-35.28","debit","Mon","08:44:34","08","September"
"6093","posted",NA,"ACC-2673069055","152.99","-27.49","INTER BANK",NA,"Richard",20525.2,2018-09-17 07:00:00,"M",24,NA,NA,39,"510e230cadfc4c47b0c4321b2601b2c7","CUS-51506836",NA,NA,"debit","Mon","09:00:00","09","September"
"6094","authorized","1","ACC-1710017148","150.82","-34.01","SALES-POS","c83ad3ee-302d-462e-8de1-fd5e57972c86","Michelle",8238.51,2018-09-17 07:00:00,"F",19,"Colebee","NSW",10.72,"8eae5f9516464856ba9b1ea63879bf5e","CUS-883482547","150.85","-33.73","debit","Mon","09:01:56","09","September"
"6095","authorized","1","ACC-574997646","150.79","-33.64","POS","3716e385-33dd-4645-bd4d-6a6e42dcf6eb","Mackenzie",3832.12,2018-09-17 07:00:00,"F",18,"Busselton","WA",28.96,"bc560436d5294721b3ee589eec05952a","CUS-586638664","115.35","-33.65","debit","Mon","09:09:24","09","September"
"6096","authorized","1","ACC-3741880913","150.50","-23.40","SALES-POS","fe89d1fa-f803-47e8-aa9b-ec996ce2593e","Ashley",9141.2,2018-09-17 07:00:00,"F",25,"Braemar","NSW",83.58,"3a1db1877f864cbe8c6667ab176a04e4","CUS-1220154422","150.49","-34.43","debit","Mon","09:16:51","09","September"
"6097","authorized","1","ACC-1037050564","153.10","-27.66","POS","184b7275-e1cb-491c-a803-136657bd1012","Rhonda",3290.61,2018-09-17 07:00:00,"F",40,"Coopers Plains","QLD",41.97,"4c5248e5ddb94f839617bca096b3536e","CUS-1614226872","153.04","-27.57","debit","Mon","09:24:19","09","September"
"6098","authorized","0","ACC-1710017148","150.82","-34.01","SALES-POS","b08294e6-fa5e-4361-9c25-623a2bb40bff","Michelle",8230.86,2018-09-17 07:00:00,"F",19,"Newtown","NSW",7.65,"a61aea45fa764395ae12ac1e022b6886","CUS-883482547","151.18","-33.9","debit","Mon","09:31:47","09","September"
"6099","authorized","1","ACC-3485804958","138.52","-35.01","SALES-POS","0a0b9723-63c1-4ac5-b679-7299fa3758bb","Jessica",23203.39,2018-09-17 07:00:00,"F",34,"Albany","WA",28.33,"5fb7bd2ed54d4ab7bee5299a6494ef5e","CUS-1196156254","117.88","-35.03","debit","Mon","09:39:15","09","September"
"6100","authorized","1","ACC-966140392","147.08","-37.97","SALES-POS","7a65c43b-9ab1-4141-8103-4473582620bd","Joseph",6900.73,2018-09-17 07:00:00,"M",21,"Clayton","VIC",5.92,"c02a289c0e624047911f408e20c1f369","CUS-537508723","145.13","-37.91","debit","Mon","09:54:10","09","September"
"6101","authorized","1","ACC-1037050564","153.10","-27.66","POS","3cdd3c05-8cb7-401b-97f1-363ee8334085","Rhonda",3278.42,2018-09-17 07:00:00,"F",40,"Oxley","QLD",12.19,"1b9afce7a95746f5a23cfc93ad7a913d","CUS-1614226872","152.97","-27.55","debit","Mon","10:01:17","10","September"
"6102","authorized","1","ACC-1608363396","151.22","-33.87","SALES-POS","58d637f3-175f-4a23-9aac-375f5575b289","Robert",5616.63,2018-09-17 07:00:00,"M",20,"Saint Marys","NSW",63.57,"8787e6b6fca04e06afcb7853a3bb53c8","CUS-2688605418","150.77","-33.77","debit","Mon","10:07:10","10","September"
"6103","authorized","1","ACC-2890243754","153.32","-27.93","SALES-POS","a7df322f-dfe8-48cc-855b-c0659f039b92","Joseph",3821.83,2018-09-17 07:00:00,"M",37,"Southport","QLD",11.63,"fad49555c3d14302ad82c1eb5824d1cf","CUS-2695611575","153.41","-27.97","debit","Mon","10:13:03","10","September"
"6104","authorized","1","ACC-3771436525","145.04","-37.92","POS","a6709743-af53-4d35-a5ae-d529b9ad399d","Derek",3924.61,2018-09-17 07:00:00,"M",20,"Sydney","NSW",15.34,"8b71b38408974b98b9496c981ce2bc59","CUS-3325710106","151.21","-33.86","debit","Mon","10:24:49","10","September"
"6105","authorized","1","ACC-1037050564","153.10","-27.66","SALES-POS","aca9e3fd-db81-42e3-a936-e6bfb4ffcb9e","Rhonda",3268.3,2018-09-17 07:00:00,"F",40,"West End","QLD",10.12,"26c9c9c11fe2446e8c9c26e1d5758300","CUS-1614226872","153.01","-27.48","debit","Mon","10:30:42","10","September"
"6106","authorized","1","ACC-53508546","150.62","-33.76","SALES-POS","f5fa6091-a464-4f01-b563-4a3cba0ae50c","Kimberly",4538.9,2018-09-17 07:00:00,"F",35,"Katanning","WA",40,"17174f54e38042c6b36e0232432b7bbf","CUS-72755508","117.56","-33.69","debit","Mon","10:36:35","10","September"
"6107","authorized","1","ACC-2673069055","152.99","-27.49","POS","5ad21473-0dd2-400d-a915-1971c1c828d6","Richard",20508.29,2018-09-17 07:00:00,"M",24,"Noosa Heads","QLD",16.91,"8895d6a773814de18083e436462a192b","CUS-51506836","153.09","-26.4","debit","Mon","10:42:28","10","September"
"6108","authorized","1","ACC-2970114956","144.89","-37.69","POS","3f73d42e-596a-4301-95d2-17de3c7b3766","Robert",9077.64,2018-09-17 07:00:00,"M",26,"Braeside","VIC",18.77,"94a4742c6f4f49499b09c14cd4700da6","CUS-880898248","145.11","-37.99","debit","Mon","10:54:14","10","September"
"6109","posted",NA,"ACC-4065652575","115.81","-31.82","PAY/SALARY",NA,"Lucas",10861.16,2018-09-17 07:00:00,"M",21,NA,NA,3578.65,"4a9e0ec64a674cd8bf34db00f125946a","CUS-1117979751",NA,NA,"credit","Mon","11:00:00","11","September"
"6110","posted",NA,"ACC-3233697971","151.04","-33.77","PAY/SALARY",NA,"Robin",8496.43,2018-09-17 07:00:00,"F",34,NA,NA,1711.39,"b4ea64333bcd4d25959cd317d08496e0","CUS-1147642491",NA,NA,"credit","Mon","11:00:00","11","September"
"6111","posted",NA,"ACC-3233697971","151.04","-33.77","PAYMENT",NA,"Robin",8450.43,2018-09-17 07:00:00,"F",34,NA,NA,46,"df357e6a72784214a3b58330dc24b6e5","CUS-1147642491",NA,NA,"debit","Mon","11:00:00","11","September"
"6112","posted",NA,"ACC-847145727","115.90","-31.92","PAYMENT",NA,"Michael",56767.1,2018-09-17 07:00:00,"M",19,NA,NA,37,"fb4fb80ed240487195cc488f1a0f70e6","CUS-1609060617",NA,NA,"debit","Mon","11:00:00","11","September"
"6113","posted",NA,"ACC-1037050564","153.10","-27.66","PAY/SALARY",NA,"Rhonda",4146.65,2018-09-17 07:00:00,"F",40,NA,NA,892.09,"ff5cb6b8664b4ceaba1b8b3d49024635","CUS-1614226872",NA,NA,"credit","Mon","11:00:00","11","September"
"6114","posted",NA,"ACC-240804743","121.48","-30.75","PAY/SALARY",NA,"Kenneth",15225.33,2018-09-17 07:00:00,"M",29,NA,NA,4405.3,"2dd00b58a81e4f7d9fc511f8ac2f3ab7","CUS-261674136",NA,NA,"credit","Mon","11:00:00","11","September"
"6115","posted",NA,"ACC-1496451953","145.16","-37.84","INTER BANK",NA,"Ricky",11196.05,2018-09-17 07:00:00,"M",43,NA,NA,1254,"a9b04e105f684ecba76c193374bb0b5e","CUS-3142625864",NA,NA,"debit","Mon","11:00:00","11","September"
"6116","posted",NA,"ACC-38923874","151.27","-33.90","PAYMENT",NA,"Ryan",39427.31,2018-09-17 07:00:00,"M",38,NA,NA,42,"ba5e540d68284b7a95ecf95a941ba04e","CUS-3249305314",NA,NA,"debit","Mon","11:00:00","11","September"
"6117","posted",NA,"ACC-3879258709","143.83","-37.66","PAY/SALARY",NA,"Natasha",200023.81,2018-09-17 07:00:00,"F",40,NA,NA,4216.04,"511186435eb54aa9b9f9fb6a6595cf87","CUS-527400765",NA,NA,"credit","Mon","11:00:00","11","September"
"6118","authorized","0","ACC-182446574","116.06","-32.00","SALES-POS","f7f1a4c4-9947-47f5-a461-2fed2ca3324c","Tonya",6944.86,2018-09-17 07:00:00,"F",27,"Melbourne","VIC",13.46,"20a93d4184b64373a2513ff0a3e28122","CUS-3026014945","144.96","-37.82","debit","Mon","11:00:13","11","September"
"6119","authorized","1","ACC-1349834573","145.17","-37.84","POS","0d7a479e-b812-4dee-96cd-773b40c4e22b","Matthew",12140.93,2018-09-17 07:00:00,"M",39,"Sunshine","VIC",45.81,"1e131865ef0247c09161bb4917b7a312","CUS-1790886359","144.83","-37.79","debit","Mon","11:11:05","11","September"
"6120","authorized","1","ACC-1037050564","153.10","-27.66","SALES-POS","e7a40758-f7b3-47ad-85b9-2528546aef23","Rhonda",3254.56,2018-09-17 07:00:00,"F",40,"Brisbane City","QLD",13.74,"ab31f03526414f799ef71cebcd6f53e5","CUS-1614226872","153.02","-27.47","debit","Mon","11:21:57","11","September"
"6121","authorized","0","ACC-1710017148","150.82","-34.01","POS","e47ee0df-3fee-42b3-b6d2-4a121700e678","Michelle",8218.54,2018-09-17 07:00:00,"F",19,"Barangaroo","NSW",12.32,"64a3ddbbcf9d473eab59442620227973","CUS-883482547","151.2","-33.86","debit","Mon","11:32:49","11","September"
"6122","authorized","1","ACC-3326339947","151.18","-33.80","POS","83e75b26-d3ae-49f0-9031-27782d0f5be1","Eric",7823.65,2018-09-17 07:00:00,"M",22,"Mascot","NSW",16.26,"39b57de1751d4d6f8054ee34cc8186c8","CUS-326006476","151.18","-33.93","debit","Mon","11:43:41","11","September"
"6123","authorized","1","ACC-2970114956","144.89","-37.69","SALES-POS","b3225338-e857-4439-a128-3bdc6f4a4162","Robert",9067.97,2018-09-17 07:00:00,"M",26,"Melbourne","VIC",9.67,"cd5f2708e50d4991a11141c5be8d37f6","CUS-880898248","145.16","-37.83","debit","Mon","11:54:33","11","September"
"6124","posted",NA,"ACC-1438600314","138.69","-34.84","PAY/SALARY",NA,"Maria",3664.63,2018-09-17 07:00:00,"F",35,NA,NA,862.95,"198a1deabbed434d8c80f6efbe862625","CUS-2650223890",NA,NA,"credit","Mon","12:00:00","12","September"
"6125","authorized","1","ACC-1710017148","150.82","-34.01","SALES-POS","feda5c3b-b971-4d0f-bd4e-00910b13a027","Michelle",7972.58,2018-09-17 07:00:00,"F",19,"Parramatta","NSW",245.96,"46bc04ec6e9b49a681afddd96bcb1359","CUS-883482547","150.99","-33.82","debit","Mon","12:11:37","12","September"
"6126","authorized","1","ACC-966140392","147.08","-37.97","SALES-POS","fcaa0c28-b805-4869-acef-6ffb8381916a","Joseph",6885.63,2018-09-17 07:00:00,"M",21,"Melbourne","VIC",15.1,"66827939c3394830a50418a58dff5e5b","CUS-537508723","144.96","-37.82","debit","Mon","12:34:53","12","September"
"6127","authorized","1","ACC-1710017148","150.82","-34.01","SALES-POS","e073b046-7632-4b69-a46b-681be6baa67c","Michelle",7936.43,2018-09-17 07:00:00,"F",19,"Brookvale","NSW",36.15,"7b68a9488ae542e89f6a76acdf0bab77","CUS-883482547","151.26","-33.77","debit","Mon","12:58:08","12","September"
"6128","posted",NA,"ACC-354106658","151.04","-33.80","PHONE BANK",NA,"Christine",15415.07,2018-09-17 07:00:00,"F",39,NA,NA,177,"0f0769438f484187bc3c11185d04d6b9","CUS-2376382098",NA,NA,"debit","Mon","13:00:00","13","September"
"6129","posted",NA,"ACC-2650850707","148.16","-23.52","PAY/SALARY",NA,"Brian",112836.96,2018-09-17 07:00:00,"M",42,NA,NA,3231.26,"6d8741bab34547b79eb986f425a60415","CUS-2819545904",NA,NA,"credit","Mon","13:00:00","13","September"
"6130","posted",NA,"ACC-1496451953","145.16","-37.84","PAY/SALARY",NA,"Ricky",13784.06,2018-09-17 07:00:00,"M",43,NA,NA,2588.01,"878567dfeeb1497a8fc6894ae1f3bd11","CUS-3142625864",NA,NA,"credit","Mon","13:00:00","13","September"
"6131","posted",NA,"ACC-2173390920","144.71","-37.58","PAY/SALARY",NA,"Luis",7254.36,2018-09-17 07:00:00,"M",27,NA,NA,1396.23,"7cf35d7c033d415da6eb77bb0f71853d","CUS-3180318393",NA,NA,"credit","Mon","13:00:00","13","September"
"6132","posted",NA,"ACC-2615038700","145.35","-38.03","PAY/SALARY",NA,"Emily",30914.92,2018-09-17 07:00:00,"F",43,NA,NA,664.43,"ab5b42eed109404c8f5fb9173b95a659","CUS-3255104878",NA,NA,"credit","Mon","13:00:00","13","September"
"6133","posted",NA,"ACC-4258502723","145.45","-37.74","PAY/SALARY",NA,"Kimberly",3975.76,2018-09-17 07:00:00,"F",24,NA,NA,1059.84,"a947066e58ad49ae883995ff29edad46","CUS-3378712515",NA,NA,"credit","Mon","13:00:00","13","September"
"6134","posted",NA,"ACC-2249586092","115.98","-32.07","PAY/SALARY",NA,"Edward",8617.23,2018-09-17 07:00:00,"M",19,NA,NA,990.55,"6e3f2b34beb64991b29977bb580fe197","CUS-443776336",NA,NA,"credit","Mon","13:00:00","13","September"
"6135","posted",NA,"ACC-4059612845","130.98","-12.49","PAYMENT",NA,"Jonathan",56859.45,2018-09-17 07:00:00,"M",38,NA,NA,178,"9d1130bdb0204da09266471ff8ce6c93","CUS-495599312",NA,NA,"debit","Mon","13:00:00","13","September"
"6136","authorized","1","ACC-3827517394","151.12","-33.89","SALES-POS","6b781c0f-f842-48cb-832d-84dcabfa85d9","Craig",38789.07,2018-09-17 07:00:00,"M",28,"Belmore","NSW",33.19,"140a89baaa384c3ca8638f928d9aa5d5","CUS-2663907001","151.08","-33.91","debit","Mon","13:21:54","13","September"
"6137","authorized","0","ACC-1598451071","153.41","-27.95","SALES-POS","6040fc72-0968-4f97-a440-d21ea75aef84","Diana",1926.82,2018-09-17 07:00:00,"F",26,"Melbourne","VIC",11.46,"d35c490a512b4985a06acce3753e6d42","CUS-2487424745","144.95","-37.82","debit","Mon","13:45:42","13","September"
"6138","posted",NA,"ACC-4065652575","115.81","-31.82","PAYMENT",NA,"Lucas",10821.16,2018-09-17 07:00:00,"M",21,NA,NA,40,"6370f9b1a2ad446db8bca2e78816039e","CUS-1117979751",NA,NA,"debit","Mon","14:00:00","14","September"
"6139","posted",NA,"ACC-602667573","151.23","-33.96","PAY/SALARY",NA,"Michael",13334.24,2018-09-17 07:00:00,"M",40,NA,NA,2280.36,"3587ec511e824af7a0c64e289239dd81","CUS-2031327464",NA,NA,"credit","Mon","14:00:00","14","September"
"6140","posted",NA,"ACC-3827517394","151.12","-33.89","PAYMENT",NA,"Craig",38769.07,2018-09-17 07:00:00,"M",28,NA,NA,20,"ea93bec8e45445228a8de2a3853cdc6e","CUS-2663907001",NA,NA,"debit","Mon","14:00:00","14","September"
"6141","posted",NA,"ACC-1243371644","150.90","-33.78","PAYMENT",NA,"Gregory",3889.24,2018-09-17 07:00:00,"M",42,NA,NA,130,"02b2b11a24284c0f9fc6ba7611fcf577","CUS-3904958894",NA,NA,"debit","Mon","14:00:00","14","September"
"6142","posted",NA,"ACC-3021093232","149.83","-29.47","PAY/SALARY",NA,"Melissa",8048.82,2018-09-17 07:00:00,"F",30,NA,NA,1636.72,"bfb857a3882044b7a87733038fd1d719","CUS-55310383",NA,NA,"credit","Mon","14:00:00","14","September"
"6143","authorized","1","ACC-1710017148","150.82","-34.01","SALES-POS","6408684b-a117-4003-bb62-07b713b59a22","Michelle",7914.86,2018-09-17 07:00:00,"F",19,"Roselands","NSW",21.57,"7a18d3ce2f074206bf74a427dc2d229d","CUS-883482547","151.07","-33.94","debit","Mon","14:10:15","14","September"
"6144","authorized","1","ACC-2890243754","153.32","-27.93","SALES-POS","3a34050c-5a24-497c-a27f-1b2924c898bd","Joseph",3806.92,2018-09-17 07:00:00,"M",37,"Parkwood","QLD",14.91,"c06abedf67fa4b93b98f7fc84fc7bf96","CUS-2695611575","153.38","-27.96","debit","Mon","14:35:53","14","September"
"6145","posted",NA,"ACC-819621312","145.04","-37.85","INTER BANK",NA,"Michele",5617.55,2018-09-17 07:00:00,"F",30,NA,NA,55,"b59a18c0e43a4c89b66ebc58e5744572","CUS-1271030853",NA,NA,"debit","Mon","15:00:00","15","September"
"6146","posted",NA,"ACC-1799207998","150.68","-33.79","INTER BANK",NA,"Susan",6958.37,2018-09-17 07:00:00,"F",20,NA,NA,91,"778a0d42e87548ac97d66e24933b0af2","CUS-164374203",NA,NA,"debit","Mon","15:00:00","15","September"
"6147","posted",NA,"ACC-1650504218","145.01","-37.93","PAYMENT",NA,"Marissa",9958.96,2018-09-17 07:00:00,"F",23,NA,NA,22,"3efd1192a80b479c9a4213fbe72f1c84","CUS-2500783281",NA,NA,"debit","Mon","15:00:00","15","September"
"6148","posted",NA,"ACC-958000567","130.90","-12.37","INTER BANK",NA,"Sandra",5074.24,2018-09-17 07:00:00,"F",34,NA,NA,110,"c404c522fc5a421994febdb851dd9801","CUS-4142663097",NA,NA,"debit","Mon","15:00:00","15","September"
"6149","authorized","1","ACC-1344825761","151.09","-33.91","SALES-POS","b35c0649-12ba-428b-a82d-09ad6bb11bdb","Sarah",19215.08,2018-09-17 07:00:00,"F",46,"Ellenbrook","WA",150.82,"af98c0bb00634906bec8410d3c86c2b6","CUS-1499065773","115.97","-31.78","debit","Mon","15:01:11","15","September"
"6150","authorized","1","ACC-1683215619","138.67","-34.86","POS","913faf44-1f19-4b6d-a688-734c39e2ad49","Barry",3880.41,2018-09-17 07:00:00,"M",38,"Melbourne","VIC",94.36,"9a5fc5148caf43a9b1be596324429c5c","CUS-1604596597","144.97","-37.81","debit","Mon","15:21:11","15","September"
"6151","authorized","1","ACC-3827517394","151.12","-33.89","SALES-POS","b9bf4b14-deb0-460e-b1eb-24fb03b09176","Craig",38728.43,2018-09-17 07:00:00,"M",28,"Leichhardt","NSW",40.64,"59196be69c474b7796c106242a14f4ee","CUS-2663907001","151.16","-33.89","debit","Mon","15:41:11","15","September"
"6152","authorized","0","ACC-1890605467","143.88","-37.66","SALES-POS","b4a1b887-eb10-4ffd-b849-7c67d37a8d59","Alexander",13098.23,2018-09-17 07:00:00,"M",38,"Sunbury","VIC",18.48,"a170fdea74d74c2a80ed70c8b2519420","CUS-1478398256","144.73","-37.58","debit","Mon","16:01:45","16","September"
"6153","authorized","1","ACC-1496451953","145.16","-37.84","POS","9ebfddf3-d523-430c-9645-5ea69cc104eb","Ricky",13714.7,2018-09-17 07:00:00,"M",43,"Albert Park","VIC",69.36,"7f8b2d9968044e208c499342051b4349","CUS-3142625864","144.95","-37.84","debit","Mon","16:31:10","16","September"
"6154","posted",NA,"ACC-3233697971","151.04","-33.77","PAYMENT",NA,"Robin",8291.43,2018-09-17 07:00:00,"F",34,NA,NA,159,"9a3b3fc659174536a6d3bb74998996fa","CUS-1147642491",NA,NA,"debit","Mon","17:00:00","17","September"
"6155","posted",NA,"ACC-3084464802","145.15","-37.76","PAYMENT",NA,"Susan",5407.24,2018-09-17 07:00:00,"F",19,NA,NA,36,"995e97f3421e4fe5b462a476929ee025","CUS-1928710999",NA,NA,"debit","Mon","17:00:00","17","September"
"6156","posted",NA,"ACC-3827517394","151.12","-33.89","PAYMENT",NA,"Craig",38645.43,2018-09-17 07:00:00,"M",28,NA,NA,83,"2f0397d5d8ec41d7b6ff10d8d811521c","CUS-2663907001",NA,NA,"debit","Mon","17:00:00","17","September"
"6157","posted",NA,"ACC-4258502723","145.45","-37.74","PAYMENT",NA,"Kimberly",3922.76,2018-09-17 07:00:00,"F",24,NA,NA,53,"2ccf879f948147a28a2c292d24642848","CUS-3378712515",NA,NA,"debit","Mon","17:00:00","17","September"
"6158","posted",NA,"ACC-854938045","147.63","-22.84","PAY/SALARY",NA,"James",12325.14,2018-09-17 07:00:00,"M",28,NA,NA,2538.68,"a5454f72331a404a8ed1f89d845322b1","CUS-4023861240",NA,NA,"credit","Mon","17:00:00","17","September"
"6159","posted",NA,"ACC-1710017148","150.82","-34.01","PAY/SALARY",NA,"Michelle",11850.78,2018-09-17 07:00:00,"F",19,NA,NA,3977.46,"e4b6c13973724177875982372bfeb1f3","CUS-883482547",NA,NA,"credit","Mon","17:00:00","17","September"
"6160","authorized","1","ACC-3689607373","115.79","-31.79","SALES-POS","a8ef339b-30a0-4490-8954-d224e2ddc694","Virginia",5572.83,2018-09-17 07:00:00,"F",20,"Bibra Lake","WA",13.77,"d0e1a78c90544fbf85b34942f2560b7e","CUS-127297539","115.8","-32.12","debit","Mon","17:00:38","17","September"
"6161","authorized","1","ACC-1710017148","150.82","-34.01","POS","f632267a-1254-436b-a0ff-ddc8db2b287e","Michelle",7873.32,2018-09-17 07:00:00,"F",19,"Frenchs Forest","NSW",41.54,"177fbc07c00247d79aa92e2a791ffdff","CUS-883482547","151.23","-33.75","debit","Mon","17:32:54","17","September"
"6162","posted",NA,"ACC-964839203","146.92","-36.07","PAYMENT",NA,"Michael",34782.67,2018-09-17 07:00:00,"M",21,NA,NA,177,"b3d0e895ecb44b51be2e7a4aaa629658","CUS-2059096722",NA,NA,"debit","Mon","18:00:00","18","September"
"6163","authorized","0","ACC-3689607373","115.79","-31.79","SALES-POS","c9da73d1-9d5e-4617-84c0-745f303de973","Virginia",5569.43,2018-09-17 07:00:00,"F",20,"Forrestfield","WA",3.4,"70dd1842c6594f9691c2a7b723717675","CUS-127297539","116.01","-31.99","debit","Mon","18:05:31","18","September"
"6164","authorized","1","ACC-1710017148","150.82","-34.01","SALES-POS","ee12130c-8068-4bcc-b192-6d4ba9021977","Michelle",11805.59,2018-09-17 07:00:00,"F",19,"Freshwater","NSW",45.19,"12f985b46bcc4d5e8cf2102f55539d89","CUS-883482547","151.28","-33.77","debit","Mon","18:39:59","18","September"
"6165","posted",NA,"ACC-819621312","145.04","-37.85","PAYMENT",NA,"Michele",5519.55,2018-09-17 07:00:00,"F",30,NA,NA,98,"1a7379bc32584bf38df3780d6db84b06","CUS-1271030853",NA,NA,"debit","Mon","19:00:00","19","September"
"6166","posted",NA,"ACC-37709441","153.41","-28.01","PAYMENT",NA,"Charles",9889.9,2018-09-17 07:00:00,"M",18,NA,NA,55,"79345c04c2be4b9fb0cd37912df2abfc","CUS-3336454548",NA,NA,"debit","Mon","19:00:00","19","September"
"6167","authorized","1","ACC-2673069055","152.99","-27.49","SALES-POS","08026e5f-d940-4773-b670-8c08f26bddd9","Richard",20501.4,2018-09-17 07:00:00,"M",24,"Yatala","QLD",6.89,"7255881f2700406f8811b102fdd55747","CUS-51506836","153.22","-27.74","debit","Mon","19:17:29","19","September"
"6168","authorized","1","ACC-3689607373","115.79","-31.79","POS","89050fa6-0356-42df-9de3-ccb9f467a788","Virginia",5551.87,2018-09-17 07:00:00,"F",20,"Taree","NSW",17.56,"11d6f94408794c55807edf7a9bd77311","CUS-127297539","152.45","-31.91","debit","Mon","19:59:09","19","September"
"6169","posted",NA,"ACC-2920611728","144.96","-37.76","PAYMENT",NA,"Tyler",6134.88,2018-09-17 07:00:00,"M",69,NA,NA,64,"b3d7c49c28af472d95bf711a6a5d0e49","CUS-1388323263",NA,NA,"debit","Mon","20:00:00","20","September"
"6170","posted",NA,"ACC-1438600314","138.69","-34.84","PAYMENT",NA,"Maria",3581.63,2018-09-17 07:00:00,"F",35,NA,NA,83,"510fd13a01124453a19bb1cd268466c1","CUS-2650223890",NA,NA,"debit","Mon","20:00:00","20","September"
"6171","posted",NA,"ACC-2650850707","148.16","-23.52","PAYMENT",NA,"Brian",112803.96,2018-09-17 07:00:00,"M",42,NA,NA,33,"ca6e5694d83f4f97a64fb3c89b3b28e0","CUS-2819545904",NA,NA,"debit","Mon","20:00:00","20","September"
"6172","posted",NA,"ACC-154431271","153.09","-27.48","PAYMENT",NA,"Lori",2220.15,2018-09-17 07:00:00,"F",18,NA,NA,61,"6f44fa8b70f343a7a2af9ad8ba3b0bea","CUS-3702001629",NA,NA,"debit","Mon","20:00:00","20","September"
"6173","authorized","1","ACC-1496451953","145.16","-37.84","SALES-POS","87898f6b-97a4-4a26-80a8-c15f0322af30","Ricky",13679.93,2018-09-17 07:00:00,"M",43,"Woolloongabba","QLD",34.77,"e8ff0307e3234448b6f410a3a8680224","CUS-3142625864","153.03","-27.49","debit","Mon","20:16:36","20","September"
"6174","authorized","0","ACC-1598451071","153.41","-27.95","SALES-POS","96771859-4bff-4c75-8db7-0132179e1380","Diana",1910.27,2018-09-17 07:00:00,"F",26,"Southport","QLD",16.55,"40d60704e98a49babd3b4b9ffef504fb","CUS-2487424745","153.42","-27.97","debit","Mon","20:33:33","20","September"
"6175","authorized","1","ACC-414431115","142.77","-37.06","POS","667abc92-cb0d-45be-b17f-06f90eaddf82","Amy",3801.96,2018-09-17 07:00:00,"F",43,"Maryborough","VIC",17.95,"f9f07e81d57445ce933ece48de6aee75","CUS-2599279756","143.74","-37.05","debit","Mon","20:50:30","20","September"
"6176","authorized","1","ACC-3771436525","145.04","-37.92","POS","e6afc403-4665-4659-adde-a0d8d9051e9c","Derek",3908.77,2018-09-17 07:00:00,"M",20,"Fitzroy","VIC",15.84,"a67b659e935d40759b044467f146611c","CUS-3325710106","144.98","-37.8","debit","Mon","21:05:42","21","September"
"6177","authorized","1","ACC-1598451071","153.41","-27.95","POS","41b770ca-3a73-4a04-aabc-a278eb5478e2","Diana",1905.29,2018-09-17 07:00:00,"F",26,"Miami","QLD",4.98,"18c0dc9fc79a4bdb90427c02ae92c9dc","CUS-2487424745","153.44","-28.07","debit","Mon","21:18:42","21","September"
"6178","authorized","1","ACC-2674800293","144.96","-37.69","SALES-POS","c4c6020c-b9ab-4868-b6c4-7a6bed751010","Elizabeth",28341.29,2018-09-17 07:00:00,"F",50,"Seville","VIC",44.95,"3ce9dec3a7e943b8a9cddca96556fe57","CUS-2977593493","145.46","-37.78","debit","Mon","21:31:41","21","September"
"6179","authorized","1","ACC-819621312","145.04","-37.85","POS","b64b1423-0992-4942-b955-5785b81c1cd6","Michele",5494.72,2018-09-17 07:00:00,"F",30,"Kilsyth","VIC",24.83,"376a1f669c044f5ba6f917a12309da3d","CUS-1271030853","145.32","-37.8","debit","Mon","21:44:40","21","September"
"6180","authorized","1","ACC-1438600314","138.69","-34.84","SALES-POS","96afff67-b020-4df1-aa73-b73645ed6b0a","Maria",3558.29,2018-09-17 07:00:00,"F",35,"MAJURA","ACT",23.34,"bdfc365ce9f04f0da593901a1781b9b7","CUS-2650223890","149.19","-35.31","debit","Mon","21:57:39","21","September"
"6181","posted",NA,"ACC-2249586092","115.98","-32.07","PAYMENT",NA,"Edward",8586.23,2018-09-17 07:00:00,"M",19,NA,NA,31,"a771ebbb7a744ba8bdba369890e478aa","CUS-443776336",NA,NA,"debit","Mon","22:00:00","22","September"
"6182","posted",NA,"ACC-2897221629","150.90","-34.37","PAYMENT",NA,"Scott",4205.8,2018-09-17 07:00:00,"M",23,NA,NA,73,"c2318251c4864497a2a616c1adb7a4a6","CUS-511326734",NA,NA,"debit","Mon","22:00:00","22","September"
"6183","authorized","1","ACC-3084464802","145.15","-37.76","POS","7fbd6363-a171-4ce6-ad92-c59fd7991396","Susan",5392.92,2018-09-17 07:00:00,"F",19,"Lidcombe","NSW",14.32,"0c47d821aff6488db9ff512898541ca6","CUS-1928710999","151.06","-33.86","debit","Mon","22:17:49","22","September"
"6184","authorized","1","ACC-3541460373","145.00","-37.83","POS","4afe3599-f463-4248-8dff-69fe630e75f6","Jeffrey",3399.63,2018-09-17 07:00:00,"M",24,"Mount Dandenong","VIC",10.06,"9825d611136845bbb1705182dbb2dc00","CUS-1433879684","145.35","-37.83","debit","Mon","22:39:33","22","September"
"6185","posted",NA,"ACC-182446574","116.06","-32.00","INTER BANK",NA,"Tonya",6792.86,2018-09-17 07:00:00,"F",27,NA,NA,152,"c3c9c858d61546819403953ab3d62292","CUS-3026014945",NA,NA,"debit","Mon","23:00:00","23","September"
"6186","posted",NA,"ACC-2970114956","144.89","-37.69","PAYMENT",NA,"Robert",9006.97,2018-09-17 07:00:00,"M",26,NA,NA,61,"65aca2de5c60482ea8f298b63084f7f4","CUS-880898248",NA,NA,"debit","Mon","23:00:00","23","September"
"6187","authorized","1","ACC-3771436525","145.04","-37.92","SALES-POS","e9f5301e-34d7-472b-93fc-58f95441845d","Derek",3885.11,2018-09-17 07:00:00,"M",20,"Brunswick West","VIC",23.66,"09229b99371c4812b30ea901039bb64a","CUS-3325710106","144.94","-37.76","debit","Mon","23:07:29","23","September"
"6188","authorized","1","ACC-1710017148","150.82","-34.01","POS","ac62ecb6-25a5-4f34-8f2a-38b989b57519","Michelle",11778.91,2018-09-18 07:00:00,"F",19,"Randwick","NSW",26.68,"becbb6609b584895a3fefc45d59cd83f","CUS-883482547","151.24","-33.91","debit","Tue","00:32:13","00","September"
"6189","authorized","1","ACC-2970114956","144.89","-37.69","SALES-POS","63d61fe8-63ac-44f7-89f6-2cd40c0fa413","Robert",8994.24,2018-09-18 07:00:00,"M",26,"Ringwood East","VIC",12.73,"ec14c6a690874dcdb2656897c1b4e6f4","CUS-880898248","145.25","-37.82","debit","Tue","01:17:14","01","September"
"6190","authorized","1","ACC-1056639002","145.03","-37.91","POS","b9181f43-80e1-4dea-aab9-702b4d555d73","Michael",48025.49,2018-09-18 07:00:00,"M",22,"Richmond","VIC",13.77,"22865d3f51cd4b89bc8b6912e26e2331","CUS-3462882033","145","-37.81","debit","Tue","01:51:43","01","September"
"6191","posted",NA,"ACC-1598451071","153.41","-27.95","INTER BANK",NA,"Diana",1885.29,2018-09-18 07:00:00,"F",26,NA,NA,20,"03d1f21c2ba5426e862b987d6cc97a33","CUS-2487424745",NA,NA,"debit","Tue","02:00:00","02","September"
"6192","posted",NA,"ACC-3317636250","153.02","-27.66","INTER BANK",NA,"Kenneth",13125.66,2018-09-18 07:00:00,"M",35,NA,NA,90,"eaac29ece96e44089b2285a5ca8f19d1","CUS-2738291516",NA,NA,"debit","Tue","02:00:00","02","September"
"6193","posted",NA,"ACC-2231965366","144.96","-37.84","INTER BANK",NA,"Linda",14045.65,2018-09-18 07:00:00,"F",35,NA,NA,17,"4b05c7f9c8b349f49f8226f6839f0cc9","CUS-2155701614",NA,NA,"debit","Tue","03:00:00","03","September"
"6194","posted",NA,"ACC-240804743","121.48","-30.75","PHONE BANK",NA,"Kenneth",15182.33,2018-09-18 07:00:00,"M",29,NA,NA,43,"90849be34f554a6c9f98f73eaa8dbfd4","CUS-261674136",NA,NA,"debit","Tue","03:00:00","03","September"
"6195","posted",NA,"ACC-1788473090","145.06","-37.95","INTER BANK",NA,"Rachael",6991.34,2018-09-18 07:00:00,"F",21,NA,NA,20,"d0ecb5538bab48a48608c45a412eb658","CUS-134193016",NA,NA,"debit","Tue","04:00:00","04","September"
"6196","posted",NA,"ACC-3827517394","151.12","-33.89","PAYMENT",NA,"Craig",38615.43,2018-09-18 07:00:00,"M",28,NA,NA,30,"fb934310117b4f648e6ded458cad072c","CUS-2663907001",NA,NA,"debit","Tue","04:00:00","04","September"
"6197","authorized","1","ACC-2173390920","144.71","-37.58","POS","702647d7-098f-4e9a-8caf-7767619301dd","Luis",7225.52,2018-09-18 07:00:00,"M",27,"Berwick","VIC",28.84,"9cb80b77df494d9a94c6eaa8516bf60a","CUS-3180318393","145.34","-38.03","debit","Tue","04:38:39","04","September"
"6198","posted",NA,"ACC-1890605467","143.88","-37.66","INTER BANK",NA,"Alexander",13056.23,2018-09-18 07:00:00,"M",38,NA,NA,42,"2907f89f8db24612b4fb23fcf77bd808","CUS-1478398256",NA,NA,"debit","Tue","05:00:00","05","September"
"6199","posted",NA,"ACC-958000567","130.90","-12.37","PAYMENT",NA,"Sandra",5054.24,2018-09-18 07:00:00,"F",34,NA,NA,20,"50f771b7b1cf41e1b53a163087134bec","CUS-4142663097",NA,NA,"debit","Tue","05:00:00","05","September"
"6200","posted",NA,"ACC-354106658","151.04","-33.80","PAYMENT",NA,"Christine",15394.07,2018-09-18 07:00:00,"F",39,NA,NA,21,"ee490865650a438590a3913798887207","CUS-2376382098",NA,NA,"debit","Tue","06:00:00","06","September"
"6201","authorized","1","ACC-3771436525","145.04","-37.92","POS","32b84984-c087-4220-88ed-781fd3163573","Derek",3852.46,2018-09-18 07:00:00,"M",20,"Hoppers Crossing","VIC",32.65,"372dc0b36ab34a439ac62e2a11b3f2ac","CUS-3325710106","144.69","-37.86","debit","Tue","06:03:19","06","September"
"6202","posted",NA,"ACC-2270192619","138.56","-35.27","PAYMENT",NA,"Darren",11799.04,2018-09-18 07:00:00,"M",20,NA,NA,39,"f75b84b5213247d18d96f542617859a1","CUS-2110742437",NA,NA,"debit","Tue","07:00:00","07","September"
"6203","posted",NA,"ACC-4274272854","145.23","-37.86","PAYMENT",NA,"Timothy",5739.47,2018-09-18 07:00:00,"M",20,NA,NA,34,"642718bf9e0440e0a3995809e9aea494","CUS-2484453271",NA,NA,"debit","Tue","07:00:00","07","September"
"6204","posted",NA,"ACC-4274272854","145.23","-37.86","PAYMENT",NA,"Timothy",5668.47,2018-09-18 07:00:00,"M",20,NA,NA,71,"160c5050cb4949bbb188f88ffa14aede","CUS-2484453271",NA,NA,"debit","Tue","07:00:00","07","September"
"6205","posted",NA,"ACC-1598451071","153.41","-27.95","PAYMENT",NA,"Diana",1834.44,2018-09-18 07:00:00,"F",26,NA,NA,36,"2f237400b0104f80a6a2c65bd35b062f","CUS-2487424745",NA,NA,"debit","Tue","07:00:00","07","September"
"6206","posted",NA,"ACC-182446574","116.06","-32.00","PAYMENT",NA,"Tonya",6671.86,2018-09-18 07:00:00,"F",27,NA,NA,121,"96eec4e642e64a9cbafd9ffd7a9e25e8","CUS-3026014945",NA,NA,"debit","Tue","07:00:00","07","September"
"6207","authorized","1","ACC-1598451071","153.41","-27.95","POS","8d7196ad-1377-4169-b035-42cbf36a7907","Diana",1870.44,2018-09-18 07:00:00,"F",26,"Helensvale","QLD",14.85,"059836f3f37e4e86b8dd2d1b00be273e","CUS-2487424745","153.34","-27.93","debit","Tue","07:47:08","07","September"
"6208","posted",NA,"ACC-2231965366","144.96","-37.84","PAYMENT",NA,"Linda",14009.65,2018-09-18 07:00:00,"F",35,NA,NA,36,"cd0aef788e9349f0af1dd34dd37dc313","CUS-2155701614",NA,NA,"debit","Tue","08:00:00","08","September"
"6209","authorized","1","ACC-1438600314","138.69","-34.84","SALES-POS","1d1a5361-c41c-45fa-aba5-645f3b147e28","Maria",3505.19,2018-09-18 07:00:00,"F",35,"Culburra Beach","NSW",53.1,"fcce0ead56594b9daa919ac454dd1496","CUS-2650223890","150.76","-34.93","debit","Tue","08:11:42","08","September"
"6210","authorized","1","ACC-3771436525","145.04","-37.92","POS","10c8d949-460b-4da9-819e-68feccf8949c","Derek",3826.18,2018-09-18 07:00:00,"M",20,"Croydon","VIC",26.28,"afed856d004d4006a8c1ad279617e12b","CUS-3325710106","145.28","-37.8","debit","Tue","08:25:59","08","September"
"6211","authorized","1","ACC-1710017148","150.82","-34.01","POS","f6d24b03-5ca8-4cb3-83e2-73db22103a8a","Michelle",11772.91,2018-09-18 07:00:00,"F",19,"Rowville","VIC",6,"31b3b0dfe22b4b749fcbaebed70fd351","CUS-883482547","145.25","-37.91","debit","Tue","08:40:17","08","September"
"6212","authorized","1","ACC-3771436525","145.04","-37.92","SALES-POS","3e319dad-fdc1-4283-a9aa-9d475c8fbab6","Derek",3786.03,2018-09-18 07:00:00,"M",20,"Maribyrnong","VIC",40.15,"ca31e501118b4e3b8e68161ae5217348","CUS-3325710106","144.89","-37.77","debit","Tue","08:54:34","08","September"
"6213","posted",NA,"ACC-3827517394","151.12","-33.89","INTER BANK",NA,"Craig",38586.43,2018-09-18 07:00:00,"M",28,NA,NA,29,"e4c60a3160b848768c70551248b052bf","CUS-2663907001",NA,NA,"debit","Tue","09:00:00","09","September"
"6214","posted",NA,"ACC-2265520058","151.27","-33.85","PAYMENT",NA,"Catherine",3187.92,2018-09-18 07:00:00,"F",26,NA,NA,124,"69cfab1063904a30af58cd35d5210ea7","CUS-331942311",NA,NA,"debit","Tue","09:00:00","09","September"
"6215","posted",NA,"ACC-1710017148","150.82","-34.01","PAYMENT",NA,"Michelle",11708.06,2018-09-18 07:00:00,"F",19,NA,NA,54,"9beadf2f4d7f446bb57b29c1fae02f78","CUS-883482547",NA,NA,"debit","Tue","09:00:00","09","September"
"6216","authorized","0","ACC-1496451953","145.16","-37.84","POS","51131543-f0e0-45e6-9a5c-172979091a9b","Ricky",13171.57,2018-09-18 07:00:00,"M",43,"South Melbourne","VIC",508.36,"640ff22db79043668ea4fb77fb19fa66","CUS-3142625864","144.97","-37.83","debit","Tue","09:03:37","09","September"
"6217","authorized","0","ACC-2107684084","145.03","-37.88","POS","603eda0d-8960-4411-8832-d6f1947b8f2a","Richard",7286.27,2018-09-18 07:00:00,"M",22,"Wantirna","VIC",52.56,"cbc7ab2eea1c44cc876a6aa77ad7bd93","CUS-2283904812","145.23","-37.86","debit","Tue","09:09:28","09","September"
"6218","authorized","1","ACC-1438600314","138.69","-34.84","POS","bf5c617d-0edd-4fc0-b636-b1abc5af32e9","Maria",3465.6,2018-09-18 07:00:00,"F",35,"Hyams Beach","NSW",39.59,"4e61a5c219fc46a3bdd0a17cb9505c11","CUS-2650223890","150.69","-35.1","debit","Tue","09:15:19","09","September"
"6219","authorized","1","ACC-1710017148","150.82","-34.01","SALES-POS","e1f4ce70-32f4-41b1-8715-a1274b8a0887","Michelle",11762.06,2018-09-18 07:00:00,"F",19,"Glendenning","NSW",10.85,"85dea4b9402b45ed90bcdbd0cf8abe26","CUS-883482547","150.85","-33.74","debit","Tue","09:21:10","09","September"
"6220","authorized","1","ACC-1056639002","145.03","-37.91","SALES-POS","ce9cbaca-6895-4554-a753-c50c43239c15","Michael",47991.15,2018-09-18 07:00:00,"M",22,"Mount Waverley","VIC",34.34,"c839c72e15ec40518d2e41abc578100e","CUS-3462882033","145.11","-37.88","debit","Tue","09:27:01","09","September"
"6221","authorized","1","ACC-1598451071","153.41","-27.95","SALES-POS","d1975543-9c34-4f1d-8f7d-980d0e2f024f","Diana",1776.13,2018-09-18 07:00:00,"F",26,"Kingscliff","NSW",58.31,"e1a5c1dcf09546889c0f9b6fe5ce13e2","CUS-2487424745","153.58","-28.28","debit","Tue","09:32:51","09","September"
"6222","authorized","1","ACC-1056639002","145.03","-37.91","SALES-POS","2f7f4723-b7eb-43b6-9ad0-57559504dacc","Michael",47975.96,2018-09-18 07:00:00,"M",22,"Croydon","VIC",15.19,"bbe6587fde6e444cbdddfa8deb0084a0","CUS-3462882033","145.28","-37.8","debit","Tue","09:38:42","09","September"
"6223","authorized","1","ACC-2901672282","255.00","-573.00","POS","6af715f2-d900-48df-844c-0d027f9d24fb","Daniel",7009.95,2018-09-18 07:00:00,"M",22,"Chatswood","NSW",70.37,"d69282a5c5f34f3d926cecfcf2822701","CUS-1617121891","151.18","-33.8","debit","Tue","09:44:33","09","September"
"6224","authorized","1","ACC-3741880913","150.50","-23.40","POS","2ad77476-1279-414b-9793-7744c8c19306","Ashley",9127.98,2018-09-18 07:00:00,"F",25,"Surry Hills","NSW",13.22,"5fbf85d2d7b34e64a443889d65aafd85","CUS-1220154422","151.21","-33.89","debit","Tue","09:50:24","09","September"
"6225","posted",NA,"ACC-2265520058","151.27","-33.85","PAYMENT",NA,"Catherine",3103.92,2018-09-18 07:00:00,"F",26,NA,NA,84,"3ae0b670fa324e0796a2fd0a77189b4d","CUS-331942311",NA,NA,"debit","Tue","10:00:00","10","September"
"6226","authorized","1","ACC-1438600314","138.69","-34.84","SALES-POS","f91add47-f896-4fbd-b60f-4e59aa1a1bbb","Maria",2674.31,2018-09-18 07:00:00,"F",35,"Melrose Park","SA",791.29,"e0af4b6da01b479fb75f7ea21ed069f8","CUS-2650223890","138.57","-34.98","debit","Tue","10:02:38","10","September"
"6227","authorized","0","ACC-819621312","145.04","-37.85","POS","2d3f9099-eb95-48d7-8e34-ef4c4f1e492b","Michele",5429.23,2018-09-18 07:00:00,"F",30,"Cremorne","VIC",65.49,"952564f747404e85ad35428f52850ed2","CUS-1271030853","144.99","-37.83","debit","Tue","10:09:59","10","September"
"6228","authorized","1","ACC-3541460373","145.00","-37.83","SALES-POS","1d7c7609-e834-44f4-9d0c-6c542cf2be73","Jeffrey",3352.16,2018-09-18 07:00:00,"M",24,"Doncaster East","VIC",47.47,"edcf04956f2545ef8b1a42aa763a959c","CUS-1433879684","145.16","-37.79","debit","Tue","10:17:21","10","September"
"6229","authorized","0","ACC-3689607373","115.79","-31.79","SALES-POS","294193ff-d76e-445f-b240-dea59df2caf8","Virginia",5543.68,2018-09-18 07:00:00,"F",20,"Broken Hill","NSW",8.19,"a851a3c683784c15b051ff47b608e651","CUS-127297539","141.47","-31.94","debit","Tue","10:24:42","10","September"
"6230","authorized","1","ACC-3771436525","145.04","-37.92","POS","fcf5c03b-d2cd-4db2-b651-f85210f5b3a9","Derek",3778.42,2018-09-18 07:00:00,"M",20,"Fitzroy","VIC",7.61,"235f903cfed04242a96c6c991118abb5","CUS-3325710106","144.98","-37.8","debit","Tue","10:32:03","10","September"
"6231","authorized","1","ACC-1056639002","145.03","-37.91","SALES-POS","52caf85e-43d7-4bbe-a9b4-c4296ddfc28a","Michael",47947.47,2018-09-18 07:00:00,"M",22,"Mount Gambier","SA",28.49,"cddeb9b035364d47816eb10d6c2e545e","CUS-3462882033","140.77","-37.83","debit","Tue","10:39:24","10","September"
"6232","authorized","0","ACC-2249586092","115.98","-32.07","POS","d09979db-ed1b-4221-acca-34a33fdc4dcf","Edward",8576.69,2018-09-18 07:00:00,"M",19,"Cannington","WA",9.54,"d3611f61e0e3479dab776cce5cf47fe3","CUS-443776336","115.94","-32.02","debit","Tue","10:46:45","10","September"
"6233","authorized","1","ACC-1598451071","153.41","-27.95","POS","4345dbd1-dfa8-4466-892a-4136a5ae08a2","Diana",1765.33,2018-09-18 07:00:00,"F",26,"Labrador","QLD",10.8,"948e758a6afe4261a8c9931b88b955b6","CUS-2487424745","153.41","-27.94","debit","Tue","10:54:07","10","September"
"6234","posted",NA,"ACC-3485804958","138.52","-35.01","PAYMENT",NA,"Jessica",23128.39,2018-09-18 07:00:00,"F",34,NA,NA,75,"b6aa7d82626d4f0797e701d8fe119648","CUS-1196156254",NA,NA,"debit","Tue","11:00:00","11","September"
"6235","posted",NA,"ACC-2231965366","144.96","-37.84","PAYMENT",NA,"Linda",13964.65,2018-09-18 07:00:00,"F",35,NA,NA,45,"80a50e8c657948fc9d831c595c97121a","CUS-2155701614",NA,NA,"debit","Tue","11:00:00","11","September"
"6236","posted",NA,"ACC-37709441","153.41","-28.01","PAY/SALARY",NA,"Charles",14022.13,2018-09-18 07:00:00,"M",18,NA,NA,4132.23,"239a5365c2e14136a4f482ed70323356","CUS-3336454548",NA,NA,"credit","Tue","11:00:00","11","September"
"6237","authorized","1","ACC-1516130869","130.84","-12.45","POS","520d1c8d-2f13-46a4-a256-134e2658a012","Jessica",2735.66,2018-09-18 07:00:00,"F",21,"Alice Spring","NT",9.35,"f8d9cc9455e44768aa5316d0a7af5b65","CUS-325142416","130.84","-12.44","debit","Tue","11:01:15","11","September"
"6238","authorized","1","ACC-1598451071","153.41","-27.95","POS","780c3e1e-47b6-49d3-a59f-6c86b4d1c924","Diana",1751.2,2018-09-18 07:00:00,"F",26,"Ormeau","QLD",14.13,"13e4a08a0b29489b83326d59d4b98caf","CUS-2487424745","153.25","-27.76","debit","Tue","11:07:32","11","September"
"6239","authorized","1","ACC-2890243754","153.32","-27.93","POS","78efdc7f-9740-4b1f-a08f-d9961b2608a7","Joseph",3783.08,2018-09-18 07:00:00,"M",37,"Oxenford","QLD",23.84,"1832e2e5aab0457cbccdbdd573d0fe6e","CUS-2695611575","153.31","-27.89","debit","Tue","11:13:50","11","September"
"6240","authorized","0","ACC-211792489","138.63","-34.93","POS","8f286c4f-06a4-451e-b856-5e06a5643171","Jacqueline",5325.06,2018-09-18 07:00:00,"F",30,"Salisbury Downs","SA",41.91,"222c1e01c01a4ba5ba9f0127aad90d80","CUS-497688347","138.62","-34.77","debit","Tue","11:20:07","11","September"
"6241","authorized","1","ACC-3326339947","151.18","-33.80","SALES-POS","822070b9-6b55-4157-8b84-7fa07ead3d35","Eric",7791.78,2018-09-18 07:00:00,"M",22,"Bonnyrigg","NSW",31.87,"524bc11e59c64a8fa50ebb64dcf68f03","CUS-326006476","150.88","-33.9","debit","Tue","11:26:24","11","September"
"6242","authorized","1","ACC-1598451071","153.41","-27.95","POS","1463608f-b5ce-4d76-b951-aff54bb974f9","Diana",1746.2,2018-09-18 07:00:00,"F",26,"Kelvin Grove","QLD",5,"ea1d90ab8d4a464bb7e57ca5aa700bb3","CUS-2487424745","153.01","-27.45","debit","Tue","11:32:42","11","September"
"6243","authorized","1","ACC-182446574","116.06","-32.00","POS","6c84c219-96ea-4c6f-9de5-0a28bcaec62f","Tonya",6650.89,2018-09-18 07:00:00,"F",27,"Rainbow Flat","NSW",20.97,"00825d89031a49f29f116b1f30d9edfd","CUS-3026014945","152.47","-32.01","debit","Tue","11:38:59","11","September"
"6244","authorized","1","ACC-2681137560","151.11","-33.99","POS","1e9792a8-f3bd-4ba0-836d-8429121e01da","Nathaniel",7062.96,2018-09-18 07:00:00,"M",31,"North Sydney","NSW",6.24,"1035002425ea4af4affb5eebe245f339","CUS-2083971310","151.21","-33.84","debit","Tue","11:45:16","11","September"
"6245","authorized","0","ACC-2107684084","145.03","-37.88","SALES-POS","4b04d36a-f184-4004-a254-28a85a12a090","Richard",7235.18,2018-09-18 07:00:00,"M",22,"Malvern","VIC",51.09,"9b3e0b65917d4ab6b83ea50db82ded3c","CUS-2283904812","145.03","-37.86","debit","Tue","11:51:34","11","September"
"6246","authorized","0","ACC-1903037542","153.05","-27.61","SALES-POS","d00d2c9a-883a-4564-806f-54b6533d5472","Jeffrey",3236.42,2018-09-18 07:00:00,"M",30,"Sydney","NSW",296.51,"e736649244e2483ebd6c49f5fb0322cd","CUS-860700529","151.21","-33.87","debit","Tue","11:57:51","11","September"
"6247","posted",NA,"ACC-2231965366","144.96","-37.84","PAY/SALARY",NA,"Linda",16407.89,2018-09-18 07:00:00,"F",35,NA,NA,2443.24,"509c66ec9f2e438b8b6c7cf5753a1f30","CUS-2155701614",NA,NA,"credit","Tue","12:00:00","12","September"
"6248","authorized","1","ACC-3689607373","115.79","-31.79","POS","328d2ca7-f0fa-42ad-9d16-a088618fb7f8","Virginia",5527.05,2018-09-18 07:00:00,"F",20,"East Victoria Park","WA",16.63,"696b90c1dfb64e18bebc0f669111e777","CUS-127297539","115.9","-31.99","debit","Tue","12:13:44","12","September"
"6249","authorized","1","ACC-1056639002","145.03","-37.91","SALES-POS","a6a414b6-1be5-41ee-b02b-a66e9390858d","Michael",47937.64,2018-09-18 07:00:00,"M",22,"Preston","VIC",9.83,"268b3eb5669e48f2bf2d911dc235d903","CUS-3462882033","145.03","-37.74","debit","Tue","12:34:34","12","September"
"6250","authorized","1","ACC-2171593283","146.94","-36.04","POS","35b95b67-37cd-43e1-9df8-0e59db28f6c1","Fernando",10844.14,2018-09-18 07:00:00,"M",19,"Wheelers Hill","VIC",22.28,"96f17c201db04a11b5579e762d74bfdf","CUS-2317998716","145.19","-37.91","debit","Tue","12:55:24","12","September"
"6251","posted",NA,"ACC-1443681913","150.92","-33.77","PAY/SALARY",NA,"Ryan",4473.58,2018-09-18 07:00:00,"M",31,NA,NA,996.24,"f938390b03d04f9788c9414d8224d11d","CUS-3129499595",NA,NA,"credit","Tue","13:00:00","13","September"
"6252","posted",NA,"ACC-2897221629","150.90","-34.37","INTER BANK",NA,"Scott",4111.8,2018-09-18 07:00:00,"M",23,NA,NA,94,"6751290eeae942fcb7d893fc5796bf49","CUS-511326734",NA,NA,"debit","Tue","13:00:00","13","September"
"6253","authorized","1","ACC-182446574","116.06","-32.00","POS","0af0f388-4465-4178-8b23-1f86aac4f98b","Tonya",6639.91,2018-09-18 07:00:00,"F",27,"Como","WA",10.98,"4b02f4dadcbc4c20b6436a2970ca1596","CUS-3026014945","115.86","-32.01","debit","Tue","13:16:57","13","September"
"6254","authorized","1","ACC-3771436525","145.04","-37.92","POS","c7bdbb16-87dc-4857-9882-82eca7eaa9c2","Derek",3756.2,2018-09-18 07:00:00,"M",20,"South Wharf","VIC",22.22,"36b9d69d896a4412bad0fe86130eb21e","CUS-3325710106","144.95","-37.83","debit","Tue","13:38:41","13","September"
"6255","posted",NA,"ACC-3485804958","138.52","-35.01","PAYMENT",NA,"Jessica",23089.39,2018-09-18 07:00:00,"F",34,NA,NA,39,"3c22f374b6b5474796bab05606869555","CUS-1196156254",NA,NA,"debit","Tue","14:00:00","14","September"
"6256","posted",NA,"ACC-2305712452","138.61","-34.89","PAY/SALARY",NA,"Debra",4354.21,2018-09-18 07:00:00,"F",18,NA,NA,761.33,"54bcd376c0874a5abee54edf428511f1","CUS-1842679196",NA,NA,"credit","Tue","14:00:00","14","September"
"6257","posted",NA,"ACC-2173390920","144.71","-37.58","PAYMENT",NA,"Luis",7197.52,2018-09-18 07:00:00,"M",27,NA,NA,28,"6eb8b2882ef74b7e914f702aeff30679","CUS-3180318393",NA,NA,"debit","Tue","14:00:00","14","September"
"6258","posted",NA,"ACC-1990648130","114.62","-28.80","PAY/SALARY",NA,"Kaitlyn",5324.35,2018-09-18 07:00:00,"F",21,NA,NA,1037.07,"26b953d7fcf84aca8d847355553bda5d","CUS-809013380",NA,NA,"credit","Tue","14:00:00","14","September"
"6259","authorized","1","ACC-854938045","147.63","-22.84","SALES-POS","71a62c87-49db-403c-9a83-546bbd4b4f5d","James",12307.29,2018-09-18 07:00:00,"M",28,"Ocean Grange","VIC",17.85,"ed6916b0254d416c8e9a7ea2028915e5","CUS-4023861240","147.69","-38","debit","Tue","14:11:43","14","September"
"6260","authorized","1","ACC-1598451071","153.41","-27.95","POS","4ebc6c77-466d-4bc1-84cb-79098be0f2df","Diana",1740.59,2018-09-18 07:00:00,"F",26,"Palm Beach","QLD",5.61,"2ed29910605d4265bfa67687975b01e1","CUS-2487424745","153.47","-28.12","debit","Tue","14:23:13","14","September"
"6261","authorized","0","ACC-211792489","138.63","-34.93","POS","53e94c1f-1634-48fb-aef8-71f118c8dda7","Jacqueline",5234.18,2018-09-18 07:00:00,"F",30,"Norwood","SA",90.88,"20a9364d8810407ea74ecd5b2fe292dc","CUS-497688347","138.64","-34.92","debit","Tue","14:34:42","14","September"
"6262","authorized","1","ACC-1598451071","153.41","-27.95","SALES-POS","a6a51af8-8bb2-44af-acdd-01bbec89e2a3","Diana",1729.76,2018-09-18 07:00:00,"F",26,"Woolloongabba","QLD",10.83,"ccda2d9e7e9647cd9d259546525d07f1","CUS-2487424745","153.04","-27.5","debit","Tue","14:46:12","14","September"
"6263","authorized","1","ACC-1443681913","150.92","-33.77","SALES-POS","855d0474-b763-4e85-9b3c-3b5ddf0e8dc2","Ryan",4434.3,2018-09-18 07:00:00,"M",31,"Randwick","NSW",39.28,"c9d77c21b7ee46e7b0d95b112303e0d6","CUS-3129499595","151.24","-33.92","debit","Tue","14:57:42","14","September"
"6264","posted",NA,"ACC-1683215619","138.67","-34.86","PAY/SALARY",NA,"Barry",6380.41,2018-09-18 07:00:00,"M",38,NA,NA,2500,"4c76e959bda94646b2ebba276487aa18","CUS-1604596597",NA,NA,"credit","Tue","15:00:00","15","September"
"6265","posted",NA,"ACC-1683215619","138.67","-34.86","PAY/SALARY",NA,"Barry",8880.41,2018-09-18 07:00:00,"M",38,NA,NA,2500,"2503b83e36074dfab25e0f1c5f4ed31c","CUS-1604596597",NA,NA,"credit","Tue","15:00:00","15","September"
"6266","posted",NA,"ACC-3481401842","115.74","-31.72","PAYMENT",NA,"Tiffany",5094.32,2018-09-18 07:00:00,"F",25,NA,NA,32,"1ddb4e16c2624897bb78e79b3c6b87ca","CUS-1669695324",NA,NA,"debit","Tue","15:00:00","15","September"
"6267","posted",NA,"ACC-1650504218","145.01","-37.93","PAYMENT",NA,"Marissa",9808.96,2018-09-18 07:00:00,"F",23,NA,NA,150,"893d9e6f3ed6490b85c8f045d0dc0c91","CUS-2500783281",NA,NA,"debit","Tue","15:00:00","15","September"
"6268","authorized","0","ACC-1056639002","145.03","-37.91","SALES-POS","507cfd1d-e392-48c9-8396-4fed929512dd","Michael",47921.93,2018-09-18 07:00:00,"M",22,"Rowville","VIC",15.71,"f46f7351261848cb86e5e2730df306d4","CUS-3462882033","145.27","-37.93","debit","Tue","15:08:41","15","September"
"6269","authorized","1","ACC-574997646","150.79","-33.64","SALES-POS","35f17316-3cba-4383-b2ba-07745f007afb","Mackenzie",3794.28,2018-09-18 07:00:00,"F",18,"Greenacre","NSW",37.84,"71f197980200488cabe5d8a670bf5c47","CUS-586638664","151.06","-33.91","debit","Tue","15:19:33","15","September"
"6270","authorized","1","ACC-2673069055","152.99","-27.49","SALES-POS","7e4c128c-110a-45ad-b13d-e8a18b81eef3","Richard",20461.81,2018-09-18 07:00:00,"M",24,"Brisbane Airport","QLD",39.59,"3c62a73061e942beaa3a3f3fd415a713","CUS-51506836","153.08","-27.41","debit","Tue","15:41:18","15","September"
"6271","authorized","0","ACC-1056639002","145.03","-37.91","POS","e9e92c26-7708-4913-b4c7-bd777edac937","Michael",47894.07,2018-09-18 07:00:00,"M",22,"Armadale","VIC",27.86,"1f15c8397bd9420c88515b3d66154dfa","CUS-3462882033","145.01","-37.85","debit","Tue","15:52:10","15","September"
"6272","posted",NA,"ACC-2828321672","153.03","-27.51","PAY/SALARY",NA,"Stephanie",4567.21,2018-09-18 07:00:00,"F",53,NA,NA,970.47,"6b622e0b12324ac2a1b6c946f43bce04","CUS-1005756958",NA,NA,"credit","Tue","16:00:00","16","September"
"6273","posted",NA,"ACC-602667573","151.23","-33.96","INTER BANK",NA,"Michael",13256.24,2018-09-18 07:00:00,"M",40,NA,NA,78,"275ba337818d44e38b05a7ef9c97c91c","CUS-2031327464",NA,NA,"debit","Tue","16:00:00","16","September"
"6274","posted",NA,"ACC-4281711154","144.98","-37.84","PAY/SALARY",NA,"Eric",39382.38,2018-09-18 07:00:00,"M",42,NA,NA,1757.82,"93cf18c7c08547cf9c4a46ed69016ee9","CUS-3151318058",NA,NA,"credit","Tue","16:00:00","16","September"
"6275","posted",NA,"ACC-3941181087","115.79","-31.94","PAYMENT",NA,"Paul",7677.88,2018-09-18 07:00:00,"M",25,NA,NA,46,"28443b60f38643c4a1ff2deedcd6c3a2","CUS-3989008654",NA,NA,"debit","Tue","16:00:00","16","September"
"6276","authorized","1","ACC-1243371644","150.90","-33.78","POS","865c26d0-9dfd-4569-8f2d-67620c5121f5","Gregory",3880.22,2018-09-18 07:00:00,"M",42,"South Granville","NSW",9.02,"2437d7c675884238885c5b68ed7ee8cf","CUS-3904958894","151.01","-33.85","debit","Tue","16:06:30","16","September"
"6277","authorized","1","ACC-4258502723","145.45","-37.74","SALES-POS","985c2daa-14e0-4698-936b-c4552273c0dc","Kimberly",3901.49,2018-09-18 07:00:00,"F",24,"Kingsbury","VIC",21.27,"15f0765f79f64270b83231d8053ea59d","CUS-3378712515","145.04","-37.72","debit","Tue","16:29:46","16","September"
"6278","authorized","1","ACC-1056639002","145.03","-37.91","SALES-POS","a2723a55-29d2-440b-ac81-70510d75851d","Michael",47877,2018-09-18 07:00:00,"M",22,"Fitzroy","VIC",17.07,"99f3f08ef9c944d78e6e71deea250bd5","CUS-3462882033","144.98","-37.8","debit","Tue","16:53:01","16","September"
"6279","posted",NA,"ACC-1279356312","144.79","-37.73","PAYMENT",NA,"Tyler",5921.7,2018-09-18 07:00:00,"M",44,NA,NA,27,"1898d03e7c3a41a998ecca07548834e3","CUS-1892177589",NA,NA,"debit","Tue","17:00:00","17","September"
"6280","posted",NA,"ACC-1222300524","151.23","-33.94","PAY/SALARY",NA,"Michael",1003.11,2018-09-18 07:00:00,"M",38,NA,NA,1002.13,"08767d7901cd4688978d2cf2fb03f55a","CUS-2142601169",NA,NA,"credit","Tue","17:00:00","17","September"
"6281","posted",NA,"ACC-2259139624","144.66","-37.91","PAYMENT",NA,"Cindy",10398.9,2018-09-18 07:00:00,"F",19,NA,NA,165,"8b287d341ed24606b96756c9b71cf812","CUS-3174332735",NA,NA,"debit","Tue","17:00:00","17","September"
"6282","posted",NA,"ACC-3771436525","145.04","-37.92","PAY/SALARY",NA,"Derek",4855.9,2018-09-18 07:00:00,"M",20,NA,NA,1099.7,"ee678eee03d54fd4bdf0f18fc98efb88","CUS-3325710106",NA,NA,"credit","Tue","17:00:00","17","September"
"6283","posted",NA,"ACC-3954677887","115.72","-32.28","PAY/SALARY",NA,"Ruth",6821.13,2018-09-18 07:00:00,"F",47,NA,NA,1272.47,"3e7e8d74fdf847579bb7083cdc0f63b2","CUS-3716701010",NA,NA,"credit","Tue","17:00:00","17","September"
"6284","posted",NA,"ACC-1243371644","150.90","-33.78","INTER BANK",NA,"Gregory",3832.56,2018-09-18 07:00:00,"M",42,NA,NA,20,"901a3a7c235c4dc79592dd2875c42752","CUS-3904958894",NA,NA,"debit","Tue","17:00:00","17","September"
"6285","posted",NA,"ACC-958000567","130.90","-12.37","PAY/SALARY",NA,"Sandra",8571.85,2018-09-18 07:00:00,"F",34,NA,NA,3517.61,"cdb5ea7395584550be4f06e0f3750937","CUS-4142663097",NA,NA,"credit","Tue","17:00:00","17","September"
"6286","posted",NA,"ACC-2897221629","150.90","-34.37","PAY/SALARY",NA,"Scott",5094.51,2018-09-18 07:00:00,"M",23,NA,NA,982.71,"1a9bae047d0d4ffdbe58dc84b1d49acf","CUS-511326734",NA,NA,"credit","Tue","17:00:00","17","September"
"6287","authorized","1","ACC-966140392","147.08","-37.97","SALES-POS","945cc016-0daf-4285-89d3-ef76df6e477a","Joseph",6871.16,2018-09-18 07:00:00,"M",21,"Hawthorn","VIC",14.47,"877f6be36d594b9e9c7ee2d97096aab7","CUS-537508723","145.03","-37.82","debit","Tue","17:10:56","17","September"
"6288","authorized","1","ACC-3689607373","115.79","-31.79","POS","d2f77f77-a2e6-4288-ac29-97e23e224f94","Virginia",5511.87,2018-09-18 07:00:00,"F",20,"Greenwood","WA",15.18,"2298aa439dbc4f57a3a53d0437702998","CUS-127297539","115.81","-31.83","debit","Tue","17:26:33","17","September"
"6289","authorized","1","ACC-1890605467","143.88","-37.66","POS","60a729cc-dad1-42a2-b944-da711498bba7","Alexander",12973.37,2018-09-18 07:00:00,"M",38,"Docklands","VIC",82.86,"d0fb489f629345219a21acb2f1b2beac","CUS-1478398256","144.95","-37.82","debit","Tue","17:42:11","17","September"
"6290","authorized","1","ACC-1243371644","150.90","-33.78","POS","51f36393-7951-4b4a-b569-d1689f4b1cd3","Gregory",3852.56,2018-09-18 07:00:00,"M",42,"Dee Why","NSW",27.66,"63ff5acb80594651a747d560ea122830","CUS-3904958894","151.28","-33.76","debit","Tue","17:57:48","17","September"
"6291","posted",NA,"ACC-1344825761","151.09","-33.91","PAYMENT",NA,"Sarah",19170.08,2018-09-18 07:00:00,"F",46,NA,NA,45,"b7ed917a184e48958245615a792d8f3d","CUS-1499065773",NA,NA,"debit","Tue","18:00:00","18","September"
"6292","posted",NA,"ACC-38923874","151.27","-33.90","INTER BANK",NA,"Ryan",39398.31,2018-09-18 07:00:00,"M",38,NA,NA,29,"2361be1e8a1949febf5e974ba0e115cb","CUS-3249305314",NA,NA,"debit","Tue","18:00:00","18","September"
"6293","posted",NA,"ACC-3879258709","143.83","-37.66","PAYMENT",NA,"Natasha",199994.81,2018-09-18 07:00:00,"F",40,NA,NA,29,"9af5a4b395714c2cb1827aa2eeac3627","CUS-527400765",NA,NA,"debit","Tue","18:00:00","18","September"
"6294","authorized","1","ACC-4258502723","145.45","-37.74","SALES-POS","f0d7db8f-2e69-486d-8a2f-6ec33bb68fb3","Kimberly",3894.1,2018-09-18 07:00:00,"F",24,"Airport West","VIC",7.39,"61b6a2e144c54fac8e25dddecbee4b03","CUS-3378712515","144.89","-37.71","debit","Tue","18:27:44","18","September"
"6295","authorized","1","ACC-211792489","138.63","-34.93","SALES-POS","b9a914a9-e469-44f9-af45-2ccd34e5adac","Jacqueline",5171.47,2018-09-18 07:00:00,"F",30,"Port Lincoln","SA",62.71,"3ec03acdfba6442aa9f23507f5a6e4ed","CUS-497688347","135.86","-34.72","debit","Tue","18:59:59","18","September"
"6296","authorized","1","ACC-1443681913","150.92","-33.77","POS","0de914e5-d9d9-4dfa-aae8-6cae722a1c53","Ryan",4427.24,2018-09-18 07:00:00,"M",31,"Bass Hill","NSW",7.06,"70bba44dd4b04309b07d1e5b7b1176b5","CUS-3129499595","151","-33.9","debit","Tue","19:19:13","19","September"
"6297","authorized","1","ACC-3541460373","145.00","-37.83","SALES-POS","19cd8160-fb02-4288-89ea-e457cb22ea27","Jeffrey",3325.07,2018-09-18 07:00:00,"M",24,"Paddington","NSW",27.09,"8e587a98573b4549bc1f7e670339a253","CUS-1433879684","151.23","-33.88","debit","Tue","19:38:27","19","September"
"6298","authorized","1","ACC-211792489","138.63","-34.93","POS","00fde36e-134b-4a44-9eb2-4d51eab494f2","Jacqueline",5107.04,2018-09-18 07:00:00,"F",30,"Kilburn North","SA",64.43,"e3105e026ac64c83b7b817f013f9bc2c","CUS-497688347","138.58","-34.87","debit","Tue","19:57:41","19","September"
"6299","posted",NA,"ACC-1199531521","116.02","-31.87","PAYMENT",NA,"Billy",12828.72,2018-09-18 07:00:00,"M",52,NA,NA,20,"d326a658f6394242aefa0265dc0bd794","CUS-134833760",NA,NA,"debit","Tue","20:00:00","20","September"
"6300","posted",NA,"ACC-1349834573","145.17","-37.84","PAYMENT",NA,"Matthew",12106.93,2018-09-18 07:00:00,"M",39,NA,NA,34,"ac2a4c208d3449c6b9ff9044636bf724","CUS-1790886359",NA,NA,"debit","Tue","20:00:00","20","September"
"6301","posted",NA,"ACC-2673069055","152.99","-27.49","INTER BANK",NA,"Richard",18540,2018-09-18 07:00:00,"M",24,NA,NA,1910,"dd001442f6fc4d86a411222e9f447b5a","CUS-51506836",NA,NA,"debit","Tue","20:00:00","20","September"
"6302","authorized","0","ACC-2673069055","152.99","-27.49","SALES-POS","a6709743-af53-4d35-a5ae-d529b9ad399d","Richard",20450,2018-09-18 07:00:00,"M",24,"Sydney","NSW",11.81,"3e20eaab52454754abe577a127e8927e","CUS-51506836","151.21","-33.86","debit","Tue","20:21:27","20","September"
"6303","authorized","1","ACC-211792489","138.63","-34.93","SALES-POS","95feeef0-22e1-40ff-b7cb-ca6220234e20","Jacqueline",5045.78,2018-09-18 07:00:00,"F",30,"Vincentia","NSW",61.26,"9f110beddef54ff98b0ba5ae993aa337","CUS-497688347","150.66","-35.08","debit","Tue","20:45:51","20","September"
"6304","authorized","0","ACC-1222300524","151.23","-33.94","SALES-POS","1bbee098-5421-4236-961f-b93cf7a1c1e6","Michael",979.51,2018-09-18 07:00:00,"M",38,"Padstow","NSW",23.6,"26d0948314b246ee826f5abec3aaa0ab","CUS-2142601169","151.04","-33.95","debit","Tue","21:08:34","21","September"
"6305","authorized","1","ACC-1222300524","151.23","-33.94","POS","65633340-2daa-4ef9-9592-0a4194581db1","Michael",958.76,2018-09-18 07:00:00,"M",38,"Granville","NSW",20.75,"b8f2156add994181b06864b13a055f5d","CUS-2142601169","151.01","-33.84","debit","Tue","21:28:58","21","September"
"6306","authorized","1","ACC-574997646","150.79","-33.64","SALES-POS","82b10172-94af-4f92-9c4c-82b7c2e76d68","Mackenzie",2487.17,2018-09-18 07:00:00,"F",18,"Beaconsfield","NSW",1307.11,"d358ed64d7ab4eeaade009184292e703","CUS-586638664","151.2","-33.91","debit","Tue","21:49:23","21","September"
"6307","posted",NA,"ACC-1056639002","145.03","-37.91","PAYMENT",NA,"Michael",47714,2018-09-18 07:00:00,"M",22,NA,NA,163,"fac34bcda7dd451f9762bfe88c4fa10b","CUS-3462882033",NA,NA,"debit","Tue","22:00:00","22","September"
"6308","authorized","0","ACC-1598451071","153.41","-27.95","SALES-POS","1f740c9f-75ff-4562-a173-009a3cd55556","Diana",1727.48,2018-09-18 07:00:00,"F",26,"Mermaid Waters","QLD",2.28,"d6d3af40ec4d4012bb4160be94bdad55","CUS-2487424745","153.41","-28.05","debit","Tue","22:16:33","22","September"
"6309","authorized","1","ACC-2901672282","255.00","-573.00","SALES-POS","fe66093d-89d4-4bb8-ab80-a8366816ace0","Daniel",6967.8,2018-09-18 07:00:00,"M",22,"Sydney","NSW",42.15,"c3663c4643fc48178a0d0491a9372a15","CUS-1617121891","151.21","-33.87","debit","Tue","22:51:02","22","September"
"6310","posted",NA,"ACC-2901672282","255.00","-573.00","PAYMENT",NA,"Daniel",6927.8,2018-09-18 07:00:00,"M",22,NA,NA,40,"5f00756424db4ac681e239d131bb719e","CUS-1617121891",NA,NA,"debit","Tue","23:00:00","23","September"
"6311","authorized","1","ACC-1598451071","153.41","-27.95","SALES-POS","bec54cd6-3005-4704-86bb-3fa30d7ff16d","Diana",1719.55,2018-09-18 07:00:00,"F",26,"Miami","QLD",7.93,"174fbc4a764b4724823ee4310fadb22e","CUS-2487424745","153.44","-28.08","debit","Tue","23:16:05","23","September"
"6312","authorized","1","ACC-354106658","151.04","-33.80","SALES-POS","19778b77-0a69-41f6-af81-346746d14a87","Christine",15345.38,2018-09-18 07:00:00,"F",39,"Thirlmere","NSW",48.69,"2c90975c6749462cb661131ee1418648","CUS-2376382098","150.57","-34.19","debit","Tue","23:37:49","23","September"
"6313","authorized","1","ACC-414431115","142.77","-37.06","POS","dd84b7c1-a725-4da6-896a-15d1c788ccfe","Amy",3784.89,2018-09-18 07:00:00,"F",43,"Maryborough","VIC",17.07,"9d225c47382147edb294a84689159244","CUS-2599279756","143.74","-37.05","debit","Tue","23:59:33","23","September"
"6314","authorized","1","ACC-1598451071","153.41","-27.95","SALES-POS","fd8549ee-2267-4a84-b019-4538e3ecf9e0","Diana",1713.76,2018-09-19 07:00:00,"F",26,"Alexandra Hills","QLD",5.79,"284ab67698c74b828d54bd89f34a1493","CUS-2487424745","153.22","-27.52","debit","Wed","00:44:32","00","September"
"6315","authorized","1","ACC-2673069055","152.99","-27.49","SALES-POS","206e9f71-0576-48fd-8b88-0cd72191ef67","Richard",18531.07,2018-09-19 07:00:00,"M",24,"South Brisbane","QLD",8.93,"c1fa47ab94e1459099f56df50fb5f2ab","CUS-51506836","153.02","-27.48","debit","Wed","01:15:20","01","September"
"6316","authorized","1","ACC-3541460373","145.00","-37.83","SALES-POS","a7757fd8-1f60-4201-a7fd-b6c4cf90871c","Jeffrey",3281.66,2018-09-19 07:00:00,"M",24,"Lilydale","VIC",43.41,"31d5dd552166441592015db4e28b9f7e","CUS-1433879684","145.35","-37.76","debit","Wed","01:38:36","01","September"
"6317","authorized","1","ACC-2270192619","138.56","-35.27","POS","4a9092f7-260a-4ac8-b6ef-f751eaaf71d2","Darren",11790.03,2018-09-19 07:00:00,"M",20,"Adelaide","SA",9.01,"65f390ecc2494e4686a30ca311ef4c8a","CUS-2110742437","138.6","-34.92","debit","Wed","02:11:25","02","September"
"6318","authorized","0","ACC-354106658","151.04","-33.80","SALES-POS","fb652c27-58b0-4257-9b10-bfef39163eac","Christine",15327.54,2018-09-19 07:00:00,"F",39,"Randwick","NSW",17.84,"d866a7501e254441b8b3939703eddfb3","CUS-2376382098","151.24","-33.91","debit","Wed","04:18:44","04","September"
"6319","authorized","1","ACC-2681137560","151.11","-33.99","SALES-POS","0d334319-a990-47d5-9d01-ff172cf8448e","Nathaniel",7041.21,2018-09-19 07:00:00,"M",31,"Fairfield","NSW",21.75,"3c5842f6ebac4ac29a422ac1ad69a134","CUS-2083971310","150.96","-33.87","debit","Wed","04:49:59","04","September"
"6320","posted",NA,"ACC-1344825761","151.09","-33.91","PAYMENT",NA,"Sarah",19015.08,2018-09-19 07:00:00,"F",46,NA,NA,155,"d151a61b44a4421bbb005c00d3bad0f7","CUS-1499065773",NA,NA,"debit","Wed","05:00:00","05","September"
"6321","posted",NA,"ACC-3879258709","143.83","-37.66","PAYMENT",NA,"Natasha",199825.81,2018-09-19 07:00:00,"F",40,NA,NA,169,"2a7a6a092bf1442ab3f8a43f76294108","CUS-527400765",NA,NA,"debit","Wed","05:00:00","05","September"
"6322","posted",NA,"ACC-602667573","151.23","-33.96","INTER BANK",NA,"Michael",13235.24,2018-09-19 07:00:00,"M",40,NA,NA,21,"531ff2d2829a4af8bb12e75d6386defb","CUS-2031327464",NA,NA,"debit","Wed","06:00:00","06","September"
"6323","posted",NA,"ACC-2171593283","146.94","-36.04","PAYMENT",NA,"Fernando",10817.14,2018-09-19 07:00:00,"M",19,NA,NA,27,"36be5698b8a44274a9d906863447d903","CUS-2317998716",NA,NA,"debit","Wed","06:00:00","06","September"
"6324","posted",NA,"ACC-1334819143","145.13","-37.70","PAYMENT",NA,"Christopher",62299.84,2018-09-19 07:00:00,"M",33,NA,NA,111,"40f5433ccea941b9a8dedfe3e2a7dffc","CUS-3117610635",NA,NA,"debit","Wed","06:00:00","06","September"
"6325","posted",NA,"ACC-2776252858","144.95","-37.76","PAYMENT",NA,"Kristin",4352.87,2018-09-19 07:00:00,"F",43,NA,NA,29,"65da4d270b1749eaa25bc6c95b27f089","CUS-4123612273",NA,NA,"debit","Wed","06:00:00","06","September"
"6326","authorized","1","ACC-1222300524","151.23","-33.94","POS","58e9515d-2cdf-4f69-94d7-47d9fbf54e7a","Michael",901.77,2018-09-19 07:00:00,"M",38,"Mascot","NSW",56.99,"26baff56846244a591c512654dd01813","CUS-2142601169","151.18","-33.92","debit","Wed","06:39:59","06","September"
"6327","posted",NA,"ACC-588564840","151.27","-33.76","INTER BANK",NA,"Isaiah",15284.22,2018-09-19 07:00:00,"M",23,NA,NA,25,"140698c9cfaa47488365d2d21ba2ab36","CUS-1462656821",NA,NA,"debit","Wed","07:00:00","07","September"
"6328","posted",NA,"ACC-1496451953","145.16","-37.84","INTER BANK",NA,"Ricky",13132.57,2018-09-19 07:00:00,"M",43,NA,NA,39,"e5d1270441284ab5aec074291a7e42b2","CUS-3142625864",NA,NA,"debit","Wed","07:00:00","07","September"
"6329","posted",NA,"ACC-3941181087","115.79","-31.94","INTER BANK",NA,"Paul",7485.88,2018-09-19 07:00:00,"M",25,NA,NA,192,"037a033b16fe4b7295f0573c0c0f7cb6","CUS-3989008654",NA,NA,"debit","Wed","07:00:00","07","September"
"6330","posted",NA,"ACC-211792489","138.63","-34.93","PAYMENT",NA,"Jacqueline",4877.78,2018-09-19 07:00:00,"F",30,NA,NA,168,"804453ed0a5b45bd91ea4a7d2b40c654","CUS-497688347",NA,NA,"debit","Wed","07:00:00","07","September"
"6331","authorized","1","ACC-1608363396","151.22","-33.87","SALES-POS","d2372bc1-5983-4d93-8759-489362ab5377","Robert",5577.12,2018-09-19 07:00:00,"M",20,"Kadina","SA",39.51,"42f6cf930fd840669408d650eae35033","CUS-2688605418","137.72","-33.96","debit","Wed","07:32:29","07","September"
"6332","posted",NA,"ACC-2014856841","144.99","-37.90","INTER BANK",NA,"Patrick",262389.15,2018-09-19 07:00:00,"M",46,NA,NA,22,"63c1b6a805bc41408f96ff08d792cbca","CUS-2370108457",NA,NA,"debit","Wed","08:00:00","08","September"
"6333","posted",NA,"ACC-4163822186","149.03","-34.97","PAYMENT",NA,"Karen",7310.51,2018-09-19 07:00:00,"F",26,NA,NA,55,"9f1842542ea7441e9089bb201ed71d66","CUS-2630892467",NA,NA,"debit","Wed","08:00:00","08","September"
"6334","posted",NA,"ACC-3954677887","115.72","-32.28","PAYMENT",NA,"Ruth",6763.13,2018-09-19 07:00:00,"F",47,NA,NA,58,"408b4c0642c649d899fa1cd46d6ca2bc","CUS-3716701010",NA,NA,"debit","Wed","08:00:00","08","September"
"6335","authorized","1","ACC-182446574","116.06","-32.00","POS","326be4c0-2e6d-4b4a-bc3d-c26abe723c9f","Tonya",6621.29,2018-09-19 07:00:00,"F",27,"Hilton","WA",18.62,"67d0cc749a934e03a5a6ec44f7469c6b","CUS-3026014945","115.78","-32.06","debit","Wed","08:02:54","08","September"
"6336","authorized","1","ACC-38923874","151.27","-33.90","POS","d2372bc1-5983-4d93-8759-489362ab5377","Ryan",39339.8,2018-09-19 07:00:00,"M",38,"Kadina","SA",58.51,"2f3f17b5a87a456db7d496df169c7b83","CUS-3249305314","137.72","-33.96","debit","Wed","08:11:27","08","September"
"6337","authorized","0","ACC-38923874","151.27","-33.90","POS","fe257a32-9aaf-4689-a309-23d952424071","Ryan",39275.13,2018-09-19 07:00:00,"M",38,"Melbourne","VIC",64.67,"45b4c864e2c748c5857f4c779fbcdf46","CUS-3249305314","144.96","-37.82","debit","Wed","08:19:59","08","September"
"6338","authorized","0","ACC-1222300524","151.23","-33.94","SALES-POS","4d67f493-f181-4480-be5e-215c36812157","Michael",891.28,2018-09-19 07:00:00,"M",38,"Green Valley","NSW",10.49,"40a7003b8ac34aa39994f85ced99683e","CUS-2142601169","150.87","-33.91","debit","Wed","08:28:32","08","September"
"6339","authorized","1","ACC-90814749","151.68","-32.98","SALES-POS","018eef24-15d1-480b-82c7-616d1588ccdd","Christopher",9874.48,2018-09-19 07:00:00,"M",35,"Narrogin","WA",13.72,"caa377618b034dec8a6eda31c73a7d2d","CUS-1896554896","117.18","-32.94","debit","Wed","08:37:05","08","September"
"6340","authorized","1","ACC-574997646","150.79","-33.64","POS","7ee161ae-2fe3-4195-b339-448457dcf085","Mackenzie",2467.06,2018-09-19 07:00:00,"F",18,"Richmond","NSW",20.11,"aebec4e64aa84a5eafb368e63414eeea","CUS-586638664","150.75","-33.6","debit","Wed","08:45:38","08","September"
"6341","authorized","1","ACC-1222300524","151.23","-33.94","SALES-POS","6d74ef2f-57b5-4c6b-93a3-bbd3bb7ab8e4","Michael",872.1,2018-09-19 07:00:00,"M",38,"Mortdale","NSW",19.18,"81425b5b39c142698b3fa3cdb4ad4edf","CUS-2142601169","151.08","-33.97","debit","Wed","08:54:11","08","September"
"6342","posted",NA,"ACC-354106658","151.04","-33.80","INTER BANK",NA,"Christine",15302.54,2018-09-19 07:00:00,"F",39,NA,NA,25,"9fecbe7538e3413eacaa72cc451da3aa","CUS-2376382098",NA,NA,"debit","Wed","09:00:00","09","September"
"6343","posted",NA,"ACC-1443681913","150.92","-33.77","PAYMENT",NA,"Ryan",4391.24,2018-09-19 07:00:00,"M",31,NA,NA,36,"35ca873384c2406d8467380c342dec1d","CUS-3129499595",NA,NA,"debit","Wed","09:00:00","09","September"
"6344","authorized","1","ACC-3689607373","115.79","-31.79","POS","2d97a89b-8ded-4e13-9d64-da1793a29eae","Virginia",5475.51,2018-09-19 07:00:00,"F",20,"Laurieton","NSW",36.36,"7afae830851b4cbf8e5fd7c3d624ec57","CUS-127297539","152.8","-31.65","debit","Wed","09:01:42","09","September"
"6345","authorized","1","ACC-3741880913","150.50","-23.40","SALES-POS","0d9b4621-238e-4057-8e52-809fc42aaebd","Ashley",8959.24,2018-09-19 07:00:00,"F",25,"Berserker","QLD",168.74,"d096e90c2c25438e9cbc9d16cec4835a","CUS-1220154422","150.52","-23.36","debit","Wed","09:07:03","09","September"
"6346","authorized","0","ACC-182446574","116.06","-32.00","SALES-POS","e957b3e1-e8d7-49a4-98a9-e5feba8b1a74","Tonya",6581.92,2018-09-19 07:00:00,"F",27,"Bondi Junction","NSW",39.37,"6b3660da179440a891fb08cfc6025a68","CUS-3026014945","151.25","-33.89","debit","Wed","09:12:24","09","September"
"6347","authorized","1","ACC-90814749","151.68","-32.98","SALES-POS","e1a66027-c32d-4496-8893-09133188b1ec","Christopher",9865.18,2018-09-19 07:00:00,"M",35,"Kotara","NSW",9.3,"2ff30eae601f4691be31a86d867e2d25","CUS-1896554896","151.71","-32.94","debit","Wed","09:17:45","09","September"
"6348","authorized","1","ACC-958000567","130.90","-12.37","POS","7f200fca-0af9-471c-a81a-6704489e8f3a","Sandra",8563.55,2018-09-19 07:00:00,"F",34,"Muirhead","NT",8.3,"bec18282d46e44ff9961104539f1166e","CUS-4142663097","130.9","-12.36","debit","Wed","09:23:06","09","September"
"6349","authorized","1","ACC-2901672282","255.00","-573.00","POS","3647e656-341b-4fc7-b46e-d4b5fd2c93d4","Daniel",6795.17,2018-09-19 07:00:00,"M",22,"Alexandria","NSW",132.63,"e0781124736d4dfbb43b1f17ebaa4c77","CUS-1617121891","151.2","-33.9","debit","Wed","09:28:26","09","September"
"6350","authorized","1","ACC-819621312","145.04","-37.85","POS","e2286df2-81db-4396-9078-5ef1e4073831","Michele",5394.48,2018-09-19 07:00:00,"F",30,"Kingsbury","VIC",34.75,"36984a3a8a1f4a928e6c7223efe523ee","CUS-1271030853","145.06","-37.7","debit","Wed","09:33:47","09","September"
"6351","authorized","1","ACC-819621312","145.04","-37.85","SALES-POS","d6a3deff-35b5-45a7-a536-30891f40cfc7","Michele",5374.36,2018-09-19 07:00:00,"F",30,"Melbourne","VIC",20.12,"6df2a1768ad447e2b31cad550ad96adc","CUS-1271030853","144.96","-37.81","debit","Wed","09:39:08","09","September"
"6352","authorized","1","ACC-1222300524","151.23","-33.94","POS","d1c66cfe-1569-4918-bbb2-ca9f76a14e08","Michael",863.01,2018-09-19 07:00:00,"M",38,"Sydney","NSW",9.09,"e0da5a8c65914910a9718b9d245891b4","CUS-2142601169","151.2","-33.87","debit","Wed","09:44:29","09","September"
"6353","authorized","1","ACC-854938045","147.63","-22.84","POS","fd0fd393-5324-45a7-b68a-fa035f53cef1","James",12283.73,2018-09-19 07:00:00,"M",28,"Glen Iris","VIC",23.56,"0e0ec8c199b3480488e225af64c4c582","CUS-4023861240","145.05","-37.86","debit","Wed","09:49:50","09","September"
"6354","authorized","1","ACC-2270192619","138.56","-35.27","SALES-POS","7f91b94c-2473-4cdb-b83f-f7a9412b880b","Darren",11782.07,2018-09-19 07:00:00,"M",20,"Braddon","ACT",7.96,"273e450aa4624cb3b7d1f8159d4db8e0","CUS-2110742437","149.13","-35.27","debit","Wed","09:55:11","09","September"
"6355","posted",NA,"ACC-1199531521","116.02","-31.87","PAYMENT",NA,"Billy",10871.72,2018-09-19 07:00:00,"M",52,NA,NA,1957,"2b4802c1ca014b3fae4512e4d94470f2","CUS-134833760",NA,NA,"debit","Wed","10:00:00","10","September"
"6356","posted",NA,"ACC-1037050564","153.10","-27.66","PAYMENT",NA,"Rhonda",4114.65,2018-09-19 07:00:00,"F",40,NA,NA,32,"0c7497c943844ce8aad30ad8338a939f","CUS-1614226872",NA,NA,"debit","Wed","10:00:00","10","September"
"6357","posted",NA,"ACC-1799207998","150.68","-33.79","INTER BANK",NA,"Susan",6919.37,2018-09-19 07:00:00,"F",20,NA,NA,39,"5782388e9b844eb18cd2d94b1c0fe85f","CUS-164374203",NA,NA,"debit","Wed","10:00:00","10","September"
"6358","posted",NA,"ACC-2107684084","145.03","-37.88","PAYMENT",NA,"Richard",7201.18,2018-09-19 07:00:00,"M",22,NA,NA,34,"7b94f2986ad14a958a270ecb2da27ea5","CUS-2283904812",NA,NA,"debit","Wed","10:00:00","10","September"
"6359","posted",NA,"ACC-2173390920","144.71","-37.58","PAYMENT",NA,"Luis",7168.52,2018-09-19 07:00:00,"M",27,NA,NA,29,"047d3246c6894150bb27fb815e960fc6","CUS-3180318393",NA,NA,"debit","Wed","10:00:00","10","September"
"6360","posted",NA,"ACC-966140392","147.08","-37.97","PAYMENT",NA,"Joseph",6791.24,2018-09-19 07:00:00,"M",21,NA,NA,30,"486dd471477f4e6d9bccca91fd3b51c8","CUS-537508723",NA,NA,"debit","Wed","10:00:00","10","September"
"6361","authorized","1","ACC-819621312","145.04","-37.85","SALES-POS","934890a0-37c4-4745-be2f-271aa98c235a","Michele",5361.99,2018-09-19 07:00:00,"F",30,"Point Cook","VIC",12.37,"ddbe83c550da4c16a50b3d66fc3c6894","CUS-1271030853","144.73","-37.88","debit","Wed","10:09:49","10","September"
"6362","authorized","1","ACC-3084464802","145.15","-37.76","POS","46a57a24-c922-4ed2-96c6-e012b4e2c8d3","Susan",5315.73,2018-09-19 07:00:00,"F",19,"SYDNEY","NSW",77.19,"9f1f48ea3cc549d48a11560988658627","CUS-1928710999","151.21","-33.88","debit","Wed","10:18:44","10","September"
"6363","authorized","1","ACC-1608363396","151.22","-33.87","SALES-POS","699e62c6-1ee3-4051-affb-b8032953afd8","Robert",5431.82,2018-09-19 07:00:00,"M",20,"Drummoyne","NSW",145.3,"6eaaa234f1404ae58424cff01db32d26","CUS-2688605418","151.16","-33.85","debit","Wed","10:27:40","10","September"
"6364","authorized","1","ACC-966140392","147.08","-37.97","POS","4c4bfc7b-72a9-493f-91fe-f540f55dbe1c","Joseph",6851.58,2018-09-19 07:00:00,"M",21,"Armadale","VIC",19.58,"a4a10e14934341abaa4ea0dbbb4e117f","CUS-537508723","145.03","-37.86","debit","Wed","10:36:36","10","September"
"6365","authorized","1","ACC-966140392","147.08","-37.97","POS","ab1f8945-4a5e-40b8-9875-08d15b2c7c73","Joseph",6842.51,2018-09-19 07:00:00,"M",21,"Heidelberg West","VIC",9.07,"5d4569d2673b49f8b0b112f5eb1f6daa","CUS-537508723","145.04","-37.75","debit","Wed","10:45:32","10","September"
"6366","authorized","0","ACC-966140392","147.08","-37.97","SALES-POS","f600d2d8-6d0d-49ed-896e-474109610f19","Joseph",6821.24,2018-09-19 07:00:00,"M",21,"Endeavour Hills","VIC",21.27,"85d9a2cb422240aca2e4c6382043c770","CUS-537508723","145.25","-37.97","debit","Wed","10:54:27","10","September"
"6367","authorized","0","ACC-182446574","116.06","-32.00","SALES-POS","ed58e1b1-e3b9-4159-8ca5-01a64eae3580","Tonya",6568.54,2018-09-19 07:00:00,"F",27,"Booragoon","WA",13.38,"236a9a878fe04956a4f11eaa3f62a532","CUS-3026014945","115.84","-32.03","debit","Wed","11:02:21","11","September"
"6368","authorized","1","ACC-2673069055","152.99","-27.49","SALES-POS","b0367e17-47cc-4360-a8ca-62f8eb43fa8b","Richard",18514.27,2018-09-19 07:00:00,"M",24,"Kenmore","QLD",16.8,"f05807d65fdd476a95cfca10ac4d73f2","CUS-51506836","152.94","-27.51","debit","Wed","11:08:34","11","September"
"6369","authorized","1","ACC-1608363396","151.22","-33.87","POS","1494b559-da20-4557-a0ba-cf1859f42748","Robert",5410.2,2018-09-19 07:00:00,"M",20,"Zetland","NSW",21.62,"d21423e15cb142a0a31ba1b1a637b80a","CUS-2688605418","151.21","-33.91","debit","Wed","11:14:46","11","September"
"6370","authorized","0","ACC-1222300524","151.23","-33.94","SALES-POS","0bbb6cf4-2b52-40d2-87bc-260688679d24","Michael",855.13,2018-09-19 07:00:00,"M",38,"Blacktown","NSW",7.88,"95c793308d434f8c8f6d11a62b83931e","CUS-2142601169","150.91","-33.77","debit","Wed","11:20:59","11","September"
"6371","authorized","1","ACC-90814749","151.68","-32.98","SALES-POS","cc64c86b-30e3-4bed-ac9b-a1faa39946b2","Christopher",9806.68,2018-09-19 07:00:00,"M",35,"Narrogin","WA",58.5,"cb98c31823044d76897ce089d69254f2","CUS-1896554896","117.18","-32.94","debit","Wed","11:27:12","11","September"
"6372","authorized","1","ACC-966140392","147.08","-37.97","POS","df25a4bb-4407-4b91-b269-aa94f6b78ae7","Joseph",6755.95,2018-09-19 07:00:00,"M",21,"Highton","VIC",35.29,"48c581b258104f1b97423c0359ef323f","CUS-537508723","144.32","-38.2","debit","Wed","11:33:24","11","September"
"6373","authorized","0","ACC-182446574","116.06","-32.00","SALES-POS","8b80dbad-10e8-4ad3-a491-d0d94f318be7","Tonya",6550.15,2018-09-19 07:00:00,"F",27,"Armadale","WA",18.39,"2f0288696e2844379b647157eaf45916","CUS-3026014945","116.01","-32.15","debit","Wed","11:39:37","11","September"
"6374","authorized","0","ACC-966140392","147.08","-37.97","POS","9633dc31-66bc-4b99-b578-fba71694452c","Joseph",6676.08,2018-09-19 07:00:00,"M",21,"Rivervale","WA",79.87,"734c10ece9de42c1a4b0eb834f398d7b","CUS-537508723","115.91","-31.96","debit","Wed","11:45:50","11","September"
"6375","authorized","1","ACC-3741880913","150.50","-23.40","SALES-POS","fe89d1fa-f803-47e8-aa9b-ec996ce2593e","Ashley",8875.09,2018-09-19 07:00:00,"F",25,"Braemar","NSW",84.15,"f07a01013ba54e9aba3e7ccd26e0458f","CUS-1220154422","150.49","-34.43","debit","Wed","11:52:02","11","September"
"6376","authorized","0","ACC-1683215619","138.67","-34.86","SALES-POS","cb30f6ec-72d1-41f9-bac8-5fe28a48f093","Barry",8858.41,2018-09-19 07:00:00,"M",38,"Yass","NSW",22,"c701150f3fd3464e82daf9bcc4b1a769","CUS-1604596597","148.91","-34.83","debit","Wed","11:58:15","11","September"
"6377","posted",NA,"ACC-3084464802","145.15","-37.76","PAY/SALARY",NA,"Susan",7801.1,2018-09-19 07:00:00,"F",19,NA,NA,2485.37,"385d6f254bf94f25b304ff73ef406cf1","CUS-1928710999",NA,NA,"credit","Wed","12:00:00","12","September"
"6378","posted",NA,"ACC-1650504218","145.01","-37.93","PAY/SALARY",NA,"Marissa",11435.44,2018-09-19 07:00:00,"F",23,NA,NA,1626.48,"2b7768d21f034aa9af05d0c9b35d0415","CUS-2500783281",NA,NA,"credit","Wed","12:00:00","12","September"
"6379","posted",NA,"ACC-4163822186","149.03","-34.97","PAYMENT",NA,"Karen",7264.51,2018-09-19 07:00:00,"F",26,NA,NA,46,"48be7bdb14544d3a9ea5f1ac847895f4","CUS-2630892467",NA,NA,"debit","Wed","12:00:00","12","September"
"6380","posted",NA,"ACC-182446574","116.06","-32.00","INTER BANK",NA,"Tonya",6493.15,2018-09-19 07:00:00,"F",27,NA,NA,57,"e841a5883a10484b82620bdb9a3584f9","CUS-3026014945",NA,NA,"debit","Wed","12:00:00","12","September"
"6381","posted",NA,"ACC-3326339947","151.18","-33.80","PAY/SALARY",NA,"Eric",8775.14,2018-09-19 07:00:00,"M",22,NA,NA,983.36,"3ec14f453ab24800a4227d52476c48b4","CUS-326006476",NA,NA,"credit","Wed","12:00:00","12","September"
"6382","authorized","1","ACC-2107684084","145.03","-37.88","POS","4700f1bb-010a-43d6-91fa-0c1110bed731","Richard",7120.68,2018-09-19 07:00:00,"M",22,"Melbourne","VIC",80.5,"e5e3a565a71f4acb849cbebcacb19554","CUS-2283904812","144.96","-37.81","debit","Wed","12:13:19","12","September"
"6383","authorized","1","ACC-1222300524","151.23","-33.94","SALES-POS","ab7309b7-ad87-4d24-bd87-111c70b56759","Michael",831.93,2018-09-19 07:00:00,"M",38,"Melbourne","VIC",23.2,"4551fc93f60f4b1b907f781ed8912c41","CUS-2142601169","144.97","-37.84","debit","Wed","12:31:51","12","September"
"6384","authorized","1","ACC-819621312","145.04","-37.85","POS","f0eafe9c-a6de-4e93-8841-593cf4e67ff3","Michele",5323.72,2018-09-19 07:00:00,"F",30,"Glen Waverley","VIC",38.27,"39b0976faf114dcb8a988988a5ee699a","CUS-1271030853","145.16","-37.89","debit","Wed","12:50:22","12","September"
"6385","posted",NA,"ACC-721712940","145.09","-37.82","PHONE BANK",NA,"Andrew",54474.64,2018-09-19 07:00:00,"M",78,NA,NA,150,"cfb059a111c84e3e9f902f0406973b62","CUS-1646183815",NA,NA,"debit","Wed","13:00:00","13","September"
"6386","posted",NA,"ACC-1650504218","145.01","-37.93","PAYMENT",NA,"Marissa",11307.44,2018-09-19 07:00:00,"F",23,NA,NA,128,"ae0aa4d0636b4f6b8d0fa8bd8d4879d6","CUS-2500783281",NA,NA,"debit","Wed","13:00:00","13","September"
"6387","posted",NA,"ACC-38923874","151.27","-33.90","PAYMENT",NA,"Ryan",39195.13,2018-09-19 07:00:00,"M",38,NA,NA,80,"7e67d8874fcf448089351f5772c7b843","CUS-3249305314",NA,NA,"debit","Wed","13:00:00","13","September"
"6388","posted",NA,"ACC-1516130869","130.84","-12.45","PAY/SALARY",NA,"Jessica",5042.29,2018-09-19 07:00:00,"F",21,NA,NA,2306.63,"ba5f73ed90a242499fd77a2405e3e766","CUS-325142416",NA,NA,"credit","Wed","13:00:00","13","September"
"6389","posted",NA,"ACC-2776252858","144.95","-37.76","PAY/SALARY",NA,"Kristin",5420.91,2018-09-19 07:00:00,"F",43,NA,NA,1068.04,"1b0f7eaad32945249589f2a2f968a659","CUS-4123612273",NA,NA,"credit","Wed","13:00:00","13","September"
"6390","authorized","1","ACC-2901672282","255.00","-573.00","POS","04f1f4ef-1ffa-4038-9ff2-e2924bdd6efb","Daniel",6738.26,2018-09-19 07:00:00,"M",22,"Ashmore","QLD",56.91,"5f78e56befc142b380df710d100086ff","CUS-1617121891","153.34","-27.98","debit","Wed","13:09:24","13","September"
"6391","authorized","1","ACC-958000567","130.90","-12.37","POS","ed0a9483-d142-44b0-a5d4-4aa2a8daaab1","Sandra",8550.27,2018-09-19 07:00:00,"F",34,"Darwin City","NT",13.28,"4d0d9be867fc4668ab3322e3c392bf77","CUS-4142663097","130.84","-12.46","debit","Wed","13:29:01","13","September"
"6392","authorized","1","ACC-2673069055","152.99","-27.49","POS","7ddd2b1f-49e4-47db-a51a-63fc7ac38817","Richard",18498.7,2018-09-19 07:00:00,"M",24,"Sunnybank Hills","QLD",15.57,"3594dcbf6a2a446b8525096c1fd01e89","CUS-51506836","153.06","-27.59","debit","Wed","13:48:37","13","September"
"6393","posted",NA,"ACC-964839203","146.92","-36.07","PAYMENT",NA,"Michael",34710.67,2018-09-19 07:00:00,"M",21,NA,NA,72,"636a6748b1454945bebc004e91375b27","CUS-2059096722",NA,NA,"debit","Wed","14:00:00","14","September"
"6394","posted",NA,"ACC-1598451071","153.41","-27.95","PAY/SALARY",NA,"Diana",2727.43,2018-09-19 07:00:00,"F",26,NA,NA,1013.67,"63a5b2fc882e4a3a9704be310b85225d","CUS-2487424745",NA,NA,"credit","Wed","14:00:00","14","September"
"6395","posted",NA,"ACC-240804743","121.48","-30.75","PAYMENT",NA,"Kenneth",15126.33,2018-09-19 07:00:00,"M",29,NA,NA,56,"f93cf0d9e3d94fb998c9db8c7c6aa3d7","CUS-261674136",NA,NA,"debit","Wed","14:00:00","14","September"
"6396","authorized","1","ACC-3084464802","145.15","-37.76","SALES-POS","08ecf547-7c8e-4a48-8b3b-4bc73ef65c02","Susan",7790.43,2018-09-19 07:00:00,"F",19,"Mount Gambier","SA",10.67,"b7927e2e27e54c1ab7875af98b581a9f","CUS-1928710999","140.79","-37.81","debit","Wed","14:04:07","14","September"
"6397","authorized","1","ACC-1443681913","150.92","-33.77","SALES-POS","142d45ab-8d51-47d2-87ad-cb2bbf7e23fc","Ryan",4367.79,2018-09-19 07:00:00,"M",31,"Margaret River","WA",23.45,"d26abb53eaf642b6b4ca015bef62b797","CUS-3129499595","115.07","-33.95","debit","Wed","14:13:55","14","September"
"6398","authorized","1","ACC-2901672282","255.00","-573.00","SALES-POS","0888ed2d-076f-4688-a446-28a0af4cc360","Daniel",6652.51,2018-09-19 07:00:00,"M",22,"Sydney","NSW",85.75,"5f836ccbd110475a98b6449cdd5b2f8a","CUS-1617121891","151.21","-33.87","debit","Wed","14:23:43","14","September"
"6399","authorized","1","ACC-854938045","147.63","-22.84","POS","47392c25-91e7-4803-9a4c-f26571922b85","James",12245.15,2018-09-19 07:00:00,"M",28,"Camberwell","VIC",38.58,"a4704aa80c1f41998773290ae1f04157","CUS-4023861240","145.08","-37.83","debit","Wed","14:33:31","14","September"
"6400","authorized","1","ACC-2673069055","152.99","-27.49","SALES-POS","c6e24dac-a68f-4db8-9c3c-33d2ebd86f22","Richard",18493.18,2018-09-19 07:00:00,"M",24,"Kedron","QLD",5.52,"87869539cb4e40998af6e5fb022a17b3","CUS-51506836","153.04","-27.42","debit","Wed","14:43:19","14","September"
"6401","authorized","1","ACC-1890605467","143.88","-37.66","SALES-POS","18625e36-e8c7-4ca4-a0fc-9a4bb4f28bff","Alexander",12959.54,2018-09-19 07:00:00,"M",38,"Diamond Creek","VIC",13.83,"594ab8b98001472ca426b4bcc14c6616","CUS-1478398256","145.16","-37.67","debit","Wed","14:53:08","14","September"
"6402","posted",NA,"ACC-2305712452","138.61","-34.89","PAYMENT",NA,"Debra",4318.21,2018-09-19 07:00:00,"F",18,NA,NA,36,"e6bc862c037242c596f62741ac9abfda","CUS-1842679196",NA,NA,"debit","Wed","15:00:00","15","September"
"6403","posted",NA,"ACC-38923874","151.27","-33.90","PAYMENT",NA,"Ryan",39160.13,2018-09-19 07:00:00,"M",38,NA,NA,35,"d289c2fe3e854e67a37337879a856b78","CUS-3249305314",NA,NA,"debit","Wed","15:00:00","15","September"
"6404","authorized","1","ACC-958000567","130.90","-12.37","SALES-POS","d6d6bb87-b92b-4ee5-99cf-aeb4f7b60c6f","Sandra",8511.46,2018-09-19 07:00:00,"F",34,"Batchelor","NT",38.81,"d3c46e3e8b534969964654567b42a658","CUS-4142663097","131.02","-13.05","debit","Wed","15:01:44","15","September"
"6405","authorized","1","ACC-966140392","147.08","-37.97","POS","ffcc5e3d-1bb8-4357-9e08-7ac5e20ed4c9","Joseph",6644.6,2018-09-19 07:00:00,"M",21,"Carrum Downs","VIC",31.48,"0632fe91ba5e4f7ba969d33ed25df4c4","CUS-537508723","145.19","-38.1","debit","Wed","15:07:33","15","September"
"6406","authorized","0","ACC-574997646","150.79","-33.64","SALES-POS","dc4dd283-2d33-4ef8-966d-96b61ce95a4b","Mackenzie",2430.42,2018-09-19 07:00:00,"F",18,"Dunsborough","WA",36.64,"342ecfd3dc924c70b8d4e11cc270f9bd","CUS-586638664","115.11","-33.62","debit","Wed","15:13:22","15","September"
"6407","authorized","0","ACC-2231965366","144.96","-37.84","POS","031cd041-d76e-40a8-a5ec-d2abfe1f0401","Linda",16398.04,2018-09-19 07:00:00,"F",35,"Docklands","VIC",9.85,"06a99afdfde74889ad71b96e6c3976c9","CUS-2155701614","144.95","-37.82","debit","Wed","15:19:11","15","September"
"6408","authorized","1","ACC-1903037542","153.05","-27.61","POS","176a01ec-0cd5-4763-88e5-563d120ed7ad","Jeffrey",3205.07,2018-09-19 07:00:00,"M",30,"Brisbane City","QLD",31.35,"e6ac133b59f641bdab7f4a6360878cbb","CUS-860700529","153.02","-27.47","debit","Wed","15:24:59","15","September"
"6409","authorized","1","ACC-1903037542","153.05","-27.61","POS","f0b50df1-e111-4d7d-819a-e0454bc8513c","Jeffrey",3186.4,2018-09-19 07:00:00,"M",30,"Lake Cathie","NSW",18.67,"e20b8811b5e940cd836688327e8ad002","CUS-860700529","152.85","-31.55","debit","Wed","15:30:48","15","September"
"6410","authorized","1","ACC-3485804958","138.52","-35.01","POS","13b56cec-9433-473e-a12f-5c81d27a24ae","Jessica",23077.84,2018-09-19 07:00:00,"F",34,"Albany","WA",11.55,"805baa0e19014190b6e3c7b0e607865f","CUS-1196156254","117.88","-35.02","debit","Wed","15:36:37","15","September"
"6411","authorized","1","ACC-2673069055","152.99","-27.49","POS","1bb56657-3576-4e98-bd10-203c737f1e3b","Richard",18484.17,2018-09-19 07:00:00,"M",24,"Toowoomba City","QLD",9.01,"b74d1af71cfb4c329238b1c577374f8e","CUS-51506836","151.96","-27.57","debit","Wed","15:42:26","15","September"
"6412","authorized","1","ACC-1683215619","138.67","-34.86","POS","a50076c2-94a8-4d85-9c15-35ce2c31c67f","Barry",8847.02,2018-09-19 07:00:00,"M",38,"Adelaide","SA",11.39,"7aa010871ea341378f062bfdaa940a74","CUS-1604596597","138.59","-34.92","debit","Wed","15:48:15","15","September"
"6413","authorized","1","ACC-1056639002","145.03","-37.91","SALES-POS","941a066b-ac42-4ba4-b425-fabdd20547ba","Michael",47684.13,2018-09-19 07:00:00,"M",22,"Chirnside Park","VIC",29.87,"5826c52147e742dabaaf594e64a574d3","CUS-3462882033","145.31","-37.76","debit","Wed","15:54:04","15","September"
"6414","authorized","1","ACC-958000567","130.90","-12.37","SALES-POS","4af9af34-b5de-4063-bd48-664840bbaea2","Sandra",8470.1,2018-09-19 07:00:00,"F",34,"Holtze","NT",41.36,"64cce5fccfbc471292cb8c5ea0ab5465","CUS-4142663097","130.97","-12.45","debit","Wed","15:59:53","15","September"
"6415","posted",NA,"ACC-4065652575","115.81","-31.82","PAYMENT",NA,"Lucas",10766.16,2018-09-19 07:00:00,"M",21,NA,NA,55,"3573e17264464e34bddf25026e7a29d2","CUS-1117979751",NA,NA,"debit","Wed","16:00:00","16","September"
"6416","posted",NA,"ACC-1799207998","150.68","-33.79","PAYMENT",NA,"Susan",6884.37,2018-09-19 07:00:00,"F",20,NA,NA,35,"2af22cc02f884b0d8aaa52dba6c3dc2d","CUS-164374203",NA,NA,"debit","Wed","16:00:00","16","September"
"6417","posted",NA,"ACC-1973887809","115.78","-31.90","PAY/SALARY",NA,"Antonio",6638.45,2018-09-19 07:00:00,"M",26,NA,NA,1098.91,"b6adef7a821940d9935cd3803281be48","CUS-1646621553",NA,NA,"credit","Wed","16:00:00","16","September"
"6418","posted",NA,"ACC-1443681913","150.92","-33.77","PAYMENT",NA,"Ryan",4254.79,2018-09-19 07:00:00,"M",31,NA,NA,113,"8599e720eeea417a8f252917892defea","CUS-3129499595",NA,NA,"debit","Wed","16:00:00","16","September"
"6419","authorized","1","ACC-1608363396","151.22","-33.87","SALES-POS","bc51596f-a3e1-4601-bf5f-89c26e4272ee","Robert",5371.52,2018-09-19 07:00:00,"M",20,"Naremburn","NSW",38.68,"1057130a3b4e4304b7f538b55e051cba","CUS-2688605418","151.2","-33.82","debit","Wed","16:18:08","16","September"
"6420","authorized","1","ACC-182446574","116.06","-32.00","SALES-POS","576dc70d-eaf7-43e8-9382-09fd22a66854","Tonya",6478.42,2018-09-19 07:00:00,"F",27,"Woodlands","WA",14.73,"469ba70cf1ce40a88adce5f46160c5f5","CUS-3026014945","115.8","-31.9","debit","Wed","16:36:39","16","September"
"6421","authorized","0","ACC-1349834573","145.17","-37.84","POS","daa7c3ae-c00a-45ae-89b1-db88d8ab4fe6","Matthew",11962.88,2018-09-19 07:00:00,"M",39,"Docklands","VIC",144.05,"b80d7cf9e7a64ddb92d9fc8d8bcfa392","CUS-1790886359","144.95","-37.82","debit","Wed","16:55:11","16","September"
"6422","posted",NA,"ACC-819621312","145.04","-37.85","PAY/SALARY",NA,"Michele",6481.87,2018-09-19 07:00:00,"F",30,NA,NA,1158.15,"1c6afed09a8a47f1b5bda5ed93698be9","CUS-1271030853",NA,NA,"credit","Wed","17:00:00","17","September"
"6423","posted",NA,"ACC-2920611728","144.96","-37.76","PAY/SALARY",NA,"Tyler",7178,2018-09-19 07:00:00,"M",69,NA,NA,1043.12,"5450375a86a1474ba3c7ec683ae00474","CUS-1388323263",NA,NA,"credit","Wed","17:00:00","17","September"
"6424","posted",NA,"ACC-2901672282","255.00","-573.00","PAYMENT",NA,"Daniel",6619.51,2018-09-19 07:00:00,"M",22,NA,NA,33,"9e0085618ba248459f650b151221abef","CUS-1617121891",NA,NA,"debit","Wed","17:00:00","17","September"
"6425","posted",NA,"ACC-1799207998","150.68","-33.79","PAY/SALARY",NA,"Susan",8279.86,2018-09-19 07:00:00,"F",20,NA,NA,1395.49,"9220907fb0f04819a1362be5859b3451","CUS-164374203",NA,NA,"credit","Wed","17:00:00","17","September"
"6426","posted",NA,"ACC-2171593283","146.94","-36.04","PAY/SALARY",NA,"Fernando",13456.9,2018-09-19 07:00:00,"M",19,NA,NA,2639.76,"25bfe1182aa74adc94381e155981c910","CUS-2317998716",NA,NA,"credit","Wed","17:00:00","17","September"
"6427","posted",NA,"ACC-4163822186","149.03","-34.97","PAYMENT",NA,"Karen",7214.51,2018-09-19 07:00:00,"F",26,NA,NA,50,"d54bdd2d49c04c6dab58637c68356b24","CUS-2630892467",NA,NA,"debit","Wed","17:00:00","17","September"
"6428","authorized","1","ACC-2673069055","152.99","-27.49","SALES-POS","15d424a4-9e07-4397-9b44-5e51cf7f0445","Richard",18449.36,2018-09-19 07:00:00,"M",24,"Alexandria","NSW",34.81,"d42c314a1ad44da78231517d37342e77","CUS-51506836","151.19","-33.92","debit","Wed","17:09:08","17","September"
"6429","authorized","1","ACC-3541460373","145.00","-37.83","POS","a6a341db-200c-4833-a93d-893d18b019ea","Jeffrey",3281.56,2018-09-19 07:00:00,"M",24,"Southbank","VIC",0.1,"392deeb7fff748f48b19ad95381e8aa2","CUS-1433879684","144.96","-37.82","debit","Wed","17:21:28","17","September"
"6430","authorized","1","ACC-4258502723","145.45","-37.74","SALES-POS","550ac697-db6b-42fb-94f5-6728b52b2616","Kimberly",3886.87,2018-09-19 07:00:00,"F",24,"Melbourne Airport","VIC",7.23,"ef3460d555dd421abfeb4d8d908b4a90","CUS-3378712515","144.85","-37.67","debit","Wed","17:33:49","17","September"
"6431","authorized","1","ACC-1608363396","151.22","-33.87","POS","ddf730bc-ba3a-43ea-a891-767447ddd563","Robert",5345.2,2018-09-19 07:00:00,"M",20,"Melbourne","VIC",26.32,"14c85b369c444557bdd2d8d1150527ef","CUS-2688605418","144.96","-37.81","debit","Wed","17:46:10","17","September"
"6432","authorized","1","ACC-37709441","153.41","-28.01","POS","d7160c68-7371-411c-aa52-9c0f39f5fff1","Charles",13973.37,2018-09-19 07:00:00,"M",18,"Salisbury Downs","SA",48.76,"c9c418a3aa7f4ab491642edb6e694d16","CUS-3336454548","138.63","-34.77","debit","Wed","17:58:31","17","September"
"6433","posted",NA,"ACC-2528867619","138.58","-34.96","PAYMENT",NA,"Abigail",11413.86,2018-09-19 07:00:00,"F",40,NA,NA,73,"5c36f0f54a314a44b391c8f09136f655","CUS-2505971401",NA,NA,"debit","Wed","18:00:00","18","September"
"6434","posted",NA,"ACC-2153562714","116.00","-31.88","PAYMENT",NA,"Linda",3390.65,2018-09-19 07:00:00,"F",24,NA,NA,46,"67da26a98e6b438f89e4109c526bb8ce","CUS-423725039",NA,NA,"debit","Wed","18:00:00","18","September"
"6435","authorized","1","ACC-2107684084","145.03","-37.88","SALES-POS","cd32bde7-1b61-404e-b093-3ba8ed7f5ebf","Richard",7072.01,2018-09-19 07:00:00,"M",22,"Mount Gambier","SA",48.67,"f51ec576deba49edab067d82a448a7c8","CUS-2283904812","140.79","-37.83","debit","Wed","18:23:47","18","September"
"6436","authorized","1","ACC-1903037542","153.05","-27.61","POS","e6389142-a34c-4515-b2bf-1adb67d12aee","Jeffrey",3141.02,2018-09-19 07:00:00,"M",30,"Elsternwick","VIC",45.38,"1d525e5b639f49c1a2ff93498f397600","CUS-860700529","145","-37.89","debit","Wed","18:50:48","18","September"
"6437","posted",NA,"ACC-1349834573","145.17","-37.84","PAYMENT",NA,"Matthew",11914.88,2018-09-19 07:00:00,"M",39,NA,NA,48,"a41218c405244c3c8f89580a12003384","CUS-1790886359",NA,NA,"debit","Wed","19:00:00","19","September"
"6438","authorized","1","ACC-1608363396","151.22","-33.87","POS","13ff2a38-4834-4779-9a11-18bd91063e7e","Robert",5325.5,2018-09-19 07:00:00,"M",20,"Macquarie Park","NSW",19.7,"2b71d97b4fb046d38b112df4be38f210","CUS-2688605418","151.12","-33.78","debit","Wed","19:08:02","19","September"
"6439","authorized","1","ACC-1222300524","151.23","-33.94","POS","f3419ce8-536c-4dcf-9d0c-12c9aed8c55c","Michael",824.52,2018-09-19 07:00:00,"M",38,"Bankstown","NSW",7.41,"5a4d632dab194a8f84148d0242471422","CUS-2142601169","151.04","-33.92","debit","Wed","19:20:14","19","September"
"6440","authorized","1","ACC-854938045","147.63","-22.84","SALES-POS","31312403-0025-44ea-9d7f-4c7ad378eacc","James",12203.97,2018-09-19 07:00:00,"M",28,"Thomastown","VIC",41.18,"1db896f24cfb4ff297fd37332e294b61","CUS-4023861240","145.03","-37.68","debit","Wed","19:32:26","19","September"
"6441","authorized","1","ACC-3485804958","138.52","-35.01","SALES-POS","c9a7d15f-11e9-40e7-a480-33b22a4c5f1a","Jessica",23063.73,2018-09-19 07:00:00,"F",34,"Adelaide","SA",14.11,"7440e4ab101840759a1f1b9241aa0715","CUS-1196156254","138.59","-34.92","debit","Wed","19:44:38","19","September"
"6442","posted",NA,"ACC-2171593283","146.94","-36.04","PAYMENT",NA,"Fernando",13439.9,2018-09-19 07:00:00,"M",19,NA,NA,17,"bea644a71d534061ae5b94482a5694bd","CUS-2317998716",NA,NA,"debit","Wed","20:00:00","20","September"
"6443","posted",NA,"ACC-1650504218","145.01","-37.93","PAYMENT",NA,"Marissa",11274.44,2018-09-19 07:00:00,"F",23,NA,NA,33,"f814a1e3d4a342ea9bccea2ecacbd698","CUS-2500783281",NA,NA,"debit","Wed","20:00:00","20","September"
"6444","posted",NA,"ACC-182446574","116.06","-32.00","INTER BANK",NA,"Tonya",6445.42,2018-09-19 07:00:00,"F",27,NA,NA,33,"20c73f7c5cd246599271b604a8c4cc8f","CUS-3026014945",NA,NA,"debit","Wed","20:00:00","20","September"
"6445","posted",NA,"ACC-4281711154","144.98","-37.84","PHONE BANK",NA,"Eric",39346.38,2018-09-19 07:00:00,"M",42,NA,NA,36,"8d6cae14f22042fe9498fc1a9f959e1c","CUS-3151318058",NA,NA,"debit","Wed","20:00:00","20","September"
"6446","authorized","0","ACC-1903037542","153.05","-27.61","POS","306fcc0c-c74a-48f6-b024-136cc07384c2","Jeffrey",3135.7,2018-09-19 07:00:00,"M",30,"Nundah","QLD",5.32,"7f26365a0da246eaae2aa84ec16881c5","CUS-860700529","153.07","-27.41","debit","Wed","20:20:33","20","September"
"6447","authorized","1","ACC-1222300524","151.23","-33.94","SALES-POS","1827d393-4034-4c80-88a5-1cd6ac9deddd","Michael",816.63,2018-09-19 07:00:00,"M",38,"Baulkham Hills","NSW",7.89,"a2f108166f2e405d8e5bdd14e26b92a2","CUS-2142601169","150.99","-33.76","debit","Wed","20:48:19","20","September"
"6448","posted",NA,"ACC-3536132544","144.93","-37.79","INTER BANK",NA,"Heather",3920.11,2018-09-19 07:00:00,"F",41,NA,NA,43,"9ec8a8091f124a7e8c552ce1957e02e4","CUS-2348881191",NA,NA,"debit","Wed","21:00:00","21","September"
"6449","posted",NA,"ACC-2173390920","144.71","-37.58","PHONE BANK",NA,"Luis",7101.52,2018-09-19 07:00:00,"M",27,NA,NA,67,"499421ff39a84e5d990781a512360c9a","CUS-3180318393",NA,NA,"debit","Wed","21:00:00","21","September"
"6450","authorized","1","ACC-1222300524","151.23","-33.94","POS","8732ce7a-f43b-4402-aa94-0583c1d5e0ed","Michael",811.09,2018-09-19 07:00:00,"M",38,"Castle Hill","NSW",5.54,"d12d6d2c8b9345308a6aad4620dfa0a8","CUS-2142601169","151.01","-33.73","debit","Wed","21:13:48","21","September"
"6451","authorized","1","ACC-182446574","116.06","-32.00","POS","eb39df03-0b99-4c7f-b34a-8d65813a53d1","Tonya",6424.12,2018-09-19 07:00:00,"F",27,"Inglewood","WA",21.3,"bc9abf4c781a457f9f34d9898a3a5fec","CUS-3026014945","115.89","-31.92","debit","Wed","21:37:37","21","September"
"6452","posted",NA,"ACC-3326339947","151.18","-33.80","PAYMENT",NA,"Eric",8686.14,2018-09-19 07:00:00,"M",22,NA,NA,89,"2c0a937502704b27b3cbd5173e781a0b","CUS-326006476",NA,NA,"debit","Wed","22:00:00","22","September"
"6453","posted",NA,"ACC-1710017148","150.82","-34.01","PAYMENT",NA,"Michelle",11675.06,2018-09-19 07:00:00,"F",19,NA,NA,33,"9c25793eeac845cb98ca5cf50ffcd4af","CUS-883482547",NA,NA,"debit","Wed","22:00:00","22","September"
"6454","authorized","1","ACC-2897221629","150.90","-34.37","POS","9e374454-85d1-4685-8d0e-a88274a31e51","Scott",5089.15,2018-09-19 07:00:00,"M",23,"Sydney","NSW",5.36,"82aa72dbfd6545de80d0f4390e29e17f","CUS-511326734","151.21","-33.86","debit","Wed","22:01:42","22","September"
"6455","authorized","1","ACC-1516130869","130.84","-12.45","POS","8420f84b-ac16-498e-be44-f3b2e01c1637","Jessica",5010.88,2018-09-19 07:00:00,"F",21,"Shoal Bay","NT",31.41,"2de8f4adf6ce4e4c9628b4d4cf2e61df","CUS-325142416","130.98","-12.44","debit","Wed","22:30:17","22","September"
"6456","authorized","1","ACC-1903037542","153.05","-27.61","SALES-POS","d86f2741-9291-407e-af23-a1a672eec818","Jeffrey",3124,2018-09-19 07:00:00,"M",30,"Brisbane City","QLD",11.7,"e764a5e8903b4529901738ae089a8e6e","CUS-860700529","153.02","-27.48","debit","Wed","22:58:51","22","September"
"6457","posted",NA,"ACC-1973887809","115.78","-31.90","PAYMENT",NA,"Antonio",6609.45,2018-09-19 07:00:00,"M",26,NA,NA,29,"87bb08b5808548d7b6243d811661f679","CUS-1646621553",NA,NA,"debit","Wed","23:00:00","23","September"
"6458","posted",NA,"ACC-1349834573","145.17","-37.84","PAYMENT",NA,"Matthew",11882.88,2018-09-19 07:00:00,"M",39,NA,NA,32,"d19891cab11a4b47ba32dd08a6ccc885","CUS-1790886359",NA,NA,"debit","Wed","23:00:00","23","September"
"6459","posted",NA,"ACC-240804743","121.48","-30.75","PAYMENT",NA,"Kenneth",15087.33,2018-09-19 07:00:00,"M",29,NA,NA,39,"d27ec76c46a74e368f2b7ca1fb96938b","CUS-261674136",NA,NA,"debit","Wed","23:00:00","23","September"
"6460","authorized","1","ACC-1608363396","151.22","-33.87","POS","52be1d52-533e-45ec-8f27-7721f9535c87","Robert",5270.57,2018-09-19 07:00:00,"M",20,"Green Valley","NSW",54.93,"434ac9c6270e4271bf9d832138640794","CUS-2688605418","150.87","-33.91","debit","Wed","23:21:19","23","September"
"6461","authorized","1","ACC-37709441","153.41","-28.01","SALES-POS","ccd5a4a3-4226-4a54-a21d-4855be23e33a","Charles",13969.54,2018-09-19 07:00:00,"M",18,"Tamborine Mountain","QLD",3.83,"fe67338dd35c47edb289b4e5d7cceff3","CUS-3336454548","153.2","-27.95","debit","Wed","23:43:33","23","September"
"6462","authorized","1","ACC-2673069055","152.99","-27.49","SALES-POS","5375b001-92ed-4d0d-880d-e1703ca3bb05","Richard",18325.62,2018-09-20 07:00:00,"M",24,"Rocklea","QLD",123.74,"d1597b33b08e4affbc4d7d3edec7253e","CUS-51506836","153.01","-27.54","debit","Thu","00:08:39","00","September"
"6463","authorized","1","ACC-1516130869","130.84","-12.45","POS","a073f521-2c74-4143-a402-ad36bcf49b62","Jessica",5000.75,2018-09-20 07:00:00,"F",21,"Yarrawonga","NT",10.13,"21557206491c4310ab2dae52dd998f5b","CUS-325142416","130.98","-12.47","debit","Thu","00:41:59","00","September"
"6464","authorized","1","ACC-2231965366","144.96","-37.84","POS","c116ba5b-0b90-4aa4-a71b-a1b1c6a8ed18","Linda",16377.09,2018-09-20 07:00:00,"F",35,"Preston","VIC",20.95,"d1c340c9b4eb4cdc814f90676e76403f","CUS-2155701614","145.03","-37.74","debit","Thu","01:10:27","01","September"
"6465","authorized","1","ACC-2897221629","150.90","-34.37","POS","5964d2b3-5967-4c0e-afdb-37f9fd523d23","Scott",5084.36,2018-09-20 07:00:00,"M",23,"Parramatta","NSW",4.79,"782c8284fe2f46aba1e26b5f67207f9e","CUS-511326734","151","-33.82","debit","Thu","01:33:10","01","September"
"6466","authorized","1","ACC-1683215619","138.67","-34.86","POS","3b891da7-8910-4ca0-bd80-70c7d49b24d5","Barry",8841.63,2018-09-20 07:00:00,"M",38,"Nowra","NSW",5.39,"85aedab2539d47bda3082da6cfd87037","CUS-1604596597","150.6","-34.87","debit","Thu","01:55:54","01","September"
"6467","posted",NA,"ACC-1496451953","145.16","-37.84","INTER BANK",NA,"Ricky",13116.57,2018-09-20 07:00:00,"M",43,NA,NA,16,"e03aa1fe0c224193a46eac9a4072a208","CUS-3142625864",NA,NA,"debit","Thu","02:00:00","02","September"
"6468","posted",NA,"ACC-1523339231","115.83","-31.90","PAYMENT",NA,"Tim",61406.8,2018-09-20 07:00:00,"M",40,NA,NA,47,"f60e33b562064e4e852d707b88fac1bd","CUS-1816693151",NA,NA,"debit","Thu","03:00:00","03","September"
"6469","posted",NA,"ACC-2890243754","153.32","-27.93","PAYMENT",NA,"Joseph",3731.08,2018-09-20 07:00:00,"M",37,NA,NA,52,"ab5e56ef24a1493fb9582578ff7d994f","CUS-2695611575",NA,NA,"debit","Thu","03:00:00","03","September"
"6470","posted",NA,"ACC-2270192619","138.56","-35.27","PAYMENT",NA,"Darren",11731.92,2018-09-20 07:00:00,"M",20,NA,NA,39,"20425d7aa47a4410bff418b351db27a7","CUS-2110742437",NA,NA,"debit","Thu","04:00:00","04","September"
"6471","posted",NA,"ACC-3536132544","144.93","-37.79","PAYMENT",NA,"Heather",3898.11,2018-09-20 07:00:00,"F",41,NA,NA,22,"26ef5a3c50474394b54886cb30f60241","CUS-2348881191",NA,NA,"debit","Thu","04:00:00","04","September"
"6472","authorized","1","ACC-4059612845","130.98","-12.49","SALES-POS","cc58adc3-19aa-4400-b3d1-58945c7b7a7a","Jonathan",56851.01,2018-09-20 07:00:00,"M",38,"Narre Warren","VIC",8.44,"b2436a2b7393467492a9912076ec939f","CUS-495599312","145.3","-38.02","debit","Thu","04:08:29","04","September"
"6473","authorized","1","ACC-2270192619","138.56","-35.27","POS","8873aa3e-bf5a-48e5-8781-05888d95fd80","Darren",11770.92,2018-09-20 07:00:00,"M",20,"Reynella","SA",11.15,"9412ce29dcc048079f4203c29daa85de","CUS-2110742437","138.53","-35.1","debit","Thu","04:33:29","04","September"
"6474","authorized","1","ACC-3771436525","145.04","-37.92","POS","f54e8993-7ae0-4b69-9e65-6f43eb27d210","Derek",4846.9,2018-09-20 07:00:00,"M",20,"Fitzroy","VIC",9,"85811a5520de420fb6de7b9f306a5b51","CUS-3325710106","144.97","-37.81","debit","Thu","04:58:29","04","September"
"6475","posted",NA,"ACC-721712940","145.09","-37.82","PAYMENT",NA,"Andrew",54327.64,2018-09-20 07:00:00,"M",78,NA,NA,147,"56435a51f78a4da3a37fbccd6bdc9157","CUS-1646183815",NA,NA,"debit","Thu","05:00:00","05","September"
"6476","posted",NA,"ACC-2171593283","146.94","-36.04","PAYMENT",NA,"Fernando",13406.9,2018-09-20 07:00:00,"M",19,NA,NA,33,"b1b423ff90724d448ee853741a3004f0","CUS-2317998716",NA,NA,"debit","Thu","05:00:00","05","September"
"6477","posted",NA,"ACC-2890243754","153.32","-27.93","PAYMENT",NA,"Joseph",3713.08,2018-09-20 07:00:00,"M",37,NA,NA,18,"7082d3a8837d493dacfab7a9d231da31","CUS-2695611575",NA,NA,"debit","Thu","05:00:00","05","September"
"6478","posted",NA,"ACC-3481401842","115.74","-31.72","PAYMENT",NA,"Tiffany",5048.32,2018-09-20 07:00:00,"F",25,NA,NA,46,"5308d962b65942b8a3e5a2af4b0ad061","CUS-1669695324",NA,NA,"debit","Thu","06:00:00","06","September"
"6479","posted",NA,"ACC-211792489","138.63","-34.93","PAYMENT",NA,"Jacqueline",4830.78,2018-09-20 07:00:00,"F",30,NA,NA,47,"0e9ddebfd18c466bb2de653f441b2326","CUS-497688347",NA,NA,"debit","Thu","06:00:00","06","September"
"6480","authorized","0","ACC-1516130869","130.84","-12.45","SALES-POS","6fd957ea-4b2c-4ea3-bc54-032ee5c7c08f","Jessica",4989.25,2018-09-20 07:00:00,"F",21,"Darwin City","NT",11.5,"28f9274fe18749a28c1116ca553e69a4","CUS-325142416","130.85","-12.47","debit","Thu","06:41:25","06","September"
"6481","posted",NA,"ACC-2231965366","144.96","-37.84","PAYMENT",NA,"Linda",16344.09,2018-09-20 07:00:00,"F",35,NA,NA,33,"f41b590440c34db9bf2b7c01bf912fb7","CUS-2155701614",NA,NA,"debit","Thu","07:00:00","07","September"
"6482","posted",NA,"ACC-2259139624","144.66","-37.91","INTER BANK",NA,"Cindy",10376.9,2018-09-20 07:00:00,"F",19,NA,NA,22,"3a2e3ac8c13a493facfa6687720b9a10","CUS-3174332735",NA,NA,"debit","Thu","07:00:00","07","September"
"6483","authorized","1","ACC-3485804958","138.52","-35.01","SALES-POS","745e87e1-2454-4028-bec9-ee97ff30f8c0","Jessica",23027.94,2018-09-20 07:00:00,"F",34,"Albany","WA",35.79,"b6ba2148e0c245978442aa0083cab405","CUS-1196156254","117.88","-35.02","debit","Thu","07:29:35","07","September"
"6484","posted",NA,"ACC-2776252858","144.95","-37.76","PAYMENT",NA,"Kristin",5377.91,2018-09-20 07:00:00,"F",43,NA,NA,43,"e599c8af4ab143adae121150ad7f10cc","CUS-4123612273",NA,NA,"debit","Thu","08:00:00","08","September"
"6485","authorized","1","ACC-1496451953","145.16","-37.84","POS","ed5bf651-1c4f-4e04-a68b-9513e3c3dd8f","Ricky",13087.47,2018-09-20 07:00:00,"M",43,"Lakes Entrance","VIC",29.1,"0029f553381243e3b72ad58e8e819dc3","CUS-3142625864","147.99","-37.88","debit","Thu","08:01:54","08","September"
"6486","authorized","0","ACC-2173390920","144.71","-37.58","SALES-POS","47006eee-a018-4b07-8f14-bddf4b824fef","Luis",7024.99,2018-09-20 07:00:00,"M",27,"Melbourne","VIC",76.53,"5a9308fd127845a1b69dc07f617f06c3","CUS-3180318393","144.96","-37.82","debit","Thu","08:09:50","08","September"
"6487","authorized","1","ACC-90814749","151.68","-32.98","POS","457d85df-5803-40b8-92fb-8e3645141de7","Christopher",9781.4,2018-09-20 07:00:00,"M",35,"Hamilton","NSW",25.28,"fa25ac6e8a4244beb75461b8a82e82ea","CUS-1896554896","151.75","-32.92","debit","Thu","08:17:46","08","September"
"6488","authorized","1","ACC-80388494","144.97","-37.42","POS","b3b5cd3e-27ce-4a49-b7d4-43f4ee0981bb","Dustin",5546.15,2018-09-20 07:00:00,"M",28,"Kew","VIC",11.41,"317201c37c104adaae5fb76335b7d078","CUS-1140341822","145.04","-37.81","debit","Thu","08:25:42","08","September"
"6489","authorized","0","ACC-2173390920","144.71","-37.58","POS","76203fea-df0e-4e9c-bcd9-6a33418a72cf","Luis",6987.07,2018-09-20 07:00:00,"M",27,"South Morang","VIC",37.92,"49963bab87f04718915a9580bac0ae03","CUS-3180318393","145.07","-37.65","debit","Thu","08:33:39","08","September"
"6490","authorized","1","ACC-3541460373","145.00","-37.83","SALES-POS","ce147a40-090d-4945-8933-f67c02d087be","Jeffrey",3257.23,2018-09-20 07:00:00,"M",24,"Belgrave","VIC",24.33,"74c15d6fcd6240d3b3458c238e004aec","CUS-1433879684","145.35","-37.91","debit","Thu","08:41:35","08","September"
"6491","authorized","0","ACC-2681137560","151.11","-33.99","POS","bc24f831-0bed-4afd-bd89-3d9c0292b78f","Nathaniel",6992.39,2018-09-20 07:00:00,"M",31,"Balgowlah","NSW",48.82,"cf846e8e91fb43fe8f19fad6cfc4d0f5","CUS-2083971310","151.26","-33.79","debit","Thu","08:49:31","08","September"
"6492","authorized","0","ACC-2528867619","138.58","-34.96","POS","0e3bac29-6ad3-4efe-8843-019a88b23007","Abigail",11406.5,2018-09-20 07:00:00,"F",40,"Wagga Wagga","NSW",7.36,"05374657b6bd412f8f27dec0fed12ea1","CUS-2505971401","147.36","-35.12","debit","Thu","08:57:27","08","September"
"6493","posted",NA,"ACC-3485804958","138.52","-35.01","PAYMENT",NA,"Jessica",23000.94,2018-09-20 07:00:00,"F",34,NA,NA,27,"9ad67a4601aa4a8ba5531006db9ca7fc","CUS-1196156254",NA,NA,"debit","Thu","09:00:00","09","September"
"6494","posted",NA,"ACC-1516130869","130.84","-12.45","INTER BANK",NA,"Jessica",4950.25,2018-09-20 07:00:00,"F",21,NA,NA,39,"05c3d88db6f64ead8b60d87e5a9c37ff","CUS-325142416",NA,NA,"debit","Thu","09:00:00","09","September"
"6495","authorized","1","ACC-2528867619","138.58","-34.96","SALES-POS","9a658f0a-e753-4367-befe-950ff80f40af","Abigail",11388.89,2018-09-20 07:00:00,"F",40,"Gundagai","NSW",17.61,"fa2ef8a5b55145d0b4d9001d47acff38","CUS-2505971401","148.09","-35.08","debit","Thu","09:03:20","09","September"
"6496","authorized","1","ACC-1443681913","150.92","-33.77","SALES-POS","14fe61e3-382c-4857-a990-3cfec2f7f99b","Ryan",4128.33,2018-09-20 07:00:00,"M",31,"Parramatta","NSW",126.46,"882ebc2323f845d3893de59b9b72a1a2","CUS-3129499595","151","-33.82","debit","Thu","09:08:16","09","September"
"6497","authorized","1","ACC-90814749","151.68","-32.98","SALES-POS","39057114-0e63-476e-9877-dea209de407d","Christopher",9697.35,2018-09-20 07:00:00,"M",35,"Trundle","NSW",84.05,"cdb13d05e286440bbd01247b94ae4182","CUS-1896554896","147.71","-32.92","debit","Thu","09:13:12","09","September"
"6498","authorized","1","ACC-966140392","147.08","-37.97","SALES-POS","a6a61ac0-2d37-4dc2-89eb-4cb5fce379d1","Joseph",6625.22,2018-09-20 07:00:00,"M",21,"Clayton","VIC",19.38,"6d8192f6becb443aa5c2e6c25df6ff4e","CUS-537508723","145.12","-37.93","debit","Thu","09:18:07","09","September"
"6499","authorized","1","ACC-1443681913","150.92","-33.77","POS","6f918ce9-bb34-4e2f-9df2-d8bef7233b2b","Ryan",4097.92,2018-09-20 07:00:00,"M",31,"Rouse Hill","NSW",30.41,"a6e38dc1e42d4e03ac8181e4dcb59967","CUS-3129499595","150.91","-33.67","debit","Thu","09:23:03","09","September"
"6500","authorized","1","ACC-2897221629","150.90","-34.37","SALES-POS","7b56f8a3-0751-497d-baad-ee2027461b0c","Scott",5066.13,2018-09-20 07:00:00,"M",23,"Mona Vale","NSW",18.23,"882cefad4b704258a754374572884113","CUS-511326734","151.31","-33.68","debit","Thu","09:27:58","09","September"
"6501","authorized","0","ACC-2681137560","151.11","-33.99","SALES-POS","12199c94-c98a-454d-86c7-330b9d109260","Nathaniel",6924.9,2018-09-20 07:00:00,"M",31,"Newstead","QLD",67.49,"4f4bc96ba0744dfdb5fb5c46691af101","CUS-2083971310","153.04","-27.45","debit","Thu","09:32:54","09","September"
"6502","authorized","1","ACC-1443681913","150.92","-33.77","SALES-POS","1c7c5189-a531-4ca5-9696-36b25253201a","Ryan",4057.77,2018-09-20 07:00:00,"M",31,"Chatswood","NSW",40.15,"42cb80660f8b4f7f95872e44b16e2649","CUS-3129499595","151.19","-33.8","debit","Thu","09:37:49","09","September"
"6503","authorized","1","ACC-2681137560","151.11","-33.99","POS","7a2f5cbb-efb5-44d0-9f4b-49c7c2b14c38","Nathaniel",6908.52,2018-09-20 07:00:00,"M",31,"Castle Hill","NSW",16.38,"7feaf9e86a214256bd167e2d47141d61","CUS-2083971310","151.01","-33.73","debit","Thu","09:42:45","09","September"
"6504","authorized","1","ACC-1990648130","114.62","-28.80","POS","55800aa3-486e-43f1-a0a3-1130709e4c0f","Kaitlyn",5308.69,2018-09-20 07:00:00,"F",21,"Leonora","WA",15.66,"4c9cc84c50a04d239862be8e5a39c914","CUS-809013380","121.33","-28.9","debit","Thu","09:47:41","09","September"
"6505","authorized","1","ACC-182446574","116.06","-32.00","POS","9a717cc8-4f70-4f9f-98b7-66e1c124839a","Tonya",6409.4,2018-09-20 07:00:00,"F",27,"Armadale","WA",14.72,"e1c3fea273944ec0950fe5e3b3cb2c8b","CUS-3026014945","116.02","-32.15","debit","Thu","09:52:36","09","September"
"6506","authorized","1","ACC-2249586092","115.98","-32.07","SALES-POS","877c3184-2b92-448b-9b90-fc1e328a5a03","Edward",8566.94,2018-09-20 07:00:00,"M",19,"Westminster","WA",9.75,"c6f8135b1c5d4f42bd09ef14629577f6","CUS-443776336","115.84","-31.87","debit","Thu","09:57:32","09","September"
"6507","authorized","1","ACC-37709441","153.41","-28.01","SALES-POS","6ea10976-582a-43c5-8bb9-0662f0217237","Charles",13967.9,2018-09-20 07:00:00,"M",18,"Broadbeach","QLD",1.64,"b5e69967d0074ba8a4cd1d73f6c68598","CUS-3336454548","153.43","-28.03","debit","Thu","10:07:02","10","September"
"6508","authorized","0","ACC-80388494","144.97","-37.42","POS","a1dbeae7-c107-43c9-8d39-b7011109179d","Dustin",5533.73,2018-09-20 07:00:00,"M",28,"Wantirna South","VIC",12.42,"a584432b44bb43358907c7f649390108","CUS-1140341822","145.24","-37.87","debit","Thu","10:35:12","10","September"
"6509","authorized","0","ACC-1608363396","151.22","-33.87","SALES-POS","4c7213c1-8e71-4c8a-917f-cea08a5cf4db","Robert",5233.4,2018-09-20 07:00:00,"M",20,"Lurnea","NSW",37.17,"1dd3cc3317604e39acea6fea506d8bf6","CUS-2688605418","150.9","-33.93","debit","Thu","10:49:17","10","September"
"6510","posted",NA,"ACC-3541460373","145.00","-37.83","PAYMENT",NA,"Jeffrey",3216.23,2018-09-20 07:00:00,"M",24,NA,NA,41,"331504f69f70439ea436ae8a68707524","CUS-1433879684",NA,NA,"debit","Thu","11:00:00","11","September"
"6511","posted",NA,"ACC-3536132544","144.93","-37.79","PAY/SALARY",NA,"Heather",5999.62,2018-09-20 07:00:00,"F",41,NA,NA,2101.51,"2356ed0d04cd436d961500c6dbd05f44","CUS-2348881191",NA,NA,"credit","Thu","11:00:00","11","September"
"6512","posted",NA,"ACC-4163822186","149.03","-34.97","PAY/SALARY",NA,"Karen",8135.22,2018-09-20 07:00:00,"F",26,NA,NA,920.71,"3c2efde792214894afba49265883f485","CUS-2630892467",NA,NA,"credit","Thu","11:00:00","11","September"
"6513","posted",NA,"ACC-1608363396","151.22","-33.87","INTER BANK",NA,"Robert",5209.4,2018-09-20 07:00:00,"M",20,NA,NA,24,"a04235a6a1ff473db6e10b4651c717b1","CUS-2688605418",NA,NA,"debit","Thu","11:00:00","11","September"
"6514","posted",NA,"ACC-2259139624","144.66","-37.91","PAY/SALARY",NA,"Cindy",14053.84,2018-09-20 07:00:00,"F",19,NA,NA,3676.94,"f44ee633bce248d4b4e9260dffd673f4","CUS-3174332735",NA,NA,"credit","Thu","11:00:00","11","September"
"6515","posted",NA,"ACC-3954677887","115.72","-32.28","PAYMENT",NA,"Ruth",6717.13,2018-09-20 07:00:00,"F",47,NA,NA,46,"4cb6dd95083242ffb32896da5a4ddc9b","CUS-3716701010",NA,NA,"debit","Thu","11:00:00","11","September"
"6516","authorized","1","ACC-2681137560","151.11","-33.99","SALES-POS","793f2016-33cd-48ae-8c31-0b032f115623","Nathaniel",6893.82,2018-09-20 07:00:00,"M",31,"Castle Hill","NSW",14.7,"8f1375c82e144f839141d57a9dfae2d8","CUS-2083971310","151","-33.73","debit","Thu","11:02:06","11","September"
"6517","authorized","1","ACC-182446574","116.06","-32.00","POS","806ef382-e4c5-4279-8492-cc1197def784","Tonya",6388.78,2018-09-20 07:00:00,"F",27,"Bibra Lake","WA",20.62,"fdced9c901734cc2b10fad2921f0dde1","CUS-3026014945","115.84","-32.09","debit","Thu","11:10:52","11","September"
"6518","authorized","1","ACC-3771436525","145.04","-37.92","POS","ef4ec0b9-93e5-4374-bfa2-a1cded0c1670","Derek",4840.86,2018-09-20 07:00:00,"M",20,"Vermont","VIC",6.04,"667a42e1ce704177b937500c4037db1f","CUS-3325710106","145.2","-37.84","debit","Thu","11:19:38","11","September"
"6519","authorized","1","ACC-1443681913","150.92","-33.77","POS","c6717cc7-5c1e-4779-b147-d59ecd7f3827","Ryan",4010.18,2018-09-20 07:00:00,"M",31,"Parramatta","NSW",47.59,"7a01b8ec213043ef950c517bad17f07b","CUS-3129499595","151","-33.82","debit","Thu","11:28:25","11","September"
"6520","authorized","1","ACC-1683215619","138.67","-34.86","POS","d6508847-14b8-4cb6-91d3-d72bb8ac0d33","Barry",8818.72,2018-09-20 07:00:00,"M",38,"Kaleen","ACT",22.91,"73c5daceab7e474c9ef04ae82afbcd80","CUS-1604596597","149.1","-35.22","debit","Thu","11:37:11","11","September"
"6521","authorized","1","ACC-3084464802","145.15","-37.76","POS","62d827c0-2d51-4959-b917-997e8e70edd4","Susan",7768.29,2018-09-20 07:00:00,"F",19,"Eltham","VIC",22.14,"397ab53ebc6749b7a35cf923d0f0c806","CUS-1928710999","145.15","-37.71","debit","Thu","11:45:57","11","September"
"6522","authorized","0","ACC-1222300524","151.23","-33.94","POS","d3624e41-20b8-4226-a0b6-af6adb623309","Michael",795.13,2018-09-20 07:00:00,"M",38,"Kogarah","NSW",15.96,"142dcfdda9c44df4a6a43d8e654671dc","CUS-2142601169","151.13","-33.97","debit","Thu","11:54:44","11","September"
"6523","posted",NA,"ACC-721712940","145.09","-37.82","PAY/SALARY",NA,"Andrew",55110.06,2018-09-20 07:00:00,"M",78,NA,NA,782.42,"9aa85ccea9ed4d25b048937bfa75edcb","CUS-1646183815",NA,NA,"credit","Thu","12:00:00","12","September"
"6524","posted",NA,"ACC-1279356312","144.79","-37.73","PAY/SALARY",NA,"Tyler",8809.04,2018-09-20 07:00:00,"M",44,NA,NA,2887.34,"e8d6658e93b54f1b92e0f5926b289f89","CUS-1892177589",NA,NA,"credit","Thu","12:00:00","12","September"
"6525","posted",NA,"ACC-3879258709","143.83","-37.66","PHONE BANK",NA,"Natasha",199784.81,2018-09-20 07:00:00,"F",40,NA,NA,41,"e627ba6e09eb4111b9f8f33f0476f52b","CUS-527400765",NA,NA,"debit","Thu","12:00:00","12","September"
"6526","posted",NA,"ACC-966140392","147.08","-37.97","PAYMENT",NA,"Joseph",6590.22,2018-09-20 07:00:00,"M",21,NA,NA,35,"62310079764f475c80f8cd2c2f6593d7","CUS-537508723",NA,NA,"debit","Thu","12:00:00","12","September"
"6527","authorized","1","ACC-1222300524","151.23","-33.94","SALES-POS","c3c23f78-96e5-4742-af04-e90764e601de","Michael",779.12,2018-09-20 07:00:00,"M",38,"Roselands","NSW",16.01,"81d6a5a8898344acb0be94207a0cb4ae","CUS-2142601169","151.07","-33.94","debit","Thu","12:07:16","12","September"
"6528","authorized","1","ACC-3541460373","145.00","-37.83","POS","e387c054-20aa-4d9e-9157-2fc50267aa1f","Jeffrey",3194.2,2018-09-20 07:00:00,"M",24,"Dandenong","VIC",22.03,"97f5d4cdd7a9431eb1985156eb6b0fd2","CUS-1433879684","145.22","-37.99","debit","Thu","12:25:27","12","September"
"6529","authorized","1","ACC-958000567","130.90","-12.37","POS","e545d8ee-0293-4479-87fc-32837ea47c60","Sandra",8452.4,2018-09-20 07:00:00,"F",34,"Darwin City","NT",17.7,"2cfae9e773084e9c81bcccaf095bc0b8","CUS-4142663097","130.84","-12.46","debit","Thu","12:43:38","12","September"
"6530","posted",NA,"ACC-1523339231","115.83","-31.90","PAY/SALARY",NA,"Tim",70242.78,2018-09-20 07:00:00,"M",40,NA,NA,8835.98,"854ded55d0034ac8b9e91e16334768ca","CUS-1816693151",NA,NA,"credit","Thu","13:00:00","13","September"
"6531","posted",NA,"ACC-4274272854","145.23","-37.86","PAYMENT",NA,"Timothy",5653.47,2018-09-20 07:00:00,"M",20,NA,NA,15,"7d1af9e01da54b29af01729328b28c94","CUS-2484453271",NA,NA,"debit","Thu","13:00:00","13","September"
"6532","posted",NA,"ACC-1243371644","150.90","-33.78","PAY/SALARY",NA,"Gregory",5514.14,2018-09-20 07:00:00,"M",42,NA,NA,1681.58,"b4a899be87b84679ade944726ee0e955","CUS-3904958894",NA,NA,"credit","Thu","13:00:00","13","September"
"6533","authorized","1","ACC-211792489","138.63","-34.93","POS","190121ea-eb46-487d-8c31-c723c402f38f","Jacqueline",4796.93,2018-09-20 07:00:00,"F",30,"Noarlunga Centre","SA",33.85,"57542f587f2145679fb807528204b7a3","CUS-497688347","138.5","-35.14","debit","Thu","13:01:55","13","September"
"6534","authorized","1","ACC-80388494","144.97","-37.42","POS","142514bf-19ef-4bf7-a00d-aac13c51fbe9","Dustin",5427.32,2018-09-20 07:00:00,"M",28,"Ringwood","VIC",106.41,"214c0efffcda4fa29950400a36123c25","CUS-1140341822","145.26","-37.78","debit","Thu","13:21:09","13","September"
"6535","authorized","0","ACC-3084464802","145.15","-37.76","POS","a97685c3-4402-4767-8f87-5aba91a3d177","Susan",7744.73,2018-09-20 07:00:00,"F",19,"Keysborough","VIC",23.56,"c0ab27f4424846d4b0f34d835bab4b3f","CUS-1928710999","145.17","-37.99","debit","Thu","13:40:23","13","September"
"6536","authorized","1","ACC-90814749","151.68","-32.98","SALES-POS","d8843cbf-95eb-4bf7-b5e1-bcbfe3b02c22","Christopher",9663.2,2018-09-20 07:00:00,"M",35,"Whyalla Norrie","SA",34.15,"351ae6a20534488d88e50bda00156e29","CUS-1896554896","137.54","-33.03","debit","Thu","13:59:36","13","September"
"6537","posted",NA,"ACC-1349834573","145.17","-37.84","PAYMENT",NA,"Matthew",11822.88,2018-09-20 07:00:00,"M",39,NA,NA,60,"3068953afe2c49ecbc90ff4d2b2f1b50","CUS-1790886359",NA,NA,"debit","Thu","14:00:00","14","September"
"6538","posted",NA,"ACC-1608363396","151.22","-33.87","PAY/SALARY",NA,"Robert",7529.7,2018-09-20 07:00:00,"M",20,NA,NA,2320.3,"4893f701f6cf4d738a8b4636b1ca1e0e","CUS-2688605418",NA,NA,"credit","Thu","14:00:00","14","September"
"6539","posted",NA,"ACC-1424176027","151.08","-33.93","PAY/SALARY",NA,"Donald",6993.27,2018-09-20 07:00:00,"M",22,NA,NA,1928.97,"72ed7d1d9c3b453290cf878ce84d0e08","CUS-3431016847",NA,NA,"credit","Thu","14:00:00","14","September"
"6540","authorized","1","ACC-2674800293","144.96","-37.69","SALES-POS","412d7d98-c415-4a19-9423-3bd4fa92af09","Elizabeth",28308.4,2018-09-20 07:00:00,"F",50,"Sunshine West","VIC",32.89,"17a6214e4ea241a3b17f7f9f618349d1","CUS-2977593493","144.79","-37.8","debit","Thu","14:09:36","14","September"
"6541","authorized","1","ACC-4258502723","145.45","-37.74","POS","03ae6833-0686-486b-ad5e-506357c9ad7b","Kimberly",3871.38,2018-09-20 07:00:00,"F",24,"Laverton North","VIC",15.49,"401afa0be4364c26b1a13d1ddf5c410f","CUS-3378712515","144.82","-37.82","debit","Thu","14:19:24","14","September"
"6542","authorized","1","ACC-1516130869","130.84","-12.45","POS","ea38a00c-0d8f-47a9-bf86-d597ae174d69","Jessica",4941.38,2018-09-20 07:00:00,"F",21,"Gray","NT",8.87,"9aa1c6c8f16c4f25824a20aab11b1933","CUS-325142416","130.98","-12.5","debit","Thu","14:39:01","14","September"
"6543","authorized","1","ACC-854938045","147.63","-22.84","POS","39057114-0e63-476e-9877-dea209de407d","James",12121.3,2018-09-20 07:00:00,"M",28,"Trundle","NSW",82.67,"e66cafe170aa47b89ff87119dfd46a42","CUS-4023861240","147.71","-32.92","debit","Thu","14:48:49","14","September"
"6544","authorized","1","ACC-2674800293","144.96","-37.69","SALES-POS","0e0e608d-6695-44b1-8e29-4e73db757a2b","Elizabeth",28269.13,2018-09-20 07:00:00,"F",50,"Glen Iris","VIC",39.27,"82e84d502f0747c197d707ff6cea78b9","CUS-2977593493","145.08","-37.85","debit","Thu","14:58:37","14","September"
"6545","posted",NA,"ACC-2988263882","145.18","-37.90","PAY/SALARY",NA,"Michael",5721.18,2018-09-20 07:00:00,"M",44,NA,NA,596.33,"4a0904987f9841828fad5cdb0297211e","CUS-1233833708",NA,NA,"credit","Thu","15:00:00","15","September"
"6546","posted",NA,"ACC-1037050564","153.10","-27.66","PAYMENT",NA,"Rhonda",4081.65,2018-09-20 07:00:00,"F",40,NA,NA,33,"bc442a3f4101451b8f420f37fc06853c","CUS-1614226872",NA,NA,"debit","Thu","15:00:00","15","September"
"6547","authorized","0","ACC-3084464802","145.15","-37.76","SALES-POS","2a114f24-eba6-4627-8eff-cb3621ad7099","Susan",7725.99,2018-09-20 07:00:00,"F",19,"Balaclava","VIC",18.74,"55340531510b4a5c9bdb0df5f1761fc8","CUS-1928710999","144.99","-37.87","debit","Thu","15:06:13","15","September"
"6548","authorized","1","ACC-414431115","142.77","-37.06","POS","3ca72510-6f2b-4705-8ec3-e09d10afab20","Amy",3770.88,2018-09-20 07:00:00,"F",43,"Castlemaine","VIC",14.01,"57f5731d3809465cb0684bd3dc16671a","CUS-2599279756","144.22","-37.07","debit","Thu","15:13:28","15","September"
"6549","authorized","1","ACC-3481401842","115.74","-31.72","POS","bbb440c1-b963-49c8-9e86-6497055b9f1a","Tiffany",5022.14,2018-09-20 07:00:00,"F",25,"Madeley","WA",26.18,"6752d6e9f4ed47eabaefa6b90fe314b9","CUS-1669695324","115.82","-31.82","debit","Thu","15:20:43","15","September"
"6550","authorized","1","ACC-1222300524","151.23","-33.94","POS","ac5da399-3ad5-40b0-928c-040c6d2852f6","Michael",769.03,2018-09-20 07:00:00,"M",38,"Liverpool","NSW",10.09,"dd985b32ca4c4e13a67dfa4f7095aa47","CUS-2142601169","150.92","-33.92","debit","Thu","15:27:58","15","September"
"6551","authorized","0","ACC-90814749","151.68","-32.98","SALES-POS","39057114-0e63-476e-9877-dea209de407d","Christopher",9578.53,2018-09-20 07:00:00,"M",35,"Trundle","NSW",84.67,"16ed759f23ae4fff91b24708e17bccbe","CUS-1896554896","147.71","-32.92","debit","Thu","15:35:13","15","September"
"6552","authorized","1","ACC-90814749","151.68","-32.98","POS","4ecb3f5e-07f3-4865-8db4-ec2fa99e8454","Christopher",9556.61,2018-09-20 07:00:00,"M",35,"Glen Innes","NSW",21.92,"82bbf0a527a54595a913a985d6e6ca45","CUS-1896554896","151.74","-29.74","debit","Thu","15:42:27","15","September"
"6553","authorized","1","ACC-1222300524","151.23","-33.94","POS","7ba901bb-74a6-4f92-a67b-09910a832a30","Michael",753.05,2018-09-20 07:00:00,"M",38,"Arncliffe","NSW",15.98,"ab055a402ba040fea4df3cce66bd1c4d","CUS-2142601169","151.14","-33.94","debit","Thu","15:49:42","15","September"
"6554","authorized","1","ACC-3771436525","145.04","-37.92","SALES-POS","641687b0-7958-4bd7-99a8-6d25e18bde46","Derek",4818.2,2018-09-20 07:00:00,"M",20,"Canterbury","VIC",22.66,"fc52462f6d64452ea2fc81d0f6429c90","CUS-3325710106","145.08","-37.83","debit","Thu","15:56:57","15","September"
"6555","posted",NA,"ACC-3881031190","149.19","-21.15","PAY/SALARY",NA,"Richard",6898.09,2018-09-20 07:00:00,"M",37,NA,NA,916.75,"cb11546d9e654356bf0dd606c65151e9","CUS-3201519139",NA,NA,"credit","Thu","16:00:00","16","September"
"6556","authorized","1","ACC-1279356312","144.79","-37.73","SALES-POS","068b77f0-0af3-4fca-9bb2-7cf408363092","Tyler",8788.5,2018-09-20 07:00:00,"M",44,"Mulgrave","VIC",20.54,"5f9caf5aa3c44f0f98acaeb4b691e340","CUS-1892177589","145.15","-37.93","debit","Thu","16:10:10","16","September"
"6557","authorized","1","ACC-958000567","130.90","-12.37","SALES-POS","5fbffac4-fc71-45e3-86ef-e287258e1610","Sandra",8328.92,2018-09-20 07:00:00,"F",34,"Yarrawonga","NT",123.48,"5219ccd0d7734b92aee872bcd7605262","CUS-4142663097","130.98","-12.47","debit","Thu","16:27:43","16","September"
"6558","authorized","0","ACC-3326339947","151.18","-33.80","POS","eede62c3-8e5e-4b3e-9d5e-75f3a4b32fb9","Eric",8653.39,2018-09-20 07:00:00,"M",22,"Wentworthville","NSW",32.75,"e8bff70772104647abb8af2a528ca09d","CUS-326006476","150.96","-33.81","debit","Thu","16:45:15","16","September"
"6559","posted",NA,"ACC-1279356312","144.79","-37.73","PAYMENT",NA,"Tyler",8766.62,2018-09-20 07:00:00,"M",44,NA,NA,15,"75335fb595434655abb700922a74d335","CUS-1892177589",NA,NA,"debit","Thu","17:00:00","17","September"
"6560","posted",NA,"ACC-2173390920","144.71","-37.58","PAYMENT",NA,"Luis",6958.07,2018-09-20 07:00:00,"M",27,NA,NA,29,"5853fc1ba07b48a8b9bd8c412bc8195c","CUS-3180318393",NA,NA,"debit","Thu","17:00:00","17","September"
"6561","posted",NA,"ACC-154431271","153.09","-27.48","PAY/SALARY",NA,"Lori",3757.83,2018-09-20 07:00:00,"F",18,NA,NA,1537.68,"a0b2ed79a99345aa9d5ab94f2371b236","CUS-3702001629",NA,NA,"credit","Thu","17:00:00","17","September"
"6562","posted",NA,"ACC-3941181087","115.79","-31.94","PAY/SALARY",NA,"Paul",10173.73,2018-09-20 07:00:00,"M",25,NA,NA,2687.85,"e2094f656619475c8e1ba656d0cdc3be","CUS-3989008654",NA,NA,"credit","Thu","17:00:00","17","September"
"6563","posted",NA,"ACC-958000567","130.90","-12.37","PAYMENT",NA,"Sandra",8291.92,2018-09-20 07:00:00,"F",34,NA,NA,37,"ca83ab3e33e34ad3a083bab5eea5b3ef","CUS-4142663097",NA,NA,"debit","Thu","17:00:00","17","September"
"6564","posted",NA,"ACC-53508546","150.62","-33.76","PAY/SALARY",NA,"Kimberly",5264.22,2018-09-20 07:00:00,"F",35,NA,NA,725.32,"813e64b2b003470b850338731d2226c3","CUS-72755508",NA,NA,"credit","Thu","17:00:00","17","September"
"6565","authorized","1","ACC-3771436525","145.04","-37.92","SALES-POS","97b564f0-fb0a-4ad4-99c3-e85ff34eafa7","Derek",4607.05,2018-09-20 07:00:00,"M",20,"Kensington","VIC",211.15,"246656266a0a41fba27ec30335b50a4a","CUS-3325710106","144.93","-37.79","debit","Thu","17:01:38","17","September"
"6566","authorized","1","ACC-1279356312","144.79","-37.73","POS","3002605a-1a77-4c85-a768-cbc31e2e1ca4","Tyler",8781.62,2018-09-20 07:00:00,"M",44,"Eltham","VIC",6.88,"34f6f944df1145e697560f1de029f4bc","CUS-1892177589","145.15","-37.71","debit","Thu","17:11:57","17","September"
"6567","authorized","1","ACC-3879258709","143.83","-37.66","POS","b9243e36-0774-4ecf-9f2b-5680cccbfa12","Natasha",199761.54,2018-09-20 07:00:00,"F",40,"Apollo Bay","VIC",23.27,"026f88118f8d4e858195effafdc3cc31","CUS-527400765","143.67","-38.75","debit","Thu","17:22:16","17","September"
"6568","authorized","1","ACC-3485804958","138.52","-35.01","SALES-POS","d7b8f51e-1832-4609-8d34-3e2de4445823","Jessica",22978.72,2018-09-20 07:00:00,"F",34,"Wagga Wagga","NSW",22.22,"0ebfbeea414a4f1d879ab0fca41f3bd7","CUS-1196156254","147.36","-35.12","debit","Thu","17:32:34","17","September"
"6569","authorized","1","ACC-1222300524","151.23","-33.94","SALES-POS","d104c46f-5796-49c9-a5cd-4086bf4b04b8","Michael",746.81,2018-09-20 07:00:00,"M",38,"Hurstville","NSW",6.24,"0da5868fa1394beb917ac4885f93c791","CUS-2142601169","151.1","-33.97","debit","Thu","17:42:53","17","September"
"6570","authorized","1","ACC-3771436525","145.04","-37.92","SALES-POS","c5330572-8d74-4658-ba4d-e965094ab166","Derek",4589.43,2018-09-20 07:00:00,"M",20,"Footscray","VIC",17.62,"8fd9b65c999c4b1a91797ed325a92f92","CUS-3325710106","144.9","-37.8","debit","Thu","17:53:11","17","September"
"6571","posted",NA,"ACC-588564840","151.27","-33.76","PAYMENT",NA,"Isaiah",15243.22,2018-09-20 07:00:00,"M",23,NA,NA,41,"cc197e0c392d4b9caf3c47d2b2f65ac8","CUS-1462656821",NA,NA,"debit","Thu","18:00:00","18","September"
"6572","posted",NA,"ACC-1683215619","138.67","-34.86","PAYMENT",NA,"Barry",8769.72,2018-09-20 07:00:00,"M",38,NA,NA,49,"3542f170c27540e8b69c01bc64fdcc02","CUS-1604596597",NA,NA,"debit","Thu","18:00:00","18","September"
"6573","posted",NA,"ACC-3879258709","143.83","-37.66","PAYMENT",NA,"Natasha",199740.54,2018-09-20 07:00:00,"F",40,NA,NA,21,"e11d81ed0ecb4e10bdc5f38f63d06127","CUS-527400765",NA,NA,"debit","Thu","18:00:00","18","September"
"6574","authorized","1","ACC-958000567","130.90","-12.37","SALES-POS","2fa9e975-6e09-4152-baad-6e3f3c762b98","Sandra",8260.04,2018-09-20 07:00:00,"F",34,"Darwin City","NT",31.88,"e83d9a177aae496292e9a2db2977e10e","CUS-4142663097","130.85","-12.47","debit","Thu","18:07:54","18","September"
"6575","authorized","1","ACC-2674800293","144.96","-37.69","SALES-POS","625ee8cf-38a2-4115-97bd-9b8c7c5a53d0","Elizabeth",28249.62,2018-09-20 07:00:00,"F",50,"Mount Waverley","VIC",19.51,"69436790194d4e5dbbd4e3f78bea0634","CUS-2977593493","145.13","-37.88","debit","Thu","18:31:09","18","September"
"6576","authorized","1","ACC-4258502723","145.45","-37.74","SALES-POS","a03db1e2-6e3e-408b-a023-355149eaaf18","Kimberly",3849.85,2018-09-20 07:00:00,"F",24,"Croydon","VIC",21.53,"1158077a5ebd402e8bc536736b1edd32","CUS-3378712515","145.28","-37.79","debit","Thu","18:54:25","18","September"
"6577","posted",NA,"ACC-4065652575","115.81","-31.82","PAYMENT",NA,"Lucas",9590.16,2018-09-20 07:00:00,"M",21,NA,NA,1176,"79b1ce4f35e94a25bd9776b6309742f2","CUS-1117979751",NA,NA,"debit","Thu","19:00:00","19","September"
"6578","posted",NA,"ACC-1222300524","151.23","-33.94","PAYMENT",NA,"Michael",685.2,2018-09-20 07:00:00,"M",38,NA,NA,50,"e93bad8a8ee44326bf2286b05072a97d","CUS-2142601169",NA,NA,"debit","Thu","19:00:00","19","September"
"6579","posted",NA,"ACC-2014856841","144.99","-37.90","PAYMENT",NA,"Patrick",262339.15,2018-09-20 07:00:00,"M",46,NA,NA,50,"fd8d23bb32e2490896db8ee138689aaa","CUS-2370108457",NA,NA,"debit","Thu","19:00:00","19","September"
"6580","authorized","1","ACC-3485804958","138.52","-35.01","POS","96d8c93f-1d3a-4853-b08f-84d87ca73475","Jessica",22929.71,2018-09-20 07:00:00,"F",34,"Phillip","ACT",49.01,"2b20becf8e534f78897bf7ecbf0df658","CUS-1196156254","149.09","-35.35","debit","Thu","19:08:10","19","September"
"6581","authorized","0","ACC-1683215619","138.67","-34.86","POS","80c79cfc-4123-4733-bae7-bbfbb92b3610","Barry",8744.74,2018-09-20 07:00:00,"M",38,"Nowra","NSW",24.98,"87746a5a95884faf9fcc5fa68df135c0","CUS-1604596597","150.61","-34.87","debit","Thu","19:18:55","19","September"
"6582","authorized","1","ACC-3481401842","115.74","-31.72","SALES-POS","feff3519-afd1-4bf9-84f8-7add57b84d0d","Tiffany",4990.31,2018-09-20 07:00:00,"F",25,"Perth","WA",31.83,"07e9c5bf2df9445098204d0583cfe2a2","CUS-1669695324","115.86","-31.95","debit","Thu","19:29:40","19","September"
"6583","authorized","0","ACC-1222300524","151.23","-33.94","POS","518c54bf-8f28-4d8c-8c70-aacfe46d1865","Michael",735.2,2018-09-20 07:00:00,"M",38,"New Town","SA",11.61,"e64f661231ca456d8f3cfe117f9b57e7","CUS-2142601169","137.7","-33.96","debit","Thu","19:40:25","19","September"
"6584","authorized","1","ACC-2674800293","144.96","-37.69","SALES-POS","4a67d7a9-5b74-4439-bb74-8565c22bf7d1","Elizabeth",28225.69,2018-09-20 07:00:00,"F",50,"Docklands","VIC",23.93,"8328d117f01f4f6393e3f05c7657cf8f","CUS-2977593493","144.95","-37.82","debit","Thu","19:51:10","19","September"
"6585","posted",NA,"ACC-1279356312","144.79","-37.73","PAYMENT",NA,"Tyler",8725.62,2018-09-20 07:00:00,"M",44,NA,NA,41,"6da6db238bc440248a05a6b0b53c4bba","CUS-1892177589",NA,NA,"debit","Thu","20:00:00","20","September"
"6586","authorized","1","ACC-1443681913","150.92","-33.77","POS","803c3de8-6590-42cc-b5f2-95d9d597750c","Ryan",3997.58,2018-09-20 07:00:00,"M",31,"Sydney Olympic Park","NSW",12.6,"ab4611af6d114d7d8ee463276db2735f","CUS-3129499595","151.07","-33.85","debit","Thu","20:03:40","20","September"
"6587","authorized","1","ACC-1608363396","151.22","-33.87","SALES-POS","dfaa4def-1abc-479f-8bb4-06670a1fa5be","Robert",7332.03,2018-09-20 07:00:00,"M",20,"Baulkham Hills","NSW",197.67,"90e72b9bda1b4ac09f75073c4378f32e","CUS-2688605418","150.99","-33.76","debit","Thu","20:24:04","20","September"
"6588","authorized","1","ACC-37709441","153.41","-28.01","SALES-POS","f97bc810-6886-4cbc-a79c-48ab1f6285aa","Charles",13950.32,2018-09-20 07:00:00,"M",18,"Broadbeach","QLD",17.58,"a5f664fa024a499293f20aad48f6d488","CUS-3336454548","153.43","-28.02","debit","Thu","20:44:29","20","September"
"6589","posted",NA,"ACC-854938045","147.63","-22.84","PHONE BANK",NA,"James",12063.3,2018-09-20 07:00:00,"M",28,NA,NA,58,"bd68397b58fa48039faf17fefb901788","CUS-4023861240",NA,NA,"debit","Thu","21:00:00","21","September"
"6590","authorized","1","ACC-3317636250","153.02","-27.66","POS","c9eea420-8414-40c3-bb4a-104465d3a461","Kenneth",13117.6,2018-09-20 07:00:00,"M",35,"Carina","QLD",8.06,"f777cf5dde944edfb878638bdbba902e","CUS-2738291516","153.09","-27.5","debit","Thu","21:03:38","21","September"
"6591","authorized","0","ACC-1279356312","144.79","-37.73","SALES-POS","2c38c1f8-9044-46eb-8a94-e86e36923198","Tyler",8711.26,2018-09-20 07:00:00,"M",44,"Burnside","VIC",14.36,"11cbf529953c4ce392f637db931aba56","CUS-1892177589","144.76","-37.76","debit","Thu","21:18:47","21","September"
"6592","authorized","1","ACC-2528867619","138.58","-34.96","POS","5649ea7f-a589-49e7-b3d3-9724eb67cae2","Abigail",11378.41,2018-09-20 07:00:00,"F",40,"Adelaide","SA",10.48,"1735fa2212204214850da98282592d71","CUS-2505971401","138.6","-34.93","debit","Thu","21:33:56","21","September"
"6593","authorized","1","ACC-2265520058","151.27","-33.85","POS","3e900109-863e-431a-8287-2ff69fe3b8f2","Catherine",3103.82,2018-09-20 07:00:00,"F",26,"Woollahra","NSW",0.1,"dd9a6c8d1c454705a62e7a67592698be","CUS-331942311","151.25","-33.89","debit","Thu","21:49:05","21","September"
"6594","posted",NA,"ACC-3741880913","150.50","-23.40","PAYMENT",NA,"Ashley",8843.09,2018-09-20 07:00:00,"F",25,NA,NA,32,"f1ff017649b34aa99d0c90476a299104","CUS-1220154422",NA,NA,"debit","Thu","22:00:00","22","September"
"6595","posted",NA,"ACC-588564840","151.27","-33.76","PAYMENT",NA,"Isaiah",14367.22,2018-09-20 07:00:00,"M",23,NA,NA,876,"091b750d41c84a8fb3794aec580e7660","CUS-1462656821",NA,NA,"debit","Thu","22:00:00","22","September"
"6596","posted",NA,"ACC-90814749","151.68","-32.98","PAYMENT",NA,"Christopher",9520.61,2018-09-20 07:00:00,"M",35,NA,NA,36,"25d3d76111204098ac548bce9f5c322a","CUS-1896554896",NA,NA,"debit","Thu","22:00:00","22","September"
"6597","posted",NA,"ACC-2265520058","151.27","-33.85","PAYMENT",NA,"Catherine",3070.82,2018-09-20 07:00:00,"F",26,NA,NA,33,"d897f7c15932411195e381cbc3c197b1","CUS-331942311",NA,NA,"debit","Thu","22:00:00","22","September"
"6598","authorized","1","ACC-3481401842","115.74","-31.72","POS","a2074a5f-2cc1-4dae-af9a-4fd4b6151d24","Tiffany",4949.64,2018-09-20 07:00:00,"F",25,"Port Augusta West","SA",40.67,"76733a3520ab4163a01969c13b643bb7","CUS-1669695324","137.76","-32.48","debit","Thu","22:04:39","22","September"
"6599","authorized","1","ACC-1683215619","138.67","-34.86","POS","2c4cac87-8586-4eda-8b3d-fe7be164fa00","Barry",8684.63,2018-09-20 07:00:00,"M",38,"North Nowra","NSW",60.11,"7c5134a368854ace8545d72cfb66e332","CUS-1604596597","150.6","-34.86","debit","Thu","22:21:19","22","September"
"6600","authorized","0","ACC-1990648130","114.62","-28.80","POS","20f49fac-03e1-43fb-a497-d2463bc779a5","Kaitlyn",5301.39,2018-09-20 07:00:00,"F",21,"Laverton","WA",7.3,"8c965333811543c29224d806362daec3","CUS-809013380","122.05","-28.76","debit","Thu","22:37:59","22","September"
"6601","authorized","1","ACC-3481401842","115.74","-31.72","POS","deb7ade5-9552-4ab1-abff-a0ba6721bb15","Tiffany",4917.28,2018-09-20 07:00:00,"F",25,"Gilgandra","NSW",32.36,"441750b39dce472880f0ad492ae074dd","CUS-1669695324","148.67","-31.71","debit","Thu","22:54:39","22","September"
"6602","posted",NA,"ACC-354106658","151.04","-33.80","PAYMENT",NA,"Christine",15250.54,2018-09-20 07:00:00,"F",39,NA,NA,52,"b584698e9bda451c9eddd6f3d860c207","CUS-2376382098",NA,NA,"debit","Thu","23:00:00","23","September"
"6603","posted",NA,"ACC-1334819143","145.13","-37.70","INTER BANK",NA,"Christopher",62240.84,2018-09-20 07:00:00,"M",33,NA,NA,59,"d71317e413db4f85b87fd93a13397cc1","CUS-3117610635",NA,NA,"debit","Thu","23:00:00","23","September"
"6604","authorized","1","ACC-3084464802","145.15","-37.76","POS","6482805d-491b-4f43-89ac-123404c0faee","Susan",7719.97,2018-09-20 07:00:00,"F",19,"Thornbury","VIC",6.02,"af792d325d15415cb162689168e98650","CUS-1928710999","145.03","-37.76","debit","Thu","23:10:47","23","September"
"6605","authorized","0","ACC-1608363396","151.22","-33.87","SALES-POS","a6709743-af53-4d35-a5ae-d529b9ad399d","Robert",7317.47,2018-09-20 07:00:00,"M",20,"Sydney","NSW",14.56,"cb39ccc078df4367a9f23cc9503960ef","CUS-2688605418","151.21","-33.86","debit","Thu","23:26:39","23","September"
"6606","authorized","1","ACC-3771436525","145.04","-37.92","POS","ad1404e0-42fe-4df6-ab2b-ed1b8fd73c1a","Derek",4576.43,2018-09-20 07:00:00,"M",20,"Docklands","VIC",13,"8bf6842010e046efb9ea88a5bcecc02f","CUS-3325710106","144.95","-37.82","debit","Thu","23:42:32","23","September"
"6607","authorized","1","ACC-1683215619","138.67","-34.86","SALES-POS","7d255631-a82f-4d59-8647-4daaeed18d1d","Barry",8598.18,2018-09-20 07:00:00,"M",38,"Glen Osmond","SA",86.45,"cc40dea6e0fa454a848b5b72f2f3d32c","CUS-1604596597","138.64","-34.96","debit","Thu","23:58:24","23","September"
"6608","authorized","1","ACC-3485804958","138.52","-35.01","SALES-POS","eafe401d-dcda-483c-97f1-469d4482d417","Jessica",22919.41,2018-09-21 07:00:00,"F",34,"Gerringong","NSW",10.3,"01e3ff3a9bde42e1b0128ead6a772c2e","CUS-1196156254","150.83","-34.75","debit","Fri","00:44:59","00","September"
"6609","authorized","1","ACC-3481401842","115.74","-31.72","POS","336ca04c-f848-4d67-8eee-aab0764ad90c","Tiffany",4887.94,2018-09-21 07:00:00,"F",25,"Kwinana Beach","WA",29.34,"eb571c53a8944b42b0237c69c538304c","CUS-1669695324","115.77","-32.25","debit","Fri","01:13:27","01","September"
"6610","authorized","1","ACC-2681137560","151.11","-33.99","POS","26ee250f-6a04-4400-95c0-173695c87fb5","Nathaniel",6826.47,2018-09-21 07:00:00,"M",31,"Inverell","NSW",67.35,"4b5e9cca3b01446e84a3233135440868","CUS-2083971310","151.11","-29.77","debit","Fri","01:51:55","01","September"
"6611","posted",NA,"ACC-80388494","144.97","-37.42","PAYMENT",NA,"Dustin",5239.32,2018-09-21 07:00:00,"M",28,NA,NA,188,"991c32d86c0b43fd969bce9158725060","CUS-1140341822",NA,NA,"debit","Fri","02:00:00","02","September"
"6612","authorized","1","ACC-1990648130","114.62","-28.80","SALES-POS","16749edf-3f58-4cd1-98c5-b1fb8a5e6cdb","Kaitlyn",4923.6,2018-09-21 07:00:00,"F",21,"Camberwell","VIC",377.79,"8b05a21be1c1490583b5adecf2a395d2","CUS-809013380","145.08","-37.85","debit","Fri","02:16:34","02","September"
"6613","authorized","1","ACC-1443681913","150.92","-33.77","POS","cc86f6d6-f1ba-41cc-98f6-5f259a4feef3","Ryan",3967.79,2018-09-21 07:00:00,"M",31,"Carlton","NSW",29.79,"40f7e907133d406583527a53ce629081","CUS-3129499595","151.13","-33.97","debit","Fri","02:45:08","02","September"
"6614","posted",NA,"ACC-1683215619","138.67","-34.86","PAYMENT",NA,"Barry",8539.18,2018-09-21 07:00:00,"M",38,NA,NA,59,"c60d9b993167476a819852f48696e19c","CUS-1604596597",NA,NA,"debit","Fri","03:00:00","03","September"
"6615","posted",NA,"ACC-2673069055","152.99","-27.49","PAYMENT",NA,"Richard",18282.62,2018-09-21 07:00:00,"M",24,NA,NA,43,"96236c206813457fa9dc486b7f107e39","CUS-51506836",NA,NA,"debit","Fri","03:00:00","03","September"
"6616","authorized","1","ACC-1222300524","151.23","-33.94","SALES-POS","3de8133f-edc1-4361-9e29-9d56c03f46a1","Michael",679.94,2018-09-21 07:00:00,"M",38,"Lakemba","NSW",5.26,"4a5ea4538f124f6daddf3c6aee673ea7","CUS-2142601169","151.08","-33.92","debit","Fri","03:47:59","03","September"
"6617","posted",NA,"ACC-1496451953","145.16","-37.84","PAYMENT",NA,"Ricky",13064.47,2018-09-21 07:00:00,"M",43,NA,NA,23,"277abaadb7d04893b005617517c9f73c","CUS-3142625864",NA,NA,"debit","Fri","04:00:00","04","September"
"6618","posted",NA,"ACC-1710017148","150.82","-34.01","PAYMENT",NA,"Michelle",11635.06,2018-09-21 07:00:00,"F",19,NA,NA,40,"c9d9ae279ffa4ad19506bbf3ffaa0543","CUS-883482547",NA,NA,"debit","Fri","04:00:00","04","September"
"6619","authorized","1","ACC-3541460373","145.00","-37.83","POS","d1af80fc-8d5f-4e56-9305-a3028370c49d","Jeffrey",3188.51,2018-09-21 07:00:00,"M",24,"Chadstone","VIC",5.69,"8224ebf146c2429897f0d64932330ff9","CUS-1433879684","145.08","-37.89","debit","Fri","04:15:26","04","September"
"6620","authorized","1","ACC-1279356312","144.79","-37.73","POS","74988af2-9cec-49e5-9f8f-21bdacc80cd9","Tyler",8697.6,2018-09-21 07:00:00,"M",44,"Hamilton","VIC",13.66,"5cd43ab745124990a49e12e30f953748","CUS-1892177589","142.03","-37.74","debit","Fri","04:32:58","04","September"
"6621","authorized","0","ACC-1903037542","153.05","-27.61","POS","a06fdf17-f061-41ba-80b3-45506a8eac12","Jeffrey",3113.46,2018-09-21 07:00:00,"M",30,"Springwood","QLD",10.54,"de0bde6af6cc4bed8bdf2bc9f763ca8f","CUS-860700529","153.12","-27.61","debit","Fri","04:50:31","04","September"
"6622","posted",NA,"ACC-3827517394","151.12","-33.89","PAYMENT",NA,"Craig",38521.43,2018-09-21 07:00:00,"M",28,NA,NA,65,"ff3ef44dd1e04007b7c9dfdb76d47ac1","CUS-2663907001",NA,NA,"debit","Fri","05:00:00","05","September"
"6623","authorized","1","ACC-1222300524","151.23","-33.94","POS","383acd24-6920-4f3f-89ec-28f47e5f09c3","Michael",654.61,2018-09-21 07:00:00,"M",38,"Eastgardens","NSW",25.33,"906ad9e17c1840bd8a8694e3695c0013","CUS-2142601169","151.23","-33.95","debit","Fri","05:57:29","05","September"
"6624","posted",NA,"ACC-3941181087","115.79","-31.94","PAYMENT",NA,"Paul",10145.73,2018-09-21 07:00:00,"M",25,NA,NA,28,"ed820bd701254ef794ebdf11004f540f","CUS-3989008654",NA,NA,"debit","Fri","06:00:00","06","September"
"6625","posted",NA,"ACC-1990648130","114.62","-28.80","PAYMENT",NA,"Kaitlyn",4895.6,2018-09-21 07:00:00,"F",21,NA,NA,28,"3d3cfd4fe2aa44f8bfa7a3910e193672","CUS-809013380",NA,NA,"debit","Fri","06:00:00","06","September"
"6626","authorized","1","ACC-3771436525","145.04","-37.92","SALES-POS","94af0f57-45d9-498a-afdc-3e2ede08c20d","Derek",4566.74,2018-09-21 07:00:00,"M",20,"Melbourne","VIC",9.69,"8109d07a9be84cd19b28d72b6fc83f5f","CUS-3325710106","144.97","-37.82","debit","Fri","06:54:26","06","September"
"6627","posted",NA,"ACC-2528867619","138.58","-34.96","PAYMENT",NA,"Abigail",11262.41,2018-09-21 07:00:00,"F",40,NA,NA,116,"e65ee497953f4bab9601b9fb785e7d55","CUS-2505971401",NA,NA,"debit","Fri","07:00:00","07","September"
"6628","posted",NA,"ACC-1496451953","145.16","-37.84","PAYMENT",NA,"Ricky",13047.47,2018-09-21 07:00:00,"M",43,NA,NA,17,"7d28f76bd4ec4dad80ff595d46cc4cd9","CUS-3142625864",NA,NA,"debit","Fri","07:00:00","07","September"
"6629","authorized","1","ACC-1037050564","153.10","-27.66","SALES-POS","0d664706-a593-4876-9db5-2f453864913c","Rhonda",4071.89,2018-09-21 07:00:00,"F",40,"Sunnybank","QLD",9.76,"c323db48e397454490fe38c46e18ed4f","CUS-1614226872","153.06","-27.57","debit","Fri","07:29:01","07","September"
"6630","posted",NA,"ACC-574997646","150.79","-33.64","PAYMENT",NA,"Mackenzie",2241.42,2018-09-21 07:00:00,"F",18,NA,NA,189,"b7cb9f0b2d464bbe95ccd0c0d44aaa67","CUS-586638664",NA,NA,"debit","Fri","08:00:00","08","September"
"6631","authorized","1","ACC-80388494","144.97","-37.42","SALES-POS","bbde3dae-ae79-4b6b-bb03-4d91a7f98b3b","Dustin",5219.49,2018-09-21 07:00:00,"M",28,"Eastwood","VIC",19.83,"55aa9989c0a44a54ab88c48466567d58","CUS-1140341822","147.63","-37.81","debit","Fri","08:00:27","08","September"
"6632","authorized","1","ACC-2528867619","138.58","-34.96","POS","6d5a36a7-9f83-40c2-94b9-4fb9e5f2dc23","Abigail",11241.94,2018-09-21 07:00:00,"F",40,"Fyshwick","ACT",20.47,"35e7241c35be4789bdc93339d2746f11","CUS-2505971401","149.18","-35.32","debit","Fri","08:11:49","08","September"
"6633","authorized","0","ACC-2897221629","150.90","-34.37","SALES-POS","08c9b3df-8797-4d02-8c6c-3e402c654375","Scott",5061.45,2018-09-21 07:00:00,"M",23,"Crows Nest","NSW",4.68,"07ae513c2fc04c7f9b02d6e2e73100f4","CUS-511326734","151.2","-33.82","debit","Fri","08:23:10","08","September"
"6634","authorized","0","ACC-1279356312","144.79","-37.73","SALES-POS","139e3953-2293-4ab6-9a2e-52991715d8d1","Tyler",8687.26,2018-09-21 07:00:00,"M",44,"Camberwell","VIC",10.34,"4ac3c3b1a5d94142b25fdca8a6ef6c8d","CUS-1892177589","145.09","-37.85","debit","Fri","08:34:32","08","September"
"6635","authorized","0","ACC-3771436525","145.04","-37.92","SALES-POS","d6191103-722d-4593-b4e2-b6d4bf7a40b5","Derek",4527.57,2018-09-21 07:00:00,"M",20,"Sydney","NSW",39.17,"fb7fb07c6a8843eca7908439298b8344","CUS-3325710106","151.2","-33.86","debit","Fri","08:45:54","08","September"
"6636","authorized","0","ACC-1973887809","115.78","-31.90","SALES-POS","cc9bc423-e43a-46cb-abd0-00961d3d48e6","Antonio",6582.13,2018-09-21 07:00:00,"M",26,"Duncraig","WA",27.32,"a86543eb77d04eb397bd577579f2c224","CUS-1646621553","115.79","-31.85","debit","Fri","08:57:16","08","September"
"6637","authorized","1","ACC-1037050564","153.10","-27.66","SALES-POS","13578b5a-239e-4ff9-b704-3b4b30a83845","Rhonda",4012.6,2018-09-21 07:00:00,"F",40,"Toowong","QLD",59.29,"885340579db7471ca84860d4f946efe1","CUS-1614226872","152.99","-27.48","debit","Fri","09:09:59","09","September"
"6638","authorized","1","ACC-3536132544","144.93","-37.79","SALES-POS","3c448602-e0d2-4ea4-8c79-89dd34f1e95f","Heather",5965.22,2018-09-21 07:00:00,"F",41,"Ferntree Gully","VIC",34.4,"885c0dc877114f12a89b64faaf26d833","CUS-2348881191","145.27","-37.88","debit","Fri","09:15:40","09","September"
"6639","authorized","0","ACC-3326339947","151.18","-33.80","POS","7981975a-ab6a-463f-9003-55579315e8f8","Eric",8635.86,2018-09-21 07:00:00,"M",22,"Arndell Park","NSW",17.53,"3ae3c57c7c7e418d8651f39939c0ff26","CUS-326006476","150.87","-33.79","debit","Fri","09:21:21","09","September"
"6640","authorized","0","ACC-1279356312","144.79","-37.73","SALES-POS","dd40bbd2-2af1-40d7-bc51-ae34535db828","Tyler",8668.03,2018-09-21 07:00:00,"M",44,"Doncaster East","VIC",19.23,"0edd89ab3cbe435d9b9c66abe5d5703f","CUS-1892177589","145.17","-37.76","debit","Fri","09:27:02","09","September"
"6641","authorized","1","ACC-819621312","145.04","-37.85","POS","0a142703-a518-46ac-b854-a98a334f9b27","Michele",6471.59,2018-09-21 07:00:00,"F",30,"Lakes Entrance","VIC",10.28,"b6ff6756ae71459382a6ffe14eaf63cf","CUS-1271030853","147.99","-37.88","debit","Fri","09:32:43","09","September"
"6642","authorized","1","ACC-1037050564","153.10","-27.66","POS","68eb023d-f10b-404c-9e15-2bb50fc44ad6","Rhonda",3986.38,2018-09-21 07:00:00,"F",40,"Camp Hill","QLD",26.22,"b7ff0c5228754be6a25b4138fc8f8a5c","CUS-1614226872","153.07","-27.5","debit","Fri","09:38:24","09","September"
"6643","authorized","1","ACC-1349834573","145.17","-37.84","POS","934890a0-37c4-4745-be2f-271aa98c235a","Matthew",11809.39,2018-09-21 07:00:00,"M",39,"Point Cook","VIC",13.49,"2dbdbfc2ea7e454a9d1ddcf2b61c4177","CUS-1790886359","144.73","-37.88","debit","Fri","09:44:05","09","September"
"6644","authorized","1","ACC-1222300524","151.23","-33.94","POS","4f031f12-e88a-464b-bfe5-ceb5695d753b","Michael",604.76,2018-09-21 07:00:00,"M",38,"Alexandria","NSW",49.85,"c9396668aa664836a0f9a6e9591f5aa3","CUS-2142601169","151.2","-33.92","debit","Fri","09:49:46","09","September"
"6645","authorized","1","ACC-1349834573","145.17","-37.84","SALES-POS","8d12783c-af96-4601-ad0e-73fd7c000934","Matthew",11776.1,2018-09-21 07:00:00,"M",39,"Melbourne","VIC",33.29,"d8eb963e56d84c129ae9a47a3a16e7de","CUS-1790886359","144.96","-37.81","debit","Fri","09:55:27","09","September"
"6646","posted",NA,"ACC-1334819143","145.13","-37.70","PAYMENT",NA,"Christopher",62190.84,2018-09-21 07:00:00,"M",33,NA,NA,50,"b9e7c1f59efd4ecdaef353dfe4ecae88","CUS-3117610635",NA,NA,"debit","Fri","10:00:00","10","September"
"6647","posted",NA,"ACC-3941181087","115.79","-31.94","PAYMENT",NA,"Paul",10056.73,2018-09-21 07:00:00,"M",25,NA,NA,89,"618892fd930547aea5b444f9e1288a1f","CUS-3989008654",NA,NA,"debit","Fri","10:00:00","10","September"
"6648","authorized","1","ACC-1037050564","153.10","-27.66","POS","ae191b3d-c7cd-4795-9ffa-3da841a76e35","Rhonda",3940.91,2018-09-21 07:00:00,"F",40,"Arana Hills","QLD",45.47,"38f4aba470d641058bb08708c141cf10","CUS-1614226872","152.96","-27.4","debit","Fri","10:03:30","10","September"
"6649","authorized","1","ACC-37709441","153.41","-28.01","POS","ed7a908d-e7ba-48c5-9b41-5b4835b13247","Charles",13922.62,2018-09-21 07:00:00,"M",18,"Robina","QLD",27.7,"e81e3d68738d4b298e0a2740dae03688","CUS-3336454548","153.39","-28.08","debit","Fri","10:21:03","10","September"
"6650","authorized","1","ACC-3536132544","144.93","-37.79","SALES-POS","eff3a2d0-61ab-45af-9b7f-9b304f2e87ee","Heather",5910.63,2018-09-21 07:00:00,"F",41,"Bayswater","VIC",54.59,"c79953c7ad084f15a3ca3e2f5eff207f","CUS-2348881191","145.27","-37.84","debit","Fri","10:38:35","10","September"
"6651","authorized","1","ACC-2681137560","151.11","-33.99","POS","96f23b7a-2abb-4bdb-a0bb-62314d50ca73","Nathaniel",6766.89,2018-09-21 07:00:00,"M",31,"Longreach","QLD",59.58,"0844e04cb3a740d38fbfe11d6a0beb9b","CUS-2083971310","144.27","-23.44","debit","Fri","10:56:08","10","September"
"6652","posted",NA,"ACC-1788473090","145.06","-37.95","INTER BANK",NA,"Rachael",6925.34,2018-09-21 07:00:00,"F",21,NA,NA,66,"f83bdc0478be428ca78db9374d2924b8","CUS-134193016",NA,NA,"debit","Fri","11:00:00","11","September"
"6653","posted",NA,"ACC-3536132544","144.93","-37.79","PAYMENT",NA,"Heather",5877.63,2018-09-21 07:00:00,"F",41,NA,NA,33,"78dae9450270457aa26f74313c2a30c2","CUS-2348881191",NA,NA,"debit","Fri","11:00:00","11","September"
"6654","posted",NA,"ACC-414431115","142.77","-37.06","INTER BANK",NA,"Amy",3752.88,2018-09-21 07:00:00,"F",43,NA,NA,18,"2487232a9c404c1fb9dccae5e1bc71e0","CUS-2599279756",NA,NA,"debit","Fri","11:00:00","11","September"
"6655","posted",NA,"ACC-38923874","151.27","-33.90","PAY/SALARY",NA,"Ryan",40947.46,2018-09-21 07:00:00,"M",38,NA,NA,1880.95,"1db77dedff52498d86b074f2902e07ec","CUS-3249305314",NA,NA,"credit","Fri","11:00:00","11","September"
"6656","authorized","1","ACC-1990648130","114.62","-28.80","SALES-POS","2923fb5b-08fe-468c-8c95-e8529b75f52c","Kaitlyn",4828.06,2018-09-21 07:00:00,"F",21,"Ballina","NSW",67.54,"7bcd1e051fb84512b23193bbea6c2497","CUS-809013380","153.56","-28.87","debit","Fri","11:05:49","11","September"
"6657","authorized","1","ACC-1222300524","151.23","-33.94","SALES-POS","69092272-47e1-4a35-9dcc-683f750cb571","Michael",541.24,2018-09-21 07:00:00,"M",38,"Bass Hill","NSW",63.52,"cf46626499654e8ea3465549d58f789b","CUS-2142601169","150.99","-33.9","debit","Fri","11:13:17","11","September"
"6658","authorized","1","ACC-1990648130","114.62","-28.80","POS","f75cba91-43f5-48cb-83ac-c4c2254e0028","Kaitlyn",4813.67,2018-09-21 07:00:00,"F",21,"Alstonville","NSW",14.39,"58146d3568bd493283fc4243ad0ed3a7","CUS-809013380","153.45","-28.85","debit","Fri","11:20:44","11","September"
"6659","authorized","1","ACC-1037050564","153.10","-27.66","POS","40d4861e-3cc9-428e-bf8f-e830aa593564","Rhonda",3902.21,2018-09-21 07:00:00,"F",40,"Brisbane City","QLD",38.7,"a82bdd358250430d8d7949cf47723270","CUS-1614226872","153.02","-27.47","debit","Fri","11:28:12","11","September"
"6660","authorized","1","ACC-1516130869","130.84","-12.45","SALES-POS","e339b7bc-2843-4ccd-a211-26f2965b969c","Jessica",4899.21,2018-09-21 07:00:00,"F",21,"Eaton","NT",42.17,"c93aa9dd78104b1db43806d9b0d5305f","CUS-325142416","130.86","-12.4","debit","Fri","11:35:40","11","September"
"6661","authorized","0","ACC-2528867619","138.58","-34.96","SALES-POS","fd81629c-a33b-4221-8caf-a9caf6691787","Abigail",11232.6,2018-09-21 07:00:00,"F",40,"Modbury","SA",9.34,"65c76a5adfac424ba93bcf8e79f29c4f","CUS-2505971401","138.69","-34.83","debit","Fri","11:43:08","11","September"
"6662","authorized","0","ACC-38923874","151.27","-33.90","POS","f2691787-4a31-451d-9a4d-dceb639ae983","Ryan",39066.51,2018-09-21 07:00:00,"M",38,"Alexandria","NSW",93.62,"e8a268780f4146e986843c89a24d9f00","CUS-3249305314","151.2","-33.92","debit","Fri","11:50:35","11","September"
"6663","authorized","1","ACC-3771436525","145.04","-37.92","SALES-POS","accc7dc4-650d-444a-a496-45cbe2403caf","Derek",4454.87,2018-09-21 07:00:00,"M",20,"South Yarra","VIC",72.7,"a3199f6d22114c4988444fbcd0c04074","CUS-3325710106","144.99","-37.84","debit","Fri","11:58:03","11","September"
"6664","posted",NA,"ACC-3485804958","138.52","-35.01","PAYMENT",NA,"Jessica",22903.41,2018-09-21 07:00:00,"F",34,NA,NA,16,"45459f2391ab40b2ab1716b70e8e51e4","CUS-1196156254",NA,NA,"debit","Fri","12:00:00","12","September"
"6665","posted",NA,"ACC-3689607373","115.79","-31.79","PAY/SALARY",NA,"Virginia",6614.3,2018-09-21 07:00:00,"F",20,NA,NA,1138.79,"e54a44b125104803acc4e47aeb1aedf4","CUS-127297539",NA,NA,"credit","Fri","12:00:00","12","September"
"6666","posted",NA,"ACC-1650504218","145.01","-37.93","PAYMENT",NA,"Marissa",11095.44,2018-09-21 07:00:00,"F",23,NA,NA,179,"30e249f731044136a1d265c3da0f683c","CUS-2500783281",NA,NA,"debit","Fri","12:00:00","12","September"
"6667","posted",NA,"ACC-2890243754","153.32","-27.93","PAY/SALARY",NA,"Joseph",4630.53,2018-09-21 07:00:00,"M",37,NA,NA,917.45,"ac211ba3517541ec879df2b72553eea5","CUS-2695611575",NA,NA,"credit","Fri","12:00:00","12","September"
"6668","authorized","1","ACC-1037050564","153.10","-27.66","POS","00eed26c-aaf7-4b07-bd30-cd03f741c90d","Rhonda",3879.87,2018-09-21 07:00:00,"F",40,"Mount Gravatt East","QLD",22.34,"189c72399b134a8791ce590465fb0f23","CUS-1614226872","153.07","-27.53","debit","Fri","12:12:19","12","September"
"6669","authorized","1","ACC-3771436525","145.04","-37.92","POS","424e95f4-f020-4f98-9cdc-b80178f01e1d","Derek",4445.02,2018-09-21 07:00:00,"M",20,"Templestowe Lower","VIC",9.85,"2afd2c5e10ed4f8995f23d7ac96b3952","CUS-3325710106","145.11","-37.77","debit","Fri","12:28:59","12","September"
"6670","authorized","0","ACC-1037050564","153.10","-27.66","SALES-POS","a4d581b4-de41-47ae-9f1a-810a14dd318d","Rhonda",3871.06,2018-09-21 07:00:00,"F",40,"Taringa","QLD",8.81,"308c535842a94ebda39c8ee5e540af76","CUS-1614226872","152.97","-27.49","debit","Fri","12:45:39","12","September"
"6671","posted",NA,"ACC-559365433","147.31","-42.88","PAY/SALARY",NA,"Mary",3037.69,2018-09-21 07:00:00,"F",64,NA,NA,576,"fe3792bffa7542c89e9753e4a9822a3e","CUS-1654129794",NA,NA,"credit","Fri","13:00:00","13","September"
"6672","posted",NA,"ACC-3481401842","115.74","-31.72","PAY/SALARY",NA,"Tiffany",6113.27,2018-09-21 07:00:00,"F",25,NA,NA,1225.33,"71a18cb086324ca4ac4c67abfdbdb78b","CUS-1669695324",NA,NA,"credit","Fri","13:00:00","13","September"
"6673","posted",NA,"ACC-2528867619","138.58","-34.96","PAY/SALARY",NA,"Abigail",13179.17,2018-09-21 07:00:00,"F",40,NA,NA,1946.57,"fb10516e88af4a2d905b7f3b4775fc8e","CUS-2505971401",NA,NA,"credit","Fri","13:00:00","13","September"
"6674","posted",NA,"ACC-1516130869","130.84","-12.45","PAYMENT",NA,"Jessica",4870.21,2018-09-21 07:00:00,"F",21,NA,NA,29,"8d5a0cafa21346488a7ce8042a938199","CUS-325142416",NA,NA,"debit","Fri","13:00:00","13","September"
"6675","posted",NA,"ACC-3954677887","115.72","-32.28","PAYMENT",NA,"Ruth",5314.13,2018-09-21 07:00:00,"F",47,NA,NA,1403,"7c4b48f394244361b8381b3cb09088e6","CUS-3716701010",NA,NA,"debit","Fri","13:00:00","13","September"
"6676","authorized","0","ACC-1608363396","151.22","-33.87","SALES-POS","d49851c6-4f52-4118-aa58-52a8bf1465fe","Robert",7286.1,2018-09-21 07:00:00,"M",20,"Sydney","NSW",31.37,"55cbb422603a46019a8cbec531b9abab","CUS-2688605418","151.21","-33.86","debit","Fri","13:02:29","13","September"
"6677","authorized","1","ACC-854938045","147.63","-22.84","POS","09f289b2-6d59-4325-b710-689496f66c77","James",12057.68,2018-09-21 07:00:00,"M",28,"Williamstown North","VIC",5.62,"d06dcb7d9c0e4febac06d54db3d7325c","CUS-4023861240","144.86","-37.85","debit","Fri","13:20:21","13","September"
"6678","authorized","0","ACC-3485804958","138.52","-35.01","POS","03b7047b-72fa-41ba-9b20-e8c2c8312bf0","Jessica",22866.41,2018-09-21 07:00:00,"F",34,"Phillip","ACT",37,"dfbd27c7c2724f3a9972532315fecb5a","CUS-1196156254","149.08","-35.35","debit","Fri","13:38:12","13","September"
"6679","authorized","1","ACC-574997646","150.79","-33.64","POS","64289ba2-0923-4fec-b762-c3bab5d337d3","Mackenzie",2182.88,2018-09-21 07:00:00,"F",18,"Rouse Hill","NSW",58.54,"50ac9cef77a34ff5bfd03136f25133cb","CUS-586638664","150.93","-33.69","debit","Fri","13:56:04","13","September"
"6680","posted",NA,"ACC-1344825761","151.09","-33.91","PAYMENT",NA,"Sarah",18993.08,2018-09-21 07:00:00,"F",46,NA,NA,22,"d2a6e5038afa4874a3e262a219763f64","CUS-1499065773",NA,NA,"debit","Fri","14:00:00","14","September"
"6681","posted",NA,"ACC-1523339231","115.83","-31.90","PAYMENT",NA,"Tim",70202.78,2018-09-21 07:00:00,"M",40,NA,NA,40,"410d0f5af4484842b56080cdf5e2054b","CUS-1816693151",NA,NA,"debit","Fri","14:00:00","14","September"
"6682","posted",NA,"ACC-574997646","150.79","-33.64","PAY/SALARY",NA,"Mackenzie",4135.17,2018-09-21 07:00:00,"F",18,NA,NA,1952.29,"81b7a1f6544d42f6b3816f965c807bcf","CUS-586638664",NA,NA,"credit","Fri","14:00:00","14","September"
"6683","authorized","1","ACC-1683215619","138.67","-34.86","SALES-POS","fcf4fe27-9b25-47cd-9d79-5107b1d6e526","Barry",8528.82,2018-09-21 07:00:00,"M",38,"Shoalhaven Heads","NSW",10.36,"7cd70dee9a6141cf9f3cf7e49c6ad336","CUS-1604596597","150.74","-34.85","debit","Fri","14:06:08","14","September"
"6684","authorized","1","ACC-3541460373","145.00","-37.83","POS","29ca19f2-f0eb-4925-8dac-d36357610087","Jeffrey",3172.05,2018-09-21 07:00:00,"M",24,"Maribyrnong","VIC",16.46,"07485c9b2e174ee3994da1df79f5805e","CUS-1433879684","144.89","-37.77","debit","Fri","14:14:00","14","September"
"6685","authorized","0","ACC-2265520058","151.27","-33.85","SALES-POS","a5a19f64-ed9a-4e49-9e20-66f2ac96b81f","Catherine",3047.71,2018-09-21 07:00:00,"F",26,"Margaret River","WA",23.11,"c0e11efb6c294739bf2198b80ef2806a","CUS-331942311","115.07","-33.95","debit","Fri","14:21:53","14","September"
"6686","authorized","1","ACC-4258502723","145.45","-37.74","POS","9d07fa84-55ae-4bdf-b38c-c74924dc5e2f","Kimberly",3834.53,2018-09-21 07:00:00,"F",24,"Wantirna South","VIC",15.32,"3b909a59f4934ad798ae3aab926a5f2f","CUS-3378712515","145.24","-37.87","debit","Fri","14:29:45","14","September"
"6687","authorized","0","ACC-854938045","147.63","-22.84","POS","5ca0af7b-4e68-4c5e-85f4-ccf90bc9f359","James",12023.77,2018-09-21 07:00:00,"M",28,"Bruthen","VIC",33.91,"524c7682595a4c18b7c30b9867afbebe","CUS-4023861240","147.83","-37.71","debit","Fri","14:37:38","14","September"
"6688","authorized","0","ACC-854938045","147.63","-22.84","SALES-POS","af951f2e-1850-4126-8b40-ad0d80ceeb06","James",12000.04,2018-09-21 07:00:00,"M",28,"Sunshine","VIC",23.73,"c77edb9a47de49f693aecf0dea3c03f6","CUS-4023861240","144.83","-37.78","debit","Fri","14:45:30","14","September"
"6689","authorized","1","ACC-1222300524","151.23","-33.94","SALES-POS","d4acd296-f531-4576-8fdd-e91a92a7ff44","Michael",465.99,2018-09-21 07:00:00,"M",38,"Sydney","NSW",75.25,"b662ca4dccaf4829a42767167657971b","CUS-2142601169","151.21","-33.87","debit","Fri","14:53:23","14","September"
"6690","posted",NA,"ACC-2828321672","153.03","-27.51","PAYMENT",NA,"Stephanie",4411.21,2018-09-21 07:00:00,"F",53,NA,NA,156,"c055b7b395e6435a80c7a76bbb7cf9d5","CUS-1005756958",NA,NA,"debit","Fri","15:00:00","15","September"
"6691","posted",NA,"ACC-1890605467","143.88","-37.66","PAY/SALARY",NA,"Alexander",16609.05,2018-09-21 07:00:00,"M",38,NA,NA,3649.51,"8f8370298ac143d78e8ec0c2593e4adb","CUS-1478398256",NA,NA,"credit","Fri","15:00:00","15","September"
"6692","posted",NA,"ACC-90814749","151.68","-32.98","PAY/SALARY",NA,"Christopher",11829.28,2018-09-21 07:00:00,"M",35,NA,NA,2308.67,"c70f6ab71733421fb66eae3c467b628c","CUS-1896554896",NA,NA,"credit","Fri","15:00:00","15","September"
"6693","authorized","1","ACC-3541460373","145.00","-37.83","POS","82870677-c75b-4a97-bc13-acdb5bef0d71","Jeffrey",3152.63,2018-09-21 07:00:00,"M",24,"Hoppers Crossing","VIC",19.42,"48b4683d61414e99b79f4f7eeba1d308","CUS-1433879684","144.7","-37.88","debit","Fri","15:01:31","15","September"
"6694","authorized","1","ACC-3689607373","115.79","-31.79","POS","2472999f-233d-4184-b4b6-24cfe5b25268","Virginia",6598.32,2018-09-21 07:00:00,"F",20,"South Bunbury","WA",15.98,"dc0272ff146c4cdb81077dabfdc44738","CUS-127297539","115.64","-33.35","debit","Fri","15:11:02","15","September"
"6695","authorized","1","ACC-2681137560","151.11","-33.99","SALES-POS","c6717cc7-5c1e-4779-b147-d59ecd7f3827","Nathaniel",6731.69,2018-09-21 07:00:00,"M",31,"Parramatta","NSW",35.2,"ea90db4302f747a69c4930ccf2556c17","CUS-2083971310","151","-33.82","debit","Fri","15:20:34","15","September"
"6696","authorized","1","ACC-3317636250","153.02","-27.66","POS","780c3e1e-47b6-49d3-a59f-6c86b4d1c924","Kenneth",13086.97,2018-09-21 07:00:00,"M",35,"Ormeau","QLD",30.63,"777d8eb51aca4644901c15a80b88a496","CUS-2738291516","153.25","-27.76","debit","Fri","15:30:05","15","September"
"6697","authorized","0","ACC-1279356312","144.79","-37.73","SALES-POS","16ea7b98-1467-47be-b798-9ac281a50ca7","Tyler",8655.17,2018-09-21 07:00:00,"M",44,"South Melbourne","VIC",12.86,"dae4368b3ce0483896bfc14b22e32708","CUS-1892177589","144.96","-37.83","debit","Fri","15:39:37","15","September"
"6698","authorized","0","ACC-3326339947","151.18","-33.80","POS","c7d169a9-fe96-4983-8d1e-9c0c6805a31e","Eric",8596.32,2018-09-21 07:00:00,"M",22,"Darlinghurst","NSW",39.54,"2a6aef04974849e6a168bbf148df86dd","CUS-326006476","151.22","-33.88","debit","Fri","15:49:08","15","September"
"6699","authorized","0","ACC-4258502723","145.45","-37.74","POS","2d3f9099-eb95-48d7-8e34-ef4c4f1e492b","Kimberly",3787.95,2018-09-21 07:00:00,"F",24,"Cremorne","VIC",46.58,"9aa9b5c2a85b41efb5fcf541c26c5ddd","CUS-3378712515","144.99","-37.83","debit","Fri","15:58:39","15","September"
"6700","posted",NA,"ACC-80388494","144.97","-37.42","PAY/SALARY",NA,"Dustin",7136,2018-09-21 07:00:00,"M",28,NA,NA,1916.51,"c4816355845047249f1aa6a95ce7bd06","CUS-1140341822",NA,NA,"credit","Fri","16:00:00","16","September"
"6701","posted",NA,"ACC-602667573","151.23","-33.96","PAYMENT",NA,"Michael",13194.24,2018-09-21 07:00:00,"M",40,NA,NA,41,"b7bc48d15a0341a2bd253763f83a41da","CUS-2031327464",NA,NA,"debit","Fri","16:00:00","16","September"
"6702","posted",NA,"ACC-964839203","146.92","-36.07","PAY/SALARY",NA,"Michael",36270.87,2018-09-21 07:00:00,"M",21,NA,NA,1560.2,"e8d8344ec4f047698219612f6866eafb","CUS-2059096722",NA,NA,"credit","Fri","16:00:00","16","September"
"6703","posted",NA,"ACC-3827517394","151.12","-33.89","PAYMENT",NA,"Craig",38478.43,2018-09-21 07:00:00,"M",28,NA,NA,43,"85c477c615664ddfba7dd28caad64f57","CUS-2663907001",NA,NA,"debit","Fri","16:00:00","16","September"
"6704","posted",NA,"ACC-2153562714","116.00","-31.88","PAYMENT",NA,"Linda",3363.65,2018-09-21 07:00:00,"F",24,NA,NA,27,"bcacdc043f2b41aba4ad53370b856956","CUS-423725039",NA,NA,"debit","Fri","16:00:00","16","September"
"6705","authorized","1","ACC-1516130869","130.84","-12.45","SALES-POS","8f48b018-626c-4dec-add6-a91f3e372086","Jessica",4798.42,2018-09-21 07:00:00,"F",21,"Winnellie","NT",71.79,"7571a9f747db4c55ad4be13ff394d86a","CUS-325142416","130.88","-12.43","debit","Fri","16:14:19","16","September"
"6706","authorized","1","ACC-38923874","151.27","-33.90","SALES-POS","cbe9c88e-3052-4e1a-8978-47f261274f00","Ryan",40919.33,2018-09-21 07:00:00,"M",38,"Bonnyrigg","NSW",28.13,"ee4222d567c448978f13e32a1037b79c","CUS-3249305314","150.86","-33.89","debit","Fri","16:30:59","16","September"
"6707","authorized","1","ACC-3326339947","151.18","-33.80","SALES-POS","46000757-9873-4003-a8f1-f7a15cdc5b25","Eric",8565.18,2018-09-21 07:00:00,"M",22,"Hinchinbrook","NSW",31.14,"13b0dd9acdfe42cc84706986c17cf373","CUS-326006476","150.86","-33.93","debit","Fri","16:47:39","16","September"
"6708","posted",NA,"ACC-1344825761","151.09","-33.91","PAY/SALARY",NA,"Sarah",21463.53,2018-09-21 07:00:00,"F",46,NA,NA,2470.45,"19efad8562794aac992d3ece9ce098eb","CUS-1499065773",NA,NA,"credit","Fri","17:00:00","17","September"
"6709","posted",NA,"ACC-2014856841","144.99","-37.90","PAY/SALARY",NA,"Patrick",264519.11,2018-09-21 07:00:00,"M",46,NA,NA,2179.96,"c979ba0f444243c9ae4e8b9733156afd","CUS-2370108457",NA,NA,"credit","Fri","17:00:00","17","September"
"6710","posted",NA,"ACC-3317636250","153.02","-27.66","PAY/SALARY",NA,"Kenneth",15631.73,2018-09-21 07:00:00,"M",35,NA,NA,2544.76,"58f3576c41c34e73ad7ed1b5cc5fe65c","CUS-2738291516",NA,NA,"credit","Fri","17:00:00","17","September"
"6711","authorized","1","ACC-1222300524","151.23","-33.94","POS","146cffd0-87c3-47e3-b0f3-815483a532b9","Michael",447.83,2018-09-21 07:00:00,"M",38,"Kadina","SA",18.16,"0c56df540ced469e9ff9a79024fa93f9","CUS-2142601169","137.71","-33.96","debit","Fri","17:02:14","17","September"
"6712","authorized","1","ACC-414431115","142.77","-37.06","SALES-POS","106e1272-44ab-4dcb-a438-dd98e0071e51","Amy",3726.21,2018-09-21 07:00:00,"F",43,"Eden","NSW",26.67,"b5e0edfe508342bf8d164d1657b1baff","CUS-2599279756","149.9","-37.06","debit","Fri","17:10:51","17","September"
"6713","authorized","1","ACC-3485804958","138.52","-35.01","SALES-POS","cd6b9ee2-6660-41f0-807e-e403063257fd","Jessica",22840.7,2018-09-21 07:00:00,"F",34,"Lobethal","SA",25.71,"22c6713b19094ca5a4ca24e1408ff494","CUS-1196156254","138.87","-34.9","debit","Fri","17:19:28","17","September"
"6714","authorized","1","ACC-574997646","150.79","-33.64","POS","49870fad-8e92-408f-9909-e411824b59f0","Mackenzie",4128.03,2018-09-21 07:00:00,"F",18,"Richmond","NSW",7.14,"70ac006e8aeb4806926866d8449a4d30","CUS-586638664","150.75","-33.6","debit","Fri","17:28:06","17","September"
"6715","authorized","1","ACC-4258502723","145.45","-37.74","POS","b2bfeb0c-0b50-493e-a1e4-bd6c571b22a6","Kimberly",3761.67,2018-09-21 07:00:00,"F",24,"Melbourne","VIC",26.28,"23fa2dbd309c4a9fa9320be86257a73f","CUS-3378712515","144.97","-37.81","debit","Fri","17:36:43","17","September"
"6716","authorized","0","ACC-3485804958","138.52","-35.01","POS","1c968353-0209-4d4a-8fec-1388cfc4e900","Jessica",22815.98,2018-09-21 07:00:00,"F",34,"Adelaide","SA",24.72,"93dce30a109049ecbbeacadd875d46b8","CUS-1196156254","138.6","-34.93","debit","Fri","17:45:20","17","September"
"6717","authorized","0","ACC-37709441","153.41","-28.01","POS","8020a6f5-714a-430e-8bdc-56e165d7f8da","Charles",13904.09,2018-09-21 07:00:00,"M",18,"Highland Park","QLD",18.53,"3818b3112a6d430c9cbd61e12daf6078","CUS-3336454548","153.34","-28.01","debit","Fri","17:53:57","17","September"
"6718","posted",NA,"ACC-1788473090","145.06","-37.95","INTER BANK",NA,"Rachael",6892.34,2018-09-21 07:00:00,"F",21,NA,NA,33,"6f38fd21b89f4502892df78dbe697f0e","CUS-134193016",NA,NA,"debit","Fri","18:00:00","18","September"
"6719","posted",NA,"ACC-3541460373","145.00","-37.83","PAYMENT",NA,"Jeffrey",3099.63,2018-09-21 07:00:00,"M",24,NA,NA,53,"1d92942757154001b83fd4c1086f60f1","CUS-1433879684",NA,NA,"debit","Fri","18:00:00","18","September"
"6720","posted",NA,"ACC-1652235822","144.89","-37.81","PAYMENT",NA,"Renee",19755.62,2018-09-21 07:00:00,"F",38,NA,NA,66,"85aa85e5799d4f0098ff7b17bcc45bc5","CUS-2206365095",NA,NA,"debit","Fri","18:00:00","18","September"
"6721","authorized","0","ACC-1222300524","151.23","-33.94","POS","b5a3852f-4c2c-4de8-8d06-5f3d5b76c45c","Michael",437.65,2018-09-21 07:00:00,"M",38,"Mascot","NSW",10.18,"a46dc580953d4a24a4f4db348a43ee30","CUS-2142601169","151.18","-33.93","debit","Fri","18:06:22","18","September"
"6722","authorized","1","ACC-1683215619","138.67","-34.86","SALES-POS","eb1b9e25-f2ea-4de6-80f2-06a2e4a7a141","Barry",8510.74,2018-09-21 07:00:00,"M",38,"Seaton","SA",18.08,"8f4e2e15187c463a8fbe394c6a96ce9a","CUS-1604596597","138.51","-34.9","debit","Fri","18:27:39","18","September"
"6723","authorized","1","ACC-4258502723","145.45","-37.74","POS","4a8af3dc-01df-4c80-ad93-997f7a63e238","Kimberly",3744.85,2018-09-21 07:00:00,"F",24,"Taylors Lakes","VIC",16.82,"90703e895299462e8957945334bd3e15","CUS-3378712515","144.78","-37.7","debit","Fri","18:48:56","18","September"
"6724","posted",NA,"ACC-3485804958","138.52","-35.01","PAYMENT",NA,"Jessica",22752.98,2018-09-21 07:00:00,"F",34,NA,NA,63,"5b619d1b0801448ab8e343506f3d79fb","CUS-1196156254",NA,NA,"debit","Fri","19:00:00","19","September"
"6725","posted",NA,"ACC-3689607373","115.79","-31.79","INTER BANK",NA,"Virginia",6543.32,2018-09-21 07:00:00,"F",20,NA,NA,55,"c74ceafbcbc94e7788f50bd9a3242d92","CUS-127297539",NA,NA,"debit","Fri","19:00:00","19","September"
"6726","posted",NA,"ACC-2171593283","146.94","-36.04","PAYMENT",NA,"Fernando",13366.9,2018-09-21 07:00:00,"M",19,NA,NA,40,"12ceb23840b749278bc0021a7793a1c7","CUS-2317998716",NA,NA,"debit","Fri","19:00:00","19","September"
"6727","posted",NA,"ACC-1438600314","138.69","-34.84","PAYMENT",NA,"Maria",2582.66,2018-09-21 07:00:00,"F",35,NA,NA,45,"e9ceb91a1fb74539bc0c5e7db520c0b4","CUS-2650223890",NA,NA,"debit","Fri","19:00:00","19","September"
"6728","posted",NA,"ACC-1990648130","114.62","-28.80","PAYMENT",NA,"Kaitlyn",4735.67,2018-09-21 07:00:00,"F",21,NA,NA,78,"dc72a293b9c0490e9787ffc1672fcefd","CUS-809013380",NA,NA,"debit","Fri","19:00:00","19","September"
"6729","authorized","1","ACC-3541460373","145.00","-37.83","POS","635f047e-65f0-4c24-8596-9ef6c1df36fb","Jeffrey",3056.07,2018-09-21 07:00:00,"M",24,"Camberwell","VIC",43.56,"87dacb627b7d47a7bc235496a1874b44","CUS-1433879684","145.06","-37.85","debit","Fri","19:04:36","19","September"
"6730","authorized","1","ACC-1438600314","138.69","-34.84","SALES-POS","7fd1b176-d418-4ba9-959f-320e20a3ae05","Maria",2627.66,2018-09-21 07:00:00,"F",35,"Highett","VIC",46.65,"402419b57b934f789527bebf5d837303","CUS-2650223890","145.04","-37.95","debit","Fri","19:14:13","19","September"
"6731","authorized","1","ACC-1903037542","153.05","-27.61","POS","257daa01-b458-46f0-905c-221bf98a5669","Jeffrey",3077.42,2018-09-21 07:00:00,"M",30,"Annerley","QLD",36.04,"6205317af8754b49aad9060a24b7910f","CUS-860700529","153.03","-27.51","debit","Fri","19:23:50","19","September"
"6732","authorized","1","ACC-1349834573","145.17","-37.84","SALES-POS","885d0e80-22ed-410a-8d35-8e2fe961aa9d","Matthew",11761.94,2018-09-21 07:00:00,"M",39,"Docklands","VIC",14.16,"2f128cab26aa479f9e1a10a5eea5a0fc","CUS-1790886359","144.95","-37.82","debit","Fri","19:33:27","19","September"
"6733","authorized","0","ACC-1973887809","115.78","-31.90","POS","8b7b82ac-e475-433a-8dfb-8649e0a02514","Antonio",6548.82,2018-09-21 07:00:00,"M",26,"Joondalup","WA",33.31,"c241e7352257427aab7d87a9e0422d48","CUS-1646621553","115.77","-31.74","debit","Fri","19:43:04","19","September"
"6734","authorized","1","ACC-414431115","142.77","-37.06","SALES-POS","6932e4aa-e374-4279-903f-509d72b60737","Amy",3711.24,2018-09-21 07:00:00,"F",43,"Maryborough","VIC",14.97,"aaa3451c68e341f29d71fc88c5a38b90","CUS-2599279756","143.74","-37.05","debit","Fri","19:52:41","19","September"
"6735","posted",NA,"ACC-37709441","153.41","-28.01","PAYMENT",NA,"Charles",13877.09,2018-09-21 07:00:00,"M",18,NA,NA,27,"c05dd7cea897424da0b6dac4bcfca889","CUS-3336454548",NA,NA,"debit","Fri","20:00:00","20","September"
"6736","authorized","1","ACC-1683215619","138.67","-34.86","POS","e9f8880c-2050-4365-85df-2d7207959319","Barry",8504.38,2018-09-21 07:00:00,"M",38,"West Lakes","SA",6.36,"1aa9b0c3e331473492710d4910fae2f0","CUS-1604596597","138.49","-34.88","debit","Fri","20:02:41","20","September"
"6737","authorized","0","ACC-1683215619","138.67","-34.86","SALES-POS","f3b34d30-5d79-4cf1-85d4-094737b5e5e3","Barry",8484.66,2018-09-21 07:00:00,"M",38,"Hindmarsh","SA",19.72,"c2acaa83dd3146f1af77e2b8ec41f166","CUS-1604596597","138.57","-34.91","debit","Fri","20:13:55","20","September"
"6738","authorized","1","ACC-2249586092","115.98","-32.07","SALES-POS","32903f6b-7d4e-42d6-a195-b70c71645d6d","Edward",8519.14,2018-09-21 07:00:00,"M",19,"Morley","WA",47.8,"b403ca2bc713479e9ae67b8b126ada96","CUS-443776336","115.9","-31.9","debit","Fri","20:25:10","20","September"
"6739","authorized","1","ACC-1438600314","138.69","-34.84","SALES-POS","2c4cac87-8586-4eda-8b3d-fe7be164fa00","Maria",2481.62,2018-09-21 07:00:00,"F",35,"North Nowra","NSW",101.04,"d772d01d13a349b7962af3c56d5fe8ea","CUS-2650223890","150.6","-34.86","debit","Fri","20:36:24","20","September"
"6740","authorized","1","ACC-3536132544","144.93","-37.79","SALES-POS","5fa60a42-096d-4d97-b830-fb70f449dd4a","Heather",5778.8,2018-09-21 07:00:00,"F",41,"Birtinya","QLD",98.83,"d1e7a64ee48149279deaeb4e9608c1a9","CUS-2348881191","153.13","-26.75","debit","Fri","20:47:38","20","September"
"6741","authorized","1","ACC-2270192619","138.56","-35.27","POS","13f6f06c-14be-4f90-b258-20408ff820b6","Darren",11725.43,2018-09-21 07:00:00,"M",20,"Adelaide","SA",6.49,"1e86bbccbf2c41bd8f10d1982da499a6","CUS-2110742437","138.6","-34.93","debit","Fri","20:58:52","20","September"
"6742","posted",NA,"ACC-3689607373","115.79","-31.79","PAYMENT",NA,"Virginia",6459.37,2018-09-21 07:00:00,"F",20,NA,NA,69,"08f638f199d5443ab89b26f5fdba3e90","CUS-127297539",NA,NA,"debit","Fri","21:00:00","21","September"
"6743","posted",NA,"ACC-721712940","145.09","-37.82","PAYMENT",NA,"Andrew",55072.06,2018-09-21 07:00:00,"M",78,NA,NA,38,"89aef94d924645e8917222286e31cb57","CUS-1646183815",NA,NA,"debit","Fri","21:00:00","21","September"
"6744","posted",NA,"ACC-2681137560","151.11","-33.99","PAYMENT",NA,"Nathaniel",6702.69,2018-09-21 07:00:00,"M",31,NA,NA,29,"871c684d905748a39012024189b87c75","CUS-2083971310",NA,NA,"debit","Fri","21:00:00","21","September"
"6745","posted",NA,"ACC-2171593283","146.94","-36.04","PAYMENT",NA,"Fernando",13316.9,2018-09-21 07:00:00,"M",19,NA,NA,50,"a5ce0dfd3a5d4684931b512bf2794830","CUS-2317998716",NA,NA,"debit","Fri","21:00:00","21","September"
"6746","posted",NA,"ACC-1903037542","153.05","-27.61","PAYMENT",NA,"Jeffrey",3054.42,2018-09-21 07:00:00,"M",30,NA,NA,23,"e9a638e2506e4796b3a506d28baf7b16","CUS-860700529",NA,NA,"debit","Fri","21:00:00","21","September"
"6747","authorized","1","ACC-4258502723","145.45","-37.74","SALES-POS","4c843dbc-0934-4af5-bacb-9a813503bb6d","Kimberly",3688.93,2018-09-21 07:00:00,"F",24,"Burleigh Heads","QLD",55.92,"635ecc684c4643a5baee068c7221a3cd","CUS-3378712515","153.42","-28.1","debit","Fri","21:06:12","21","September"
"6748","authorized","0","ACC-574997646","150.79","-33.64","SALES-POS","035fde6b-0983-444b-895f-fc7e6f58edfe","Mackenzie",4112.69,2018-09-21 07:00:00,"F",18,"Busselton","WA",15.34,"6e11a81e60f740b3aa895fd6b9709239","CUS-586638664","115.35","-33.65","debit","Fri","21:13:06","21","September"
"6749","authorized","1","ACC-1496451953","145.16","-37.84","SALES-POS","4d13e895-2453-4bbd-bbf1-99cb6dc83c41","Ricky",12990.83,2018-09-21 07:00:00,"M",43,"Templestowe Lower","VIC",56.64,"1abe58540458438ca2d4ef562ea40d45","CUS-3142625864","145.11","-37.77","debit","Fri","21:19:59","21","September"
"6750","authorized","0","ACC-3485804958","138.52","-35.01","SALES-POS","25b0fa43-750c-4c0c-b4ec-0c858600bc6d","Jessica",22739.22,2018-09-21 07:00:00,"F",34,"Berry","NSW",13.76,"5deb51eb35a44d9cb3c72ea6236e7dc3","CUS-1196156254","150.7","-34.78","debit","Fri","21:26:53","21","September"
"6751","authorized","1","ACC-3689607373","115.79","-31.79","POS","1548e270-35fb-4848-874f-46fc72569df1","Virginia",6528.37,2018-09-21 07:00:00,"F",20,"South Perth","WA",14.95,"eb7e6d42ba974447879bf0de44aa07d8","CUS-127297539","115.86","-31.98","debit","Fri","21:33:47","21","September"
"6752","authorized","0","ACC-2249586092","115.98","-32.07","SALES-POS","42d41c86-bbae-4a5a-a838-a7ae397f17ec","Edward",8511.53,2018-09-21 07:00:00,"M",19,"South Fremantle","WA",7.61,"e8d14dbb15e1455389bc6cc512d13a4e","CUS-443776336","115.75","-32.07","debit","Fri","21:40:41","21","September"
"6753","authorized","1","ACC-854938045","147.63","-22.84","SALES-POS","294d0299-6194-4e98-9236-c9579956d082","James",11808.92,2018-09-21 07:00:00,"M",28,"Sydney","NSW",191.12,"b046821f3ac04330b18fc92a4e8d8a18","CUS-4023861240","151.21","-33.86","debit","Fri","21:47:35","21","September"
"6754","authorized","1","ACC-2305712452","138.61","-34.89","SALES-POS","3066388c-cb19-4379-90a2-19e36a06c167","Debra",4300.1,2018-09-21 07:00:00,"F",18,"North Adelaide","SA",18.11,"c105ace764b74e949b9e823fd5ec1a85","CUS-1842679196","138.61","-34.91","debit","Fri","21:54:28","21","September"
"6755","authorized","1","ACC-3233697971","151.04","-33.77","POS","bd85d473-00fd-46dc-bbd4-b781170cae0c","Robin",8240.64,2018-09-21 07:00:00,"F",34,"Mosman","NSW",50.79,"012dc0ee88024aafbfa36cc766612b41","CUS-1147642491","151.24","-33.83","debit","Fri","22:01:35","22","September"
"6756","authorized","0","ACC-1496451953","145.16","-37.84","SALES-POS","3b4cef6e-7b92-41cb-92cb-2602d25486b6","Ricky",12955.24,2018-09-21 07:00:00,"M",43,"Hawthorn","VIC",35.59,"a2265810048f4b9b9c2575cce027db86","CUS-3142625864","145.03","-37.82","debit","Fri","22:09:31","22","September"
"6757","authorized","1","ACC-3536132544","144.93","-37.79","SALES-POS","1a62cc95-5da2-4d2a-990b-c297c2405195","Heather",5748.42,2018-09-21 07:00:00,"F",41,"Dingley Village","VIC",30.38,"2d824a4355e64ada8eee77596f38565e","CUS-2348881191","145.13","-37.98","debit","Fri","22:17:27","22","September"
"6758","authorized","1","ACC-3326339947","151.18","-33.80","SALES-POS","043c52d1-33ca-4214-8f34-3f549afaebce","Eric",8550.67,2018-09-21 07:00:00,"M",22,"Randwick","NSW",14.51,"47d24a6ec0924427818f85edb38618dd","CUS-326006476","151.25","-33.91","debit","Fri","22:25:23","22","September"
"6759","authorized","0","ACC-3233697971","151.04","-33.77","POS","4169b2ec-88ea-4de2-9323-7ce2ecc2b86f","Robin",8210.87,2018-09-21 07:00:00,"F",34,"Barmera","SA",29.77,"47fb4cd6429f45379ae2c8df011ebe90","CUS-1147642491","140.46","-34.25","debit","Fri","22:33:19","22","September"
"6760","authorized","1","ACC-2673069055","152.99","-27.49","SALES-POS","9f373ff3-b14b-4b51-ade4-c361bcd5499d","Richard",18265.55,2018-09-21 07:00:00,"M",24,"Noosa Heads","QLD",17.07,"9dcabf179d964a4ca6d397633749b884","CUS-51506836","153.09","-26.39","debit","Fri","22:41:16","22","September"
"6761","authorized","1","ACC-1516130869","130.84","-12.45","POS","8f49e7a9-c5ca-4c7a-81dc-911ec5e52ba6","Jessica",4772.17,2018-09-21 07:00:00,"F",21,"Ringwood","VIC",26.25,"7d06efea38694558b72b859b4bf6c935","CUS-325142416","145.15","-37.71","debit","Fri","22:49:12","22","September"
"6762","authorized","1","ACC-1344825761","151.09","-33.91","SALES-POS","4d0051b3-91be-4db7-b397-ac82ea844118","Sarah",21363.84,2018-09-21 07:00:00,"F",46,"North Sydney","NSW",99.69,"6406440d2c394280a5375188b6de4066","CUS-1499065773","151.21","-33.84","debit","Fri","22:57:08","22","September"
"6763","posted",NA,"ACC-3541460373","145.00","-37.83","PAYMENT",NA,"Jeffrey",3015.07,2018-09-21 07:00:00,"M",24,NA,NA,41,"0b70b5cebdce4009bba8e220394f74f5","CUS-1433879684",NA,NA,"debit","Fri","23:00:00","23","September"
"6764","authorized","0","ACC-1973887809","115.78","-31.90","POS","e476a3a6-335b-4919-a14f-6264a6ca2b20","Antonio",6527.59,2018-09-21 07:00:00,"M",26,"Mount Lawley","WA",21.23,"947fab3e546a4e32aec8921b6d07f981","CUS-1646621553","115.87","-31.94","debit","Fri","23:08:46","23","September"
"6765","authorized","1","ACC-3326339947","151.18","-33.80","SALES-POS","bccc2aea-8c61-401e-9d1b-7c89f557c036","Eric",8443.29,2018-09-21 07:00:00,"M",22,"Parramatta","NSW",107.38,"2816a9d654ff4829b865d1c7ba7d2065","CUS-326006476","151","-33.81","debit","Fri","23:22:27","23","September"
"6766","authorized","0","ACC-2920611728","144.96","-37.76","SALES-POS","d2017cb5-ce4f-4e77-b5f3-4c1f5c0cb3a5","Tyler",7066.37,2018-09-21 07:00:00,"M",69,"Yarraville","VIC",111.63,"54e1cdbed44242a997efada393091116","CUS-1388323263","144.87","-37.81","debit","Fri","23:36:09","23","September"
"6767","authorized","0","ACC-574997646","150.79","-33.64","SALES-POS","9d1dd1b7-4360-4d25-b7b8-8faa9ea6e2f8","Mackenzie",4098.39,2018-09-21 07:00:00,"F",18,"Brighton-Le-Sands","NSW",14.3,"c337064ca563488eb202fd648a7eb2ae","CUS-586638664","151.15","-33.97","debit","Fri","23:49:51","23","September"
"6768","authorized","1","ACC-3326339947","151.18","-33.80","POS","c2b7e3fe-d17c-4415-b0ff-2625531bc331","Eric",8405.05,2018-09-22 07:00:00,"M",22,"Prairiewood","NSW",38.24,"64c4b0f3f59144af8f1612896c21b795","CUS-326006476","150.9","-33.86","debit","Sat","00:11:18","00","September"
"6769","authorized","1","ACC-3485804958","138.52","-35.01","POS","35e00b7c-1d21-4926-a645-2df4694163e8","Jessica",22728.1,2018-09-22 07:00:00,"F",34,"Lonsdale","SA",11.12,"4ed9926509cb47d1a7f386334c0815ec","CUS-1196156254","138.5","-35.1","debit","Sat","00:54:46","00","September"
"6770","authorized","1","ACC-3541460373","145.00","-37.83","POS","98d1a1bd-3c96-42fb-98e8-eeacb5d1ed47","Jeffrey",2975.16,2018-09-22 07:00:00,"M",24,"Melbourne","VIC",39.91,"4b55dbaa5a714ad0a9df242d39d9f193","CUS-1433879684","144.96","-37.82","debit","Sat","01:15:42","01","September"
"6771","authorized","1","ACC-3541460373","145.00","-37.83","SALES-POS","ece151d2-3e52-4c95-b47c-38cc75b4a517","Jeffrey",2966.9,2018-09-22 07:00:00,"M",24,"North Sydney","NSW",8.26,"b09353bebb2641409c16518f0ec936cd","CUS-1433879684","151.21","-33.84","debit","Sat","01:33:34","01","September"
"6772","authorized","1","ACC-3326339947","151.18","-33.80","POS","d341eff8-8e3c-463a-acae-4e80f5e208c2","Eric",8382.13,2018-09-22 07:00:00,"M",22,"Blacktown","NSW",22.92,"72735d4a5f7f41f39a43c73605a181c4","CUS-326006476","150.89","-33.78","debit","Sat","01:51:25","01","September"
"6773","posted",NA,"ACC-3481401842","115.74","-31.72","PAYMENT",NA,"Tiffany",6087.27,2018-09-22 07:00:00,"F",25,NA,NA,26,"4d0ed990f68e4538b527f8c075987060","CUS-1669695324",NA,NA,"debit","Sat","02:00:00","02","September"
"6774","authorized","0","ACC-3741880913","150.50","-23.40","SALES-POS","5dff36d2-8931-400a-ab57-8ec3a5e2879c","Ashley",8811.61,2018-09-22 07:00:00,"F",25,"Alpine","NSW",31.48,"f43d334deb9447f9be464a6d2c4dde35","CUS-1220154422","150.52","-34.41","debit","Sat","02:12:59","02","September"
"6775","authorized","0","ACC-3541460373","145.00","-37.83","POS","5889edf0-d375-4bd8-9268-0017d60fda33","Jeffrey",2946.86,2018-09-22 07:00:00,"M",24,"Ballan","VIC",20.04,"3d2e5b66134c40cd9bff96210bea6fd3","CUS-1433879684","144.24","-37.59","debit","Sat","02:37:59","02","September"
"6776","posted",NA,"ACC-1788473090","145.06","-37.95","PAYMENT",NA,"Rachael",6699.34,2018-09-22 07:00:00,"F",21,NA,NA,193,"b0c8940d11e040a381074d317366285e","CUS-134193016",NA,NA,"debit","Sat","03:00:00","03","September"
"6777","authorized","1","ACC-1973887809","115.78","-31.90","SALES-POS","89c36d50-d37a-4b9e-8443-152ab3e77cc9","Antonio",6503.54,2018-09-22 07:00:00,"M",26,"Broken Hill","NSW",24.05,"e5f7b9ecbd8f42e3b0599b0d5f209f1b","CUS-1646621553","141.47","-31.95","debit","Sat","03:07:03","03","September"
"6778","posted",NA,"ACC-964839203","146.92","-36.07","PAYMENT",NA,"Michael",36242.87,2018-09-22 07:00:00,"M",21,NA,NA,28,"e62b388915b04fe2815341e178f090c9","CUS-2059096722",NA,NA,"debit","Sat","04:00:00","04","September"
"6779","authorized","1","ACC-3536132544","144.93","-37.79","SALES-POS","8518e2c6-a212-47ba-8430-7487d085037c","Heather",5738.15,2018-09-22 07:00:00,"F",41,"Balwyn North","VIC",10.27,"852c1ccca69442789c1af8acb0e5b391","CUS-2348881191","145.09","-37.8","debit","Sat","04:01:57","04","September"
"6780","authorized","1","ACC-1037050564","153.10","-27.66","SALES-POS","eabdc5f5-9090-455d-b65d-5d5e08800e98","Rhonda",3810.61,2018-09-22 07:00:00,"F",40,"Wooloowin","QLD",60.45,"9609dd3d4e214abdae9773fb1c51b40d","CUS-1614226872","153.04","-27.42","debit","Sat","04:21:34","04","September"
"6781","authorized","1","ACC-2528867619","138.58","-34.96","POS","02dc8434-5ba7-40ee-b1c5-5771560e0c1d","Abigail",13114.2,2018-09-22 07:00:00,"F",40,"Nowra North","NSW",64.97,"a6c87436e3064e09a3295f8eb705f633","CUS-2505971401","150.59","-34.87","debit","Sat","04:41:10","04","September"
"6782","posted",NA,"ACC-2681137560","151.11","-33.99","PAYMENT",NA,"Nathaniel",6676.69,2018-09-22 07:00:00,"M",31,NA,NA,26,"808fa41c07d7479ab92963ee6dff8641","CUS-2083971310",NA,NA,"debit","Sat","05:00:00","05","September"
"6783","posted",NA,"ACC-1652235822","144.89","-37.81","PAYMENT",NA,"Renee",19710.62,2018-09-22 07:00:00,"F",38,NA,NA,45,"7eaa420e76264cdaa15fd3a2965fc584","CUS-2206365095",NA,NA,"debit","Sat","05:00:00","05","September"
"6784","posted",NA,"ACC-1650504218","145.01","-37.93","PAYMENT",NA,"Marissa",11052.44,2018-09-22 07:00:00,"F",23,NA,NA,43,"886d9c39d1fa4f1689428f0ec9d6dbc8","CUS-2500783281",NA,NA,"debit","Sat","05:00:00","05","September"
"6785","posted",NA,"ACC-4281711154","144.98","-37.84","PAYMENT",NA,"Eric",39309.38,2018-09-22 07:00:00,"M",42,NA,NA,37,"d52d2efab89b4e6b85f43f6d5d756ba5","CUS-3151318058",NA,NA,"debit","Sat","05:00:00","05","September"
"6786","authorized","1","ACC-2890243754","153.32","-27.93","SALES-POS","dd2927c4-ccc2-4aa7-be03-ca93ae8f77ad","Joseph",4612.5,2018-09-22 07:00:00,"M",37,"Aratula","QLD",18.03,"07d06d785ace477faed0b6e34ea81874","CUS-2695611575","152.55","-27.98","debit","Sat","05:04:59","05","September"
"6787","authorized","0","ACC-1443681913","150.92","-33.77","POS","50509899-e929-4d8e-bdd9-5e7faef2fa91","Ryan",3933.56,2018-09-22 07:00:00,"M",31,"Surry Hills","NSW",34.23,"c355724da0fb4d22960d81b1f1effc0c","CUS-3129499595","151.21","-33.89","debit","Sat","06:37:19","06","September"
"6788","authorized","0","ACC-3741880913","150.50","-23.40","POS","633d03c8-2319-4802-aaa9-f2c9c366a820","Ashley",8664.72,2018-09-22 07:00:00,"F",25,"Newman","WA",146.89,"0a532d4f312141b48aa173e15f663054","CUS-1220154422","119.8","-23.39","debit","Sat","07:21:59","07","September"
"6789","posted",NA,"ACC-2528867619","138.58","-34.96","PAYMENT",NA,"Abigail",13032.2,2018-09-22 07:00:00,"F",40,NA,NA,82,"8bd111c565cd447791a933ee30bf73d0","CUS-2505971401",NA,NA,"debit","Sat","08:00:00","08","September"
"6790","authorized","1","ACC-3689607373","115.79","-31.79","SALES-POS","9e765397-3424-4d26-aab1-a37a4b5f5c96","Virginia",6391.88,2018-09-22 07:00:00,"F",20,"Herne Hill","WA",67.49,"adef52e1950c411b8ca9d026eaaca835","CUS-127297539","116.01","-31.83","debit","Sat","08:19:32","08","September"
"6791","authorized","1","ACC-1222300524","151.23","-33.94","POS","438fdb3a-9c2c-45ac-9583-f138420f0d18","Michael",414.14,2018-09-22 07:00:00,"M",38,"Kadina","SA",23.51,"82c1c0f97dc14f379603f66570d661dd","CUS-2142601169","137.72","-33.96","debit","Sat","08:42:16","08","September"
"6792","authorized","1","ACC-3485804958","138.52","-35.01","POS","a3adc59f-5e58-4d80-afb2-f00d23c324d9","Jessica",22716.26,2018-09-22 07:00:00,"F",34,"Adelaide","SA",11.84,"188ba51880cb41159cbb4d38ba9de79e","CUS-1196156254","138.6","-34.93","debit","Sat","09:01:32","09","September"
"6793","authorized","1","ACC-1222300524","151.23","-33.94","POS","de440092-1855-4457-9f2f-746d3a78dfcd","Michael",403.56,2018-09-22 07:00:00,"M",38,"Wallaroo","SA",10.58,"777e535139af4cf4b1a76e49404796d2","CUS-2142601169","137.63","-33.93","debit","Sat","09:08:31","09","September"
"6794","authorized","1","ACC-2890243754","153.32","-27.93","POS","0680bf59-f888-4497-abb0-51caf22f7aa9","Joseph",4603.74,2018-09-22 07:00:00,"M",37,"Broadbeach","QLD",8.76,"cce1372e7b5842e5b5328405731ac538","CUS-2695611575","153.43","-28.04","debit","Sat","09:15:31","09","September"
"6795","authorized","0","ACC-1222300524","151.23","-33.94","POS","0de75523-e772-4706-bd59-350afa6d3907","Michael",390.11,2018-09-22 07:00:00,"M",38,"Manly","NSW",13.45,"c4061641066c4e3491da0d75a1f6fd02","CUS-2142601169","151.29","-33.8","debit","Sat","09:22:31","09","September"
"6796","authorized","1","ACC-1496451953","145.16","-37.84","SALES-POS","da9a82a8-4e5c-4c7a-8032-dd3e08c37c58","Ricky",12938.45,2018-09-22 07:00:00,"M",43,"Richmond","VIC",16.79,"75f5902af52e4bc1ae8d8e8836cc6c8d","CUS-3142625864","145","-37.83","debit","Sat","09:29:30","09","September"
"6797","authorized","1","ACC-2673069055","152.99","-27.49","SALES-POS","51e6a9c9-fd75-49fb-b774-2ce12042bbdc","Richard",18242.05,2018-09-22 07:00:00,"M",24,"Victoria Point","QLD",23.5,"574809a14a8f4d05b8aab45d54fe639c","CUS-51506836","153.28","-27.59","debit","Sat","09:36:30","09","September"
"6798","authorized","0","ACC-414431115","142.77","-37.06","POS","6ddddc40-5b69-4253-8a26-167999a8bf96","Amy",3692.64,2018-09-22 07:00:00,"F",43,"Castlemaine","VIC",18.6,"c16ce491329d479bab1f1645ca4b405e","CUS-2599279756","144.22","-37.06","debit","Sat","09:43:29","09","September"
"6799","authorized","0","ACC-182446574","116.06","-32.00","SALES-POS","33952b07-859c-4c0a-8b1d-813a5f6b444c","Tonya",6381.07,2018-09-22 07:00:00,"F",27,"Cockburn Central","WA",7.71,"77f4145950d9453886bcff5cb96a460c","CUS-3026014945","115.86","-32.13","debit","Sat","09:50:29","09","September"
"6800","authorized","1","ACC-1222300524","151.23","-33.94","SALES-POS","c413a9a5-efe0-4b77-9138-af5afd0fa758","Michael",378.87,2018-09-22 07:00:00,"M",38,"Camperdown","NSW",11.24,"23f8ca1a2ce248738a30df71386e6171","CUS-2142601169","151.18","-33.89","debit","Sat","09:57:28","09","September"
"6801","posted",NA,"ACC-574997646","150.79","-33.64","PAYMENT",NA,"Mackenzie",4053.39,2018-09-22 07:00:00,"F",18,NA,NA,45,"3042e98265924ee7acff85f5884e7d43","CUS-586638664",NA,NA,"debit","Sat","10:00:00","10","September"
"6802","authorized","1","ACC-1222300524","151.23","-33.94","SALES-POS","d5e0405e-956b-429c-bab8-8ec555b86f7b","Michael",364.41,2018-09-22 07:00:00,"M",38,"Moorebank","NSW",14.46,"232952ffde894fe688699f109d4aab52","CUS-2142601169","150.95","-33.93","debit","Sat","10:06:57","10","September"
"6803","authorized","1","ACC-1598451071","153.41","-27.95","SALES-POS","d1914cd8-5226-4cb0-9adc-8c5eb35d07ce","Diana",2717.9,2018-09-22 07:00:00,"F",26,"Highland Park","QLD",9.53,"81e5f20d93e541c5a39be9b374c46910","CUS-2487424745","153.33","-28.01","debit","Sat","10:17:49","10","September"
"6804","authorized","1","ACC-2673069055","152.99","-27.49","SALES-POS","3537d391-1906-4e29-ac70-130997ca8438","Richard",18219.03,2018-09-22 07:00:00,"M",24,"Coffs Harbour","NSW",23.02,"358c1da36f2a41ba9df9bbaa889e54ea","CUS-51506836","153.09","-30.32","debit","Sat","10:28:41","10","September"
"6805","authorized","1","ACC-1598451071","153.41","-27.95","SALES-POS","b27689af-4d1e-49b2-b3af-4139ac5d2b6c","Diana",2709.46,2018-09-22 07:00:00,"F",26,"Arundel","VIC",8.44,"ca6573025eb041e89c588796064bf604","CUS-2487424745","153.37","-27.94","debit","Sat","10:39:33","10","September"
"6806","authorized","1","ACC-2673069055","152.99","-27.49","POS","b0a6a7f9-b9c9-45b3-ac1b-eaf2e65a141c","Richard",18213.55,2018-09-22 07:00:00,"M",24,"Kalbarri","WA",5.48,"0b453e29a3a94d8bb6e61bfea4fdf4da","CUS-51506836","114.17","-27.71","debit","Sat","10:50:26","10","September"
"6807","posted",NA,"ACC-80388494","144.97","-37.42","INTER BANK",NA,"Dustin",7046,2018-09-22 07:00:00,"M",28,NA,NA,90,"7cb176e3a713489b83da65fafe9442a5","CUS-1140341822",NA,NA,"debit","Sat","11:00:00","11","September"
"6808","posted",NA,"ACC-2681137560","151.11","-33.99","PAYMENT",NA,"Nathaniel",6659.69,2018-09-22 07:00:00,"M",31,NA,NA,17,"1accff9e206b4504ab462726aabcb4d9","CUS-2083971310",NA,NA,"debit","Sat","11:00:00","11","September"
"6809","authorized","1","ACC-2890243754","153.32","-27.93","SALES-POS","4fed93ab-f622-4e44-b7ca-8dcdd6b43e35","Joseph",4581.59,2018-09-22 07:00:00,"M",37,"Broadbeach","QLD",22.15,"279e2806911c422e9c5e6176edd8ab14","CUS-2695611575","153.43","-28.04","debit","Sat","11:00:54","11","September"
"6810","authorized","1","ACC-2890243754","153.32","-27.93","POS","6d2d226a-71f5-4f0d-8d84-1f1cc999470a","Joseph",4567.79,2018-09-22 07:00:00,"M",37,"Biggera Waters","QLD",13.8,"ae59326ef4d74f5ba32c7790529eb354","CUS-2695611575","153.39","-27.93","debit","Sat","11:08:29","11","September"
"6811","authorized","1","ACC-3741880913","150.50","-23.40","POS","f82e6e6e-13a2-42e4-9b36-ee31e951e54e","Ashley",8503.1,2018-09-22 07:00:00,"F",25,"Brookvale","NSW",161.62,"d1d7a9b5b3054823a66894b6549f6dba","CUS-1220154422","151.26","-33.76","debit","Sat","11:16:03","11","September"
"6812","authorized","1","ACC-1598451071","153.41","-27.95","SALES-POS","905df638-9513-4d5d-b5c2-65da440c19d0","Diana",2703.06,2018-09-22 07:00:00,"F",26,"Brisbane City","QLD",6.4,"d9ccfac6c76140e6a477813c8928a71c","CUS-2487424745","153.03","-27.47","debit","Sat","11:23:38","11","September"
"6813","authorized","1","ACC-2673069055","152.99","-27.49","SALES-POS","6e17103e-29c5-454a-b437-ef36efb7afda","Richard",18207.47,2018-09-22 07:00:00,"M",24,"Brisbane","QLD",6.08,"c8b182d8db704d47834e94222828c9a8","CUS-51506836","153.03","-27.46","debit","Sat","11:31:12","11","September"
"6814","authorized","1","ACC-1598451071","153.41","-27.95","SALES-POS","215e3686-58cc-471e-9cfb-337fe006c84d","Diana",2694.98,2018-09-22 07:00:00,"F",26,"Biggera Waters","QLD",8.08,"3804cde16eaf42cdbf8309596a69755e","CUS-2487424745","153.39","-27.93","debit","Sat","11:38:47","11","September"
"6815","authorized","1","ACC-2890243754","153.32","-27.93","POS","24499ec9-83d4-48f9-8944-976018db1212","Joseph",4559.17,2018-09-22 07:00:00,"M",37,"Labrador","QLD",8.62,"fe089104f0ac43a88097abdc57b8aaa3","CUS-2695611575","153.4","-27.97","debit","Sat","11:46:21","11","September"
"6816","authorized","0","ACC-1443681913","150.92","-33.77","SALES-POS","cdb5aa98-3008-4c5e-9ad9-8c6faada1788","Ryan",3884.16,2018-09-22 07:00:00,"M",31,"Brookvale","NSW",49.4,"f356c3447edb4cd5b8f2bf585106a960","CUS-3129499595","151.27","-33.77","debit","Sat","11:53:56","11","September"
"6817","posted",NA,"ACC-2173390920","144.71","-37.58","INTER BANK",NA,"Luis",6818.07,2018-09-22 07:00:00,"M",27,NA,NA,140,"d82e201dcedb498e9880a1aaa6e813b6","CUS-3180318393",NA,NA,"debit","Sat","12:00:00","12","September"
"6818","posted",NA,"ACC-37709441","153.41","-28.01","PAYMENT",NA,"Charles",13704.09,2018-09-22 07:00:00,"M",18,NA,NA,173,"4210e6070d4c4ed290a3b18069042ae4","CUS-3336454548",NA,NA,"debit","Sat","12:00:00","12","September"
"6819","posted",NA,"ACC-1998563091","149.03","-35.25","PAYMENT",NA,"David",16026.17,2018-09-22 07:00:00,"M",42,NA,NA,45,"2c285dcf6baa4038b1509c8705c8acae","CUS-3395687666",NA,NA,"debit","Sat","12:00:00","12","September"
"6820","posted",NA,"ACC-2897221629","150.90","-34.37","INTER BANK",NA,"Scott",4962.45,2018-09-22 07:00:00,"M",23,NA,NA,99,"a9c18b0c16b149d2ab1f3f71de287540","CUS-511326734",NA,NA,"debit","Sat","12:00:00","12","September"
"6821","authorized","1","ACC-2890243754","153.32","-27.93","SALES-POS","b16fad42-e29d-461c-9b88-207d0cbee2d8","Joseph",4544.42,2018-09-22 07:00:00,"M",37,"Annerley","QLD",14.75,"84ff342abd16406d99f04f5eb7fbdc70","CUS-2695611575","153.03","-27.51","debit","Sat","12:03:16","12","September"
"6822","authorized","1","ACC-1496451953","145.16","-37.84","POS","7714a613-3013-46d8-8b95-a11e2e79801b","Ricky",12923.71,2018-09-22 07:00:00,"M",43,"Parkville","VIC",14.74,"e7c5e038b9e542bf8460c425b128b191","CUS-3142625864","144.96","-37.78","debit","Sat","12:19:40","12","September"
"6823","authorized","1","ACC-1598451071","153.41","-27.95","SALES-POS","bb894766-dd09-429c-9450-c7c778fb1a27","Diana",2683.21,2018-09-22 07:00:00,"F",26,"Taringa","QLD",11.77,"8d8f57b8f96f4418b47a719c5fb0e869","CUS-2487424745","152.98","-27.49","debit","Sat","12:36:03","12","September"
"6824","authorized","1","ACC-1598451071","153.41","-27.95","POS","561da974-7020-4548-835e-79727643471d","Diana",2673.61,2018-09-22 07:00:00,"F",26,"Biggera Waters","QLD",9.6,"1efb5a26d9f34e719e11eb48decb70b3","CUS-2487424745","153.39","-27.93","debit","Sat","12:52:27","12","September"
"6825","posted",NA,"ACC-90814749","151.68","-32.98","INTER BANK",NA,"Christopher",11785.28,2018-09-22 07:00:00,"M",35,NA,NA,44,"ccb9e9586fdf4b469bfa8aac1d3c6190","CUS-1896554896",NA,NA,"debit","Sat","13:00:00","13","September"
"6826","authorized","1","ACC-1903037542","153.05","-27.61","POS","3e22ce7f-00af-4c37-a778-515ab2186f93","Jeffrey",3038,2018-09-22 07:00:00,"M",30,"Cannon Hill","QLD",16.42,"b1556427db324fe797038b46ddd6326d","CUS-860700529","153.09","-27.47","debit","Sat","13:09:38","13","September"
"6827","authorized","0","ACC-1903037542","153.05","-27.61","POS","080f11a9-7d38-40d1-84dc-b32f05742c52","Jeffrey",3022.9,2018-09-22 07:00:00,"M",30,"Runcorn","QLD",15.1,"2394bb341b01475882c7b5faf7a32e9f","CUS-860700529","153.08","-27.59","debit","Sat","13:27:29","13","September"
"6828","authorized","1","ACC-3771436525","145.04","-37.92","SALES-POS","db23d39e-b726-4baf-bded-fd7bf30af2c5","Derek",4381.53,2018-09-22 07:00:00,"M",20,"Glen Waverley","VIC",63.49,"72f1590caf07405080fb7acbca3e2a1b","CUS-3325710106","145.17","-37.88","debit","Sat","13:45:21","13","September"
"6829","posted",NA,"ACC-37709441","153.41","-28.01","INTER BANK",NA,"Charles",13659.09,2018-09-22 07:00:00,"M",18,NA,NA,45,"06e2cd360d02456cb77591c9524a23c0","CUS-3336454548",NA,NA,"debit","Sat","14:00:00","14","September"
"6830","posted",NA,"ACC-2673069055","152.99","-27.49","PAYMENT",NA,"Richard",18137.47,2018-09-22 07:00:00,"M",24,NA,NA,70,"59280990c3e8490bbbf712c8c5f932d2","CUS-51506836",NA,NA,"debit","Sat","14:00:00","14","September"
"6831","authorized","1","ACC-2650850707","148.16","-23.52","POS","cb54ec1c-4a25-4c3c-87ac-82d1daf10607","Brian",112723.55,2018-09-22 07:00:00,"M",42,"Blackwater","QLD",80.41,"8fdf05b38ce441f697681650e70c9459","CUS-2819545904","148.89","-23.59","debit","Sat","14:01:29","14","September"
"6832","authorized","1","ACC-1037050564","153.10","-27.66","POS","be166397-db38-4c47-a672-ec0705ee4a6f","Rhonda",3803.87,2018-09-22 07:00:00,"F",40,"Brisbane City","QLD",6.74,"ab2708ce847c48c18f62b3839d4f84d8","CUS-1614226872","153.02","-27.47","debit","Sat","14:09:49","14","September"
"6833","authorized","1","ACC-80388494","144.97","-37.42","POS","6f7dccf6-2327-4ce1-9a4d-a2c57201c2fa","Dustin",7020.28,2018-09-22 07:00:00,"M",28,"Maribyrnong","VIC",25.72,"8f47b522ba0240d1aefa3d2f085d2810","CUS-1140341822","144.89","-37.77","debit","Sat","14:18:09","14","September"
"6834","authorized","1","ACC-1903037542","153.05","-27.61","POS","cd2b4b28-c008-435a-afdf-4dd03747f6e7","Jeffrey",2995.18,2018-09-22 07:00:00,"M",30,"Brisbane City","QLD",27.72,"a4ec78a87a6c4f9b8bc3bd741273037b","CUS-860700529","153.02","-27.46","debit","Sat","14:26:29","14","September"
"6835","authorized","1","ACC-182446574","116.06","-32.00","POS","702740d3-39eb-41db-8047-dd0ed8402256","Tonya",6363.17,2018-09-22 07:00:00,"F",27,"Fremantle","WA",17.9,"33f9594fdefe4791a23b1e5bb577b323","CUS-3026014945","115.75","-32.06","debit","Sat","14:34:49","14","September"
"6836","authorized","1","ACC-3689607373","115.79","-31.79","POS","89050fa6-0356-42df-9de3-ccb9f467a788","Virginia",6374.09,2018-09-22 07:00:00,"F",20,"Taree","NSW",17.79,"b858ba17ea764a01b53f533ca59b88c5","CUS-127297539","152.45","-31.91","debit","Sat","14:43:09","14","September"
"6837","authorized","1","ACC-3689607373","115.79","-31.79","POS","7b0efea6-175f-4d87-b096-e32fb6281da0","Virginia",6354.86,2018-09-22 07:00:00,"F",20,"Gosnells","WA",19.23,"fd57c1a9c3cc4ede8c66cb6d79c744e0","CUS-127297539","116","-32.07","debit","Sat","14:51:29","14","September"
"6838","authorized","1","ACC-1598451071","153.41","-27.95","SALES-POS","6d5123a4-2e72-4fd3-9892-1b84bcd5e084","Diana",2665.39,2018-09-22 07:00:00,"F",26,"Benowa","QLD",8.22,"032deb7c4d954e62a7654a7bb30bafa1","CUS-2487424745","153.4","-28.01","debit","Sat","14:59:49","14","September"
"6839","authorized","1","ACC-1890605467","143.88","-37.66","SALES-POS","1fb39dd7-1ada-40a2-9948-bc19b0581dff","Alexander",16580.3,2018-09-22 07:00:00,"M",38,"Roxburgh Park","VIC",28.75,"5678237a0a1e494b860524814be28f25","CUS-1478398256","144.93","-37.64","debit","Sat","15:12:43","15","September"
"6840","authorized","1","ACC-414431115","142.77","-37.06","POS","fead27c2-a33d-4870-9cce-29f199b117ad","Amy",3653.05,2018-09-22 07:00:00,"F",43,"Castlemaine","VIC",39.59,"95c846dddba94c8c844ed0a65110161e","CUS-2599279756","144.22","-37.06","debit","Sat","15:25:42","15","September"
"6841","authorized","1","ACC-2305712452","138.61","-34.89","POS","dbf64945-4826-4200-aa53-973fce7c9b9c","Debra",4283.31,2018-09-22 07:00:00,"F",18,"Highgate","SA",16.79,"b70344bff7194d4c93762d5b2aac6dc5","CUS-1842679196","138.62","-34.96","debit","Sat","15:38:42","15","September"
"6842","authorized","1","ACC-1424176027","151.08","-33.93","POS","fb8b1c61-aa5b-4830-bb26-810929d6aa85","Donald",6958.91,2018-09-22 07:00:00,"M",22,"Terrey Hills","NSW",34.36,"e808ec1dc9d74779a56f0a4589470324","CUS-3431016847","151.23","-33.68","debit","Sat","15:51:41","15","September"
"6843","posted",NA,"ACC-2920611728","144.96","-37.76","PAYMENT",NA,"Tyler",7049.37,2018-09-22 07:00:00,"M",69,NA,NA,17,"4c4732fc8c5a475abf75c5bfc2e122b6","CUS-1388323263",NA,NA,"debit","Sat","16:00:00","16","September"
"6844","posted",NA,"ACC-37709441","153.41","-28.01","PHONE BANK",NA,"Charles",13638.09,2018-09-22 07:00:00,"M",18,NA,NA,21,"515e888b5c884871aa2354129be86ac7","CUS-3336454548",NA,NA,"debit","Sat","16:00:00","16","September"
"6845","authorized","1","ACC-1424176027","151.08","-33.93","POS","b462d997-f440-4b25-8da9-a02bdc53d4f1","Donald",6947.9,2018-09-22 07:00:00,"M",22,"Chatswood","NSW",11.01,"2ccb31cf747f47b48e2ba84331882508","CUS-3431016847","151.19","-33.79","debit","Sat","16:05:59","16","September"
"6846","authorized","1","ACC-414431115","142.77","-37.06","POS","6beb3465-4cb7-449b-b395-0eaa7764d4fe","Amy",3623.31,2018-09-22 07:00:00,"F",43,"Robinvale","VIC",29.74,"e73d02bfc69e4c258e198fb2c1ba3ece","CUS-2599279756","142.77","-34.58","debit","Sat","16:22:39","16","September"
"6847","authorized","1","ACC-1438600314","138.69","-34.84","SALES-POS","547ea2f7-a774-4edb-b284-e7730ad7dec9","Maria",2444.84,2018-09-22 07:00:00,"F",35,"Smithfield","SA",36.78,"203f4816ab6b41cb990db54cfa2d1c04","CUS-2650223890","138.69","-34.69","debit","Sat","16:39:19","16","September"
"6848","authorized","0","ACC-3741880913","150.50","-23.40","POS","30e1920f-6a0a-4405-b444-b48caeb2bc5c","Ashley",8482.96,2018-09-22 07:00:00,"F",25,"Newman","WA",20.14,"e1fe32845bdd4115a587c608a1ae92c2","CUS-1220154422","119.73","-23.37","debit","Sat","16:55:59","16","September"
"6849","posted",NA,"ACC-3317636250","153.02","-27.66","PAYMENT",NA,"Kenneth",15510.73,2018-09-22 07:00:00,"M",35,NA,NA,121,"3f8c43eee9924a779747327628586fdf","CUS-2738291516",NA,NA,"debit","Sat","17:00:00","17","September"
"6850","posted",NA,"ACC-854938045","147.63","-22.84","PAYMENT",NA,"James",11759.92,2018-09-22 07:00:00,"M",28,NA,NA,49,"504b10b97d4d4d2eb58699d9647909af","CUS-4023861240",NA,NA,"debit","Sat","17:00:00","17","September"
"6851","authorized","1","ACC-3689607373","115.79","-31.79","SALES-POS","9b8cd3ba-a8fd-4c32-b0b4-980862feca16","Virginia",6318.67,2018-09-22 07:00:00,"F",20,"Duncraig","WA",36.19,"690536c4f6d847798b5b087685957c06","CUS-127297539","115.77","-31.82","debit","Sat","17:07:35","17","September"
"6852","authorized","1","ACC-182446574","116.06","-32.00","SALES-POS","9223d7eb-268f-41d4-a975-3378517186e6","Tonya",6326.9,2018-09-22 07:00:00,"F",27,"Subiaco","WA",36.27,"422d838dd1334f3a8a1ae4308ca269b9","CUS-3026014945","115.82","-31.95","debit","Sat","17:17:35","17","September"
"6853","authorized","1","ACC-3233697971","151.04","-33.77","POS","d31e7b0a-33e3-4c5b-86dd-0e2bd027fb19","Robin",8180.32,2018-09-22 07:00:00,"F",34,"Maroubra","NSW",30.55,"3a21ce12b0734fdc824f6b817fac2940","CUS-1147642491","151.25","-33.95","debit","Sat","17:27:35","17","September"
"6854","authorized","1","ACC-1424176027","151.08","-33.93","SALES-POS","f9179fe3-5d59-4119-8562-c54a05269bb8","Donald",6929.45,2018-09-22 07:00:00,"M",22,"Balmain","NSW",18.45,"6d9905f79a6145f39c834b539d4a20ad","CUS-3431016847","151.18","-33.86","debit","Sat","17:37:35","17","September"
"6855","authorized","1","ACC-3481401842","115.74","-31.72","POS","326be4c0-2e6d-4b4a-bc3d-c26abe723c9f","Tiffany",6068.23,2018-09-22 07:00:00,"F",25,"Hilton","WA",19.04,"86f4149501814352b21988933d652014","CUS-1669695324","115.78","-32.06","debit","Sat","17:47:35","17","September"
"6856","authorized","1","ACC-3771436525","145.04","-37.92","POS","99de3c07-fc81-4cde-bfbc-d652d621e26f","Derek",4351.29,2018-09-22 07:00:00,"M",20,"Sydney","NSW",30.24,"756011fd6b1b4a56a849453f9437bfdb","CUS-3325710106","151.21","-33.86","debit","Sat","17:57:35","17","September"
"6857","posted",NA,"ACC-958000567","130.90","-12.37","PAYMENT",NA,"Sandra",8243.04,2018-09-22 07:00:00,"F",34,NA,NA,17,"5ed94f1b4eda4e0aaa4a54f35f624f4b","CUS-4142663097",NA,NA,"debit","Sat","18:00:00","18","September"
"6858","posted",NA,"ACC-3021093232","149.83","-29.47","INTER BANK",NA,"Melissa",7893.82,2018-09-22 07:00:00,"F",30,NA,NA,155,"a06978bdd5cb4fd8afa12a6b31a41d7a","CUS-55310383",NA,NA,"debit","Sat","18:00:00","18","September"
"6859","authorized","0","ACC-1598451071","153.41","-27.95","SALES-POS","601bc008-50c1-4dad-9ea0-5f52273a2480","Diana",2658.87,2018-09-22 07:00:00,"F",26,"Runaway Bay","QLD",6.52,"9ab5211d641a4d338af345c9ef89760d","CUS-2487424745","153.4","-27.93","debit","Sat","18:18:32","18","September"
"6860","authorized","1","ACC-1903037542","153.05","-27.61","SALES-POS","5a99b1bd-249f-4841-a402-57bb79e5d2c1","Jeffrey",2989.94,2018-09-22 07:00:00,"M",30,"Plainland","QLD",5.24,"f2a5dc5838f3483e896e686cc211840d","CUS-860700529","152.42","-27.56","debit","Sat","18:42:55","18","September"
"6861","posted",NA,"ACC-4274272854","145.23","-37.86","PAYMENT",NA,"Timothy",5537.47,2018-09-22 07:00:00,"M",20,NA,NA,116,"70dec51ea56e4ca9b364d01f4632df18","CUS-2484453271",NA,NA,"debit","Sat","19:00:00","19","September"
"6862","authorized","1","ACC-1334819143","145.13","-37.70","POS","51bed653-b991-46e2-af21-8f5a76492eb7","Christopher",62176.04,2018-09-22 07:00:00,"M",33,"Melbourne","VIC",14.8,"caabcc84ea1b4f4b9a5599cb298f1141","CUS-3117610635","144.96","-37.81","debit","Sat","19:03:11","19","September"
"6863","authorized","1","ACC-2897221629","150.90","-34.37","SALES-POS","afc10575-a978-432c-bf68-a80bc07ccca8","Scott",4946.04,2018-09-22 07:00:00,"M",23,"Sydney","NSW",16.41,"9750a3dd0de544148621cb1243d8d04c","CUS-511326734","151.21","-33.87","debit","Sat","19:13:49","19","September"
"6864","authorized","1","ACC-1598451071","153.41","-27.95","SALES-POS","91f952db-5094-4e65-8fd8-7c9cff78a66f","Diana",2653.52,2018-09-22 07:00:00,"F",26,"Mermaid Waters","QLD",5.35,"4dcf19a602eb4aee9d17cbdfb6fa6c1d","CUS-2487424745","153.42","-28.04","debit","Sat","19:24:28","19","September"
"6865","authorized","1","ACC-1037050564","153.10","-27.66","SALES-POS","e3e28ad9-50a4-4a33-b675-bb611d49b517","Rhonda",3761.5,2018-09-22 07:00:00,"F",40,"Kalbarri","WA",42.37,"8d79b5c071c54f00ad2f170c8ae5b8a5","CUS-1614226872","114.17","-27.7","debit","Sat","19:35:06","19","September"
"6866","authorized","1","ACC-414431115","142.77","-37.06","POS","106e1272-44ab-4dcb-a438-dd98e0071e51","Amy",3595.19,2018-09-22 07:00:00,"F",43,"Eden","NSW",28.12,"f1f6bf0a28c343a6b4968d2b46d0684c","CUS-2599279756","149.9","-37.06","debit","Sat","19:45:44","19","September"
"6867","authorized","1","ACC-1222300524","151.23","-33.94","POS","02bfed71-b829-462d-bcf4-7f143ca7766b","Michael",357.58,2018-09-22 07:00:00,"M",38,"Croydon","NSW",6.83,"e55cb2bae8584d26b466463a0eea9feb","CUS-2142601169","151.13","-33.87","debit","Sat","19:56:22","19","September"
"6868","posted",NA,"ACC-4258502723","145.45","-37.74","INTER BANK",NA,"Kimberly",3660.93,2018-09-22 07:00:00,"F",24,NA,NA,28,"e52b2a2abfa745f1aeec02094f5f805e","CUS-3378712515",NA,NA,"debit","Sat","20:00:00","20","September"
"6869","posted",NA,"ACC-3954677887","115.72","-32.28","INTER BANK",NA,"Ruth",5193.13,2018-09-22 07:00:00,"F",47,NA,NA,121,"f6f3871228294897b229fd00891b5dda","CUS-3716701010",NA,NA,"debit","Sat","20:00:00","20","September"
"6870","authorized","0","ACC-1349834573","145.17","-37.84","SALES-POS","d1f233cc-3f37-4c24-a188-7d842a11bb3d","Matthew",11603.67,2018-09-22 07:00:00,"M",39,"Melbourne","VIC",158.27,"23916cef9eea42288b2ce4283e739331","CUS-1790886359","144.96","-37.81","debit","Sat","20:07:35","20","September"
"6871","authorized","1","ACC-2173390920","144.71","-37.58","SALES-POS","6e6da949-1cd4-4615-8359-619f52f34184","Luis",6803.49,2018-09-22 07:00:00,"M",27,"Rochester","VIC",14.58,"f7b8e7ee39ec4f2087dc0d14899eabf8","CUS-3180318393","144.7","-36.36","debit","Sat","20:19:04","20","September"
"6872","authorized","0","ACC-2673069055","152.99","-27.49","POS","f39e8c3c-b44b-4879-8087-ca556de62378","Richard",18118.73,2018-09-22 07:00:00,"M",24,"Tanah Merah","QLD",18.74,"6a11325e862c4f9ab14fe8a5d93bad87","CUS-51506836","153.18","-27.68","debit","Sat","20:30:34","20","September"
"6873","authorized","1","ACC-154431271","153.09","-27.48","POS","abf31fa7-2b8d-421b-85ca-1c81a4a04b64","Lori",3734.65,2018-09-22 07:00:00,"F",18,"Sydney","NSW",23.18,"f2edacc232024c91865fa4140d4f8f5c","CUS-3702001629","151.2","-33.87","debit","Sat","20:42:04","20","September"
"6874","authorized","1","ACC-3541460373","145.00","-37.83","POS","3c702f7c-61b3-454e-93f7-508b5da49dab","Jeffrey",2901.45,2018-09-22 07:00:00,"M",24,"Essendon Fields","VIC",45.41,"11f808cdb7a8488ab89a57249f5f603e","CUS-1433879684","144.91","-37.73","debit","Sat","20:53:33","20","September"
"6875","posted",NA,"ACC-1344825761","151.09","-33.91","PAYMENT",NA,"Sarah",21335.84,2018-09-22 07:00:00,"F",46,NA,NA,28,"19b1ad764c434f95a59cedc354a09482","CUS-1499065773",NA,NA,"debit","Sat","21:00:00","21","September"
"6876","authorized","1","ACC-414431115","142.77","-37.06","POS","96454e2a-ea7e-4c25-9d99-728b7160d2c8","Amy",3559.97,2018-09-22 07:00:00,"F",43,"Mansfield","VIC",35.22,"61506d549ede4a8798b8467d3539b1a3","CUS-2599279756","146.09","-37.05","debit","Sat","21:02:24","21","September"
"6877","authorized","1","ACC-3771436525","145.04","-37.92","SALES-POS","80093cfc-3524-4332-8687-65ecff733965","Derek",4331.31,2018-09-22 07:00:00,"M",20,"Melbourne","VIC",19.98,"5a201b5042454309b7671c3b99447481","CUS-3325710106","144.8","-37.74","debit","Sat","21:07:52","21","September"
"6878","authorized","0","ACC-2890243754","153.32","-27.93","POS","98be2e04-ead8-4457-9f0a-18a63ec28153","Joseph",4534.67,2018-09-22 07:00:00,"M",37,"Highgate Hill","QLD",9.75,"0c6549ed5e14416ba28671004a5bad19","CUS-2695611575","153.02","-27.49","debit","Sat","21:13:19","21","September"
"6879","authorized","1","ACC-854938045","147.63","-22.84","SALES-POS","132a93ef-30fa-4329-8ad3-a967cfd93dbd","James",11725.04,2018-09-22 07:00:00,"M",28,"Tullamarine","VIC",34.88,"f09339fc412a4a2d964e5b0f9ae05a28","CUS-4023861240","144.85","-37.67","debit","Sat","21:18:47","21","September"
"6880","authorized","0","ACC-2305712452","138.61","-34.89","POS","b51c5167-4500-430e-b4f1-8b2877529495","Debra",4278.81,2018-09-22 07:00:00,"F",18,"Bruce","ACT",4.5,"9c4a754d3bd4475184a7c5e7b09f7998","CUS-1842679196","149.08","-35.24","debit","Sat","21:24:15","21","September"
"6881","authorized","1","ACC-1598451071","153.41","-27.95","SALES-POS","62c5b6d2-c18d-4db6-a668-45b7ed074600","Diana",2630.48,2018-09-22 07:00:00,"F",26,"Broadbeach","QLD",23.04,"8fd837ec412b47eb96918c525250ed55","CUS-2487424745","153.43","-28.03","debit","Sat","21:29:43","21","September"
"6882","authorized","1","ACC-1890605467","143.88","-37.66","POS","aedb62e5-0117-4875-a26d-afcecbd411d6","Alexander",16553.67,2018-09-22 07:00:00,"M",38,"Campbellfield","VIC",26.63,"13843d332d47464d8b9344388b37fde0","CUS-1478398256","144.95","-37.67","debit","Sat","21:35:11","21","September"
"6883","authorized","1","ACC-38923874","151.27","-33.90","SALES-POS","210eb5c0-b0ed-4e45-b810-4db04879c6c6","Ryan",40876.41,2018-09-22 07:00:00,"M",38,"Emu Plains","NSW",42.92,"171a0e63c2574c48bba8ba6f945f14ec","CUS-3249305314","150.66","-33.76","debit","Sat","21:40:39","21","September"
"6884","authorized","0","ACC-574997646","150.79","-33.64","POS","a445b2d2-1e3d-4612-bae7-733896a54ee4","Mackenzie",4009.05,2018-09-22 07:00:00,"F",18,"Menai","NSW",44.34,"7b6e1b09c6a44d8a9410cb25560f3a8e","CUS-586638664","151.01","-34.02","debit","Sat","21:46:07","21","September"
"6885","authorized","1","ACC-1608363396","151.22","-33.87","POS","ab618380-61c1-445f-9d55-d316681884ec","Robert",7263.94,2018-09-22 07:00:00,"M",20,"Eastgardens","NSW",22.16,"6b729d8c46254324a617d641c8f27229","CUS-2688605418","151.23","-33.95","debit","Sat","21:57:02","21","September"
"6886","posted",NA,"ACC-1799207998","150.68","-33.79","PAYMENT",NA,"Susan",8228.36,2018-09-22 07:00:00,"F",20,NA,NA,30,"995349770684468a81c4d87add4c09fc","CUS-164374203",NA,NA,"debit","Sat","22:00:00","22","September"
"6887","authorized","1","ACC-1037050564","153.10","-27.66","POS","abce0012-f66c-4c13-bd0f-2b572f34aed6","Rhonda",3739.18,2018-09-22 07:00:00,"F",40,"Brisbane City","QLD",22.32,"93aec780c4404b6cb0ec0e6ca1ad481e","CUS-1614226872","153.03","-27.47","debit","Sat","22:02:37","22","September"
"6888","authorized","1","ACC-2173390920","144.71","-37.58","SALES-POS","bf84c95e-b2ea-4c0b-a651-2fa3f686a890","Luis",6780.82,2018-09-22 07:00:00,"M",27,"Camberwell","VIC",22.67,"5d8fd3caaec640efadc7247e003cce93","CUS-3180318393","145.06","-37.83","debit","Sat","22:08:20","22","September"
"6889","authorized","1","ACC-1598451071","153.41","-27.95","POS","4b1ac969-e729-47ab-a748-d08521dc1d1f","Diana",2617.61,2018-09-22 07:00:00,"F",26,"Gold Coast","QLD",12.87,"cdbb53886c0c4353984995811b25207e","CUS-2487424745","153.45","-28.09","debit","Sat","22:14:03","22","September"
"6890","authorized","1","ACC-3485804958","138.52","-35.01","POS","b8009e6e-dfdd-448e-bf3c-97064a9bbf57","Jessica",22597.75,2018-09-22 07:00:00,"F",34,"Adelaide","SA",118.51,"f23e65ff46dc4dddb0412be326422778","CUS-1196156254","138.59","-34.93","debit","Sat","22:19:46","22","September"
"6891","authorized","0","ACC-1799207998","150.68","-33.79","POS","98ae32d6-bc9f-4ce4-9aef-96adb4ecaaf5","Susan",8258.36,2018-09-22 07:00:00,"F",20,"Balgowlah","NSW",21.5,"85768fe1ead645aaa00d6e8f91bc61af","CUS-164374203","151.26","-33.79","debit","Sat","22:25:29","22","September"
"6892","authorized","1","ACC-1598451071","153.41","-27.95","SALES-POS","0abb2f4b-6297-4d55-9cec-147efad78b7f","Diana",2605.8,2018-09-22 07:00:00,"F",26,"Miami","QLD",11.81,"cd405a75a4e44b7aa57d1cfe4e7bcfc4","CUS-2487424745","153.44","-28.07","debit","Sat","22:31:11","22","September"
"6893","authorized","1","ACC-574997646","150.79","-33.64","POS","3075b265-3b29-4d54-a38e-c379113f73bf","Mackenzie",3900.19,2018-09-22 07:00:00,"F",18,"Balingup","WA",108.86,"678af5d640d44d2aaf8d1a2a8ea22885","CUS-586638664","115.97","-33.79","debit","Sat","22:36:54","22","September"
"6894","authorized","1","ACC-2305712452","138.61","-34.89","POS","f01cc8b4-1328-4501-8958-21e97b518510","Debra",4258.75,2018-09-22 07:00:00,"F",18,"Mount Melville","WA",20.06,"7a697c55428a49c39d9487977358652d","CUS-1842679196","117.87","-35.01","debit","Sat","22:42:37","22","September"
"6895","authorized","0","ACC-3485804958","138.52","-35.01","POS","57454818-9f5a-438f-b493-8bb5bc0d7e67","Jessica",22585.07,2018-09-22 07:00:00,"F",34,"Mckail","WA",12.68,"2627d31f4a3f494d8e4002d8da2ce93a","CUS-1196156254","117.85","-34.99","debit","Sat","22:48:20","22","September"
"6896","authorized","1","ACC-1443681913","150.92","-33.77","SALES-POS","77b07bea-433a-458d-954a-1b38d057bb57","Ryan",3150.06,2018-09-22 07:00:00,"M",31,"Gladesville","NSW",734.1,"ff6d799d085141ca92078c2b4155ab12","CUS-3129499595","151.13","-33.83","debit","Sat","22:54:03","22","September"
"6897","authorized","1","ACC-182446574","116.06","-32.00","SALES-POS","b32d32d7-556f-43f3-a069-8ffec3f4e6f5","Tonya",6309.89,2018-09-22 07:00:00,"F",27,"Forrestdale","WA",17.01,"29d86b82dd6e491697be21f5eba4dd2f","CUS-3026014945","115.97","-32.14","debit","Sat","22:59:46","22","September"
"6898","posted",NA,"ACC-90814749","151.68","-32.98","PHONE BANK",NA,"Christopher",9869.28,2018-09-22 07:00:00,"M",35,NA,NA,1916,"bdfaa9e29ccd4a2ea3209e1056a5e1dd","CUS-1896554896",NA,NA,"debit","Sat","23:00:00","23","September"
"6899","posted",NA,"ACC-2014856841","144.99","-37.90","PAYMENT",NA,"Patrick",264476.11,2018-09-22 07:00:00,"M",46,NA,NA,43,"dd81fe1d3ccd4afc8a3b69f99522a8f2","CUS-2370108457",NA,NA,"debit","Sat","23:00:00","23","September"
"6900","posted",NA,"ACC-3954677887","115.72","-32.28","PAYMENT",NA,"Ruth",5169.13,2018-09-22 07:00:00,"F",47,NA,NA,24,"af2de8810ee242a19c502b4d2cdea138","CUS-3716701010",NA,NA,"debit","Sat","23:00:00","23","September"
"6901","authorized","0","ACC-2673069055","152.99","-27.49","POS","84b99c77-74ea-4ca7-862c-127b2c813493","Richard",18089.16,2018-09-22 07:00:00,"M",24,"Parkinson","QLD",29.57,"81745882ded14074a263cb32ab5a5eab","CUS-51506836","153.03","-27.63","debit","Sat","23:12:09","23","September"
"6902","authorized","1","ACC-854938045","147.63","-22.84","POS","eb0272c4-ab58-4e30-a0bf-278a58032a40","James",11696.85,2018-09-22 07:00:00,"M",28,"Tom Price","WA",28.19,"e5cf9f2f5868475fb19808fd6344a617","CUS-4023861240","117.8","-22.69","debit","Sat","23:24:48","23","September"
"6903","authorized","0","ACC-2528867619","138.58","-34.96","POS","af80e38b-8bb8-4f42-b72d-8bde88500420","Abigail",13017.5,2018-09-22 07:00:00,"F",40,"Denmark","WA",14.7,"21775303ab82441782044c6bed5b7bbb","CUS-2505971401","117.23","-34.92","debit","Sat","23:37:28","23","September"
"6904","authorized","0","ACC-1037050564","153.10","-27.66","POS","1aa74c24-a6ce-43a7-bb7f-db8ea3eab735","Rhonda",3719.16,2018-09-22 07:00:00,"F",40,"Indooroopilly","QLD",20.02,"5717bc65626f4aa995d9b3f45fc26f19","CUS-1614226872","152.97","-27.5","debit","Sat","23:50:07","23","September"
"6905","authorized","1","ACC-1903037542","153.05","-27.61","POS","3aa28707-b482-4699-97f2-2e6270f4413b","Jeffrey",2973.51,2018-09-23 07:00:00,"M",30,"South Brisbane","QLD",16.43,"dd7b89590d29479f9af2392c2937c61d","CUS-860700529","153.02","-27.48","debit","Sun","00:18:19","00","September"
"6906","authorized","0","ACC-3485804958","138.52","-35.01","POS","d47efc0a-2443-47d0-ad6b-4379779d2e3e","Jessica",22535.31,2018-09-23 07:00:00,"F",34,"Albany","WA",49.76,"1f495b802dae407fb75c610080dd9850","CUS-1196156254","117.89","-35.03","debit","Sun","01:12:49","01","September"
"6907","authorized","1","ACC-154431271","153.09","-27.48","POS","04c60c34-c302-4a70-83a7-cf3a70d8a106","Lori",2233.19,2018-09-23 07:00:00,"F",18,"Mount Gravatt","QLD",1501.46,"c7908ec9cb8f4cc9b69ff0887c96c720","CUS-3702001629","153.07","-27.53","debit","Sun","01:38:27","01","September"
"6908","posted",NA,"ACC-2107684084","145.03","-37.88","PAYMENT",NA,"Richard",7047.01,2018-09-23 07:00:00,"M",22,NA,NA,25,"b48e8bc39b874946abeefe0258ab210d","CUS-2283904812",NA,NA,"debit","Sun","02:00:00","02","September"
"6909","authorized","1","ACC-1683215619","138.67","-34.86","SALES-POS","c087506c-c4c6-42de-aae2-2d244e49f4be","Barry",8452.89,2018-09-23 07:00:00,"M",38,"Mount Waverley","VIC",31.77,"62b024f4387140a98c60c8e9566f6927","CUS-1604596597","145.14","-37.9","debit","Sun","02:06:57","02","September"
"6910","authorized","0","ACC-2890243754","153.32","-27.93","POS","07f96769-de90-4ca7-b636-db4df8bd9587","Joseph",4520.82,2018-09-23 07:00:00,"M",37,"Broadbeach","QLD",13.85,"b68d246878db4ec8b3b748acf0e24cec","CUS-2695611575","153.43","-28.03","debit","Sun","02:50:26","02","September"
"6911","posted",NA,"ACC-1516130869","130.84","-12.45","PAYMENT",NA,"Jessica",4591.17,2018-09-23 07:00:00,"F",21,NA,NA,181,"ed7f80e4d1ac444caf185efd9a4ba54e","CUS-325142416",NA,NA,"debit","Sun","03:00:00","03","September"
"6912","posted",NA,"ACC-37709441","153.41","-28.01","INTER BANK",NA,"Charles",13537.09,2018-09-23 07:00:00,"M",18,NA,NA,101,"651ba2bb33a44d4ba53e23b55d5da1a1","CUS-3336454548",NA,NA,"debit","Sun","03:00:00","03","September"
"6913","posted",NA,"ACC-1056639002","145.03","-37.91","INTER BANK",NA,"Michael",47648.13,2018-09-23 07:00:00,"M",22,NA,NA,36,"ac3656f850a2494291f5e51b9ee99b47","CUS-3462882033",NA,NA,"debit","Sun","03:00:00","03","September"
"6914","authorized","1","ACC-2897221629","150.90","-34.37","POS","07f4ae29-7ea0-4fc0-9c36-ebfdc7ac1042","Scott",4936.77,2018-09-23 07:00:00,"M",23,"South Penrith","NSW",9.27,"0562914220c94bce81524da4a0bfecd7","CUS-511326734","150.7","-33.77","debit","Sun","03:48:44","03","September"
"6915","posted",NA,"ACC-4258502723","145.45","-37.74","PAYMENT",NA,"Kimberly",3622.93,2018-09-23 07:00:00,"F",24,NA,NA,38,"20d735c8385a4d548f4bc3837e797f2c","CUS-3378712515",NA,NA,"debit","Sun","04:00:00","04","September"
"6916","authorized","1","ACC-2528867619","138.58","-34.96","SALES-POS","ea247b5c-61ee-4106-988f-84c3036ce5e0","Abigail",12971.58,2018-09-23 07:00:00,"F",40,"South Nowra","NSW",45.92,"cc604a59e4354f33aa38e1c371fdd4d6","CUS-2505971401","150.6","-34.92","debit","Sun","04:34:09","04","September"
"6917","posted",NA,"ACC-3485804958","138.52","-35.01","PAYMENT",NA,"Jessica",22504.31,2018-09-23 07:00:00,"F",34,NA,NA,31,"958d8e35a3fc4e94b6ad9c1b5a2c20d2","CUS-1196156254",NA,NA,"debit","Sun","05:00:00","05","September"
"6918","posted",NA,"ACC-559365433","147.31","-42.88","PAYMENT",NA,"Mary",3007.69,2018-09-23 07:00:00,"F",64,NA,NA,30,"ef96626c0cb94edfade5ba7098f7de61","CUS-1654129794",NA,NA,"debit","Sun","05:00:00","05","September"
"6919","posted",NA,"ACC-1523339231","115.83","-31.90","INTER BANK",NA,"Tim",70163.78,2018-09-23 07:00:00,"M",40,NA,NA,39,"ab0d2e1d1da14b5b87e65e9f8300943a","CUS-1816693151",NA,NA,"debit","Sun","06:00:00","06","September"
"6920","posted",NA,"ACC-602667573","151.23","-33.96","INTER BANK",NA,"Michael",13082.24,2018-09-23 07:00:00,"M",40,NA,NA,112,"1426d8f1b1cf40878c9b8c23ae110003","CUS-2031327464",NA,NA,"debit","Sun","06:00:00","06","September"
"6921","authorized","1","ACC-2171593283","146.94","-36.04","POS","6b0a8d80-9b7a-410e-823d-f9300e69d44d","Fernando",13290.69,2018-09-23 07:00:00,"M",19,"Townsville City","QLD",26.21,"c2492e0630f74987afea021f5154e3e9","CUS-2317998716","146.81","-19.27","debit","Sun","06:07:59","06","September"
"6922","posted",NA,"ACC-3771436525","145.04","-37.92","PAYMENT",NA,"Derek",4249.83,2018-09-23 07:00:00,"M",20,NA,NA,49,"19086753979d4460a8687d124b89d253","CUS-3325710106",NA,NA,"debit","Sun","07:00:00","07","September"
"6923","authorized","1","ACC-3771436525","145.04","-37.92","SALES-POS","f624a383-3e17-4bf2-a917-e5764c94068f","Derek",4298.83,2018-09-23 07:00:00,"M",20,"Mckinnon","VIC",32.48,"4311839a0fc643ac945bc7d479dcdae2","CUS-3325710106","145.04","-37.91","debit","Sun","07:23:59","07","September"
"6924","posted",NA,"ACC-2920611728","144.96","-37.76","PAYMENT",NA,"Tyler",6855.37,2018-09-23 07:00:00,"M",69,NA,NA,194,"826e43fcc02540b1a402a36f711b5578","CUS-1388323263",NA,NA,"debit","Sun","08:00:00","08","September"
"6925","posted",NA,"ACC-2107684084","145.03","-37.88","INTER BANK",NA,"Richard",7014.01,2018-09-23 07:00:00,"M",22,NA,NA,33,"285b7b0e0cef4b8996dadda6ef9835ec","CUS-2283904812",NA,NA,"debit","Sun","08:00:00","08","September"
"6926","authorized","1","ACC-3771436525","145.04","-37.92","POS","6a93813b-6cad-4bf6-94bc-2e7b0a6ff0d2","Derek",4236.26,2018-09-23 07:00:00,"M",20,"Melbourne","VIC",13.57,"7a2a94b3083d4c09a1cbe465c9561c9d","CUS-3325710106","144.97","-37.81","debit","Sun","08:06:30","08","September"
"6927","authorized","1","ACC-182446574","116.06","-32.00","SALES-POS","728e9e20-c242-44fa-9da3-ac6ae8930cc7","Tonya",6285.29,2018-09-23 07:00:00,"F",27,"Stirling","WA",24.6,"29f641e0b3e5445a91e4d8f648785bd9","CUS-3026014945","115.81","-31.88","debit","Sun","08:29:46","08","September"
"6928","authorized","1","ACC-3771436525","145.04","-37.92","POS","284c24d9-bceb-4f99-ae4b-e96b1b452c74","Derek",4214.59,2018-09-23 07:00:00,"M",20,"Box Hill North","VIC",21.67,"1c79d221c7ae42d79ccdc7129cc81722","CUS-3325710106","145.14","-37.81","debit","Sun","08:53:01","08","September"
"6929","authorized","1","ACC-2173390920","144.71","-37.58","POS","8ba5b742-71da-4488-8e4f-0fccd80871f3","Luis",6749.54,2018-09-23 07:00:00,"M",27,"Craigieburn","VIC",31.28,"7d274dad38d149bc843de9acf3c6f341","CUS-3180318393","144.92","-37.57","debit","Sun","09:03:44","09","September"
"6930","authorized","1","ACC-1608363396","151.22","-33.87","POS","b6fc7027-f291-4a0a-8cbb-d68a036040bd","Robert",7241.83,2018-09-23 07:00:00,"M",20,"Kojonup","WA",22.11,"b0bc4e57ccec48f6918c18cad56fc385","CUS-2688605418","117.16","-33.83","debit","Sun","09:09:05","09","September"
"6931","authorized","0","ACC-2897221629","150.90","-34.37","POS","5b69624b-b549-4426-89c2-9d65f517e1b7","Scott",4915.99,2018-09-23 07:00:00,"M",23,"Wetherill Park","NSW",20.78,"5607719c460b42749b81250156c542e4","CUS-511326734","150.9","-33.85","debit","Sun","09:14:26","09","September"
"6932","authorized","1","ACC-80388494","144.97","-37.42","POS","35b4eb35-f89c-4691-8d78-719ed4f4b397","Dustin",7013.85,2018-09-23 07:00:00,"M",28,"Carnegie","VIC",6.43,"e6654ff412d740c1b8e4aa641244ac16","CUS-1140341822","145.06","-37.89","debit","Sun","09:19:47","09","September"
"6933","authorized","1","ACC-3233697971","151.04","-33.77","POS","80a1393a-4528-4c47-9b99-7c2eb233d4ee","Robin",8162.86,2018-09-23 07:00:00,"F",34,"Sydney","NSW",17.46,"1dfb9c3660ef4532a9a4b342527236db","CUS-1147642491","151.21","-33.87","debit","Sun","09:25:08","09","September"
"6934","authorized","1","ACC-2673069055","152.99","-27.49","POS","bd4a986f-fe5b-4cf2-8a2c-df8d0b1b86dc","Richard",18082.63,2018-09-23 07:00:00,"M",24,"Willowbank","QLD",6.53,"3220f2688d72483fa3f61ee609f2b99b","CUS-51506836","152.65","-27.69","debit","Sun","09:30:28","09","September"
"6935","authorized","1","ACC-3485804958","138.52","-35.01","SALES-POS","cb631cac-0d21-4ee3-9293-bb5bf6ac5569","Jessica",22479.17,2018-09-23 07:00:00,"F",34,"Phillip","ACT",25.14,"9f727cbbd5364f0d81cf2725db48926c","CUS-1196156254","149.09","-35.35","debit","Sun","09:35:49","09","September"
"6936","authorized","1","ACC-1608363396","151.22","-33.87","SALES-POS","b21820e2-c98c-4f04-914f-7492254f7067","Robert",7215.07,2018-09-23 07:00:00,"M",20,"Wallaroo","SA",26.76,"296fa541c0ec4c558d1eb788b0863833","CUS-2688605418","137.62","-33.93","debit","Sun","09:41:10","09","September"
"6937","authorized","1","ACC-1344825761","151.09","-33.91","POS","49ecb44f-3833-4b9e-9ad5-5c4f7cc8f4d6","Sarah",21279.77,2018-09-23 07:00:00,"F",46,"Sydney","NSW",56.07,"283907f0562a45dca6ab9434abce92ee","CUS-1499065773","151.22","-33.76","debit","Sun","09:46:31","09","September"
"6938","authorized","1","ACC-1334819143","145.13","-37.70","SALES-POS","fa8c4421-d919-492d-854b-9b4119dfa13b","Christopher",62146.2,2018-09-23 07:00:00,"M",33,"Malvern","VIC",29.84,"69ea8ac316ee40c5b2a088b6391f0c6a","CUS-3117610635","145.04","-37.86","debit","Sun","09:51:52","09","September"
"6939","authorized","0","ACC-3741880913","150.50","-23.40","POS","66ee4703-fab7-4d4f-8fba-a8499dfa29c3","Ashley",8469.77,2018-09-23 07:00:00,"F",25,"Rockhampton City","QLD",13.19,"2762df5e6d354adfb301c50fc54e0d9e","CUS-1220154422","150.51","-23.38","debit","Sun","09:57:13","09","September"
"6940","posted",NA,"ACC-1683215619","138.67","-34.86","PAYMENT",NA,"Barry",8371.89,2018-09-23 07:00:00,"M",38,NA,NA,81,"772b3a83ad1d434792e2b07f37ff247e","CUS-1604596597",NA,NA,"debit","Sun","10:00:00","10","September"
"6941","posted",NA,"ACC-964839203","146.92","-36.07","PAYMENT",NA,"Michael",36200.87,2018-09-23 07:00:00,"M",21,NA,NA,42,"ac441767455544ecb4ac0166547f920d","CUS-2059096722",NA,NA,"debit","Sun","10:00:00","10","September"
"6942","authorized","1","ACC-2897221629","150.90","-34.37","SALES-POS","5eaf5637-e53b-42d1-b3d2-ee473a60bab3","Scott",4907.79,2018-09-23 07:00:00,"M",23,"Carlingford","NSW",8.2,"7470591293624cd9b13a8987e281db22","CUS-511326734","151.05","-33.78","debit","Sun","10:03:30","10","September"
"6943","authorized","0","ACC-958000567","130.90","-12.37","POS","c4d6e945-af74-4562-a295-79b8b4a1d2b7","Sandra",8225.28,2018-09-23 07:00:00,"F",34,"West Perth","WA",17.76,"d834e22e4f8a4e07b7b4e18838da41bb","CUS-4142663097","115.85","-31.95","debit","Sun","10:10:48","10","September"
"6944","authorized","0","ACC-80388494","144.97","-37.42","SALES-POS","722430c6-39e6-4570-9323-3db6191e6548","Dustin",5743.36,2018-09-23 07:00:00,"M",28,"Malvern","VIC",1270.49,"03ca580133cb482395cbfc391000ea8e","CUS-1140341822","145.04","-37.85","debit","Sun","10:18:06","10","September"
"6945","authorized","0","ACC-1334819143","145.13","-37.70","POS","cd32bde7-1b61-404e-b093-3ba8ed7f5ebf","Christopher",62096.97,2018-09-23 07:00:00,"M",33,"Mount Gambier","SA",49.23,"ff2be2ea6616447eb806681037d96d51","CUS-3117610635","140.79","-37.83","debit","Sun","10:25:24","10","September"
"6946","authorized","0","ACC-2650850707","148.16","-23.52","SALES-POS","8d7c3b90-f653-45da-8afd-a53c94fb05dd","Brian",112673.71,2018-09-23 07:00:00,"M",42,"Sydney","NSW",49.84,"c134f9c1e363421089df617dfee2f222","CUS-2819545904","151.21","-33.87","debit","Sun","10:32:42","10","September"
"6947","authorized","1","ACC-958000567","130.90","-12.37","POS","30676f44-8e14-4efa-94e1-2869fefa12ce","Sandra",8184.4,2018-09-23 07:00:00,"F",34,"Winnellie","NT",40.88,"84c695bbb61a452c8a3ad5710d7d0815","CUS-4142663097","130.87","-12.43","debit","Sun","10:47:17","10","September"
"6948","authorized","1","ACC-1334819143","145.13","-37.70","POS","e1f6407e-16d6-4779-99b5-52ee31a6dad8","Christopher",62081.86,2018-09-23 07:00:00,"M",33,"Kew","VIC",15.11,"18d3155d723f4460bbaa80da793326bf","CUS-3117610635","145.04","-37.8","debit","Sun","10:54:35","10","September"
"6949","posted",NA,"ACC-3827517394","151.12","-33.89","PAYMENT",NA,"Craig",38450.43,2018-09-23 07:00:00,"M",28,NA,NA,28,"3ab41c6b27064834a765dc54a3bc51bc","CUS-2663907001",NA,NA,"debit","Sun","11:00:00","11","September"
"6950","posted",NA,"ACC-1496451953","145.16","-37.84","INTER BANK",NA,"Ricky",12892.71,2018-09-23 07:00:00,"M",43,NA,NA,31,"38f7e8c2875f489e8cd5619b3b001763","CUS-3142625864",NA,NA,"debit","Sun","11:00:00","11","September"
"6951","posted",NA,"ACC-2615038700","145.35","-38.03","INTER BANK",NA,"Emily",30876.92,2018-09-23 07:00:00,"F",43,NA,NA,38,"90aa5c0692874fb097954fd68c659d46","CUS-3255104878",NA,NA,"debit","Sun","11:00:00","11","September"
"6952","posted",NA,"ACC-854938045","147.63","-22.84","PAYMENT",NA,"James",11662.85,2018-09-23 07:00:00,"M",28,NA,NA,34,"fda2fbd26e6a46999be41a17adf80e0e","CUS-4023861240",NA,NA,"debit","Sun","11:00:00","11","September"
"6953","authorized","1","ACC-2673069055","152.99","-27.49","SALES-POS","b197bdf9-bdde-4297-bffa-199eca0733f0","Richard",18055.37,2018-09-23 07:00:00,"M",24,"Newtown","QLD",27.26,"e3be18bf297845c0ba7e1ea869e34593","CUS-51506836","151.93","-27.56","debit","Sun","11:03:03","11","September"
"6954","authorized","1","ACC-1443681913","150.92","-33.77","SALES-POS","93a7a659-b071-4149-802e-2a851bcde8c0","Ryan",3121.33,2018-09-23 07:00:00,"M",31,"Randwick","NSW",28.73,"c2f3f6cba63a408d8b2ad1c804e5ad42","CUS-3129499595","151.23","-33.91","debit","Sun","11:14:49","11","September"
"6955","authorized","0","ACC-2897221629","150.90","-34.37","SALES-POS","9d2006a1-2ce9-4109-98fe-bee5bfa8e455","Scott",4893.61,2018-09-23 07:00:00,"M",23,"Marrickville","NSW",14.18,"1354025d13db45139d5201a23009b034","CUS-511326734","151.16","-33.91","debit","Sun","11:26:35","11","September"
"6956","authorized","0","ACC-414431115","142.77","-37.06","SALES-POS","badab24c-8962-483e-ad02-6635f839f1e6","Amy",3537.82,2018-09-23 07:00:00,"F",43,"Castlemaine","VIC",22.15,"ec61593549354f57840a5362e0e3ebb0","CUS-2599279756","144.21","-37.07","debit","Sun","11:38:21","11","September"
"6957","authorized","1","ACC-1598451071","153.41","-27.95","POS","205a6dce-4abe-4ccd-aa1f-f2912ff76583","Diana",2589.68,2018-09-23 07:00:00,"F",26,"Point Lookout","QLD",16.12,"dbe4c39b58314b8e928bf4f65bd02329","CUS-2487424745","153.52","-27.43","debit","Sun","11:50:07","11","September"
"6958","posted",NA,"ACC-2249586092","115.98","-32.07","PAYMENT",NA,"Edward",8474.53,2018-09-23 07:00:00,"M",19,NA,NA,37,"44d176450f8a405c98c8ab17ac5c9ee1","CUS-443776336",NA,NA,"debit","Sun","12:00:00","12","September"
"6959","authorized","1","ACC-1598451071","153.41","-27.95","POS","dc517250-5330-4567-8f8c-a737e8bf63ab","Diana",2579.7,2018-09-23 07:00:00,"F",26,"Palm Beach","QLD",9.98,"e65e2db8b93b43f5a6bd1c02943e30a7","CUS-2487424745","153.46","-28.11","debit","Sun","12:03:04","12","September"
"6960","authorized","1","ACC-182446574","116.06","-32.00","POS","628590ed-7c27-4424-a5cf-d956aa151836","Tonya",6260.88,2018-09-23 07:00:00,"F",27,"Mirrabooka","WA",24.41,"e7fd4bc4b0d04560b6e363183d1f3593","CUS-3026014945","115.86","-31.87","debit","Sun","12:22:18","12","September"
"6961","authorized","1","ACC-211792489","138.63","-34.93","POS","2c4cac87-8586-4eda-8b3d-fe7be164fa00","Jacqueline",4654.58,2018-09-23 07:00:00,"F",30,"North Nowra","NSW",142.35,"f25b9a56021143289b1066e9adb31a79","CUS-497688347","150.6","-34.86","debit","Sun","12:41:32","12","September"
"6962","authorized","1","ACC-2305712452","138.61","-34.89","SALES-POS","37d0ebc9-7c9c-498c-b33e-83ab3a1f52c4","Debra",4245.7,2018-09-23 07:00:00,"F",18,"Alberton","SA",13.05,"adff4ed583bf484e92c759c3a1ecc4da","CUS-1842679196","138.52","-34.86","debit","Sun","13:00:47","13","September"
"6963","authorized","1","ACC-211792489","138.63","-34.93","SALES-POS","d5e0135b-d063-45f0-9696-81ece6091c26","Jacqueline",4604.55,2018-09-23 07:00:00,"F",30,"Mount Clarence","WA",50.03,"04a5b1e55e574095ad727d3fb9ad6f58","CUS-497688347","117.91","-35.03","debit","Sun","13:20:47","13","September"
"6964","authorized","1","ACC-3084464802","145.15","-37.76","POS","4fb886c1-68b2-418d-9e18-818489c48831","Susan",7698.62,2018-09-23 07:00:00,"F",19,"Glen Waverley","VIC",21.35,"db9758613ab74f5ca9ce00032d2211ad","CUS-1928710999","145.16","-37.9","debit","Sun","13:40:47","13","September"
"6965","posted",NA,"ACC-37709441","153.41","-28.01","INTER BANK",NA,"Charles",13497.09,2018-09-23 07:00:00,"M",18,NA,NA,40,"1b92104743af46159b1556fb512aefe7","CUS-3336454548",NA,NA,"debit","Sun","14:00:00","14","September"
"6966","authorized","1","ACC-1334819143","145.13","-37.70","POS","1cdb4555-d0c2-458f-82dc-8ce2dee7fde9","Christopher",62037.66,2018-09-23 07:00:00,"M",33,"Parkdale","VIC",44.2,"31533e5ac63b4f39b742c915304264ef","CUS-3117610635","145.08","-38","debit","Sun","14:00:30","14","September"
"6967","authorized","1","ACC-1598451071","153.41","-27.95","POS","541ca120-5600-48cd-adca-3e638d2baffb","Diana",2563.72,2018-09-23 07:00:00,"F",26,"Southport","QLD",15.98,"de15a579948845aeb982407dce4aba4c","CUS-2487424745","153.41","-27.97","debit","Sun","14:13:09","14","September"
"6968","authorized","1","ACC-3771436525","145.04","-37.92","SALES-POS","2cd339fb-71bc-481a-aa09-16ecef51cd56","Derek",4200.03,2018-09-23 07:00:00,"M",20,"Melbourne","VIC",14.56,"07222aef19e1424d84167550cbd96504","CUS-3325710106","144.97","-37.81","debit","Sun","14:25:49","14","September"
"6969","authorized","1","ACC-1037050564","153.10","-27.66","SALES-POS","d1914cd8-5226-4cb0-9adc-8c5eb35d07ce","Rhonda",3697.57,2018-09-23 07:00:00,"F",40,"Highland Park","QLD",21.59,"e6d64a519331416192a6aa301dce4605","CUS-1614226872","153.33","-28.01","debit","Sun","14:38:28","14","September"
"6970","authorized","1","ACC-1598451071","153.41","-27.95","SALES-POS","79f1d725-1af6-46a9-b6ae-9fb8ee12cd87","Diana",2545.64,2018-09-23 07:00:00,"F",26,"Oxenford","QLD",18.08,"bbfec128abe3410e901562404dff2522","CUS-2487424745","153.31","-27.9","debit","Sun","14:51:08","14","September"
"6971","authorized","0","ACC-1598451071","153.41","-27.95","SALES-POS","c7d169a9-fe96-4983-8d1e-9c0c6805a31e","Diana",2525.65,2018-09-23 07:00:00,"F",26,"Darlinghurst","NSW",19.99,"1ff976e009ea4ce0bde15a1b3227fe51","CUS-2487424745","151.22","-33.88","debit","Sun","15:03:59","15","September"
"6972","authorized","0","ACC-3485804958","138.52","-35.01","POS","8d505855-d938-41b3-9ee0-7063c5abf848","Jessica",22453.66,2018-09-23 07:00:00,"F",34,"Unley","SA",25.51,"370ec026568e456ab1a65038fa5101cb","CUS-1196156254","138.61","-34.95","debit","Sun","15:17:19","15","September"
"6973","authorized","0","ACC-3084464802","145.15","-37.76","SALES-POS","83da3ff7-17a2-404e-bfc4-65b32d957da5","Susan",7673.83,2018-09-23 07:00:00,"F",19,"Brunswick","VIC",24.79,"d778bae10cbe4a1ba891f34e86f30cb0","CUS-1928710999","144.96","-37.78","debit","Sun","15:30:39","15","September"
"6974","authorized","1","ACC-1037050564","153.10","-27.66","POS","183dc18e-9e70-4603-bc77-7bc7f86478e2","Rhonda",3663.31,2018-09-23 07:00:00,"F",40,"Salisbury","QLD",34.26,"239600a81db34145915a2f12d306793e","CUS-1614226872","153.04","-27.56","debit","Sun","15:43:59","15","September"
"6975","authorized","1","ACC-3771436525","145.04","-37.92","POS","83832282-13a3-4f4f-ac57-69d60f30294b","Derek",4177.41,2018-09-23 07:00:00,"M",20,"Mentone","VIC",22.62,"68a31c4c2c1946deaa3bd25475dff344","CUS-3325710106","145.06","-37.98","debit","Sun","15:57:19","15","September"
"6976","authorized","1","ACC-414431115","142.77","-37.06","SALES-POS","c9bb15db-2e66-4849-a0d2-76002bf94819","Amy",3519.1,2018-09-23 07:00:00,"F",43,"Como","WA",18.72,"5aca9e23c6414d66b7d839a766b9f7ea","CUS-2599279756","115.86","-32","debit","Sun","16:17:23","16","September"
"6977","authorized","1","ACC-3536132544","144.93","-37.79","POS","a521c358-723d-44e7-b97e-0560066ac96c","Heather",5708.4,2018-09-23 07:00:00,"F",41,"Clayton","VIC",29.75,"eb45b2ddc7674dd786a1fc010f88cac9","CUS-2348881191","145.12","-37.91","debit","Sun","16:39:07","16","September"
"6978","posted",NA,"ACC-211792489","138.63","-34.93","PAYMENT",NA,"Jacqueline",4582.55,2018-09-23 07:00:00,"F",30,NA,NA,22,"fe6e6b888b1a4f008e4e7a6a7a695421","CUS-497688347",NA,NA,"debit","Sun","17:00:00","17","September"
"6979","authorized","0","ACC-574997646","150.79","-33.64","POS","a114c660-5f8c-4bb2-9b66-7dfc331f6475","Mackenzie",3866.84,2018-09-23 07:00:00,"F",18,"Busselton","WA",33.35,"93caab6e2a7441fda9107fee59444f1e","CUS-586638664","115.34","-33.65","debit","Sun","17:00:43","17","September"
"6980","authorized","1","ACC-3233697971","151.04","-33.77","POS","c69a4e96-466b-4819-9318-484b6ed92b96","Robin",8127.87,2018-09-23 07:00:00,"F",34,"Newtown","NSW",34.99,"5d829afbf2a54297a95f2f221d59d7a0","CUS-1147642491","151.18","-33.9","debit","Sun","17:18:54","17","September"
"6981","authorized","1","ACC-3536132544","144.93","-37.79","POS","73903428-2d9a-4549-868a-2049e3e6aea4","Heather",5684.72,2018-09-23 07:00:00,"F",41,"Melbourne","VIC",23.68,"6d89bf7d322344218bd63aec36f91bee","CUS-2348881191","144.97","-37.81","debit","Sun","17:37:05","17","September"
"6982","authorized","1","ACC-2897221629","150.90","-34.37","SALES-POS","87898f6b-97a4-4a26-80a8-c15f0322af30","Scott",4872.16,2018-09-23 07:00:00,"M",23,"Woolloongabba","QLD",21.45,"9fd7b7b085ea4770875907a6448b3dc2","CUS-511326734","153.03","-27.49","debit","Sun","17:55:16","17","September"
"6983","posted",NA,"ACC-2681137560","151.11","-33.99","PAYMENT",NA,"Nathaniel",6614.69,2018-09-23 07:00:00,"M",31,NA,NA,45,"b86ce31e06284bc4b021b68ac34a0909","CUS-2083971310",NA,NA,"debit","Sun","18:00:00","18","September"
"6984","authorized","1","ACC-1349834573","145.17","-37.84","SALES-POS","3c2c933e-4dae-47f8-a566-75186f0e4f55","Matthew",11584.52,2018-09-23 07:00:00,"M",39,"Melbourne","VIC",19.15,"89ae96b8ffad4d26834c65888f8d9489","CUS-1790886359","144.95","-37.82","debit","Sun","18:19:59","18","September"
"6985","authorized","1","ACC-37709441","153.41","-28.01","SALES-POS","328b4301-ddf2-495c-94fc-7f1cf84340be","Charles",13470.46,2018-09-23 07:00:00,"M",18,"Runaway Bay","QLD",26.63,"83a5857b80c34bdab7146f043edbcc40","CUS-3336454548","153.4","-27.91","debit","Sun","18:47:01","18","September"
"6986","posted",NA,"ACC-1650504218","145.01","-37.93","PAYMENT",NA,"Marissa",11034.44,2018-09-23 07:00:00,"F",23,NA,NA,18,"548697c717234c4194eb465fc4aa9221","CUS-2500783281",NA,NA,"debit","Sun","19:00:00","19","September"
"6987","posted",NA,"ACC-37709441","153.41","-28.01","INTER BANK",NA,"Charles",13443.46,2018-09-23 07:00:00,"M",18,NA,NA,27,"3d603cfc2ecb48a1a3fcb7f5a3b6fc0b","CUS-3336454548",NA,NA,"debit","Sun","19:00:00","19","September"
"6988","posted",NA,"ACC-1710017148","150.82","-34.01","PHONE BANK",NA,"Michelle",11456.06,2018-09-23 07:00:00,"F",19,NA,NA,179,"a052645571b7475591bb5ffbfa0b7f86","CUS-883482547",NA,NA,"debit","Sun","19:00:00","19","September"
"6989","authorized","1","ACC-414431115","142.77","-37.06","SALES-POS","8c1bfecb-95f3-44f9-96e7-54bea0ed04ba","Amy",3473.22,2018-09-23 07:00:00,"F",43,"Sydney","NSW",45.88,"2a5d5ff08b0046a5897e4f9c4376d849","CUS-2599279756","151.21","-33.88","debit","Sun","19:08:48","19","September"
"6990","authorized","1","ACC-414431115","142.77","-37.06","SALES-POS","aae46e80-4849-4373-abed-68c23ec8e54f","Amy",3445.99,2018-09-23 07:00:00,"F",43,"Castlemaine","VIC",27.23,"c7f9651c883448aaab969239cd90a33b","CUS-2599279756","144.22","-37.06","debit","Sun","19:25:45","19","September"
"6991","authorized","0","ACC-3485804958","138.52","-35.01","POS","8b27d913-3fc4-4ae7-abf1-a6325a819d19","Jessica",22428.43,2018-09-23 07:00:00,"F",34,"Adelaide","SA",25.23,"4342300a53474dc08117cb0ce8923408","CUS-1196156254","138.6","-34.92","debit","Sun","19:42:42","19","September"
"6992","authorized","1","ACC-1443681913","150.92","-33.77","SALES-POS","de059016-7f69-46e4-9e5a-f7b2840f7bb2","Ryan",3112.85,2018-09-23 07:00:00,"M",31,"Mount Druitt","NSW",8.48,"02c3bb8ed30f4954ae7fe6bf59f33c3b","CUS-3129499595","150.83","-33.77","debit","Sun","19:59:39","19","September"
"6993","posted",NA,"ACC-240804743","121.48","-30.75","PAYMENT",NA,"Kenneth",15039.33,2018-09-23 07:00:00,"M",29,NA,NA,48,"a88eb95f839c4c899dd5006a8133fa35","CUS-261674136",NA,NA,"debit","Sun","20:00:00","20","September"
"6994","posted",NA,"ACC-4281711154","144.98","-37.84","PAYMENT",NA,"Eric",39158.38,2018-09-23 07:00:00,"M",42,NA,NA,151,"7ad6dea490764d85ba8c3dc44070aba9","CUS-3151318058",NA,NA,"debit","Sun","20:00:00","20","September"
"6995","posted",NA,"ACC-2897221629","150.90","-34.37","PAYMENT",NA,"Scott",4830.16,2018-09-23 07:00:00,"M",23,NA,NA,42,"8ee2904f6dd743009a8a7b7c07bc3429","CUS-511326734",NA,NA,"debit","Sun","20:00:00","20","September"
"6996","authorized","0","ACC-2673069055","152.99","-27.49","POS","b84df009-03e4-413e-9368-f02a72a2d757","Richard",18037.2,2018-09-23 07:00:00,"M",24,"Mitchelton","QLD",18.17,"31f26e0616364c9ab941d129e18cb120","CUS-51506836","152.97","-27.41","debit","Sun","20:18:29","20","September"
"6997","authorized","1","ACC-3084464802","145.15","-37.76","SALES-POS","94416444-d32f-4593-b701-433cda8b583b","Susan",7617.02,2018-09-23 07:00:00,"F",19,"Melbourne","VIC",56.81,"e12644e9ee2046eea846fa3bb69e9ecb","CUS-1928710999","144.97","-37.81","debit","Sun","20:37:21","20","September"
"6998","authorized","1","ACC-1903037542","153.05","-27.61","SALES-POS","e1318054-6edd-4607-b008-22200e86a315","Jeffrey",2955.1,2018-09-23 07:00:00,"M",30,"Sydney","NSW",18.41,"4798dd73b879497e9e33fde47bb7508e","CUS-860700529","151.21","-33.87","debit","Sun","20:56:13","20","September"
"6999","posted",NA,"ACC-154431271","153.09","-27.48","PAYMENT",NA,"Lori",2183.19,2018-09-23 07:00:00,"F",18,NA,NA,50,"f2a37532f7a74a9cb850fbe1c1caaa65","CUS-3702001629",NA,NA,"debit","Sun","21:00:00","21","September"
"7000","authorized","1","ACC-1598451071","153.41","-27.95","SALES-POS","8d7196ad-1377-4169-b035-42cbf36a7907","Diana",2510.26,2018-09-23 07:00:00,"F",26,"Helensvale","QLD",15.39,"9f6304bd1fb44459903b21398236dc3f","CUS-2487424745","153.34","-27.93","debit","Sun","21:06:09","21","September"
"7001","authorized","1","ACC-1903037542","153.05","-27.61","POS","b3451d96-ba32-44c5-a34f-a8e5730d25e0","Jeffrey",2936.75,2018-09-23 07:00:00,"M",30,"Mitchelton","QLD",18.35,"32223d8a3ab54096bcf39880a76b6765","CUS-860700529","152.98","-27.41","debit","Sun","21:13:50","21","September"
"7002","authorized","1","ACC-958000567","130.90","-12.37","SALES-POS","bf84ad0b-121c-4225-a10e-34e8facf9190","Sandra",8151.58,2018-09-23 07:00:00,"F",34,"Casuarina","NT",32.82,"f411bd1ed4d2477c80a2c33479e418cf","CUS-4142663097","130.88","-12.37","debit","Sun","21:21:32","21","September"
"7003","authorized","1","ACC-1598451071","153.41","-27.95","POS","c4ab07ea-6c0a-40e4-a23c-aee19b347d6c","Diana",2494.06,2018-09-23 07:00:00,"F",26,"Mudgeeraba","QLD",16.2,"2092faf04e0c48619471f9d89452c2a4","CUS-2487424745","153.37","-28.08","debit","Sun","21:29:13","21","September"
"7004","authorized","1","ACC-1199531521","116.02","-31.87","POS","877c3184-2b92-448b-9b90-fc1e328a5a03","Billy",10847.79,2018-09-23 07:00:00,"M",52,"Westminster","WA",23.93,"65e96bb6db6c4d40b1950d11ea16fffe","CUS-134833760","115.84","-31.87","debit","Sun","21:36:55","21","September"
"7005","authorized","1","ACC-1598451071","153.41","-27.95","POS","996dfa41-bc48-4faa-aef3-b4366784b273","Diana",2491.43,2018-09-23 07:00:00,"F",26,"Southport","QLD",2.63,"12cee6147c154bda87365d0f4832b644","CUS-2487424745","153.42","-27.97","debit","Sun","21:44:36","21","September"
"7006","authorized","1","ACC-3771436525","145.04","-37.92","POS","d22c0bb7-5406-403f-a9bc-3e4d01f51df8","Derek",4155.76,2018-09-23 07:00:00,"M",20,"Auburn","NSW",21.65,"5a69ef86b7e54c58949098fb3dc70985","CUS-3325710106","151.03","-33.85","debit","Sun","21:52:18","21","September"
"7007","authorized","0","ACC-1344825761","151.09","-33.91","SALES-POS","559bce8b-2c87-47c4-8a8e-b0cb3c5af835","Sarah",21266.69,2018-09-23 07:00:00,"F",46,"Kogarah","NSW",13.08,"25f5a7c322a24883b664ebd9cd1dc42d","CUS-1499065773","151.13","-33.96","debit","Sun","21:59:59","21","September"
"7008","posted",NA,"ACC-602667573","151.23","-33.96","PAYMENT",NA,"Michael",13057.24,2018-09-23 07:00:00,"M",40,NA,NA,25,"29e874c86bad4dfba5c98fb2ef9dd118","CUS-2031327464",NA,NA,"debit","Sun","22:00:00","22","September"
"7009","authorized","1","ACC-354106658","151.04","-33.80","SALES-POS","40dc1e2c-3dbf-4bcd-bdf2-b245b2220dd4","Christine",15221.72,2018-09-23 07:00:00,"F",39,"Rhodes","NSW",28.82,"d2dbb2184785448abcbbf3b410369e53","CUS-2376382098","151.09","-33.83","debit","Sun","22:06:59","22","September"
"7010","authorized","1","ACC-3233697971","151.04","-33.77","POS","585fdd2e-e514-4574-81b2-7ac234ccae2e","Robin",8091.52,2018-09-23 07:00:00,"F",34,"Hart","SA",36.35,"fe987e79bcf14f1788c59f514bb4461c","CUS-1147642491","138.44","-33.76","debit","Sun","22:13:59","22","September"
"7011","authorized","1","ACC-354106658","151.04","-33.80","POS","1cdec35f-7743-4869-8861-8c365aa1a7f1","Christine",15198.65,2018-09-23 07:00:00,"F",39,"Potts Point","NSW",23.07,"1bccd4772a3b40478383f6ea5e90f9e0","CUS-2376382098","151.22","-33.87","debit","Sun","22:20:58","22","September"
"7012","authorized","1","ACC-2673069055","152.99","-27.49","POS","7cbc7858-b82d-4ba3-884f-be894d456fb2","Richard",18017.7,2018-09-23 07:00:00,"M",24,"Clayfield","QLD",19.5,"109fbddca1f54320b212446fb7866c1e","CUS-51506836","153.06","-27.42","debit","Sun","22:27:58","22","September"
"7013","authorized","1","ACC-182446574","116.06","-32.00","SALES-POS","158d70af-303b-48ab-8ac4-d2bd7b8707cc","Tonya",6230.58,2018-09-23 07:00:00,"F",27,"Scarborough","WA",30.3,"1e27bc4bba254b92a11cfc0f59d60394","CUS-3026014945","115.76","-31.89","debit","Sun","22:34:57","22","September"
"7014","authorized","1","ACC-3233697971","151.04","-33.77","POS","50b966cd-5400-41dc-8dcd-dbc2fd97cc92","Robin",8049.38,2018-09-23 07:00:00,"F",34,"Margaret River","WA",42.14,"47a1c58568a84070ba400138e2676a02","CUS-1147642491","115.08","-33.95","debit","Sun","22:41:57","22","September"
"7015","authorized","1","ACC-1598451071","153.41","-27.95","SALES-POS","6e611b46-b2f3-40bb-a965-cca9ac455e9a","Diana",2479.75,2018-09-23 07:00:00,"F",26,"Surfers Paradise","QLD",11.68,"629437de264346f39207d717a1d42007","CUS-2487424745","153.43","-28.01","debit","Sun","22:48:57","22","September"
"7016","authorized","1","ACC-1598451071","153.41","-27.95","POS","079b8a87-003e-4879-a8d3-04a2c8be71b6","Diana",2466.16,2018-09-23 07:00:00,"F",26,"Mudgeeraba","QLD",13.59,"150efddf2e5e4e5fb3484fc9d5284f6d","CUS-2487424745","153.37","-28.08","debit","Sun","22:55:56","22","September"
"7017","authorized","1","ACC-37709441","153.41","-28.01","SALES-POS","ebb3087a-75c4-4dea-8354-9be1c746d6cb","Charles",13429.69,2018-09-23 07:00:00,"M",18,"Pilton","QLD",13.77,"a714c9e9cfca4019969d163dfedc2563","CUS-3336454548","152.02","-27.89","debit","Sun","23:13:07","23","September"
"7018","authorized","1","ACC-354106658","151.04","-33.80","POS","697448fa-d29b-483e-98bd-ad3cfb8896e4","Christine",15118.62,2018-09-23 07:00:00,"F",39,"Surry Hills","NSW",80.03,"45c3a36e5c9147b79b7406aec5d790fe","CUS-2376382098","151.21","-33.89","debit","Sun","23:44:22","23","September"
"7019","authorized","0","ACC-2173390920","144.71","-37.58","POS","c53a7265-cfeb-4c22-adc0-0b4372dcbd17","Luis",6727.89,2018-09-24 07:00:00,"M",27,"Epping","VIC",21.65,"2c40000caa244ecea8d4e1b61086dd00","CUS-3180318393","145.02","-37.65","debit","Mon","01:03:59","01","September"
"7020","authorized","0","ACC-182446574","116.06","-32.00","POS","2b443b2d-b994-4f31-add2-17d6c5d9e911","Tonya",6214.43,2018-09-24 07:00:00,"F",27,"Booragoon","WA",16.15,"2b236d8c93b44ebb850ac46cbf4e2348","CUS-3026014945","115.84","-32.03","debit","Mon","01:53:59","01","September"
"7021","posted",NA,"ACC-3881031190","149.19","-21.15","INTER BANK",NA,"Richard",6812.09,2018-09-24 07:00:00,"M",37,NA,NA,86,"6a069187e35d4a88b2079e5dc0b5eb31","CUS-3201519139",NA,NA,"debit","Mon","02:00:00","02","September"
"7022","posted",NA,"ACC-1349834573","145.17","-37.84","INTER BANK",NA,"Matthew",11551.52,2018-09-24 07:00:00,"M",39,NA,NA,33,"4b5802e378524bb792d6373194a7d275","CUS-1790886359",NA,NA,"debit","Mon","03:00:00","03","September"
"7023","posted",NA,"ACC-3084464802","145.15","-37.76","INTER BANK",NA,"Susan",7593.02,2018-09-24 07:00:00,"F",19,NA,NA,24,"d78f4e4acef94240a96b5ea20031b031","CUS-1928710999",NA,NA,"debit","Mon","03:00:00","03","September"
"7024","posted",NA,"ACC-819621312","145.04","-37.85","PAYMENT",NA,"Michele",6405.59,2018-09-24 07:00:00,"F",30,NA,NA,66,"413bcc93838b41a9ac45d3d35a199aef","CUS-1271030853",NA,NA,"debit","Mon","04:00:00","04","September"
"7025","posted",NA,"ACC-2107684084","145.03","-37.88","PAYMENT",NA,"Richard",6980.01,2018-09-24 07:00:00,"M",22,NA,NA,34,"f97cef15156a4d54af09caa959fbd745","CUS-2283904812",NA,NA,"debit","Mon","05:00:00","05","September"
"7026","posted",NA,"ACC-1438600314","138.69","-34.84","PAYMENT",NA,"Maria",2409.84,2018-09-24 07:00:00,"F",35,NA,NA,35,"f9c85c44efd54325a9978860214cd7a4","CUS-2650223890",NA,NA,"debit","Mon","06:00:00","06","September"
"7027","posted",NA,"ACC-2890243754","153.32","-27.93","PAYMENT",NA,"Joseph",4354.82,2018-09-24 07:00:00,"M",37,NA,NA,166,"e358621781bc4e4eb57600a551bf00b1","CUS-2695611575",NA,NA,"debit","Mon","06:00:00","06","September"
"7028","posted",NA,"ACC-574997646","150.79","-33.64","PAYMENT",NA,"Mackenzie",3775.84,2018-09-24 07:00:00,"F",18,NA,NA,91,"02f5e03b242541488366ea02f83c5061","CUS-586638664",NA,NA,"debit","Mon","07:00:00","07","September"
"7029","authorized","1","ACC-1598451071","153.41","-27.95","SALES-POS","324eaa2a-4b1a-470b-a923-b94e72b7a8c2","Diana",2443.17,2018-09-24 07:00:00,"F",26,"Upper Coomera","QLD",22.99,"476684ec3c8746c985c7788e6b2c27c0","CUS-2487424745","153.31","-27.86","debit","Mon","07:09:59","07","September"
"7030","posted",NA,"ACC-3879258709","143.83","-37.66","INTER BANK",NA,"Natasha",199689.54,2018-09-24 07:00:00,"F",40,NA,NA,51,"d8c7ece223d74349aaf14b355179ebd3","CUS-527400765",NA,NA,"debit","Mon","08:00:00","08","September"
"7031","authorized","1","ACC-3485804958","138.52","-35.01","SALES-POS","4b18f2e9-aca8-408a-8c9e-7ef285fc06d1","Jessica",22412.92,2018-09-24 07:00:00,"F",34,"Belconnen","ACT",15.51,"92e87a49e8614f4ca49cc7ab08acfb3b","CUS-1196156254","149.07","-35.24","debit","Mon","08:13:30","08","September"
"7032","authorized","0","ACC-1598451071","153.41","-27.95","POS","3da9c75a-c681-49cd-8ac1-dbbc2d0feff1","Diana",2432.86,2018-09-24 07:00:00,"F",26,"Biggera Waters","QLD",10.31,"ff8681a7fb164f129f18e00b4912fcac","CUS-2487424745","153.39","-27.93","debit","Mon","08:40:32","08","September"
"7033","posted",NA,"ACC-2673069055","152.99","-27.49","INTER BANK",NA,"Richard",17978.7,2018-09-24 07:00:00,"M",24,NA,NA,39,"8e8d08c4ab49417ea0a8b416585e51f0","CUS-51506836",NA,NA,"debit","Mon","09:00:00","09","September"
"7034","authorized","1","ACC-2173390920","144.71","-37.58","POS","fb06396b-7c0b-4197-8ca7-c0635e6221af","Luis",6704.05,2018-09-24 07:00:00,"M",27,"Preston","VIC",23.84,"134453f0ac704972bf75fe588d17bde0","CUS-3180318393","145.03","-37.74","debit","Mon","09:01:10","09","September"
"7035","authorized","0","ACC-354106658","151.04","-33.80","SALES-POS","dcbffa0f-62ec-4f68-a8ab-43234ba5c379","Christine",15069.02,2018-09-24 07:00:00,"F",39,"Edgecliff","NSW",49.6,"e14c3b4d4be9482088a7490c190c2132","CUS-2376382098","151.23","-33.88","debit","Mon","09:05:24","09","September"
"7036","authorized","1","ACC-1598451071","153.41","-27.95","SALES-POS","5a3d5cd5-8727-46ce-a599-5d51f1a10c41","Diana",2426.12,2018-09-24 07:00:00,"F",26,"Oxenford","QLD",6.74,"e0378d9f66484da1a1b39e5847fc36c8","CUS-2487424745","153.32","-27.92","debit","Mon","09:09:37","09","September"
"7037","authorized","1","ACC-1037050564","153.10","-27.66","SALES-POS","fc049c40-473f-4a92-8685-4d1c2999595b","Rhonda",3579.63,2018-09-24 07:00:00,"F",40,"Springvale","VIC",83.68,"3691b70df7a146999995204c38b24fa5","CUS-1614226872","145.14","-37.95","debit","Mon","09:13:50","09","September"
"7038","authorized","1","ACC-3084464802","145.15","-37.76","SALES-POS","b0016a1a-83b4-410f-9d1b-f7417d7b4ae8","Susan",7551.35,2018-09-24 07:00:00,"F",19,"Melbourne","VIC",41.67,"46ced647a8514e778cf0905ba9bcfe44","CUS-1928710999","144.96","-37.81","debit","Mon","09:18:03","09","September"
"7039","authorized","1","ACC-1279356312","144.79","-37.73","SALES-POS","67a63748-45ab-4325-b888-35fffb2d6bb8","Tyler",8643.91,2018-09-24 07:00:00,"M",44,"Epping","VIC",11.26,"b43ecf01c07e483baa6d8b9c35c2c39f","CUS-1892177589","145.02","-37.65","debit","Mon","09:22:16","09","September"
"7040","authorized","1","ACC-1334819143","145.13","-37.70","POS","d2697166-8763-4124-9bc5-d07eae9add4f","Christopher",62024.79,2018-09-24 07:00:00,"M",33,"Moonee Ponds","VIC",12.87,"fc6f474e0dd942af93f74812b036f7d1","CUS-3117610635","144.92","-37.77","debit","Mon","09:26:29","09","September"
"7041","authorized","0","ACC-3771436525","145.04","-37.92","POS","b856d775-6d6e-4248-820e-40378b0e7516","Derek",4123.62,2018-09-24 07:00:00,"M",20,"Preston","VIC",32.14,"72e4ec586e7e4f1387b06a37c7b9a543","CUS-3325710106","145.03","-37.74","debit","Mon","09:30:43","09","September"
"7042","authorized","1","ACC-1496451953","145.16","-37.84","POS","53a01835-ca2e-4893-9417-fc0f1e4b43a5","Ricky",12837.45,2018-09-24 07:00:00,"M",43,"Sydney","NSW",55.26,"3a9fb4395d2546d2ab1bbcf221659369","CUS-3142625864","151.21","-33.86","debit","Mon","09:39:09","09","September"
"7043","authorized","1","ACC-1222300524","151.23","-33.94","POS","7d323148-3f01-4b5e-8645-221ccd753fe4","Michael",331.92,2018-09-24 07:00:00,"M",38,"Rosehill","NSW",25.66,"92ec484bb6b14812b3fa9b09e64b4e3b","CUS-2142601169","151.02","-33.82","debit","Mon","09:43:22","09","September"
"7044","authorized","1","ACC-2265520058","151.27","-33.85","SALES-POS","6cacdd75-f8e6-49e7-9eef-e6669ea7605a","Catherine",3019.95,2018-09-24 07:00:00,"F",26,"Bella Vista","NSW",27.76,"fba91b3557fa432195de059759775c66","CUS-331942311","150.95","-33.74","debit","Mon","09:47:35","09","September"
"7045","authorized","1","ACC-37709441","153.41","-28.01","POS","230b43a1-dd38-401e-9acc-b32925f5b5a7","Charles",13417.37,2018-09-24 07:00:00,"M",18,"Oxenford","QLD",12.32,"a988f192fccd4199b96e8a100ebdf273","CUS-3336454548","153.31","-27.89","debit","Mon","09:51:48","09","September"
"7046","authorized","1","ACC-2890243754","153.32","-27.93","SALES-POS","5488a5bd-eea0-4742-a97b-d4d0058253f6","Joseph",4280.06,2018-09-24 07:00:00,"M",37,"Southport","QLD",74.76,"0dc9d0fa618a4fb7bbf73e42d7afffdd","CUS-2695611575","153.38","-27.96","debit","Mon","09:56:02","09","September"
"7047","authorized","1","ACC-2890243754","153.32","-27.93","POS","7ce1c5c7-35c2-4a82-8002-e1d8040cba33","Joseph",4265.46,2018-09-24 07:00:00,"M",37,"Burleigh Waters","QLD",14.6,"e9e8863bb71e4217ac7156e598d6159e","CUS-2695611575","153.43","-28.1","debit","Mon","10:00:27","10","September"
"7048","authorized","0","ACC-2681137560","151.11","-33.99","POS","f5fa6091-a464-4f01-b563-4a3cba0ae50c","Nathaniel",6582.46,2018-09-24 07:00:00,"M",31,"Katanning","WA",32.23,"73eba4f0962246698f021dcf6338a61b","CUS-2083971310","117.56","-33.69","debit","Mon","10:07:58","10","September"
"7049","authorized","1","ACC-1496451953","145.16","-37.84","SALES-POS","e32de69d-4c7f-4f4d-8147-26c60bb2248d","Ricky",12813.42,2018-09-24 07:00:00,"M",43,"Hawthorn","VIC",24.03,"eb2f8f7ce7514256b5f8121b7c35906e","CUS-3142625864","145.03","-37.83","debit","Mon","10:15:29","10","September"
"7050","authorized","1","ACC-2673069055","152.99","-27.49","POS","309da780-04f7-4354-8d93-bc5a9831c506","Richard",17973.16,2018-09-24 07:00:00,"M",24,"Brisbane City","QLD",5.54,"ad10f19b929f4266b61be29b6443c245","CUS-51506836","153.02","-27.47","debit","Mon","10:23:00","10","September"
"7051","authorized","0","ACC-3827517394","151.12","-33.89","POS","0f7b7046-3b3e-426c-b6d7-1ad40cd20136","Craig",38390.49,2018-09-24 07:00:00,"M",28,"Bondi Beach","NSW",59.94,"51bb926817fc424f8c1912577f7af024","CUS-2663907001","151.27","-33.89","debit","Mon","10:30:31","10","September"
"7052","authorized","1","ACC-1222300524","151.23","-33.94","POS","ed1b9b0c-c647-4257-963a-01cad02e6944","Michael",313.44,2018-09-24 07:00:00,"M",38,"Eastgardens","NSW",18.48,"bc4d041881e44f9ab6f7217e98cc27d6","CUS-2142601169","151.22","-33.94","debit","Mon","10:38:02","10","September"
"7053","authorized","1","ACC-1496451953","145.16","-37.84","SALES-POS","b1de710b-95a2-471b-bfdd-d0d25a7da038","Ricky",12803.72,2018-09-24 07:00:00,"M",43,"Keysborough","VIC",9.7,"c0237d68f09b49f6b80c7e34190f13a3","CUS-3142625864","145.17","-37.99","debit","Mon","10:53:04","10","September"
"7054","posted",NA,"ACC-3233697971","151.04","-33.77","PAY/SALARY",NA,"Robin",9760.77,2018-09-24 07:00:00,"F",34,NA,NA,1711.39,"56a77368097845339fe25bcc30ce0230","CUS-1147642491",NA,NA,"credit","Mon","11:00:00","11","September"
"7055","posted",NA,"ACC-3233697971","151.04","-33.77","PAYMENT",NA,"Robin",9714.77,2018-09-24 07:00:00,"F",34,NA,NA,46,"a0b807d241094919a199479b9188752d","CUS-1147642491",NA,NA,"debit","Mon","11:00:00","11","September"
"7056","posted",NA,"ACC-847145727","115.90","-31.92","PAYMENT",NA,"Michael",56730.1,2018-09-24 07:00:00,"M",19,NA,NA,37,"67834b496fd04ce488b416998e85a319","CUS-1609060617",NA,NA,"debit","Mon","11:00:00","11","September"
"7057","posted",NA,"ACC-1037050564","153.10","-27.66","PAY/SALARY",NA,"Rhonda",4465.56,2018-09-24 07:00:00,"F",40,NA,NA,892.09,"73e282fb810d4273b5482aa4c3cc601a","CUS-1614226872",NA,NA,"credit","Mon","11:00:00","11","September"
"7058","posted",NA,"ACC-1334819143","145.13","-37.70","PAYMENT",NA,"Christopher",61900.79,2018-09-24 07:00:00,"M",33,NA,NA,124,"79f4eeec164540e6ae4a56688e24e645","CUS-3117610635",NA,NA,"debit","Mon","11:00:00","11","September"
"7059","posted",NA,"ACC-38923874","151.27","-33.90","PAYMENT",NA,"Ryan",40834.41,2018-09-24 07:00:00,"M",38,NA,NA,42,"67ffd484334846d98b26370c30a052a1","CUS-3249305314",NA,NA,"debit","Mon","11:00:00","11","September"
"7060","posted",NA,"ACC-2265520058","151.27","-33.85","PAY/SALARY",NA,"Catherine",4863.09,2018-09-24 07:00:00,"F",26,NA,NA,1843.14,"3b35dc3f30a244898b04fd1530f92b72","CUS-331942311",NA,NA,"credit","Mon","11:00:00","11","September"
"7061","authorized","1","ACC-354106658","151.04","-33.80","SALES-POS","300c81b1-02d5-4885-9556-cec6a8bd4267","Christine",15055.29,2018-09-24 07:00:00,"F",39,"Lakemba","NSW",13.73,"63ae448ebe424f1a9a66c09c74693617","CUS-2376382098","151.08","-33.92","debit","Mon","11:01:59","11","September"
"7062","authorized","0","ACC-2305712452","138.61","-34.89","POS","3659e494-5ea3-4570-a2fc-1e365b78bb0e","Debra",4230.32,2018-09-24 07:00:00,"F",18,"Torrensville","SA",15.38,"608100ee95a24c83932b296827378a42","CUS-1842679196","138.56","-34.91","debit","Mon","11:26:59","11","September"
"7063","authorized","1","ACC-1037050564","153.10","-27.66","SALES-POS","515d9f41-c812-48b0-8c00-9ee087aaa52e","Rhonda",3573.47,2018-09-24 07:00:00,"F",40,"Carindale","QLD",6.16,"42c71be8fb034f3a83ab5ed75ace6f5a","CUS-1614226872","153.1","-27.5","debit","Mon","11:51:59","11","September"
"7064","posted",NA,"ACC-4274272854","145.23","-37.86","PAY/SALARY",NA,"Timothy",7178.3,2018-09-24 07:00:00,"M",20,NA,NA,1640.83,"f8257d22de3140a38c57fae393d19e49","CUS-2484453271",NA,NA,"credit","Mon","12:00:00","12","September"
"7065","posted",NA,"ACC-1438600314","138.69","-34.84","PAY/SALARY",NA,"Maria",3272.79,2018-09-24 07:00:00,"F",35,NA,NA,862.95,"cbcaa37d5514427bae19a583bae171e8","CUS-2650223890",NA,NA,"credit","Mon","12:00:00","12","September"
"7066","posted",NA,"ACC-3954677887","115.72","-32.28","PAYMENT",NA,"Ruth",4084.13,2018-09-24 07:00:00,"F",47,NA,NA,1085,"9dc33bbcd068468f825a1cf8dc95bfbb","CUS-3716701010",NA,NA,"debit","Mon","12:00:00","12","September"
"7067","authorized","1","ACC-80388494","144.97","-37.42","SALES-POS","fa9aebb4-d28f-4708-9497-4cc24c1b9d9a","Dustin",5722.81,2018-09-24 07:00:00,"M",28,"Macedon","VIC",20.55,"93015ab8c9c14346ade2e6f84956cdda","CUS-1140341822","144.56","-37.42","debit","Mon","12:16:11","12","September"
"7068","authorized","1","ACC-2528867619","138.58","-34.96","POS","8e6dd0ca-2a83-4881-9c93-6385cc287978","Abigail",12927.48,2018-09-24 07:00:00,"F",40,"Wagga Wagga","NSW",44.1,"aef01af7a1044492a8814daad82912e3","CUS-2505971401","147.37","-35.12","debit","Mon","12:39:59","12","September"
"7069","posted",NA,"ACC-2681137560","151.11","-33.99","PAY/SALARY",NA,"Nathaniel",9468.98,2018-09-24 07:00:00,"M",31,NA,NA,2886.52,"c7b544d210c948f3b84edd7093593865","CUS-2083971310",NA,NA,"credit","Mon","13:00:00","13","September"
"7070","posted",NA,"ACC-1496451953","145.16","-37.84","PAY/SALARY",NA,"Ricky",15391.73,2018-09-24 07:00:00,"M",43,NA,NA,2588.01,"6cf19ee26ce245549b9eb99283af22af","CUS-3142625864",NA,NA,"credit","Mon","13:00:00","13","September"
"7071","posted",NA,"ACC-2173390920","144.71","-37.58","PAY/SALARY",NA,"Luis",8100.28,2018-09-24 07:00:00,"M",27,NA,NA,1396.23,"785942a6528f418aace2b1e5a292d75e","CUS-3180318393",NA,NA,"credit","Mon","13:00:00","13","September"
"7072","posted",NA,"ACC-2615038700","145.35","-38.03","PAY/SALARY",NA,"Emily",31541.35,2018-09-24 07:00:00,"F",43,NA,NA,664.43,"04aaf86c4fac47a389f8ba0ea2445058","CUS-3255104878",NA,NA,"credit","Mon","13:00:00","13","September"
"7073","posted",NA,"ACC-4258502723","145.45","-37.74","PAY/SALARY",NA,"Kimberly",4682.77,2018-09-24 07:00:00,"F",24,NA,NA,1059.84,"0a23787c48f4449cbbeb92a53e37d821","CUS-3378712515",NA,NA,"credit","Mon","13:00:00","13","September"
"7074","posted",NA,"ACC-2249586092","115.98","-32.07","PAY/SALARY",NA,"Edward",9465.08,2018-09-24 07:00:00,"M",19,NA,NA,990.55,"0e204c412e734080b9e9e6c62cb403b3","CUS-443776336",NA,NA,"credit","Mon","13:00:00","13","September"
"7075","authorized","1","ACC-2673069055","152.99","-27.49","POS","b61c0a70-e9d7-4424-b5c3-af399a1e0147","Richard",17957.13,2018-09-24 07:00:00,"M",24,"Browns Plains","QLD",16.03,"8bbbcc5d05364090b1c6e132e6e01448","CUS-51506836","153.04","-27.66","debit","Mon","13:03:59","13","September"
"7076","authorized","0","ACC-1598451071","153.41","-27.95","POS","8e505d2d-6f4a-45ba-b3f2-f22e4d7898f4","Diana",2413.8,2018-09-24 07:00:00,"F",26,"Coorparoo","QLD",12.32,"4b598f031be44581bca485606acf8343","CUS-2487424745","153.06","-27.51","debit","Mon","13:28:59","13","September"
"7077","authorized","0","ACC-3233697971","151.04","-33.77","POS","142d45ab-8d51-47d2-87ad-cb2bbf7e23fc","Robin",9687.29,2018-09-24 07:00:00,"F",34,"Margaret River","WA",27.48,"9816a0ecaf424ceb81b124169817fc88","CUS-1147642491","115.07","-33.95","debit","Mon","13:53:59","13","September"
"7078","posted",NA,"ACC-4065652575","115.81","-31.82","PAYMENT",NA,"Lucas",9550.16,2018-09-24 07:00:00,"M",21,NA,NA,40,"28b193408da1425ea66f260f5b6d5ffb","CUS-1117979751",NA,NA,"debit","Mon","14:00:00","14","September"
"7079","posted",NA,"ACC-4065652575","115.81","-31.82","PAYMENT",NA,"Lucas",9456.16,2018-09-24 07:00:00,"M",21,NA,NA,94,"e08b68c43f30461d90b5761b0d01ff00","CUS-1117979751",NA,NA,"debit","Mon","14:00:00","14","September"
"7080","posted",NA,"ACC-602667573","151.23","-33.96","PAY/SALARY",NA,"Michael",15337.6,2018-09-24 07:00:00,"M",40,NA,NA,2280.36,"b935362095f54f5cb278099c28c8d4b6","CUS-2031327464",NA,NA,"credit","Mon","14:00:00","14","September"
"7081","posted",NA,"ACC-3827517394","151.12","-33.89","PAYMENT",NA,"Craig",38370.49,2018-09-24 07:00:00,"M",28,NA,NA,20,"cb43003f699a4d8dba12b94849bace02","CUS-2663907001",NA,NA,"debit","Mon","14:00:00","14","September"
"7082","posted",NA,"ACC-2153562714","116.00","-31.88","PAY/SALARY",NA,"Linda",7076.21,2018-09-24 07:00:00,"F",24,NA,NA,3712.56,"8d7ddef22c7c4404b63137f3ebd1a6ff","CUS-423725039",NA,NA,"credit","Mon","14:00:00","14","September"
"7083","posted",NA,"ACC-3021093232","149.83","-29.47","PAY/SALARY",NA,"Melissa",9530.54,2018-09-24 07:00:00,"F",30,NA,NA,1636.72,"533c999dbd9c44d0ae195dbdfcbf12b9","CUS-55310383",NA,NA,"credit","Mon","14:00:00","14","September"
"7084","authorized","1","ACC-3541460373","145.00","-37.83","POS","11611d02-ff60-4ddb-98d5-d2e8673b8ddd","Jeffrey",2891.47,2018-09-24 07:00:00,"M",24,"Carlton North","VIC",9.98,"a7e9cb4d72cf4360ae2f9083cca5860f","CUS-1433879684","144.97","-37.78","debit","Mon","14:19:59","14","September"
"7085","authorized","1","ACC-2890243754","153.32","-27.93","SALES-POS","c81f9513-0787-45b5-a956-ae58d2c1f89b","Joseph",4258.51,2018-09-24 07:00:00,"M",37,"Surfers Paradise","QLD",6.95,"370c1a7cc2474c8dae8d02f316a3d8b4","CUS-2695611575","153.43","-28.01","debit","Mon","14:46:18","14","September"
"7086","posted",NA,"ACC-819621312","145.04","-37.85","INTER BANK",NA,"Michele",6350.59,2018-09-24 07:00:00,"F",30,NA,NA,55,"966529033b43420e8ef7dec118b86f7e","CUS-1271030853",NA,NA,"debit","Mon","15:00:00","15","September"
"7087","posted",NA,"ACC-2231965366","144.96","-37.84","PAYMENT",NA,"Linda",16164.09,2018-09-24 07:00:00,"F",35,NA,NA,180,"7dd20f93094c4ca6b53e40a5878cf523","CUS-2155701614",NA,NA,"debit","Mon","15:00:00","15","September"
"7088","posted",NA,"ACC-1650504218","145.01","-37.93","PAYMENT",NA,"Marissa",11012.44,2018-09-24 07:00:00,"F",23,NA,NA,22,"5e3e2bedb675426eb2e1de6ead9a7fc9","CUS-2500783281",NA,NA,"debit","Mon","15:00:00","15","September"
"7089","authorized","1","ACC-1608363396","151.22","-33.87","SALES-POS","2f409df7-15b1-44e2-856e-ea88b0aa11f8","Robert",7172.29,2018-09-24 07:00:00,"M",20,"Blacktown","NSW",42.78,"f1fe3f44748f402db0600d257dbcee62","CUS-2688605418","150.92","-33.75","debit","Mon","15:09:59","15","September"
"7090","authorized","1","ACC-37709441","153.41","-28.01","SALES-POS","f9b5a280-e4fd-466b-ac0b-57a15e7687d9","Charles",13399.99,2018-09-24 07:00:00,"M",18,"Labrador","QLD",17.38,"867c4d14ad544179afbb6f4bf0b2e5c1","CUS-3336454548","153.41","-27.95","debit","Mon","15:30:49","15","September"
"7091","authorized","0","ACC-2897221629","150.90","-34.37","POS","5506f02a-c1dd-43c5-ad15-d97619f7dd4f","Scott",4813.9,2018-09-24 07:00:00,"M",23,"Kingsford","NSW",16.26,"7ad9b53381b747ecbfcb066b71f586d6","CUS-511326734","151.23","-33.92","debit","Mon","15:51:39","15","September"
"7092","authorized","1","ACC-1496451953","145.16","-37.84","SALES-POS","11c306b7-2934-4494-a30a-bbcf3422a164","Ricky",15376.39,2018-09-24 07:00:00,"M",43,"Melbourne","VIC",15.34,"b98d3f827a4d4147afa4ff73300646a6","CUS-3142625864","144.96","-37.81","debit","Mon","16:18:10","16","September"
"7093","authorized","1","ACC-1496451953","145.16","-37.84","SALES-POS","d725167e-2d74-47e5-a608-eab00c80c36a","Ricky",15358.51,2018-09-24 07:00:00,"M",43,"Melbourne","VIC",17.88,"eaeff6e7dfcf4662acace63e1c222aea","CUS-3142625864","144.96","-37.8","debit","Mon","16:48:29","16","September"
"7094","posted",NA,"ACC-847145727","115.90","-31.92","PAY/SALARY",NA,"Michael",59584.84,2018-09-24 07:00:00,"M",19,NA,NA,2854.74,"0bb85af550734ed985fd9061381cca45","CUS-1609060617",NA,NA,"credit","Mon","17:00:00","17","September"
"7095","posted",NA,"ACC-3084464802","145.15","-37.76","PAYMENT",NA,"Susan",7515.35,2018-09-24 07:00:00,"F",19,NA,NA,36,"dafae8b5e0d04d999f541c0566230903","CUS-1928710999",NA,NA,"debit","Mon","17:00:00","17","September"
"7096","posted",NA,"ACC-3827517394","151.12","-33.89","PAY/SALARY",NA,"Craig",42425.26,2018-09-24 07:00:00,"M",28,NA,NA,4054.77,"58ebc15cc3fb499d95af95263d637832","CUS-2663907001",NA,NA,"credit","Mon","17:00:00","17","September"
"7097","posted",NA,"ACC-4258502723","145.45","-37.74","PAYMENT",NA,"Kimberly",4629.77,2018-09-24 07:00:00,"F",24,NA,NA,53,"34c52210925c4adbb5b5bab698967bca","CUS-3378712515",NA,NA,"debit","Mon","17:00:00","17","September"
"7098","authorized","1","ACC-1222300524","151.23","-33.94","POS","914cea98-2f5a-4ee4-b8b1-441ff0d41bf8","Michael",299.28,2018-09-24 07:00:00,"M",38,"Peakhurst","NSW",14.16,"b31281a75caf44a1a0d52db3e08042f5","CUS-2142601169","151.07","-33.96","debit","Mon","17:21:22","17","September"
"7099","authorized","0","ACC-37709441","153.41","-28.01","POS","b27689af-4d1e-49b2-b3af-4139ac5d2b6c","Charles",13388.33,2018-09-24 07:00:00,"M",18,"Arundel","VIC",11.66,"20127dea0e2c418c82f7cd64d2d65d07","CUS-3336454548","153.37","-27.94","debit","Mon","17:55:51","17","September"
"7100","authorized","1","ACC-1222300524","151.23","-33.94","POS","90bcca1c-37b3-4e43-8320-e6886b13dc71","Michael",281.81,2018-09-24 07:00:00,"M",38,"Hammondville","NSW",17.47,"e3d09d41594b404fa1b2c58e7d80361c","CUS-2142601169","150.95","-33.95","debit","Mon","18:31:25","18","September"
"7101","posted",NA,"ACC-3317636250","153.02","-27.66","PAYMENT",NA,"Kenneth",14336.73,2018-09-24 07:00:00,"M",35,NA,NA,1174,"3e440285e5114683a255c193ece2585c","CUS-2738291516",NA,NA,"debit","Mon","19:00:00","19","September"
"7102","posted",NA,"ACC-37709441","153.41","-28.01","PAYMENT",NA,"Charles",13333.33,2018-09-24 07:00:00,"M",18,NA,NA,55,"8811f820a6dc42908f1005b7ec2dd717","CUS-3336454548",NA,NA,"debit","Mon","19:00:00","19","September"
"7103","authorized","1","ACC-154431271","153.09","-27.48","POS","99de3c07-fc81-4cde-bfbc-d652d621e26f","Lori",2154.34,2018-09-24 07:00:00,"F",18,"Sydney","NSW",28.85,"0625ba7632484b4fb553ec11d930ea07","CUS-3702001629","151.21","-33.86","debit","Mon","19:08:41","19","September"
"7104","authorized","1","ACC-414431115","142.77","-37.06","SALES-POS","106e1272-44ab-4dcb-a438-dd98e0071e51","Amy",3417.93,2018-09-24 07:00:00,"F",43,"Eden","NSW",28.06,"0d81496d876a4174a5ed3d2f28ff392d","CUS-2599279756","149.9","-37.06","debit","Mon","19:52:10","19","September"
"7105","posted",NA,"ACC-2920611728","144.96","-37.76","PAYMENT",NA,"Tyler",6791.37,2018-09-24 07:00:00,"M",69,NA,NA,64,"4989771d8cf647e58ff8042fdd4dbe50","CUS-1388323263",NA,NA,"debit","Mon","20:00:00","20","September"
"7106","posted",NA,"ACC-2650850707","148.16","-23.52","PAYMENT",NA,"Brian",112640.71,2018-09-24 07:00:00,"M",42,NA,NA,33,"0e4904c7520042969edde12b7a37cd0f","CUS-2819545904",NA,NA,"debit","Mon","20:00:00","20","September"
"7107","posted",NA,"ACC-154431271","153.09","-27.48","PAYMENT",NA,"Lori",2093.34,2018-09-24 07:00:00,"F",18,NA,NA,61,"d8bd7a9f3b564fdcbaa77ff22ad0df21","CUS-3702001629",NA,NA,"debit","Mon","20:00:00","20","September"
"7108","authorized","0","ACC-3233697971","151.04","-33.77","SALES-POS","c01e6c61-f72d-40cb-96fc-90cafe1885c8","Robin",9646.75,2018-09-24 07:00:00,"F",34,"Double Bay","NSW",40.54,"1b833991058e4e7eb06feda14981ce3d","CUS-1147642491","151.24","-33.88","debit","Mon","20:29:17","20","September"
"7109","authorized","1","ACC-2890243754","153.32","-27.93","POS","00097987-7795-4c01-92c7-66bf486bacca","Joseph",4246.99,2018-09-24 07:00:00,"M",37,"Leinster","WA",11.52,"718e3f9351fd48ba96073d834859ad07","CUS-2695611575","120.7","-27.92","debit","Mon","21:02:03","21","September"
"7110","authorized","1","ACC-1222300524","151.23","-33.94","POS","0b987f8d-d345-4b1c-8113-b433631aae15","Michael",275.52,2018-09-24 07:00:00,"M",38,"Liverpool","NSW",6.29,"fdbc15c910244b3ab8f18bf0b32882d9","CUS-2142601169","150.92","-33.92","debit","Mon","21:16:45","21","September"
"7111","authorized","1","ACC-1496451953","145.16","-37.84","SALES-POS","727f70ec-7434-44fd-8cd7-0583a1b07097","Ricky",15342.63,2018-09-24 07:00:00,"M",43,"Bairnsdale","VIC",15.88,"c842712f6ab94aeabf04ca267cbc3fdd","CUS-3142625864","147.63","-37.83","debit","Mon","21:31:28","21","September"
"7112","authorized","1","ACC-3771436525","145.04","-37.92","POS","a20827bf-4aa3-4845-99ef-14a0f887f5c6","Derek",4101.34,2018-09-24 07:00:00,"M",20,"Mitchell","ACT",22.28,"ebe4d12593784cdb905dd729045b3b73","CUS-3325710106","149.14","-35.22","debit","Mon","21:46:10","21","September"
"7113","posted",NA,"ACC-2249586092","115.98","-32.07","PAYMENT",NA,"Edward",9434.08,2018-09-24 07:00:00,"M",19,NA,NA,31,"1aed7ebd3dc14fdd87abb2d5326edbca","CUS-443776336",NA,NA,"debit","Mon","22:00:00","22","September"
"7114","authorized","1","ACC-2890243754","153.32","-27.93","SALES-POS","e2275783-0f73-40fa-a54f-e589b176e0ae","Joseph",4206.01,2018-09-24 07:00:00,"M",37,"Burleigh Heads","QLD",40.98,"51010db6d96e4edcb8a6915389ae9522","CUS-2695611575","153.42","-28.11","debit","Mon","22:00:43","22","September"
"7115","authorized","1","ACC-1334819143","145.13","-37.70","POS","3fa0f231-07d8-4168-941a-edf1c708e449","Christopher",61866.18,2018-09-24 07:00:00,"M",33,"Sunshine","VIC",34.61,"9f2bd4a53e6a4843a54cded49a031a6b","CUS-3117610635","144.83","-37.78","debit","Mon","22:12:46","22","September"
"7116","authorized","1","ACC-1903037542","153.05","-27.61","SALES-POS","020e82c2-0869-43a3-84ad-8b7a2318faf8","Jeffrey",2924.56,2018-09-24 07:00:00,"M",30,"Carindale","QLD",12.19,"2a425a743339499dab3c2a393baf606b","CUS-860700529","153.1","-27.51","debit","Mon","22:24:49","22","September"
"7117","authorized","1","ACC-1903037542","153.05","-27.61","SALES-POS","36d1dbed-35a1-4655-afe7-926d5a8722a2","Jeffrey",2914.64,2018-09-24 07:00:00,"M",30,"Clayfield","QLD",9.92,"4c212facac35409ebb51bd386b243f20","CUS-860700529","153.06","-27.42","debit","Mon","22:36:52","22","September"
"7118","authorized","1","ACC-182446574","116.06","-32.00","SALES-POS","4ad307c4-9cfe-44e5-b717-2ea8a1ee8b9a","Tonya",6204.24,2018-09-24 07:00:00,"F",27,"Maylands","WA",10.19,"4ec58bc689aa45a78c102cfb95ca9dec","CUS-3026014945","115.9","-31.93","debit","Mon","22:48:54","22","September"
"7119","posted",NA,"ACC-2970114956","144.89","-37.69","PAYMENT",NA,"Robert",8933.24,2018-09-24 07:00:00,"M",26,NA,NA,61,"034bd2ef24734a4dada6ce506e688d44","CUS-880898248",NA,NA,"debit","Mon","23:00:00","23","September"
"7120","authorized","1","ACC-3084464802","145.15","-37.76","SALES-POS","f7f1a4c4-9947-47f5-a461-2fed2ca3324c","Susan",7496.62,2018-09-25 07:00:00,"F",19,"Melbourne","VIC",18.73,"5bc31be1ee5c4ed9b4e8646ea9068c38","CUS-1928710999","144.96","-37.82","debit","Tue","00:29:59","00","September"
"7121","authorized","1","ACC-182446574","116.06","-32.00","SALES-POS","e133d191-28de-44a7-8cdd-6f193fcc0b3c","Tonya",6196.23,2018-09-25 07:00:00,"F",27,"Sydney","NSW",8.01,"97509a8d6e354b4da0598a48531379fa","CUS-3026014945","151.21","-33.87","debit","Tue","01:13:56","01","September"
"7122","authorized","1","ACC-1037050564","153.10","-27.66","SALES-POS","4d587304-5351-4474-97e4-443b727eeef5","Rhonda",4448.14,2018-09-25 07:00:00,"F",40,"Tingalpa","QLD",17.42,"e9c2d702b31942c1a79faf77bb6ad640","CUS-1614226872","153.14","-27.48","debit","Tue","01:44:14","01","September"
"7123","posted",NA,"ACC-4065652575","115.81","-31.82","PAYMENT",NA,"Lucas",9326.16,2018-09-25 07:00:00,"M",21,NA,NA,130,"7d54b5a4a22447ada3319e45e4b9c3d6","CUS-1117979751",NA,NA,"debit","Tue","02:00:00","02","September"
"7124","posted",NA,"ACC-1523339231","115.83","-31.90","PAYMENT",NA,"Tim",70007.78,2018-09-25 07:00:00,"M",40,NA,NA,156,"e487074e99d04375ab9a6e8db4c73fe2","CUS-1816693151",NA,NA,"debit","Tue","02:00:00","02","September"
"7125","posted",NA,"ACC-1598451071","153.41","-27.95","INTER BANK",NA,"Diana",2393.8,2018-09-25 07:00:00,"F",26,NA,NA,20,"51b7c7961f984ed39f04fb0526d0edd0","CUS-2487424745",NA,NA,"debit","Tue","02:00:00","02","September"
"7126","posted",NA,"ACC-2231965366","144.96","-37.84","INTER BANK",NA,"Linda",16147.09,2018-09-25 07:00:00,"F",35,NA,NA,17,"cdefdb0ca2db44528748d5dea4a34632","CUS-2155701614",NA,NA,"debit","Tue","03:00:00","03","September"
"7127","posted",NA,"ACC-240804743","121.48","-30.75","PHONE BANK",NA,"Kenneth",14996.33,2018-09-25 07:00:00,"M",29,NA,NA,43,"e279f9e4a4e34281b9c1b854ea9087ed","CUS-261674136",NA,NA,"debit","Tue","03:00:00","03","September"
"7128","posted",NA,"ACC-2828321672","153.03","-27.51","PHONE BANK",NA,"Stephanie",4229.21,2018-09-25 07:00:00,"F",53,NA,NA,182,"3ca0da4a9a774981a2433428e8c6030a","CUS-1005756958",NA,NA,"debit","Tue","04:00:00","04","September"
"7129","posted",NA,"ACC-1788473090","145.06","-37.95","INTER BANK",NA,"Rachael",6679.34,2018-09-25 07:00:00,"F",21,NA,NA,20,"7154688fe2684e0db7452b1e10586590","CUS-134193016",NA,NA,"debit","Tue","04:00:00","04","September"
"7130","posted",NA,"ACC-3827517394","151.12","-33.89","PAYMENT",NA,"Craig",42395.26,2018-09-25 07:00:00,"M",28,NA,NA,30,"2c2582ebb79443edabdf20365d349735","CUS-2663907001",NA,NA,"debit","Tue","04:00:00","04","September"
"7131","authorized","1","ACC-1598451071","153.41","-27.95","POS","79cfaa6a-041c-456d-b109-af68f24c694e","Diana",2387.59,2018-09-25 07:00:00,"F",26,"Carrara","QLD",6.21,"0e7af8af8b184ef28444bb98d1fbd0ab","CUS-2487424745","153.37","-28.02","debit","Tue","04:15:59","04","September"
"7132","posted",NA,"ACC-1890605467","143.88","-37.66","INTER BANK",NA,"Alexander",16511.67,2018-09-25 07:00:00,"M",38,NA,NA,42,"d8341e10aee24b5798dde92efa214ea0","CUS-1478398256",NA,NA,"debit","Tue","05:00:00","05","September"
"7133","posted",NA,"ACC-958000567","130.90","-12.37","PAYMENT",NA,"Sandra",8131.58,2018-09-25 07:00:00,"F",34,NA,NA,20,"b396e2d8ed7f44efaa63af1fc3b6f74a","CUS-4142663097",NA,NA,"debit","Tue","05:00:00","05","September"
"7134","posted",NA,"ACC-588564840","151.27","-33.76","PAYMENT",NA,"Isaiah",14290.22,2018-09-25 07:00:00,"M",23,NA,NA,77,"59078dbb3747411483c2cc8327a35e96","CUS-1462656821",NA,NA,"debit","Tue","06:00:00","06","September"
"7135","posted",NA,"ACC-354106658","151.04","-33.80","PAYMENT",NA,"Christine",15034.29,2018-09-25 07:00:00,"F",39,NA,NA,21,"887cda8bfa4d484899fbf070d3b3b7d3","CUS-2376382098",NA,NA,"debit","Tue","06:00:00","06","September"
"7136","authorized","1","ACC-3541460373","145.00","-37.83","SALES-POS","781468b4-f237-491b-a784-49ec96e513ec","Jeffrey",2849.77,2018-09-25 07:00:00,"M",24,"Doncaster East","VIC",41.7,"2d579d4b76bc4e35a78d53c2bcd6d070","CUS-1433879684","145.15","-37.79","debit","Tue","06:26:39","06","September"
"7137","posted",NA,"ACC-2270192619","138.56","-35.27","PAYMENT",NA,"Darren",11686.43,2018-09-25 07:00:00,"M",20,NA,NA,39,"09813dc267f34400a1f3e255b84ad23b","CUS-2110742437",NA,NA,"debit","Tue","07:00:00","07","September"
"7138","posted",NA,"ACC-4274272854","145.23","-37.86","PAYMENT",NA,"Timothy",7144.3,2018-09-25 07:00:00,"M",20,NA,NA,34,"ae93d1d6be554bbbb3516719e4e60ed1","CUS-2484453271",NA,NA,"debit","Tue","07:00:00","07","September"
"7139","posted",NA,"ACC-1598451071","153.41","-27.95","PAYMENT",NA,"Diana",2351.59,2018-09-25 07:00:00,"F",26,NA,NA,36,"9d664fe8de694922a565d585c0bffc2c","CUS-2487424745",NA,NA,"debit","Tue","07:00:00","07","September"
"7140","authorized","1","ACC-1903037542","153.05","-27.61","POS","388848fa-5b48-40ef-9fa0-f1d271a93bf2","Jeffrey",2891.94,2018-09-25 07:00:00,"M",30,"Sunshine","VIC",22.7,"80e803d37e2c4cfd89937bdb806b9d0d","CUS-860700529","144.85","-37.79","debit","Tue","07:47:03","07","September"
"7141","posted",NA,"ACC-2231965366","144.96","-37.84","PAYMENT",NA,"Linda",16111.09,2018-09-25 07:00:00,"F",35,NA,NA,36,"0b9115b7debd4040a28c75d8b35ad268","CUS-2155701614",NA,NA,"debit","Tue","08:00:00","08","September"
"7142","authorized","0","ACC-3485804958","138.52","-35.01","SALES-POS","70c84b85-fd0f-4d7a-a09c-c11599ba16a5","Jessica",22402.87,2018-09-25 07:00:00,"F",34,"Duffy","ACT",10.05,"be2a6fadb23944d591fe5b4652080b59","CUS-1196156254","149.03","-35.34","debit","Tue","08:15:55","08","September"
"7143","authorized","1","ACC-854938045","147.63","-22.84","POS","71a62c87-49db-403c-9a83-546bbd4b4f5d","James",11645.91,2018-09-25 07:00:00,"M",28,"Ocean Grange","VIC",16.94,"125bb09de2e24711b5d2ddc79863c41a","CUS-4023861240","147.69","-38","debit","Tue","08:36:19","08","September"
"7144","authorized","1","ACC-2173390920","144.71","-37.58","SALES-POS","7c6c5c99-7e7f-4e73-b7ca-543d10aa4901","Luis",8068.94,2018-09-25 07:00:00,"M",27,"Craigieburn","VIC",31.34,"6917ac0a597344bf9b0e378359908f9b","CUS-3180318393","144.92","-37.57","debit","Tue","08:56:44","08","September"
"7145","posted",NA,"ACC-3827517394","151.12","-33.89","INTER BANK",NA,"Craig",42366.26,2018-09-25 07:00:00,"M",28,NA,NA,29,"1bb9db8161884120b7fba6d9a6349016","CUS-2663907001",NA,NA,"debit","Tue","09:00:00","09","September"
"7146","posted",NA,"ACC-3954677887","115.72","-32.28","INTER BANK",NA,"Ruth",3971.13,2018-09-25 07:00:00,"F",47,NA,NA,113,"d1d320a5df344b98b78e4f4735c8bcff","CUS-3716701010",NA,NA,"debit","Tue","09:00:00","09","September"
"7147","posted",NA,"ACC-1710017148","150.82","-34.01","PAYMENT",NA,"Michelle",11402.06,2018-09-25 07:00:00,"F",19,NA,NA,54,"af7f6b65be08433facf32a7d8d33f2fa","CUS-883482547",NA,NA,"debit","Tue","09:00:00","09","September"
"7148","authorized","1","ACC-37709441","153.41","-28.01","POS","d1f233cc-3f37-4c24-a188-7d842a11bb3d","Charles",13237.88,2018-09-25 07:00:00,"M",18,"Melbourne","VIC",95.45,"b6a86da371c4483da62b50fad29552e2","CUS-3336454548","144.96","-37.81","debit","Tue","09:03:27","09","September"
"7149","authorized","0","ACC-37709441","153.41","-28.01","POS","31ba1ad6-009c-4b64-8bac-89197be8fd94","Charles",13229.17,2018-09-25 07:00:00,"M",18,"Helensvale","QLD",8.71,"7ddd011b7b1140429f596c7d4bd37713","CUS-3336454548","153.34","-27.93","debit","Tue","09:11:41","09","September"
"7150","authorized","1","ACC-3485804958","138.52","-35.01","SALES-POS","fedbbadf-3ae8-43e7-9501-e568effeebec","Jessica",22321.51,2018-09-25 07:00:00,"F",34,"Norwood","SA",81.36,"f2f1322b37c74819bc89bdb19fe8ffe2","CUS-1196156254","138.64","-34.92","debit","Tue","09:15:48","09","September"
"7151","authorized","1","ACC-3741880913","150.50","-23.40","SALES-POS","6f3b653c-32af-4df0-acee-5a5d4f3bfbea","Ashley",8458.83,2018-09-25 07:00:00,"F",25,"Rockhampton City","QLD",10.94,"feb45e0cfc484f8dacb1f45b4d8cacce","CUS-1220154422","150.52","-23.38","debit","Tue","09:19:55","09","September"
"7152","authorized","1","ACC-1222300524","151.23","-33.94","POS","a57eacaa-1a0f-4de6-8245-c193f5bb530f","Michael",252.93,2018-09-25 07:00:00,"M",38,"Casula","NSW",22.59,"5d402dc443f04e40a477155454a70180","CUS-2142601169","150.91","-33.94","debit","Tue","09:24:01","09","September"
"7153","authorized","0","ACC-3689607373","115.79","-31.79","SALES-POS","2f1952ff-7f21-4476-b28b-f8427b425592","Virginia",6301.08,2018-09-25 07:00:00,"F",20,"Thornlie","WA",17.59,"a2a0ef7e9be5452e99a028afd8bf956c","CUS-127297539","115.95","-32.07","debit","Tue","09:28:08","09","September"
"7154","authorized","0","ACC-1279356312","144.79","-37.73","SALES-POS","ecd852d6-74e1-41d8-9804-0b459043cf7e","Tyler",8630.77,2018-09-25 07:00:00,"M",44,"Essendon","VIC",13.14,"dfba2c1591114c7eb3bf7db9e9b4a61d","CUS-1892177589","144.92","-37.75","debit","Tue","09:32:15","09","September"
"7155","authorized","0","ACC-2890243754","153.32","-27.93","POS","aef30de1-c67e-4ab7-8577-2931a4bf3c7e","Joseph",4191.83,2018-09-25 07:00:00,"M",37,"Yowah","QLD",14.18,"b329ae7d06d24a1bbd7740cd2d3fead9","CUS-2695611575","144.64","-27.97","debit","Tue","09:36:22","09","September"
"7156","authorized","1","ACC-854938045","147.63","-22.84","POS","388848fa-5b48-40ef-9fa0-f1d271a93bf2","James",11607.6,2018-09-25 07:00:00,"M",28,"Sunshine","VIC",38.31,"912c58e2840f4cbf8c4a3d5a4a9f53e5","CUS-4023861240","144.85","-37.79","debit","Tue","09:40:29","09","September"
"7157","authorized","1","ACC-211792489","138.63","-34.93","POS","a5d60ea9-6fbc-4dd2-b106-9c14dd48aca2","Jacqueline",4535.03,2018-09-25 07:00:00,"F",30,"Kilkenny","SA",47.52,"b6dba63fbd0c42d4a62f257993996b00","CUS-497688347","138.55","-34.87","debit","Tue","09:44:36","09","September"
"7158","authorized","1","ACC-3689607373","115.79","-31.79","SALES-POS","26d8ffb3-c584-438a-a372-179ee2c9ea86","Virginia",6288.61,2018-09-25 07:00:00,"F",20,"Willetton","WA",12.47,"cbb73bd865194a0497475133d4c9dd5b","CUS-127297539","115.88","-32.05","debit","Tue","09:48:43","09","September"
"7159","authorized","1","ACC-211792489","138.63","-34.93","SALES-POS","3df82b4a-7300-4ebe-9660-0d810bb28410","Jacqueline",4397.02,2018-09-25 07:00:00,"F",30,"Frenchs Forest","NSW",138.01,"3b8627ebd5e547afa037d48b9e67a894","CUS-497688347","151.24","-33.75","debit","Tue","09:52:50","09","September"
"7160","authorized","1","ACC-1890605467","143.88","-37.66","SALES-POS","835ea2d9-9be0-4f76-8ab8-2596bd457e53","Alexander",16418.15,2018-09-25 07:00:00,"M",38,"Brunswick West","VIC",93.52,"861904a027484ba99d719fc9c815f65b","CUS-1478398256","144.94","-37.76","debit","Tue","09:56:57","09","September"
"7161","posted",NA,"ACC-2231965366","144.96","-37.84","PAYMENT",NA,"Linda",14909.09,2018-09-25 07:00:00,"F",35,NA,NA,1202,"717ce1bed3104a92a6c2c09bc8a00afe","CUS-2155701614",NA,NA,"debit","Tue","10:00:00","10","September"
"7162","authorized","1","ACC-1222300524","151.23","-33.94","SALES-POS","c0b5acb9-1ee4-411f-a28c-d4b707f8a46b","Michael",247.78,2018-09-25 07:00:00,"M",38,"Epping","NSW",5.15,"9c2635dfa3cc4f9f838e403268b16ef4","CUS-2142601169","151.07","-33.78","debit","Tue","10:02:27","10","September"
"7163","authorized","1","ACC-3485804958","138.52","-35.01","SALES-POS","5db857fb-118c-4757-ab48-337ea3710e01","Jessica",22312.76,2018-09-25 07:00:00,"F",34,"Wagga Wagga","NSW",8.75,"95d8db0f264b4472b4ab766ba1993420","CUS-1196156254","147.42","-35.12","debit","Tue","10:11:53","10","September"
"7164","authorized","0","ACC-1903037542","153.05","-27.61","POS","9148f42a-c5b8-487d-8f5a-a38264d30552","Jeffrey",2818.45,2018-09-25 07:00:00,"M",30,"Melbourne","VIC",73.49,"c197ed21676b400795fb5ae0b4bd0425","CUS-860700529","144.97","-37.82","debit","Tue","10:21:19","10","September"
"7165","authorized","1","ACC-1334819143","145.13","-37.70","SALES-POS","7dd0e3c6-fe60-4710-b396-9e4e09bf7340","Christopher",61839.81,2018-09-25 07:00:00,"M",33,"Footscray","VIC",26.37,"dc68d57aa89242aa8bb84c081042242b","CUS-3117610635","144.89","-37.8","debit","Tue","10:30:45","10","September"
"7166","authorized","0","ACC-2890243754","153.32","-27.93","POS","c8a9f03d-ea29-4aca-ac45-d595d830dbd8","Joseph",4182.84,2018-09-25 07:00:00,"M",37,"Southport","QLD",8.99,"d49e37b4d72046e0b4f9f33804d2c005","CUS-2695611575","153.4","-27.97","debit","Tue","10:40:11","10","September"
"7167","authorized","1","ACC-3084464802","145.15","-37.76","POS","6e4998a1-2407-4903-923b-51e2ea3b057b","Susan",7470.39,2018-09-25 07:00:00,"F",19,"Ringwood","VIC",26.23,"8773a98daffa4b4cad918bdade96cf2d","CUS-1928710999","145.23","-37.82","debit","Tue","10:49:37","10","September"
"7168","authorized","1","ACC-964839203","146.92","-36.07","POS","3b2247ab-71d9-44fd-a4b3-f32b28f05a86","Michael",36191.66,2018-09-25 07:00:00,"M",21,"Brighton","VIC",9.21,"a8b30f73d9e84bd48134f67a5ce558b9","CUS-2059096722","145","-37.91","debit","Tue","10:59:03","10","September"
"7169","posted",NA,"ACC-2231965366","144.96","-37.84","PAYMENT",NA,"Linda",14864.09,2018-09-25 07:00:00,"F",35,NA,NA,45,"57ba37d28acd48dc983b2880152af653","CUS-2155701614",NA,NA,"debit","Tue","11:00:00","11","September"
"7170","authorized","1","ACC-2890243754","153.32","-27.93","SALES-POS","7deda505-d941-43ac-9d5e-f866d57dcc4e","Joseph",4164.73,2018-09-25 07:00:00,"M",37,"Helensvale","QLD",18.11,"6ede07811d31414490d7884c2d3277e2","CUS-2695611575","153.34","-27.93","debit","Tue","11:07:49","11","September"
"7171","authorized","1","ACC-3771436525","145.04","-37.92","SALES-POS","2c7c42ec-73a2-479e-8e2c-0f84cba09a76","Derek",4078.93,2018-09-25 07:00:00,"M",20,"Ivanhoe","VIC",22.41,"2d44c2bcb2a44068bea95b765a55640c","CUS-3325710106","145.04","-37.77","debit","Tue","11:16:31","11","September"
"7172","authorized","1","ACC-354106658","151.04","-33.80","SALES-POS","40a4fa1b-638a-4e4d-b4c6-b789ee803990","Christine",15015.42,2018-09-25 07:00:00,"F",39,"Surry Hills","NSW",18.87,"9126c14fe5fd4136a585acc8e993b562","CUS-2376382098","151.21","-33.88","debit","Tue","11:25:13","11","September"
"7173","authorized","0","ACC-1344825761","151.09","-33.91","POS","2e668114-59de-47f9-89c5-fdf26c695c43","Sarah",21212.29,2018-09-25 07:00:00,"F",46,"Coogee","NSW",54.4,"75369fcce42944039330668c05e5215c","CUS-1499065773","151.25","-33.92","debit","Tue","11:33:54","11","September"
"7174","authorized","1","ACC-1222300524","151.23","-33.94","POS","848f6f12-a594-461b-aaf5-72b7712ded60","Michael",211.13,2018-09-25 07:00:00,"M",38,"Geelong","VIC",36.65,"b84bb46bfacc43ce9bfca536f4ca867b","CUS-2142601169","144.36","-38.15","debit","Tue","11:42:36","11","September"
"7175","authorized","1","ACC-2890243754","153.32","-27.93","SALES-POS","d4eb82d5-9f02-4a97-8d9a-381a8bbd748f","Joseph",4152.25,2018-09-25 07:00:00,"M",37,"Palm Beach","QLD",12.48,"519477b733b3420cbb08c55a6c0f3fa4","CUS-2695611575","153.46","-28.1","debit","Tue","11:51:18","11","September"
"7176","authorized","0","ACC-3485804958","138.52","-35.01","POS","5a3c0cad-eb95-43f2-9d62-c55f9d325ce9","Jessica",22300.53,2018-09-25 07:00:00,"F",34,"North Wagga Wagga","NSW",12.23,"b6a42f87f3234b3ab36fc536252caea4","CUS-1196156254","147.38","-35.1","debit","Tue","11:59:59","11","September"
"7177","posted",NA,"ACC-602667573","151.23","-33.96","PAYMENT",NA,"Michael",15193.6,2018-09-25 07:00:00,"M",40,NA,NA,144,"2bdabb778efa497ab3b0e1b4e8f567c2","CUS-2031327464",NA,NA,"debit","Tue","12:00:00","12","September"
"7178","posted",NA,"ACC-2231965366","144.96","-37.84","PAY/SALARY",NA,"Linda",17307.33,2018-09-25 07:00:00,"F",35,NA,NA,2443.24,"060f777d8220427b8bc0a80b4f596e4e","CUS-2155701614",NA,NA,"credit","Tue","12:00:00","12","September"
"7179","posted",NA,"ACC-1334819143","145.13","-37.70","PAY/SALARY",NA,"Christopher",64558.32,2018-09-25 07:00:00,"M",33,NA,NA,2718.51,"b463b2c625d740f892e53756c9b8c173","CUS-3117610635",NA,NA,"credit","Tue","12:00:00","12","September"
"7180","authorized","1","ACC-211792489","138.63","-34.93","SALES-POS","89ac710d-8917-4b36-88a1-b373940bb767","Jacqueline",4189.34,2018-09-25 07:00:00,"F",30,"Wingfield","SA",207.68,"c764c28e94bb47dcae46825679cec3df","CUS-497688347","138.55","-34.84","debit","Tue","12:21:44","12","September"
"7181","authorized","1","ACC-1037050564","153.10","-27.66","POS","8c17f994-bf4e-4045-ad13-7cbf4173eea4","Rhonda",4441.89,2018-09-25 07:00:00,"F",40,"Geraldton","WA",6.25,"de1fc7c86d754af9a2e7a965e8611c65","CUS-1614226872","114.61","-28.77","debit","Tue","12:43:28","12","September"
"7182","posted",NA,"ACC-1443681913","150.92","-33.77","PAY/SALARY",NA,"Ryan",4109.09,2018-09-25 07:00:00,"M",31,NA,NA,996.24,"0b1fa12f9d224e3b98b23cc83554d173","CUS-3129499595",NA,NA,"credit","Tue","13:00:00","13","September"
"7183","posted",NA,"ACC-1998563091","149.03","-35.25","PAY/SALARY",NA,"David",17783.98,2018-09-25 07:00:00,"M",42,NA,NA,1757.81,"32db8866c6f44720b6c37ebcd202c64a","CUS-3395687666",NA,NA,"credit","Tue","13:00:00","13","September"
"7184","authorized","1","ACC-2681137560","151.11","-33.99","SALES-POS","e597c518-a64e-4091-a7a2-0bf8bc8e7159","Nathaniel",9456.83,2018-09-25 07:00:00,"M",31,"Bridgetown","WA",12.15,"289dee9edab746779e7d41060ff98a10","CUS-2083971310","116.14","-33.96","debit","Tue","13:05:27","13","September"
"7185","authorized","0","ACC-37709441","153.41","-28.01","SALES-POS","03db6880-5402-4194-8937-4357650a5909","Charles",13222.31,2018-09-25 07:00:00,"M",18,"Robina","QLD",6.86,"b8a90172b410498ab743840a578d43e0","CUS-3336454548","153.42","-28.07","debit","Tue","13:28:10","13","September"
"7186","authorized","0","ACC-1516130869","130.84","-12.45","SALES-POS","acb77539-e479-4f85-b231-0330e17f620f","Jessica",4491.58,2018-09-25 07:00:00,"F",21,"Petrie Terrace","QLD",99.59,"2c4fa3a537a34ec39260ee4c2d5f2b33","CUS-325142416","153.02","-27.47","debit","Tue","13:50:54","13","September"
"7187","posted",NA,"ACC-3485804958","138.52","-35.01","PAYMENT",NA,"Jessica",22261.53,2018-09-25 07:00:00,"F",34,NA,NA,39,"c4b85f54970646a0b8c3064f6f4109c8","CUS-1196156254",NA,NA,"debit","Tue","14:00:00","14","September"
"7188","posted",NA,"ACC-2305712452","138.61","-34.89","PAY/SALARY",NA,"Debra",4991.65,2018-09-25 07:00:00,"F",18,NA,NA,761.33,"8cfa9ffe30424c74b15de5844b4fca28","CUS-1842679196",NA,NA,"credit","Tue","14:00:00","14","September"
"7189","posted",NA,"ACC-2173390920","144.71","-37.58","PAYMENT",NA,"Luis",8040.94,2018-09-25 07:00:00,"M",27,NA,NA,28,"33fba50bab8d49dfafdd712e02173c0d","CUS-3180318393",NA,NA,"debit","Tue","14:00:00","14","September"
"7190","posted",NA,"ACC-1990648130","114.62","-28.80","PAY/SALARY",NA,"Kaitlyn",5772.74,2018-09-25 07:00:00,"F",21,NA,NA,1037.07,"7248e68d380a4dc08dc08298438ff686","CUS-809013380",NA,NA,"credit","Tue","14:00:00","14","September"
"7191","authorized","1","ACC-1037050564","153.10","-27.66","SALES-POS","cf6323ff-8be6-4d82-82b7-accfb93b3de7","Rhonda",4435.57,2018-09-25 07:00:00,"F",40,"Bundall","QLD",6.32,"015cdd52dada4158bb078b93e6d5bf5f","CUS-1614226872","153.41","-28","debit","Tue","14:08:34","14","September"
"7192","authorized","1","ACC-2920611728","144.96","-37.76","POS","0cd1831f-e23a-44d6-bc32-0cf6ab4d5da1","Tyler",6771.42,2018-09-25 07:00:00,"M",69,"Maribyrnong","VIC",19.95,"87ea5b2665a442ada2d8d807c3f02515","CUS-1388323263","144.89","-37.77","debit","Tue","14:22:51","14","September"
"7193","authorized","1","ACC-2674800293","144.96","-37.69","POS","1a48ffe9-8e3c-4ff1-969e-fff37762269a","Elizabeth",28206.25,2018-09-25 07:00:00,"F",50,"Bairnsdale","VIC",19.44,"c34f3cc4c1eb4e3e97f4b66d158320d2","CUS-2977593493","147.63","-37.83","debit","Tue","14:37:08","14","September"
"7194","authorized","1","ACC-2890243754","153.32","-27.93","POS","1c507e4f-e0cb-424a-9ee4-ac3a102707cc","Joseph",4149.04,2018-09-25 07:00:00,"M",37,"Toowong","QLD",3.21,"d784f329ead546cfa82082269a7dc63d","CUS-2695611575","152.99","-27.48","debit","Tue","14:51:25","14","September"
"7195","posted",NA,"ACC-1799207998","150.68","-33.79","PAYMENT",NA,"Susan",8031.36,2018-09-25 07:00:00,"F",20,NA,NA,197,"847d193e080646738b5a629d9f6b7942","CUS-164374203",NA,NA,"debit","Tue","15:00:00","15","September"
"7196","posted",NA,"ACC-3481401842","115.74","-31.72","PAYMENT",NA,"Tiffany",6036.23,2018-09-25 07:00:00,"F",25,NA,NA,32,"184e0f55988747e894ebfe932c79499c","CUS-1669695324",NA,NA,"debit","Tue","15:00:00","15","September"
"7197","authorized","1","ACC-354106658","151.04","-33.80","SALES-POS","a0e0fd63-ada8-4ee4-8796-1c439426c510","Christine",14977.37,2018-09-25 07:00:00,"F",39,"Bondi Junction","NSW",38.05,"a2f4c56e1f3c4806ac801598f957e15d","CUS-2376382098","151.25","-33.89","debit","Tue","15:03:42","15","September"
"7198","authorized","1","ACC-1334819143","145.13","-37.70","POS","dc03fd83-eb30-4259-a566-91aa876f677a","Christopher",64543.08,2018-09-25 07:00:00,"M",33,"South Melbourne","VIC",15.24,"4bf3624cbaeb4ecfa3d38b3f6b1d9c1d","CUS-3117610635","144.95","-37.83","debit","Tue","15:12:57","15","September"
"7199","authorized","0","ACC-1037050564","153.10","-27.66","SALES-POS","5375b001-92ed-4d0d-880d-e1703ca3bb05","Rhonda",4263,2018-09-25 07:00:00,"F",40,"Rocklea","QLD",172.57,"c3e682a56ea44ef68b5bcbcec00a1858","CUS-1614226872","153.01","-27.54","debit","Tue","15:22:13","15","September"
"7200","authorized","1","ACC-3689607373","115.79","-31.79","SALES-POS","874e3453-6dc3-4e7e-96ea-712bfb0fa0b8","Virginia",6279.96,2018-09-25 07:00:00,"F",20,"Madeley","WA",8.65,"f5310a0da705410aa46e9166f7c8f7a4","CUS-127297539","115.82","-31.82","debit","Tue","15:31:28","15","September"
"7201","authorized","1","ACC-2890243754","153.32","-27.93","POS","5596adaf-2458-429c-8f3f-97413462dcde","Joseph",4141.63,2018-09-25 07:00:00,"M",37,"Broadbeach","QLD",7.41,"f0f127dd8a1049f9bb65dd458d365dc9","CUS-2695611575","153.43","-28.03","debit","Tue","15:40:44","15","September"
"7202","authorized","1","ACC-2674800293","144.96","-37.69","POS","7b4deb71-0e46-4da6-b2fa-7c718273f157","Elizabeth",27296.64,2018-09-25 07:00:00,"F",50,"Mount Gambier","SA",909.61,"969c2afa8a864c7b87ea9970a1fe3bbb","CUS-2977593493","140.78","-37.83","debit","Tue","15:49:59","15","September"
"7203","authorized","1","ACC-1037050564","153.10","-27.66","POS","3b20294d-c94d-4e35-8745-136d7e4fb58e","Rhonda",4253.34,2018-09-25 07:00:00,"F",40,"Brisbane City","QLD",9.66,"52aa41aed5824fe48bdb9e159475a029","CUS-1614226872","153.03","-27.47","debit","Tue","15:59:15","15","September"
"7204","posted",NA,"ACC-2828321672","153.03","-27.51","PAY/SALARY",NA,"Stephanie",5199.68,2018-09-25 07:00:00,"F",53,NA,NA,970.47,"a519227ab3e848b898e2e105ee078bdf","CUS-1005756958",NA,NA,"credit","Tue","16:00:00","16","September"
"7205","posted",NA,"ACC-3941181087","115.79","-31.94","PAYMENT",NA,"Paul",10010.73,2018-09-25 07:00:00,"M",25,NA,NA,46,"3cd57c8263854d6eb682619d5468f122","CUS-3989008654",NA,NA,"debit","Tue","16:00:00","16","September"
"7206","authorized","0","ACC-2920611728","144.96","-37.76","SALES-POS","3958f1b8-0c3e-4fb9-9a41-c3dcd6da32e0","Tyler",6742.68,2018-09-25 07:00:00,"M",69,"Croydon South","VIC",28.74,"abff5a67d3c445429db2752a1bcb471b","CUS-1388323263","145.29","-37.81","debit","Tue","16:21:23","16","September"
"7207","authorized","0","ACC-964839203","146.92","-36.07","POS","0ddd541c-be04-4d46-bb42-830f81e11a8e","Michael",36179.63,2018-09-25 07:00:00,"M",21,"Melbourne","VIC",12.03,"bce097a341cb44c2bc8db9b8f46d9ecc","CUS-2059096722","145.02","-37.91","debit","Tue","16:44:39","16","September"
"7208","posted",NA,"ACC-1279356312","144.79","-37.73","PAYMENT",NA,"Tyler",8603.77,2018-09-25 07:00:00,"M",44,NA,NA,27,"55776a6ac7384a33a925619fe25649b7","CUS-1892177589",NA,NA,"debit","Tue","17:00:00","17","September"
"7209","posted",NA,"ACC-1222300524","151.23","-33.94","PAY/SALARY",NA,"Michael",1213.26,2018-09-25 07:00:00,"M",38,NA,NA,1002.13,"4b8ba9aadd5c439f93c1eeccc6180bac","CUS-2142601169",NA,NA,"credit","Tue","17:00:00","17","September"
"7210","posted",NA,"ACC-1652235822","144.89","-37.81","PAY/SALARY",NA,"Renee",21251.74,2018-09-25 07:00:00,"F",38,NA,NA,1541.12,"1a695a55b1164b4c806a25cf835fed98","CUS-2206365095",NA,NA,"credit","Tue","17:00:00","17","September"
"7211","posted",NA,"ACC-3771436525","145.04","-37.92","PAY/SALARY",NA,"Derek",5178.63,2018-09-25 07:00:00,"M",20,NA,NA,1099.7,"ad14dcf0caa242e2ad0692efad875f18","CUS-3325710106",NA,NA,"credit","Tue","17:00:00","17","September"
"7212","posted",NA,"ACC-3954677887","115.72","-32.28","PAY/SALARY",NA,"Ruth",5243.6,2018-09-25 07:00:00,"F",47,NA,NA,1272.47,"f34c0667e77d42c98c89e19a309960d5","CUS-3716701010",NA,NA,"credit","Tue","17:00:00","17","September"
"7213","posted",NA,"ACC-1243371644","150.90","-33.78","INTER BANK",NA,"Gregory",5494.14,2018-09-25 07:00:00,"M",42,NA,NA,20,"a2522ad1441d448494e68c81177a1219","CUS-3904958894",NA,NA,"debit","Tue","17:00:00","17","September"
"7214","posted",NA,"ACC-2897221629","150.90","-34.37","PAY/SALARY",NA,"Scott",5796.61,2018-09-25 07:00:00,"M",23,NA,NA,982.71,"f4f4d6e125514f2aa75c7d6a2a906fc6","CUS-511326734",NA,NA,"credit","Tue","17:00:00","17","September"
"7215","authorized","0","ACC-1037050564","153.10","-27.66","POS","b27689af-4d1e-49b2-b3af-4139ac5d2b6c","Rhonda",4236.1,2018-09-25 07:00:00,"F",40,"Arundel","VIC",17.24,"f844e9adf7354d90bf8611164a9b23a4","CUS-1614226872","153.37","-27.94","debit","Tue","17:06:10","17","September"
"7216","authorized","1","ACC-1334819143","145.13","-37.70","SALES-POS","f156c6e4-b5dd-463e-9e8a-b382f080a88c","Christopher",64511.13,2018-09-25 07:00:00,"M",33,"Hoppers Crossing","VIC",31.95,"6fc01b98798b40e283f40224253d8f9d","CUS-3117610635","144.7","-37.88","debit","Tue","17:24:21","17","September"
"7217","authorized","1","ACC-1344825761","151.09","-33.91","SALES-POS","c0d04007-b8c4-4727-a367-88fcdf8ca7d1","Sarah",21160.75,2018-09-25 07:00:00,"F",46,"Pymble","NSW",51.54,"0c3d9b71ee2b4f898303314f33616cfb","CUS-1499065773","151.14","-33.75","debit","Tue","17:42:32","17","September"
"7218","posted",NA,"ACC-1344825761","151.09","-33.91","PAYMENT",NA,"Sarah",21115.75,2018-09-25 07:00:00,"F",46,NA,NA,45,"784d0ca94c0b4b0b8c70807f56467d10","CUS-1499065773",NA,NA,"debit","Tue","18:00:00","18","September"
"7219","posted",NA,"ACC-38923874","151.27","-33.90","INTER BANK",NA,"Ryan",40805.41,2018-09-25 07:00:00,"M",38,NA,NA,29,"b0a091a3447d4e6a84d26edb4148fa19","CUS-3249305314",NA,NA,"debit","Tue","18:00:00","18","September"
"7220","posted",NA,"ACC-3879258709","143.83","-37.66","PAYMENT",NA,"Natasha",199660.54,2018-09-25 07:00:00,"F",40,NA,NA,29,"47cb004da4324258bf8defe151e2dfea","CUS-527400765",NA,NA,"debit","Tue","18:00:00","18","September"
"7221","authorized","0","ACC-1279356312","144.79","-37.73","POS","85f205ca-dc6b-43f4-b081-859a27457643","Tyler",8581.69,2018-09-25 07:00:00,"M",44,"Balcatta","WA",22.08,"2857267174e94327a3723ea0a7b8a977","CUS-1892177589","115.81","-31.86","debit","Tue","18:01:22","18","September"
"7222","authorized","1","ACC-3233697971","151.04","-33.77","SALES-POS","85f62f5b-b46b-4cd7-b994-d10614274b39","Robin",9628.91,2018-09-25 07:00:00,"F",34,"Dural","NSW",17.84,"f1adfa03440a42bc84723f00b75df72e","CUS-1147642491","151.03","-33.7","debit","Tue","18:35:51","18","September"
"7223","authorized","1","ACC-3771436525","145.04","-37.92","POS","a038df8c-bade-40e9-b864-9371758a8745","Derek",5150.72,2018-09-25 07:00:00,"M",20,"Pyrmont","NSW",27.91,"0b628ca264384849bbfd05a8e1a2da4b","CUS-3325710106","151.2","-33.87","debit","Tue","19:06:39","19","September"
"7224","authorized","1","ACC-2173390920","144.71","-37.58","SALES-POS","198c2a0c-3eb7-4e5c-9c0e-5e9b4ff99a90","Luis",8013.24,2018-09-25 07:00:00,"M",27,"Millicent","SA",27.7,"9f685895833643b0a7e0370380da9d36","CUS-3180318393","140.31","-37.6","debit","Tue","19:28:53","19","September"
"7225","authorized","1","ACC-3689607373","115.79","-31.79","SALES-POS","5f6f52fb-a564-48cf-bf55-36537a415887","Virginia",6271.9,2018-09-25 07:00:00,"F",20,"Sydney","NSW",8.06,"b02e5ae4e5e3440f880d6c9518886fe8","CUS-127297539","151.21","-33.87","debit","Tue","19:51:06","19","September"
"7226","posted",NA,"ACC-1199531521","116.02","-31.87","PAYMENT",NA,"Billy",10827.79,2018-09-25 07:00:00,"M",52,NA,NA,20,"f42d43cf200446a390cb8d965aa7bdf8","CUS-134833760",NA,NA,"debit","Tue","20:00:00","20","September"
"7227","posted",NA,"ACC-1349834573","145.17","-37.84","PAYMENT",NA,"Matthew",11517.52,2018-09-25 07:00:00,"M",39,NA,NA,34,"35bf0c2f42164775acd9b22348b32425","CUS-1790886359",NA,NA,"debit","Tue","20:00:00","20","September"
"7228","authorized","1","ACC-2890243754","153.32","-27.93","POS","c81f9513-0787-45b5-a956-ae58d2c1f89b","Joseph",4134.96,2018-09-25 07:00:00,"M",37,"Surfers Paradise","QLD",6.67,"0e102ff746c748baac4ea20a995598d1","CUS-2695611575","153.43","-28.01","debit","Tue","20:21:25","20","September"
"7229","authorized","1","ACC-588564840","151.27","-33.76","SALES-POS","bf5d890d-8ab6-4fe8-849a-8fbef41641f6","Isaiah",14265.65,2018-09-25 07:00:00,"M",23,"Lakemba","NSW",24.57,"746063f343084060b6a3fc3812810228","CUS-1462656821","151.08","-33.92","debit","Tue","20:57:08","20","September"
"7230","authorized","1","ACC-154431271","153.09","-27.48","POS","f0e7431c-0605-4143-9ad2-c789c164b49d","Lori",2078.78,2018-09-25 07:00:00,"F",18,"Eagleby","QLD",14.56,"e30378e4b9a54db2a2281b422dbae47f","CUS-3702001629","153.2","-27.7","debit","Tue","21:22:26","21","September"
"7231","authorized","1","ACC-3233697971","151.04","-33.77","POS","fc15dc0d-fc08-402e-9d3d-efa5ee9375ca","Robin",9588.1,2018-09-25 07:00:00,"F",34,"Esperance","WA",40.81,"58df338f5228407fa68e30ee0275838d","CUS-1147642491","121.89","-33.86","debit","Tue","21:46:49","21","September"
"7232","authorized","1","ACC-964839203","146.92","-36.07","POS","b517a7f8-86b6-4b4d-a9fe-df43258ea44e","Michael",36163.51,2018-09-25 07:00:00,"M",21,"Carrum Downs","VIC",16.12,"a1ef15fcb77340a2ace49628edffd0f5","CUS-2059096722","145.17","-38.1","debit","Tue","22:10:41","22","September"
"7233","authorized","1","ACC-3233697971","151.04","-33.77","SALES-POS","11e413bc-a737-4704-9a80-b78a85902d1a","Robin",9557.8,2018-09-25 07:00:00,"F",34,"Mount Pritchard","NSW",30.3,"7d726167811a4db6825507b466fa84bf","CUS-1147642491","150.9","-33.9","debit","Tue","22:33:57","22","September"
"7234","authorized","1","ACC-588564840","151.27","-33.76","POS","b6abc197-cae9-4406-83c0-8e4dc16745cb","Isaiah",14248.4,2018-09-25 07:00:00,"M",23,"Chatswood","NSW",17.25,"e3a031fd6d5f4537aae0bc1c5b9a797d","CUS-1462656821","151.18","-33.8","debit","Tue","22:57:12","22","September"
"7235","posted",NA,"ACC-2901672282","255.00","-573.00","PAYMENT",NA,"Daniel",6579.51,2018-09-25 07:00:00,"M",22,NA,NA,40,"19f46381264a4d3381b2f2781ca5b249","CUS-1617121891",NA,NA,"debit","Tue","23:00:00","23","September"
"7236","authorized","0","ACC-588564840","151.27","-33.76","SALES-POS","68c05695-d552-4a40-b4a8-cc9f8d88b18f","Isaiah",14237.23,2018-09-25 07:00:00,"M",23,"Robertson","SA",11.17,"2f5286d1ce94422aae1dd0880bfceb61","CUS-1462656821","139","-33.97","debit","Tue","23:31:25","23","September"
"7237","authorized","1","ACC-958000567","130.90","-12.37","POS","0be68ac2-b725-4f65-815c-7362b5435768","Sandra",8079.61,2018-09-26 07:00:00,"F",34,"Stuart Park","NT",51.97,"d63ddf0638414e8581bbe84bb0929b90","CUS-4142663097","130.84","-12.45","debit","Wed","00:09:31","00","September"
"7238","authorized","1","ACC-3827517394","151.12","-33.89","SALES-POS","e597c518-a64e-4091-a7a2-0bf8bc8e7159","Craig",42350.83,2018-09-26 07:00:00,"M",28,"Bridgetown","WA",15.43,"8ea260c17ec149239157403c765d26a6","CUS-2663907001","116.14","-33.96","debit","Wed","00:57:08","00","September"
"7239","authorized","1","ACC-588564840","151.27","-33.76","SALES-POS","253fa40e-505f-4e87-b982-5b82e8233784","Isaiah",14027.36,2018-09-26 07:00:00,"M",23,"Tempe","NSW",209.87,"522583ff42fc4ab990d1564558162f72","CUS-1462656821","151.16","-33.93","debit","Wed","01:24:06","01","September"
"7240","authorized","1","ACC-3485804958","138.52","-35.01","POS","defbfdb1-32de-47dd-8156-508f664ef87e","Jessica",22239.19,2018-09-26 07:00:00,"F",34,"Goulburn","NSW",22.34,"c856f0719a884d63a1bfd2b9e0464e1b","CUS-1196156254","149.69","-34.77","debit","Wed","01:49:44","01","September"
"7241","authorized","1","ACC-964839203","146.92","-36.07","SALES-POS","b851566d-c0b8-46aa-88f8-b6822487196d","Michael",36129.3,2018-09-26 07:00:00,"M",21,"Prahran","VIC",34.21,"15233afed17f44219e9c3a2ebf5bdcde","CUS-2059096722","144.99","-37.85","debit","Wed","02:59:59","02","September"
"7242","posted",NA,"ACC-4065652575","115.81","-31.82","PAYMENT",NA,"Lucas",9243.16,2018-09-26 07:00:00,"M",21,NA,NA,83,"9751e67163ce4939a147cfbd7861ddd4","CUS-1117979751",NA,NA,"debit","Wed","03:00:00","03","September"
"7243","posted",NA,"ACC-2890243754","153.32","-27.93","INTER BANK",NA,"Joseph",4007.96,2018-09-26 07:00:00,"M",37,NA,NA,127,"7826892bcdea47dbaf5787bb8066b42b","CUS-2695611575",NA,NA,"debit","Wed","04:00:00","04","September"
"7244","authorized","1","ACC-2673069055","152.99","-27.49","POS","b2446f5c-2219-470c-a5df-e1ec9a898941","Richard",17939.57,2018-09-26 07:00:00,"M",24,"Croydon Park","NSW",17.56,"4c9f480dc73949269e91e11dd529a89d","CUS-51506836","151.1","-33.9","debit","Wed","04:22:22","04","September"
"7245","authorized","1","ACC-3485804958","138.52","-35.01","SALES-POS","6b7baa9c-f976-4c44-b40c-2793dc794569","Jessica",22211.79,2018-09-26 07:00:00,"F",34,"Glengowrie","SA",27.4,"4238ddba1a404196a3417b31c8b1ec6c","CUS-1196156254","138.54","-34.99","debit","Wed","04:46:11","04","September"
"7246","posted",NA,"ACC-4059612845","130.98","-12.49","PAYMENT",NA,"Jonathan",56726.01,2018-09-26 07:00:00,"M",38,NA,NA,125,"b86e2986e4164b53965b274f9e07a09f","CUS-495599312",NA,NA,"debit","Wed","05:00:00","05","September"
"7247","posted",NA,"ACC-1344825761","151.09","-33.91","INTER BANK",NA,"Sarah",20933.75,2018-09-26 07:00:00,"F",46,NA,NA,182,"876efc477eb04168ade1e7fc22e9cc0a","CUS-1499065773",NA,NA,"debit","Wed","06:00:00","06","September"
"7248","posted",NA,"ACC-602667573","151.23","-33.96","INTER BANK",NA,"Michael",15172.6,2018-09-26 07:00:00,"M",40,NA,NA,21,"bc8d22e7322b4e3c8443d8143e6d39c0","CUS-2031327464",NA,NA,"debit","Wed","06:00:00","06","September"
"7249","posted",NA,"ACC-2171593283","146.94","-36.04","PAYMENT",NA,"Fernando",13263.69,2018-09-26 07:00:00,"M",19,NA,NA,27,"2dd62f658c69427da9a1950a9f79a0b1","CUS-2317998716",NA,NA,"debit","Wed","06:00:00","06","September"
"7250","posted",NA,"ACC-2776252858","144.95","-37.76","PAYMENT",NA,"Kristin",5348.91,2018-09-26 07:00:00,"F",43,NA,NA,29,"40716da015144222af3cf045b1ba4801","CUS-4123612273",NA,NA,"debit","Wed","06:00:00","06","September"
"7251","authorized","1","ACC-3689607373","115.79","-31.79","POS","d75b1665-af5d-40ca-a3c1-146e3225dbab","Virginia",6261.96,2018-09-26 07:00:00,"F",20,"Laurieton","NSW",9.94,"3d06416aaf834ee0a1afab3ae73c2a22","CUS-127297539","152.8","-31.65","debit","Wed","06:17:59","06","September"
"7252","posted",NA,"ACC-588564840","151.27","-33.76","INTER BANK",NA,"Isaiah",14002.36,2018-09-26 07:00:00,"M",23,NA,NA,25,"6a51fc03ac2f466580941dfbb9d252d1","CUS-1462656821",NA,NA,"debit","Wed","07:00:00","07","September"
"7253","posted",NA,"ACC-1496451953","145.16","-37.84","INTER BANK",NA,"Ricky",15303.63,2018-09-26 07:00:00,"M",43,NA,NA,39,"74e295252054415c827cd1e98ad2da38","CUS-3142625864",NA,NA,"debit","Wed","07:00:00","07","September"
"7254","authorized","0","ACC-3771436525","145.04","-37.92","POS","c6299974-d50a-4eea-8b23-a567df6e28ed","Derek",5131.19,2018-09-26 07:00:00,"M",20,"Carlton","VIC",19.53,"1ddfe6da9e5d4c52a376960b8770835a","CUS-3325710106","144.97","-37.8","debit","Wed","07:24:09","07","September"
"7255","posted",NA,"ACC-1890605467","143.88","-37.66","INTER BANK",NA,"Alexander",16284.15,2018-09-26 07:00:00,"M",38,NA,NA,134,"b7aa1f1c30594a29bb3915786d138ece","CUS-1478398256",NA,NA,"debit","Wed","08:00:00","08","September"
"7256","posted",NA,"ACC-2014856841","144.99","-37.90","INTER BANK",NA,"Patrick",264454.11,2018-09-26 07:00:00,"M",46,NA,NA,22,"e0934612d4684eb3bca5314032c69b72","CUS-2370108457",NA,NA,"debit","Wed","08:00:00","08","September"
"7257","posted",NA,"ACC-4163822186","149.03","-34.97","PAYMENT",NA,"Karen",8080.22,2018-09-26 07:00:00,"F",26,NA,NA,55,"617d186e033c43f29e1392371bc96722","CUS-2630892467",NA,NA,"debit","Wed","08:00:00","08","September"
"7258","posted",NA,"ACC-3954677887","115.72","-32.28","PAYMENT",NA,"Ruth",5185.6,2018-09-26 07:00:00,"F",47,NA,NA,58,"a19f09f554cf4bd8871532bec4d1f57d","CUS-3716701010",NA,NA,"debit","Wed","08:00:00","08","September"
"7259","authorized","1","ACC-1334819143","145.13","-37.70","POS","2c65ee3e-11e7-47ec-bb1a-dd1f2d60d029","Christopher",64497.04,2018-09-26 07:00:00,"M",33,"Box Hill","VIC",14.09,"21786e530b0c451a93c0057b7ebd7820","CUS-3117610635","145.12","-37.82","debit","Wed","08:01:35","08","September"
"7260","authorized","1","ACC-1516130869","130.84","-12.45","SALES-POS","880922a8-b065-4a7b-942f-db523006e273","Jessica",4246.42,2018-09-26 07:00:00,"F",21,"Coconut Grove","NT",245.16,"a9cbd3362ea743ca8e8b651da4203a7d","CUS-325142416","130.85","-12.4","debit","Wed","08:12:57","08","September"
"7261","authorized","1","ACC-1279356312","144.79","-37.73","SALES-POS","acff7cc5-72ce-4b25-a434-8db80f28c7d4","Tyler",8564.16,2018-09-26 07:00:00,"M",44,"Croydon","VIC",17.53,"cb4ccc824b9c4aeab7969b141ad3924c","CUS-1892177589","145.28","-37.8","debit","Wed","08:24:19","08","September"
"7262","authorized","0","ACC-414431115","142.77","-37.06","POS","02383a7d-f0f7-4696-a94c-81cf6af67141","Amy",3400.54,2018-09-26 07:00:00,"F",43,"Mansfield","VIC",17.39,"1be038e7aeb548bfb27c79362e389f5a","CUS-2599279756","146.09","-37.05","debit","Wed","08:35:40","08","September"
"7263","authorized","0","ACC-1496451953","145.16","-37.84","POS","fa2bf76e-c908-4516-9763-a8539c144f95","Ricky",15247.92,2018-09-26 07:00:00,"M",43,"Moorabbin Airport","VIC",55.71,"cc74bcc96c5a489886b433873c2702f2","CUS-3142625864","145.09","-37.97","debit","Wed","08:47:02","08","September"
"7264","authorized","0","ACC-1279356312","144.79","-37.73","POS","04195484-409c-49f1-b03f-6dd9cbf574af","Tyler",8525.93,2018-09-26 07:00:00,"M",44,"Epping","VIC",38.23,"06bafe8542bc4b59a692d3c1d5a829de","CUS-1892177589","145.02","-37.65","debit","Wed","08:58:24","08","September"
"7265","posted",NA,"ACC-354106658","151.04","-33.80","INTER BANK",NA,"Christine",14952.37,2018-09-26 07:00:00,"F",39,NA,NA,25,"9f91d03e37b949babea8ca53441bbd85","CUS-2376382098",NA,NA,"debit","Wed","09:00:00","09","September"
"7266","posted",NA,"ACC-1443681913","150.92","-33.77","PAYMENT",NA,"Ryan",4073.09,2018-09-26 07:00:00,"M",31,NA,NA,36,"37f22cffca804579b2d0c8214c3d230a","CUS-3129499595",NA,NA,"debit","Wed","09:00:00","09","September"
"7267","posted",NA,"ACC-38923874","151.27","-33.90","INTER BANK",NA,"Ryan",40655.41,2018-09-26 07:00:00,"M",38,NA,NA,150,"976cdc1b4397481dbf601f54a7a0aaba","CUS-3249305314",NA,NA,"debit","Wed","09:00:00","09","September"
"7268","authorized","1","ACC-1788473090","145.06","-37.95","SALES-POS","92dd879b-3ebb-43e0-a73c-21010b882a5f","Rachael",6636.05,2018-09-26 07:00:00,"F",21,"Melbourne","VIC",43.29,"f8508faa2e43453c8ee70b99eec3e7b4","CUS-134193016","144.96","-37.81","debit","Wed","09:03:22","09","September"
"7269","authorized","1","ACC-2920611728","144.96","-37.76","SALES-POS","11e9b7bb-8bc6-4dd3-8030-eae08285fc20","Tyler",6711.08,2018-09-26 07:00:00,"M",69,"Greensborough","VIC",31.6,"f8955c4a7fda4015a6f5c55e7f4c69e2","CUS-1388323263","145.11","-37.69","debit","Wed","09:07:17","09","September"
"7270","authorized","1","ACC-1222300524","151.23","-33.94","POS","31f7772a-ba76-4ab4-bcbc-de9176844b25","Michael",1204.08,2018-09-26 07:00:00,"M",38,"Liverpool","NSW",9.18,"18bd099fdb2149c6ae0444d7e2e65025","CUS-2142601169","150.92","-33.92","debit","Wed","09:11:12","09","September"
"7271","authorized","1","ACC-1496451953","145.16","-37.84","POS","0c5c8a41-16d3-40a7-a858-355845ec4eed","Ricky",15234.52,2018-09-26 07:00:00,"M",43,"Melbourne","VIC",13.4,"385bbf90a9de4822807d58007c366579","CUS-3142625864","144.97","-37.81","debit","Wed","09:15:08","09","September"
"7272","authorized","1","ACC-3485804958","138.52","-35.01","SALES-POS","cd00f1ea-a82d-4cae-88c4-590a9f77c638","Jessica",22055.11,2018-09-26 07:00:00,"F",34,"Canberra","ACT",156.68,"aa10995dd3ed428faa7fa477f331aff3","CUS-1196156254","149.13","-35.28","debit","Wed","09:19:03","09","September"
"7273","authorized","1","ACC-3481401842","115.74","-31.72","SALES-POS","80f6b033-db3e-4b4c-8762-be1242ba365b","Tiffany",6004.14,2018-09-26 07:00:00,"F",25,"Mindarie","WA",32.09,"c4ddb6bef95c426ba5eeb5abd2df6d7b","CUS-1669695324","115.71","-31.69","debit","Wed","09:22:58","09","September"
"7274","authorized","1","ACC-3771436525","145.04","-37.92","SALES-POS","e1318054-6edd-4607-b008-22200e86a315","Derek",5105.37,2018-09-26 07:00:00,"M",20,"Sydney","NSW",25.82,"027149abd7de4110964fc2b7d20674b3","CUS-3325710106","151.21","-33.87","debit","Wed","09:26:54","09","September"
"7275","authorized","1","ACC-3771436525","145.04","-37.92","SALES-POS","6ae42e47-a7d8-43cd-89b5-63bbabb4d992","Derek",5070.4,2018-09-26 07:00:00,"M",20,"Doncaster","VIC",34.97,"d547614d4c3740d4ba26e9612b3c7888","CUS-3325710106","145.13","-37.79","debit","Wed","09:30:49","09","September"
"7276","authorized","0","ACC-964839203","146.92","-36.07","POS","627fd34a-6375-45c6-bd73-3d6ee6991eb1","Michael",36102.58,2018-09-26 07:00:00,"M",21,"Moorabbin","VIC",26.72,"4fc4b55cf0194f20bd0c7ad822a7758a","CUS-2059096722","145.08","-37.95","debit","Wed","09:34:44","09","September"
"7277","authorized","1","ACC-3481401842","115.74","-31.72","SALES-POS","99d1fdb8-4968-4f4f-a632-a7489c3e59e8","Tiffany",5648.9,2018-09-26 07:00:00,"F",25,"Kingsley","WA",355.24,"ad0b75c2c99d4fbbb04f219e81abc36e","CUS-1669695324","115.79","-31.81","debit","Wed","09:42:35","09","September"
"7278","authorized","1","ACC-2673069055","152.99","-27.49","POS","11eb61c3-16bc-41c3-a082-866f774d5e57","Richard",17927.18,2018-09-26 07:00:00,"M",24,"Chermside","QLD",12.39,"df490567341b422bbd2a266e5399c0e1","CUS-51506836","153.02","-27.38","debit","Wed","09:46:30","09","September"
"7279","authorized","1","ACC-1279356312","144.79","-37.73","POS","2ee17ea7-70e8-40a3-8a95-056ceb1dde29","Tyler",8519.04,2018-09-26 07:00:00,"M",44,"Mooroolbark","VIC",6.89,"50c2934e522b4a3f8a5b68ad8c8a52f8","CUS-1892177589","145.31","-37.78","debit","Wed","09:50:25","09","September"
"7280","authorized","1","ACC-3689607373","115.79","-31.79","SALES-POS","80c21883-14e0-4ef2-acde-d3da728d0531","Virginia",6255.71,2018-09-26 07:00:00,"F",20,"Malaga","WA",6.25,"18aa372d72984fb58c75700de24cd1ef","CUS-127297539","115.88","-31.85","debit","Wed","09:54:21","09","September"
"7281","authorized","1","ACC-3879258709","143.83","-37.66","POS","3106a7ab-36fe-4456-9046-0346fe280818","Natasha",199628.8,2018-09-26 07:00:00,"F",40,"Wendouree","VIC",31.74,"687a3d4f9cc4437585c8bcf821553ba1","CUS-527400765","143.83","-37.54","debit","Wed","09:58:16","09","September"
"7282","posted",NA,"ACC-1037050564","153.10","-27.66","PAYMENT",NA,"Rhonda",4204.1,2018-09-26 07:00:00,"F",40,NA,NA,32,"2b9ef35e8a464a3fbff82e78f89fa942","CUS-1614226872",NA,NA,"debit","Wed","10:00:00","10","September"
"7283","posted",NA,"ACC-1799207998","150.68","-33.79","INTER BANK",NA,"Susan",7992.36,2018-09-26 07:00:00,"F",20,NA,NA,39,"d208bc233a474c3882c673112d30e5b3","CUS-164374203",NA,NA,"debit","Wed","10:00:00","10","September"
"7284","posted",NA,"ACC-2107684084","145.03","-37.88","PAYMENT",NA,"Richard",6946.01,2018-09-26 07:00:00,"M",22,NA,NA,34,"408f75a62b4f434eb72497571ca0b090","CUS-2283904812",NA,NA,"debit","Wed","10:00:00","10","September"
"7285","posted",NA,"ACC-2173390920","144.71","-37.58","PAYMENT",NA,"Luis",7984.24,2018-09-26 07:00:00,"M",27,NA,NA,29,"be83897d7ab1486bb7c563a1890f9036","CUS-3180318393",NA,NA,"debit","Wed","10:00:00","10","September"
"7286","posted",NA,"ACC-966140392","147.08","-37.97","PAYMENT",NA,"Joseph",6560.22,2018-09-26 07:00:00,"M",21,NA,NA,30,"b42edf5255c44122b83b3a030f853f99","CUS-537508723",NA,NA,"debit","Wed","10:00:00","10","September"
"7287","authorized","1","ACC-1222300524","151.23","-33.94","POS","cda59185-3935-4d2c-91b0-b435ee6c94fb","Michael",1196.33,2018-09-26 07:00:00,"M",38,"St Leonards","NSW",7.75,"88ac65e081bc4aa495f5873007b2cae2","CUS-2142601169","151.19","-33.82","debit","Wed","10:06:44","10","September"
"7288","authorized","0","ACC-1788473090","145.06","-37.95","POS","5ee54429-f90e-43d7-8089-71c4bcbd4905","Rachael",6619.88,2018-09-26 07:00:00,"F",21,"Blackburn North","VIC",16.17,"5ce4c44e13fa4f479084cfac7288a3cf","CUS-134193016","145.15","-37.8","debit","Wed","10:18:47","10","September"
"7289","authorized","1","ACC-1222300524","151.23","-33.94","POS","a43ea02a-4dfd-4be4-a7b6-5438df923271","Michael",1119.09,2018-09-26 07:00:00,"M",38,"Sydney","NSW",77.24,"8f01899c8c32473897481f736c7ff246","CUS-2142601169","151.21","-33.86","debit","Wed","10:30:50","10","September"
"7290","authorized","1","ACC-1710017148","150.82","-34.01","POS","8392b7cd-e90e-4703-83ab-51769e20f02e","Michelle",11382.3,2018-09-26 07:00:00,"F",19,"South Turramurra","NSW",19.76,"96f3823d16d5449cb92a814915427a1d","CUS-883482547","151.11","-33.75","debit","Wed","10:42:53","10","September"
"7291","authorized","0","ACC-3879258709","143.83","-37.66","SALES-POS","438dd11a-c4ee-42f4-bbbb-09b03f278170","Natasha",199608.69,2018-09-26 07:00:00,"F",40,"Melton West","VIC",20.11,"721a41ec5ac54f9196878bebe7f7aed4","CUS-527400765","144.56","-37.69","debit","Wed","10:54:56","10","September"
"7292","posted",NA,"ACC-588564840","151.27","-33.76","PAY/SALARY",NA,"Isaiah",17906.31,2018-09-26 07:00:00,"M",23,NA,NA,3903.95,"3885424223de46eb894231ee607c28f2","CUS-1462656821",NA,NA,"credit","Wed","11:00:00","11","September"
"7293","posted",NA,"ACC-1608363396","151.22","-33.87","INTER BANK",NA,"Robert",6989.29,2018-09-26 07:00:00,"M",20,NA,NA,183,"688831f00ccb4175b94d559f585c8cf1","CUS-2688605418",NA,NA,"debit","Wed","11:00:00","11","September"
"7294","authorized","0","ACC-1516130869","130.84","-12.45","SALES-POS","61334d6d-b25d-4c6c-9145-029b9a988c70","Jessica",4238.79,2018-09-26 07:00:00,"F",21,"Palmerston City","NT",7.63,"3d2b989d09fe4354bf7763624bedcf0a","CUS-325142416","130.99","-12.48","debit","Wed","11:03:53","11","September"
"7295","authorized","1","ACC-53508546","150.62","-33.76","POS","60ee928a-e166-4322-8e84-2cd8ebdab596","Kimberly",5249.18,2018-09-26 07:00:00,"F",35,"Macquarie Park","NSW",15.04,"2124ef244f6e4a838df07bf4f0c7d96c","CUS-72755508","151.11","-33.78","debit","Wed","11:10:36","11","September"
"7296","authorized","1","ACC-3689607373","115.79","-31.79","SALES-POS","03f4de0d-d78b-421a-8a53-30a0d03479eb","Virginia",6253.05,2018-09-26 07:00:00,"F",20,"Aveley","WA",2.66,"2dcab2c1738143bba1f3864f641acc04","CUS-127297539","115.98","-31.8","debit","Wed","11:17:18","11","September"
"7297","authorized","1","ACC-1037050564","153.10","-27.66","SALES-POS","0cca9ccf-b6ba-41be-95b3-bf2c62cea1a8","Rhonda",4196.38,2018-09-26 07:00:00,"F",40,"Chermside","QLD",7.72,"56cdcae8ce3a487bb5669465a4aab7bf","CUS-1614226872","153.03","-27.39","debit","Wed","11:24:01","11","September"
"7298","authorized","0","ACC-354106658","151.04","-33.80","SALES-POS","70893c77-ef73-44d2-9914-a3797911b6a9","Christine",14818.27,2018-09-26 07:00:00,"F",39,"Chippendale","NSW",134.1,"9604d71c0bae4abb9a402fb7a086411a","CUS-2376382098","151.2","-33.89","debit","Wed","11:30:44","11","September"
"7299","authorized","1","ACC-1037050564","153.10","-27.66","POS","a6dd3760-f55e-41bf-8d1f-278a1928a505","Rhonda",4165.17,2018-09-26 07:00:00,"F",40,"Elanora","QLD",31.21,"513741ee0c424faa9b1fe15868407b62","CUS-1614226872","153.45","-28.12","debit","Wed","11:44:09","11","September"
"7300","authorized","1","ACC-3771436525","145.04","-37.92","SALES-POS","957f68cc-0d5b-42d7-9101-d9ca1982c0ef","Derek",5021.93,2018-09-26 07:00:00,"M",20,"Melbourne","VIC",48.47,"dfc6e553bd944a7183d60074735d7b29","CUS-3325710106","144.97","-37.81","debit","Wed","11:50:52","11","September"
"7301","authorized","1","ACC-1222300524","151.23","-33.94","SALES-POS","3487252d-4932-4c32-a137-4afb9966a517","Michael",1106.08,2018-09-26 07:00:00,"M",38,"Sydney","NSW",13.01,"0af35d8adfb841d99bc2f1ffbee586ea","CUS-2142601169","151.21","-33.87","debit","Wed","11:57:35","11","September"
"7302","posted",NA,"ACC-1650504218","145.01","-37.93","PAY/SALARY",NA,"Marissa",12638.92,2018-09-26 07:00:00,"F",23,NA,NA,1626.48,"724ec30de8584c079fff70762852437e","CUS-2500783281",NA,NA,"credit","Wed","12:00:00","12","September"
"7303","posted",NA,"ACC-4163822186","149.03","-34.97","PAYMENT",NA,"Karen",8034.22,2018-09-26 07:00:00,"F",26,NA,NA,46,"9ab3cda6c8ee448aa8804ea3fbbcffc3","CUS-2630892467",NA,NA,"debit","Wed","12:00:00","12","September"
"7304","posted",NA,"ACC-182446574","116.06","-32.00","INTER BANK",NA,"Tonya",6139.23,2018-09-26 07:00:00,"F",27,NA,NA,57,"6d030e2a72bf411daaab738b3a0c2d7e","CUS-3026014945",NA,NA,"debit","Wed","12:00:00","12","September"
"7305","posted",NA,"ACC-3326339947","151.18","-33.80","PAY/SALARY",NA,"Eric",9365.49,2018-09-26 07:00:00,"M",22,NA,NA,983.36,"010f04dbb9cc4ed2bfe82c7f08b8dc0b","CUS-326006476",NA,NA,"credit","Wed","12:00:00","12","September"
"7306","authorized","1","ACC-2890243754","153.32","-27.93","POS","85f7ae83-20e3-44c8-88c0-bb1dc2de0061","Joseph",3994.23,2018-09-26 07:00:00,"M",37,"Palm Beach","QLD",13.73,"8ea10acf3f8046d09febbe8d96b580c2","CUS-2695611575","153.47","-28.12","debit","Wed","12:11:51","12","September"
"7307","authorized","1","ACC-1037050564","153.10","-27.66","POS","60726703-866e-4679-aa9f-91275fd03a58","Rhonda",4142.38,2018-09-26 07:00:00,"F",40,"Underwood","QLD",22.79,"cdf2010da2c44fd9836a2f34150e6088","CUS-1614226872","153.11","-27.59","debit","Wed","12:30:22","12","September"
"7308","authorized","1","ACC-1222300524","151.23","-33.94","SALES-POS","b21820e2-c98c-4f04-914f-7492254f7067","Michael",1089.12,2018-09-26 07:00:00,"M",38,"Wallaroo","SA",16.96,"2cf35bfdddb247e2876a706706fcd0ad","CUS-2142601169","137.62","-33.93","debit","Wed","12:48:53","12","September"
"7309","posted",NA,"ACC-3541460373","145.00","-37.83","PAY/SALARY",NA,"Jeffrey",4257.85,2018-09-26 07:00:00,"M",24,NA,NA,1408.08,"62a1ec9f0a3440bfa38d064c550cf0c3","CUS-1433879684",NA,NA,"credit","Wed","13:00:00","13","September"
"7310","posted",NA,"ACC-1217063613","147.61","-37.82","PAY/SALARY",NA,"Kimberly",4863.86,2018-09-26 07:00:00,"F",27,NA,NA,4863.62,"8659baa692924427aefbf4077c5a9d67","CUS-1739931018",NA,NA,"credit","Wed","13:00:00","13","September"
"7311","posted",NA,"ACC-2776252858","144.95","-37.76","PAY/SALARY",NA,"Kristin",6416.95,2018-09-26 07:00:00,"F",43,NA,NA,1068.04,"0adb2154fb8343b4b78d99ef7001853a","CUS-4123612273",NA,NA,"credit","Wed","13:00:00","13","September"
"7312","authorized","1","ACC-2681137560","151.11","-33.99","POS","1c6f0ba8-083d-460c-8072-1adb4a013f99","Nathaniel",9443.39,2018-09-26 07:00:00,"M",31,"Sans Souci","NSW",13.44,"ed399dbaedb14d2e967687fcf41d14a2","CUS-2083971310","151.13","-33.99","debit","Wed","13:07:50","13","September"
"7313","authorized","1","ACC-588564840","151.27","-33.76","SALES-POS","796b871d-4e2b-4153-83ed-85d841c20a01","Isaiah",17894.08,2018-09-26 07:00:00,"M",23,"Liverpool","NSW",12.23,"6f0a2bdeb4b34828a51ed7196bc3c1c7","CUS-1462656821","150.92","-33.92","debit","Wed","13:27:27","13","September"
"7314","authorized","1","ACC-819621312","145.04","-37.85","SALES-POS","ba2a7a5c-8689-4aa0-af00-b28a19222844","Michele",6319.4,2018-09-26 07:00:00,"F",30,"Ferntree Gully","VIC",31.19,"1cbe25de2fd342719847806a3728703a","CUS-1271030853","145.3","-37.88","debit","Wed","13:47:03","13","September"
"7315","posted",NA,"ACC-1598451071","153.41","-27.95","PAY/SALARY",NA,"Diana",3365.26,2018-09-26 07:00:00,"F",26,NA,NA,1013.67,"417263ea35184ef7b379496745031956","CUS-2487424745",NA,NA,"credit","Wed","14:00:00","14","September"
"7316","posted",NA,"ACC-240804743","121.48","-30.75","PAYMENT",NA,"Kenneth",14940.33,2018-09-26 07:00:00,"M",29,NA,NA,56,"c7a552f415a54bbeba65da2f50fa901d","CUS-261674136",NA,NA,"debit","Wed","14:00:00","14","September"
"7317","authorized","1","ACC-3741880913","150.50","-23.40","SALES-POS","123b7812-cc1f-4377-8166-d4eec932305a","Ashley",8388.11,2018-09-26 07:00:00,"F",25,"Sydney","NSW",70.72,"ca146d796aaa4202a38bb049c6306813","CUS-1220154422","151.2","-33.86","debit","Wed","14:03:16","14","September"
"7318","authorized","1","ACC-819621312","145.04","-37.85","SALES-POS","1a48ffe9-8e3c-4ff1-969e-fff37762269a","Michele",6305.96,2018-09-26 07:00:00,"F",30,"Bairnsdale","VIC",13.44,"2289a9ae12fe4918a60ef49e4c39994b","CUS-1271030853","147.63","-37.83","debit","Wed","14:12:53","14","September"
"7319","authorized","1","ACC-1279356312","144.79","-37.73","POS","78c379a0-eb99-4362-84c1-c1f19f2e0304","Tyler",8474.49,2018-09-26 07:00:00,"M",44,"Melbourne","VIC",44.55,"768e4886f2584d71ba5449ada6313be9","CUS-1892177589","144.96","-37.82","debit","Wed","14:22:29","14","September"
"7320","authorized","1","ACC-3771436525","145.04","-37.92","POS","692d143c-720b-4ea8-8378-1890b495eab9","Derek",4985.08,2018-09-26 07:00:00,"M",20,"Preston","VIC",36.85,"2a6fcac0df234b7d813aac9f61c20209","CUS-3325710106","145.03","-37.74","debit","Wed","14:41:43","14","September"
"7321","authorized","1","ACC-819621312","145.04","-37.85","SALES-POS","e8d3e859-db04-4b1b-9e7c-0ae39f23ca67","Michele",6269.01,2018-09-26 07:00:00,"F",30,"Doncaster East","VIC",36.95,"25aab9b82bdb4a27aae009cbb98cbebb","CUS-1271030853","145.16","-37.78","debit","Wed","14:51:20","14","September"
"7322","posted",NA,"ACC-2305712452","138.61","-34.89","PAYMENT",NA,"Debra",4955.65,2018-09-26 07:00:00,"F",18,NA,NA,36,"175c5afbeb0e4e62a56efa46f08a40a8","CUS-1842679196",NA,NA,"debit","Wed","15:00:00","15","September"
"7323","posted",NA,"ACC-3100725361","145.73","-17.03","PAY/SALARY",NA,"Ronald",6111.57,2018-09-26 07:00:00,"M",25,NA,NA,6107.23,"7eb1fdb7aefb40d1a8ada1d27f556542","CUS-2178051368",NA,NA,"credit","Wed","15:00:00","15","September"
"7324","posted",NA,"ACC-38923874","151.27","-33.90","PAYMENT",NA,"Ryan",40620.41,2018-09-26 07:00:00,"M",38,NA,NA,35,"e62c0c72bf7043049abebbe680aada4c","CUS-3249305314",NA,NA,"debit","Wed","15:00:00","15","September"
"7325","posted",NA,"ACC-4258502723","145.45","-37.74","PAYMENT",NA,"Kimberly",4053.77,2018-09-26 07:00:00,"F",24,NA,NA,576,"fdc15e073f014860bff5671359fbd6d9","CUS-3378712515",NA,NA,"debit","Wed","15:00:00","15","September"
"7326","authorized","1","ACC-2153562714","116.00","-31.88","SALES-POS","f7689758-41ec-43fd-bc61-f86689a9ffcb","Linda",7054.74,2018-09-26 07:00:00,"F",24,"West Perth","WA",21.47,"38c87fa560fc4c7f8fcdf849925b097c","CUS-423725039","115.85","-31.95","debit","Wed","15:00:42","15","September"
"7327","authorized","1","ACC-3481401842","115.74","-31.72","SALES-POS","af46b006-44d1-4a57-b83a-4c9d4e6f02d7","Tiffany",5632.9,2018-09-26 07:00:00,"F",25,"Murrurundi","NSW",16,"28529722dc7741acab4adecb9252dce3","CUS-1669695324","150.83","-31.76","debit","Wed","15:07:51","15","September"
"7328","authorized","0","ACC-3689607373","115.79","-31.79","SALES-POS","e2ec33ca-0b37-4ea1-9a09-16be996464aa","Virginia",6249.33,2018-09-26 07:00:00,"F",20,"Perth","WA",3.72,"9c5541524c744ce0a11789f9617e300c","CUS-127297539","115.86","-31.95","debit","Wed","15:14:59","15","September"
"7329","authorized","1","ACC-1222300524","151.23","-33.94","POS","22b641b6-f2e4-4abd-9fc6-6a5a3b375ff2","Michael",1079.71,2018-09-26 07:00:00,"M",38,"Werrington County","NSW",9.41,"f5563d3f997440108de0401be4467ee6","CUS-2142601169","150.74","-33.75","debit","Wed","15:22:08","15","September"
"7330","authorized","1","ACC-414431115","142.77","-37.06","SALES-POS","df59f83b-b2e2-4625-85ba-58d31275e329","Amy",3365.65,2018-09-26 07:00:00,"F",43,"Mansfield","VIC",34.89,"ddc465c64b984ad1b8195226ad0341a9","CUS-2599279756","146.07","-37.05","debit","Wed","15:29:17","15","September"
"7331","authorized","1","ACC-3481401842","115.74","-31.72","POS","4d0051b3-91be-4db7-b397-ac82ea844118","Tiffany",5586.98,2018-09-26 07:00:00,"F",25,"North Sydney","NSW",45.92,"a75d510ec532478fae12615bfda61978","CUS-1669695324","151.21","-33.84","debit","Wed","15:36:25","15","September"
"7332","authorized","1","ACC-414431115","142.77","-37.06","SALES-POS","bd30bd03-b96b-4c7b-8a63-c18105e1d6be","Amy",3358.99,2018-09-26 07:00:00,"F",43,"Mansfield","VIC",6.66,"1274f92e9b02434b85b3bdba69c5f39f","CUS-2599279756","146.09","-37.05","debit","Wed","15:43:34","15","September"
"7333","authorized","1","ACC-958000567","130.90","-12.37","SALES-POS","92c50260-32d3-4519-84be-37ec90dc4f4b","Sandra",8056.96,2018-09-26 07:00:00,"F",34,"Coolalinga","NT",22.65,"066f17f862db4439b532afe37bcbba85","CUS-4142663097","131.04","-12.52","debit","Wed","15:50:42","15","September"
"7334","authorized","1","ACC-4274272854","145.23","-37.86","POS","cbce5e24-75c0-4eb2-8681-462a18200447","Timothy",7124.62,2018-09-26 07:00:00,"M",20,"Keilor Downs","VIC",19.68,"ec9ff581f1e94fe1a1f640e244d1e088","CUS-2484453271","144.81","-37.73","debit","Wed","15:57:51","15","September"
"7335","posted",NA,"ACC-4065652575","115.81","-31.82","PAYMENT",NA,"Lucas",9188.16,2018-09-26 07:00:00,"M",21,NA,NA,55,"db97f4f5d6014d06a612a9dc97bbf2dc","CUS-1117979751",NA,NA,"debit","Wed","16:00:00","16","September"
"7336","posted",NA,"ACC-3485804958","138.52","-35.01","PAY/SALARY",NA,"Jessica",25958.84,2018-09-26 07:00:00,"F",34,NA,NA,3903.73,"61a1a182b1274396b66130ad15d34376","CUS-1196156254",NA,NA,"credit","Wed","16:00:00","16","September"
"7337","posted",NA,"ACC-1799207998","150.68","-33.79","PAYMENT",NA,"Susan",7957.36,2018-09-26 07:00:00,"F",20,NA,NA,35,"41624c278b4245b08e1345eac95a5f22","CUS-164374203",NA,NA,"debit","Wed","16:00:00","16","September"
"7338","posted",NA,"ACC-1973887809","115.78","-31.90","PAY/SALARY",NA,"Antonio",7602.45,2018-09-26 07:00:00,"M",26,NA,NA,1098.91,"9fc982f780a54938b78ec332c536a164","CUS-1646621553",NA,NA,"credit","Wed","16:00:00","16","September"
"7339","posted",NA,"ACC-4059612845","130.98","-12.49","PAY/SALARY",NA,"Jonathan",59373.39,2018-09-26 07:00:00,"M",38,NA,NA,2647.38,"1c63074d77c845f5819458e8592a26e8","CUS-495599312",NA,NA,"credit","Wed","16:00:00","16","September"
"7340","authorized","1","ACC-414431115","142.77","-37.06","POS","be172563-5944-47ae-ad39-c01576a33450","Amy",3346.63,2018-09-26 07:00:00,"F",43,"Melbourne","VIC",12.36,"29bc24153a064cedb1de3680e39b00a9","CUS-2599279756","144.97","-37.82","debit","Wed","16:12:29","16","September"
"7341","authorized","1","ACC-854938045","147.63","-22.84","POS","c087506c-c4c6-42de-aae2-2d244e49f4be","James",11564.05,2018-09-26 07:00:00,"M",28,"Mount Waverley","VIC",43.55,"4004f688ddcb4509a4aba164f9da3036","CUS-4023861240","145.14","-37.9","debit","Wed","16:30:21","16","September"
"7342","authorized","0","ACC-2681137560","151.11","-33.99","SALES-POS","68c05695-d552-4a40-b4a8-cc9f8d88b18f","Nathaniel",9434.36,2018-09-26 07:00:00,"M",31,"Robertson","SA",9.03,"22abc3736278462ca81e843728de3710","CUS-2083971310","139","-33.97","debit","Wed","16:48:12","16","September"
"7343","posted",NA,"ACC-819621312","145.04","-37.85","PAY/SALARY",NA,"Michele",7409.85,2018-09-26 07:00:00,"F",30,NA,NA,1158.15,"b311cef9f45c469e99558db92ff94b7d","CUS-1271030853",NA,NA,"credit","Wed","17:00:00","17","September"
"7344","posted",NA,"ACC-2920611728","144.96","-37.76","PAY/SALARY",NA,"Tyler",7754.2,2018-09-26 07:00:00,"M",69,NA,NA,1043.12,"34719e458cdf42e18ecacaa2474d75f6","CUS-1388323263",NA,NA,"credit","Wed","17:00:00","17","September"
"7345","posted",NA,"ACC-2901672282","255.00","-573.00","PAYMENT",NA,"Daniel",6546.51,2018-09-26 07:00:00,"M",22,NA,NA,33,"039724f0a17c4a03bedd4dfc5044322b","CUS-1617121891",NA,NA,"debit","Wed","17:00:00","17","September"
"7346","posted",NA,"ACC-1799207998","150.68","-33.79","PAY/SALARY",NA,"Susan",9352.85,2018-09-26 07:00:00,"F",20,NA,NA,1395.49,"aefdd364f8f145e99dd6ccc74cd4079f","CUS-164374203",NA,NA,"credit","Wed","17:00:00","17","September"
"7347","posted",NA,"ACC-1349834573","145.17","-37.84","PAY/SALARY",NA,"Matthew",14588.66,2018-09-26 07:00:00,"M",39,NA,NA,3071.14,"4b6d77a4a1f74f4ca73c5ef8cb61b0da","CUS-1790886359",NA,NA,"credit","Wed","17:00:00","17","September"
"7348","posted",NA,"ACC-4163822186","149.03","-34.97","PAYMENT",NA,"Karen",7984.22,2018-09-26 07:00:00,"F",26,NA,NA,50,"0d1b1e6c82d0434199e5ef0a105602e3","CUS-2630892467",NA,NA,"debit","Wed","17:00:00","17","September"
"7349","authorized","1","ACC-819621312","145.04","-37.85","POS","411c9c49-f7c0-478f-9d65-7f62c35e655f","Michele",6251.7,2018-09-26 07:00:00,"F",30,"Hawthorn","VIC",17.31,"e7c51a3c0d0f44cdbeab55622d88ed48","CUS-1271030853","145.04","-37.82","debit","Wed","17:04:08","17","September"
"7350","authorized","0","ACC-4258502723","145.45","-37.74","SALES-POS","a038df8c-bade-40e9-b864-9371758a8745","Kimberly",4033.23,2018-09-26 07:00:00,"F",24,"Pyrmont","NSW",20.54,"34c8121164e44d6e9b1c0d50273eae71","CUS-3378712515","151.2","-33.87","debit","Wed","17:16:20","17","September"
"7351","authorized","0","ACC-3481401842","115.74","-31.72","SALES-POS","02297942-9ba5-4c0b-a137-df06bfab514a","Tiffany",5556.49,2018-09-26 07:00:00,"F",25,"Falcon (Miami Beach)","WA",30.49,"95c7f24c834145088241ebe2d045500c","CUS-1669695324","115.66","-32.58","debit","Wed","17:28:32","17","September"
"7352","authorized","1","ACC-414431115","142.77","-37.06","POS","959694dd-5121-4e68-9d7f-ad35790519e3","Amy",3320.58,2018-09-26 07:00:00,"F",43,"Mansfield","VIC",26.05,"955b142d9a944273b63bfa08674f7732","CUS-2599279756","146.09","-37.05","debit","Wed","17:40:43","17","September"
"7353","authorized","0","ACC-2673069055","152.99","-27.49","POS","417c3cbc-7467-44a8-a6d1-0abd6f4f9472","Richard",17912.93,2018-09-26 07:00:00,"M",24,"Kedron","QLD",14.25,"8c2a40df9a794a33a8e0d5335774c736","CUS-51506836","153.03","-27.4","debit","Wed","17:52:55","17","September"
"7354","posted",NA,"ACC-2153562714","116.00","-31.88","PAYMENT",NA,"Linda",7008.74,2018-09-26 07:00:00,"F",24,NA,NA,46,"152ce23ffd4f43fb89e3cda1f29e6452","CUS-423725039",NA,NA,"debit","Wed","18:00:00","18","September"
"7355","authorized","0","ACC-3541460373","145.00","-37.83","SALES-POS","53aa79c7-e02f-45d1-bb25-97f870c01d03","Jeffrey",4211.61,2018-09-26 07:00:00,"M",24,"Burwood East","VIC",46.24,"db54eba267504f1499111d374af0b7ff","CUS-1433879684","145.13","-37.85","debit","Wed","18:11:21","18","September"
"7356","authorized","1","ACC-958000567","130.90","-12.37","POS","281346a6-a8aa-4180-a14b-1408c707e55e","Sandra",8044.77,2018-09-26 07:00:00,"F",34,"Ramingining","NT",12.19,"fe7fbb77ce474e2fa133599b1d3fbc8a","CUS-4142663097","134.93","-12.33","debit","Wed","18:38:22","18","September"
"7357","posted",NA,"ACC-1349834573","145.17","-37.84","PAYMENT",NA,"Matthew",14540.66,2018-09-26 07:00:00,"M",39,NA,NA,48,"ce4757bb442148ea92cf58a6b3b2bbc1","CUS-1790886359",NA,NA,"debit","Wed","19:00:00","19","September"
"7358","authorized","1","ACC-3481401842","115.74","-31.72","POS","8ea6bab0-ce49-45c7-bbf7-8a9ded87d561","Tiffany",5546.3,2018-09-26 07:00:00,"F",25,"Joondalup","WA",10.19,"9af23879bd814f02ad62e15db3a11ecc","CUS-1669695324","115.77","-31.75","debit","Wed","19:02:22","19","September"
"7359","authorized","1","ACC-1334819143","145.13","-37.70","SALES-POS","9d6061d4-6af3-4302-a4a0-49bcb04ed82c","Christopher",64475.69,2018-09-26 07:00:00,"M",33,"Werribee","VIC",21.35,"6162c705b113446a8896521decb84e4b","CUS-3117610635","144.68","-37.88","debit","Wed","19:14:17","19","September"
"7360","authorized","1","ACC-2673069055","152.99","-27.49","POS","0101c0d9-6a4b-4dbd-9f59-91e376d584bb","Richard",17833.27,2018-09-26 07:00:00,"M",24,"Balcatta","WA",79.66,"cf88b25982bf4b69912b20b49bdd9923","CUS-51506836","115.82","-31.87","debit","Wed","19:26:11","19","September"
"7361","authorized","1","ACC-3481401842","115.74","-31.72","SALES-POS","55ff1fc2-4da0-42ae-ae7d-193ac4cf8db2","Tiffany",5449.14,2018-09-26 07:00:00,"F",25,"Waterloo","NSW",97.16,"c4c99929844b4474806a847398c3c531","CUS-1669695324","151.2","-33.9","debit","Wed","19:38:05","19","September"
"7362","authorized","1","ACC-2890243754","153.32","-27.93","POS","4c43a2a9-8d6a-4827-9bfa-d9209b571785","Joseph",3982.99,2018-09-26 07:00:00,"M",37,"Parkwood","QLD",11.24,"e29b8c3fd024499f800d6ea3b35a98be","CUS-2695611575","153.38","-27.96","debit","Wed","19:49:59","19","September"
"7363","posted",NA,"ACC-2171593283","146.94","-36.04","PAYMENT",NA,"Fernando",13246.69,2018-09-26 07:00:00,"M",19,NA,NA,17,"b4876683fe77464487f63631e963314f","CUS-2317998716",NA,NA,"debit","Wed","20:00:00","20","September"
"7364","posted",NA,"ACC-1650504218","145.01","-37.93","PAYMENT",NA,"Marissa",12605.92,2018-09-26 07:00:00,"F",23,NA,NA,33,"5221151f71d845a5aa8ffc26dcda7265","CUS-2500783281",NA,NA,"debit","Wed","20:00:00","20","September"
"7365","posted",NA,"ACC-182446574","116.06","-32.00","INTER BANK",NA,"Tonya",6106.23,2018-09-26 07:00:00,"F",27,NA,NA,33,"154b898136294de7bc39c4e61b4374dc","CUS-3026014945",NA,NA,"debit","Wed","20:00:00","20","September"
"7366","posted",NA,"ACC-4281711154","144.98","-37.84","PHONE BANK",NA,"Eric",39122.38,2018-09-26 07:00:00,"M",42,NA,NA,36,"ff9767cc8f074a299de69c95696756e4","CUS-3151318058",NA,NA,"debit","Wed","20:00:00","20","September"
"7367","authorized","1","ACC-414431115","142.77","-37.06","POS","435f87c7-4e7a-43a6-8f9c-5db8733554e2","Amy",3297.15,2018-09-26 07:00:00,"F",43,"Maryborough","VIC",23.43,"aa37c37f720e41a08b5ac9569a40cedb","CUS-2599279756","143.74","-37.05","debit","Wed","20:04:26","20","September"
"7368","authorized","1","ACC-3481401842","115.74","-31.72","POS","0173023e-1e86-4c63-b038-62161f86bb6d","Tiffany",5431.56,2018-09-26 07:00:00,"F",25,"Woodvale","WA",17.58,"23032da6d7424c50922d134302ebc5da","CUS-1669695324","115.79","-31.8","debit","Wed","20:32:13","20","September"
"7369","authorized","1","ACC-1799207998","150.68","-33.79","SALES-POS","28de8098-98f1-4ce8-a057-8e72a18180c2","Susan",9333.52,2018-09-26 07:00:00,"F",20,"Beecroft","NSW",19.33,"c55ce4f8429d43b7a7564ed4ffde58d9","CUS-164374203","151.06","-33.75","debit","Wed","20:59:59","20","September"
"7370","posted",NA,"ACC-3536132544","144.93","-37.79","INTER BANK",NA,"Heather",5641.72,2018-09-26 07:00:00,"F",41,NA,NA,43,"a6f9c6d5ce3945b9b14e25262958da15","CUS-2348881191",NA,NA,"debit","Wed","21:00:00","21","September"
"7371","posted",NA,"ACC-2173390920","144.71","-37.58","PHONE BANK",NA,"Luis",7917.24,2018-09-26 07:00:00,"M",27,NA,NA,67,"e1c8331a58c042498dd54c81355fcc30","CUS-3180318393",NA,NA,"debit","Wed","21:00:00","21","September"
"7372","posted",NA,"ACC-2153562714","116.00","-31.88","INTER BANK",NA,"Linda",6823.74,2018-09-26 07:00:00,"F",24,NA,NA,185,"daddc023321549d0bfee8eab572ca517","CUS-423725039",NA,NA,"debit","Wed","21:00:00","21","September"
"7373","posted",NA,"ACC-3021093232","149.83","-29.47","PAYMENT",NA,"Melissa",9399.54,2018-09-26 07:00:00,"F",30,NA,NA,131,"79abfd2c08a349af8da4c8f25a2d9ba8","CUS-55310383",NA,NA,"debit","Wed","21:00:00","21","September"
"7374","authorized","1","ACC-3084464802","145.15","-37.76","SALES-POS","65d1bee9-8f92-4f08-898c-26ad4ea8940e","Susan",7460.12,2018-09-26 07:00:00,"F",19,"Melbourne","VIC",10.27,"14124b21718b4af7a996a30de3cba2a5","CUS-1928710999","144.96","-37.81","debit","Wed","21:23:15","21","September"
"7375","authorized","1","ACC-3481401842","115.74","-31.72","SALES-POS","148877ad-7021-4558-a5a0-87fff5a0277e","Tiffany",5418.38,2018-09-26 07:00:00,"F",25,"Woodvale","WA",13.18,"64f03132dc56436888a8fcfeb9dbcc4f","CUS-1669695324","115.79","-31.78","debit","Wed","21:46:30","21","September"
"7376","posted",NA,"ACC-1710017148","150.82","-34.01","PAYMENT",NA,"Michelle",11349.3,2018-09-26 07:00:00,"F",19,NA,NA,33,"3d3cb1651e504974ae3454b45f69b04f","CUS-883482547",NA,NA,"debit","Wed","22:00:00","22","September"
"7377","authorized","1","ACC-3541460373","145.00","-37.83","POS","81fe1636-2edb-4a2f-ae93-3d375027047b","Jeffrey",4198.32,2018-09-26 07:00:00,"M",24,"Chirnside Park","VIC",13.29,"23e58ad67d814053966f81086eca9776","CUS-1433879684","145.31","-37.76","debit","Wed","22:13:07","22","September"
"7378","authorized","1","ACC-2890243754","153.32","-27.93","SALES-POS","d076eb9a-abe5-4936-8182-d626bf62d504","Joseph",3925.14,2018-09-26 07:00:00,"M",37,"Sydney","NSW",57.85,"a59dd39ad00a4bc0b6d45ee06291319c","CUS-2695611575","151.21","-33.87","debit","Wed","22:44:22","22","September"
"7379","posted",NA,"ACC-1973887809","115.78","-31.90","PAYMENT",NA,"Antonio",7573.45,2018-09-26 07:00:00,"M",26,NA,NA,29,"31720b0bb9f84ecca2e03f803bf5882c","CUS-1646621553",NA,NA,"debit","Wed","23:00:00","23","September"
"7380","posted",NA,"ACC-1349834573","145.17","-37.84","PAYMENT",NA,"Matthew",14508.66,2018-09-26 07:00:00,"M",39,NA,NA,32,"ff50a757647b4996ad2df29b8b89de20","CUS-1790886359",NA,NA,"debit","Wed","23:00:00","23","September"
"7381","posted",NA,"ACC-240804743","121.48","-30.75","PAYMENT",NA,"Kenneth",14901.33,2018-09-26 07:00:00,"M",29,NA,NA,39,"23628a2d188340d0a3189fbaeac83e5e","CUS-261674136",NA,NA,"debit","Wed","23:00:00","23","September"
"7382","authorized","0","ACC-414431115","142.77","-37.06","POS","667abc92-cb0d-45be-b17f-06f90eaddf82","Amy",3278.85,2018-09-26 07:00:00,"F",43,"Maryborough","VIC",18.3,"5b244b9e71ab4c9c8f6f1a6e645c5125","CUS-2599279756","143.74","-37.05","debit","Wed","23:07:41","23","September"
"7383","authorized","1","ACC-819621312","145.04","-37.85","POS","928682c2-0f98-4964-ac68-1215a8cc14c6","Michele",7388.87,2018-09-26 07:00:00,"F",30,"Blackburn","VIC",20.98,"9bfd2dce55fa444c846106674f6889eb","CUS-1271030853","145.15","-37.82","debit","Wed","23:23:04","23","September"
"7384","authorized","1","ACC-354106658","151.04","-33.80","POS","b365d471-8591-49a5-8a11-5379cee7cb34","Christine",14777.43,2018-09-26 07:00:00,"F",39,"Hornsby","NSW",40.84,"0a9e686a341c41f98e4b57d01a9bfbb4","CUS-2376382098","151.1","-33.7","debit","Wed","23:38:27","23","September"
"7385","authorized","1","ACC-1199531521","116.02","-31.87","POS","8ae15cfd-7ffc-4987-8e62-c75c1b555bbd","Billy",10806.37,2018-09-26 07:00:00,"M",52,"Balcatta","WA",21.42,"dcb0e10555954292a39dd76876b00c9d","CUS-134833760","115.81","-31.87","debit","Wed","23:53:50","23","September"
"7386","authorized","1","ACC-958000567","130.90","-12.37","POS","358e6a17-3f2d-4023-803d-b63b201c583e","Sandra",8031.25,2018-09-27 07:00:00,"F",34,"Eaton","NT",13.52,"2ee436df96764997bb32234d896eb905","CUS-4142663097","130.88","-12.41","debit","Thu","00:24:59","00","September"
"7387","authorized","1","ACC-3741880913","150.50","-23.40","SALES-POS","633d03c8-2319-4802-aaa9-f2c9c366a820","Ashley",8241.33,2018-09-27 07:00:00,"F",25,"Newman","WA",146.78,"2e8251a62ff648ff82e97d0fff493d41","CUS-1220154422","119.8","-23.39","debit","Thu","01:03:43","01","September"
"7388","authorized","1","ACC-819621312","145.04","-37.85","SALES-POS","82f7e5ee-3023-4f07-8567-cdc7cb2add27","Michele",7336.63,2018-09-27 07:00:00,"F",30,"Ferntree Gully","VIC",52.24,"fb3d873d385d46429e8adde7c678f8ad","CUS-1271030853","145.29","-37.89","debit","Thu","01:26:58","01","September"
"7389","authorized","0","ACC-1598451071","153.41","-27.95","SALES-POS","8a0e9a21-4360-4421-8aac-9af5114c9cda","Diana",3358.07,2018-09-27 07:00:00,"F",26,"Robina","QLD",7.19,"e88060924c1940b3811d1f0967868914","CUS-2487424745","153.39","-28.08","debit","Thu","01:50:13","01","September"
"7390","posted",NA,"ACC-1496451953","145.16","-37.84","INTER BANK",NA,"Ricky",15218.52,2018-09-27 07:00:00,"M",43,NA,NA,16,"0a698ccbc771425cb4558e1593309272","CUS-3142625864",NA,NA,"debit","Thu","02:00:00","02","September"
"7391","posted",NA,"ACC-4281711154","144.98","-37.84","PAYMENT",NA,"Eric",38954.38,2018-09-27 07:00:00,"M",42,NA,NA,168,"a7e20747304b47e2acdc3c5e30a44e02","CUS-3151318058",NA,NA,"debit","Thu","02:00:00","02","September"
"7392","authorized","1","ACC-4258502723","145.45","-37.74","SALES-POS","cc231789-e16d-4d0c-8d3c-4406615004e5","Kimberly",4012.78,2018-09-27 07:00:00,"F",24,"Shepparton","VIC",20.45,"f0746ecee3ad46eeb83340d9fe270ddb","CUS-3378712515","145.42","-36.39","debit","Thu","02:48:19","02","September"
"7393","posted",NA,"ACC-4065652575","115.81","-31.82","PAYMENT",NA,"Lucas",8998.16,2018-09-27 07:00:00,"M",21,NA,NA,190,"bff044b0197e4e45a929a65f76122357","CUS-1117979751",NA,NA,"debit","Thu","03:00:00","03","September"
"7394","posted",NA,"ACC-1523339231","115.83","-31.90","PAYMENT",NA,"Tim",69960.78,2018-09-27 07:00:00,"M",40,NA,NA,47,"9e3988bf79fe4331b0a519a7c26dc989","CUS-1816693151",NA,NA,"debit","Thu","03:00:00","03","September"
"7395","posted",NA,"ACC-2890243754","153.32","-27.93","PAYMENT",NA,"Joseph",3873.14,2018-09-27 07:00:00,"M",37,NA,NA,52,"b991894a9dc5446e881540dd59d901fe","CUS-2695611575",NA,NA,"debit","Thu","03:00:00","03","September"
"7396","posted",NA,"ACC-1990648130","114.62","-28.80","PAYMENT",NA,"Kaitlyn",5592.74,2018-09-27 07:00:00,"F",21,NA,NA,180,"2aa1e5bc36e64a06a4299137128482e7","CUS-809013380",NA,NA,"debit","Thu","03:00:00","03","September"
"7397","posted",NA,"ACC-80388494","144.97","-37.42","PAYMENT",NA,"Dustin",5626.81,2018-09-27 07:00:00,"M",28,NA,NA,96,"0c495055d3924e5fa52cb3cefcc7e7be","CUS-1140341822",NA,NA,"debit","Thu","04:00:00","04","September"
"7398","posted",NA,"ACC-2270192619","138.56","-35.27","PAYMENT",NA,"Darren",11647.43,2018-09-27 07:00:00,"M",20,NA,NA,39,"21202893b76a410995f59b56024a83d8","CUS-2110742437",NA,NA,"debit","Thu","04:00:00","04","September"
"7399","posted",NA,"ACC-3536132544","144.93","-37.79","PAYMENT",NA,"Heather",5619.72,2018-09-27 07:00:00,"F",41,NA,NA,22,"52620166a86647c4aa800d4c7aacb4ac","CUS-2348881191",NA,NA,"debit","Thu","04:00:00","04","September"
"7400","posted",NA,"ACC-3021093232","149.83","-29.47","PAYMENT",NA,"Melissa",7547.54,2018-09-27 07:00:00,"F",30,NA,NA,1852,"90ee11a61f70460490117b0a6bf845fd","CUS-55310383",NA,NA,"debit","Thu","04:00:00","04","September"
"7401","authorized","1","ACC-3879258709","143.83","-37.66","POS","40055409-b76b-4015-a2bb-167aabf50935","Natasha",199598.65,2018-09-27 07:00:00,"F",40,"Eltham","VIC",10.04,"1bcb8cf44890448d9404e4448d2ff701","CUS-527400765","145.14","-37.72","debit","Thu","04:18:58","04","September"
"7402","authorized","0","ACC-1903037542","153.05","-27.61","POS","32a4151d-1ae3-4037-a011-9711e3214134","Jeffrey",2808.4,2018-09-27 07:00:00,"M",30,"South Toowoomba","QLD",10.05,"9e844d91f4674e0b81847d9a8b09b4ed","CUS-860700529","151.95","-27.57","debit","Thu","04:44:36","04","September"
"7403","posted",NA,"ACC-2171593283","146.94","-36.04","PAYMENT",NA,"Fernando",13213.69,2018-09-27 07:00:00,"M",19,NA,NA,33,"e26e341de468406b9c4fd9c7df9f8463","CUS-2317998716",NA,NA,"debit","Thu","05:00:00","05","September"
"7404","posted",NA,"ACC-2890243754","153.32","-27.93","PAYMENT",NA,"Joseph",3855.14,2018-09-27 07:00:00,"M",37,NA,NA,18,"5dbb464cf2674867b701d85633b7868e","CUS-2695611575",NA,NA,"debit","Thu","05:00:00","05","September"
"7405","posted",NA,"ACC-3481401842","115.74","-31.72","PAYMENT",NA,"Tiffany",5372.38,2018-09-27 07:00:00,"F",25,NA,NA,46,"08dab95cefae44b6ae2a2a4655cd265c","CUS-1669695324",NA,NA,"debit","Thu","06:00:00","06","September"
"7406","posted",NA,"ACC-211792489","138.63","-34.93","PAYMENT",NA,"Jacqueline",4142.34,2018-09-27 07:00:00,"F",30,NA,NA,47,"27509f044a7c43a9b4a4b266ed562c96","CUS-497688347",NA,NA,"debit","Thu","06:00:00","06","September"
"7407","authorized","0","ACC-240804743","121.48","-30.75","POS","c0031b2f-c40c-4c9d-be7f-7889e79e8057","Kenneth",14887.33,2018-09-27 07:00:00,"M",29,"Kalgoorlie","WA",14,"120199fb606b497696e4b5a25e5fde07","CUS-261674136","121.46","-30.75","debit","Thu","06:03:04","06","September"
"7408","posted",NA,"ACC-2231965366","144.96","-37.84","PAYMENT",NA,"Linda",17274.33,2018-09-27 07:00:00,"F",35,NA,NA,33,"7f79190bfa6f4df9a9cd3f642e3c2c0e","CUS-2155701614",NA,NA,"debit","Thu","07:00:00","07","September"
"7409","posted",NA,"ACC-2259139624","144.66","-37.91","INTER BANK",NA,"Cindy",14031.84,2018-09-27 07:00:00,"F",19,NA,NA,22,"c4290ddbce724e82af1d62ebb6fdfed4","CUS-3174332735",NA,NA,"debit","Thu","07:00:00","07","September"
"7410","authorized","1","ACC-414431115","142.77","-37.06","SALES-POS","20eaacff-3654-4e9c-9558-7da5bc6edaec","Amy",3229.18,2018-09-27 07:00:00,"F",43,"Mansfield","VIC",49.67,"7f0d41ae6862429491720400d2f59310","CUS-2599279756","146.09","-37.05","debit","Thu","07:10:23","07","September"
"7411","authorized","1","ACC-1037050564","153.10","-27.66","SALES-POS","9ffd3b45-7307-455d-a4a2-b9a3052f4b4e","Rhonda",4082.97,2018-09-27 07:00:00,"F",40,"Artarmon","NSW",59.41,"bfdf29cb152242f6a13dc9d942457cbd","CUS-1614226872","151.19","-33.81","debit","Thu","07:50:23","07","September"
"7412","posted",NA,"ACC-2776252858","144.95","-37.76","PAYMENT",NA,"Kristin",6373.95,2018-09-27 07:00:00,"F",43,NA,NA,43,"aa78da1989b24270a63f6198ec0ab0be","CUS-4123612273",NA,NA,"debit","Thu","08:00:00","08","September"
"7413","authorized","0","ACC-2920611728","144.96","-37.76","SALES-POS","b5b916b3-94c5-427e-b88f-7f60c55c35dc","Tyler",7693.74,2018-09-27 07:00:00,"M",69,"Melbourne","VIC",60.46,"15dc46e7d79940cab5c496227d06ca80","CUS-1388323263","144.96","-37.82","debit","Thu","08:06:19","08","September"
"7414","authorized","1","ACC-3536132544","144.93","-37.79","SALES-POS","607713c3-d3b3-4a4c-a131-0d5e464c1981","Heather",5595.57,2018-09-27 07:00:00,"F",41,"Malvern","VIC",24.15,"b814d24f2b53411aa03c849a5f2e4275","CUS-2348881191","145.03","-37.86","debit","Thu","08:14:39","08","September"
"7415","authorized","1","ACC-414431115","142.77","-37.06","SALES-POS","106e1272-44ab-4dcb-a438-dd98e0071e51","Amy",3202.88,2018-09-27 07:00:00,"F",43,"Eden","NSW",26.3,"05a0668f1ada4f60913e195682bc475d","CUS-2599279756","149.9","-37.06","debit","Thu","08:22:59","08","September"
"7416","authorized","1","ACC-414431115","142.77","-37.06","SALES-POS","0f5a03c0-3990-4e63-9549-e25eeb604815","Amy",3194.47,2018-09-27 07:00:00,"F",43,"Maryborough","VIC",8.41,"69e50b1abd7945059d8536da1f51b651","CUS-2599279756","143.74","-37.05","debit","Thu","08:31:19","08","September"
"7417","authorized","1","ACC-1334819143","145.13","-37.70","SALES-POS","ad0b6f81-5d48-430d-af3b-286fda428190","Christopher",64446.53,2018-09-27 07:00:00,"M",33,"Melbourne","VIC",29.16,"1a3a8bd4b4344a6a93bb98ad901c13ee","CUS-3117610635","144.96","-37.81","debit","Thu","08:39:39","08","September"
"7418","authorized","1","ACC-964839203","146.92","-36.07","POS","7052d8b7-7a37-48cd-ba91-1f5dcec208b0","Michael",36085.04,2018-09-27 07:00:00,"M",21,"Currajong","QLD",17.54,"6e97df339e3f498bab58a953652e6b87","CUS-2059096722","146.78","-19.27","debit","Thu","08:47:59","08","September"
"7419","authorized","1","ACC-3481401842","115.74","-31.72","POS","b5d118eb-8230-43c1-afc0-c91060a2666a","Tiffany",5358.75,2018-09-27 07:00:00,"F",25,"Gilgandra","NSW",13.63,"1b66052e02934b6dbe49769f702e071f","CUS-1669695324","148.66","-31.71","debit","Thu","08:56:19","08","September"
"7420","posted",NA,"ACC-3485804958","138.52","-35.01","PAYMENT",NA,"Jessica",25917.66,2018-09-27 07:00:00,"F",34,NA,NA,27,"c53a068075c6411fad04c84297c31d9f","CUS-1196156254",NA,NA,"debit","Thu","09:00:00","09","September"
"7421","posted",NA,"ACC-1516130869","130.84","-12.45","INTER BANK",NA,"Jessica",4199.79,2018-09-27 07:00:00,"F",21,NA,NA,39,"46f97df6054b4ac886e9239b7146ff60","CUS-325142416",NA,NA,"debit","Thu","09:00:00","09","September"
"7422","authorized","1","ACC-3879258709","143.83","-37.66","POS","6c12fd89-f5b3-4b16-84fe-ffe384d9954b","Natasha",199550.2,2018-09-27 07:00:00,"F",40,"Kinglake West","VIC",48.45,"aec53c1036fb40f18c0a1afbfba34407","CUS-527400765","145.27","-37.48","debit","Thu","09:02:14","09","September"
"7423","authorized","1","ACC-2890243754","153.32","-27.93","SALES-POS","ee789377-3783-4757-968a-2e3726fc057e","Joseph",3838.34,2018-09-27 07:00:00,"M",37,"Aratula","QLD",16.8,"f5737d78503e47bea226f0e3dff4411d","CUS-2695611575","152.55","-27.98","debit","Thu","09:06:14","09","September"
"7424","authorized","1","ACC-964839203","146.92","-36.07","POS","3d720674-7197-4717-970e-77f5c813e81b","Michael",36060.91,2018-09-27 07:00:00,"M",21,"Mentone","VIC",24.13,"dc3b064a423f40adb85d9e8eadbf64e2","CUS-2059096722","145.07","-37.98","debit","Thu","09:10:14","09","September"
"7425","authorized","1","ACC-3485804958","138.52","-35.01","POS","e6dd1c40-9574-4d2f-a6ce-9f7528b339d0","Jessica",25944.66,2018-09-27 07:00:00,"F",34,"Wagga Wagga","NSW",14.18,"ab7e902a7f404ea8a29ce481ad8b8692","CUS-1196156254","147.36","-35.11","debit","Thu","09:14:14","09","September"
"7426","authorized","1","ACC-3481401842","115.74","-31.72","SALES-POS","b7c8aa4f-d59d-4753-8aee-7689974e9107","Tiffany",5333.1,2018-09-27 07:00:00,"F",25,"Greenwood","WA",25.65,"083f8d3885a34c2faf45b237488acba8","CUS-1669695324","115.82","-31.83","debit","Thu","09:18:14","09","September"
"7427","authorized","1","ACC-4065652575","115.81","-31.82","SALES-POS","7d7894ed-9057-438e-bd74-8eeb66adeb80","Lucas",8991.02,2018-09-27 07:00:00,"M",21,"Fremantle","WA",7.14,"d168952cd16c45058a3c191eb106b26b","CUS-1117979751","115.74","-32.06","debit","Thu","09:22:14","09","September"
"7428","authorized","1","ACC-964839203","146.92","-36.07","SALES-POS","6bdb40f3-1779-4450-9969-badfb4ee02f4","Michael",36055.18,2018-09-27 07:00:00,"M",21,"Trafalgar","VIC",5.73,"eb7b746d20424522b68697fb2c66f994","CUS-2059096722","146.15","-38.21","debit","Thu","09:26:14","09","September"
"7429","authorized","1","ACC-2107684084","145.03","-37.88","POS","42ce0544-f77c-497b-b7f9-71a2d91530cb","Richard",6936.12,2018-09-27 07:00:00,"M",22,"South Melbourne","VIC",9.89,"e59749265c094b36a75b9c4917d7b20c","CUS-2283904812","144.97","-37.84","debit","Thu","09:30:14","09","September"
"7430","authorized","0","ACC-3100725361","145.73","-17.03","SALES-POS","253b63e9-4644-4eff-bfb2-12b5edb999ae","Ronald",6099.72,2018-09-27 07:00:00,"M",25,"Mascot","NSW",11.85,"1afcc9213b144ee8bec4b90b4eb69a3b","CUS-2178051368","151.17","-33.93","debit","Thu","09:34:14","09","September"
"7431","authorized","1","ACC-3481401842","115.74","-31.72","POS","f8dcccf4-6ce1-4e04-94de-8390572e59e4","Tiffany",5315.6,2018-09-27 07:00:00,"F",25,"Innaloo","WA",17.5,"f024e539d9184e27a13d2380e88de540","CUS-1669695324","115.8","-31.9","debit","Thu","09:38:14","09","September"
"7432","authorized","1","ACC-1710017148","150.82","-34.01","SALES-POS","b54a7f4e-74ac-4e5c-a784-013898ec4461","Michelle",11267.53,2018-09-27 07:00:00,"F",19,"Melbourne","VIC",81.77,"1a7a55dfe3f84f8fafdcc1da52dca4cb","CUS-883482547","144.97","-37.82","debit","Thu","09:42:14","09","September"
"7433","authorized","1","ACC-3481401842","115.74","-31.72","SALES-POS","6c84c219-96ea-4c6f-9de5-0a28bcaec62f","Tiffany",5292.08,2018-09-27 07:00:00,"F",25,"Rainbow Flat","NSW",23.52,"90664545bc814711b7fe081b713f118f","CUS-1669695324","152.47","-32.01","debit","Thu","09:46:14","09","September"
"7434","authorized","0","ACC-1710017148","150.82","-34.01","POS","33ff13ea-0ed5-4c31-8f43-d30c9dbabb0d","Michelle",11255.91,2018-09-27 07:00:00,"F",19,"Avalon Beach","NSW",11.62,"fc57347ceb7f43ae8f7bde1e450ad7be","CUS-883482547","151.33","-33.64","debit","Thu","09:50:14","09","September"
"7435","authorized","1","ACC-1598451071","153.41","-27.95","POS","c41ce215-6d2f-45d2-a6a0-e342bb6e8f4e","Diana",3346.79,2018-09-27 07:00:00,"F",26,"Broadbeach","QLD",11.28,"71e5eea7b3a448db89241f1c7cb31ded","CUS-2487424745","153.42","-28.04","debit","Thu","09:54:14","09","September"
"7436","authorized","1","ACC-3481401842","115.74","-31.72","POS","e8e3598a-d91c-4aab-ae01-61196aa23bc5","Tiffany",5268.28,2018-09-27 07:00:00,"F",25,"Ellenbrook","WA",23.8,"e06dc835fb5d48c3baddb3296e058f0e","CUS-1669695324","115.97","-31.78","debit","Thu","09:58:14","09","September"
"7437","posted",NA,"ACC-182446574","116.06","-32.00","PAYMENT",NA,"Tonya",5912.23,2018-09-27 07:00:00,"F",27,NA,NA,194,"735889e8eaed4d42aaff32e616edead9","CUS-3026014945",NA,NA,"debit","Thu","10:00:00","10","September"
"7438","authorized","1","ACC-3879258709","143.83","-37.66","SALES-POS","a03db1e2-6e3e-408b-a023-355149eaaf18","Natasha",199513.6,2018-09-27 07:00:00,"F",40,"Croydon","VIC",36.6,"6dbfade49f2f42ea89710447cf19924b","CUS-527400765","145.28","-37.79","debit","Thu","10:08:53","10","September"
"7439","authorized","1","ACC-1222300524","151.23","-33.94","POS","bc1d521f-0e20-483f-84b1-0462893ab4e9","Michael",1073.46,2018-09-27 07:00:00,"M",38,"Miller","NSW",6.25,"ded94d63051d4ff68c07791c69176737","CUS-2142601169","150.88","-33.92","debit","Thu","10:24:45","10","September"
"7440","authorized","1","ACC-1710017148","150.82","-34.01","POS","f100251b-1046-4162-b7b8-14a327543351","Michelle",11245.25,2018-09-27 07:00:00,"F",19,"Vineyard","NSW",10.66,"7dbc2f8d0c5e4693a0dbfd4d27737dda","CUS-883482547","150.84","-33.63","debit","Thu","10:40:38","10","September"
"7441","authorized","0","ACC-2920611728","144.96","-37.76","POS","7bf90658-0064-4e02-90be-e3133d3494b9","Tyler",7656.08,2018-09-27 07:00:00,"M",69,"Malvern","VIC",37.66,"4b5ae7ee8ec146e8b6fd903d1af7eb4e","CUS-1388323263","145.03","-37.87","debit","Thu","10:56:30","10","September"
"7442","posted",NA,"ACC-3541460373","145.00","-37.83","PAYMENT",NA,"Jeffrey",4125.23,2018-09-27 07:00:00,"M",24,NA,NA,41,"9380617979e84f6985763ed4283375b5","CUS-1433879684",NA,NA,"debit","Thu","11:00:00","11","September"
"7443","posted",NA,"ACC-4163822186","149.03","-34.97","PAY/SALARY",NA,"Karen",8904.93,2018-09-27 07:00:00,"F",26,NA,NA,920.71,"c91a06f0a50e4fd8857247c0e3638d54","CUS-2630892467",NA,NA,"credit","Thu","11:00:00","11","September"
"7444","posted",NA,"ACC-1608363396","151.22","-33.87","INTER BANK",NA,"Robert",6965.29,2018-09-27 07:00:00,"M",20,NA,NA,24,"e3c09fc7e2a94317bbe074f7b9d79c23","CUS-2688605418",NA,NA,"debit","Thu","11:00:00","11","September"
"7445","posted",NA,"ACC-2650850707","148.16","-23.52","INTER BANK",NA,"Brian",112443.71,2018-09-27 07:00:00,"M",42,NA,NA,197,"21a5966087b34c5ba8de23a4bde7981d","CUS-2819545904",NA,NA,"debit","Thu","11:00:00","11","September"
"7446","posted",NA,"ACC-3954677887","115.72","-32.28","PAYMENT",NA,"Ruth",5139.6,2018-09-27 07:00:00,"F",47,NA,NA,46,"f77eb90a71a743cf956f34e5ca8b8fec","CUS-3716701010",NA,NA,"debit","Thu","11:00:00","11","September"
"7447","authorized","1","ACC-3481401842","115.74","-31.72","POS","952e524e-2fd0-4825-af12-d09b52665f8b","Tiffany",5230.99,2018-09-27 07:00:00,"F",25,"Kallaroo","WA",37.29,"1c9f0cec890444448b8b237b0690f7c5","CUS-1669695324","115.75","-31.8","debit","Thu","11:06:43","11","September"
"7448","authorized","1","ACC-1598451071","153.41","-27.95","SALES-POS","5c978d97-ab41-45bc-bff0-84fa7090166a","Diana",3336.87,2018-09-27 07:00:00,"F",26,"Surfers Paradise","QLD",9.92,"5ccd167195f842aaa16fdcc75c6a5208","CUS-2487424745","153.43","-28.02","debit","Thu","11:15:20","11","September"
"7449","authorized","1","ACC-2153562714","116.00","-31.88","POS","9003ed2b-710e-46a7-abc2-5faecc41a2d5","Linda",6811.92,2018-09-27 07:00:00,"F",24,"Claremont","WA",11.82,"662b40dfb19c4617bc4d19891cde56af","CUS-423725039","115.79","-31.99","debit","Thu","11:23:57","11","September"
"7450","authorized","0","ACC-90814749","151.68","-32.98","POS","41d52afd-3bd3-4d29-bc43-93df414b0f1f","Christopher",9851.5,2018-09-27 07:00:00,"M",35,"Hexham","NSW",17.78,"179d1bac63584dbb8d61c258d5698b52","CUS-1896554896","151.69","-32.85","debit","Thu","11:32:35","11","September"
"7451","authorized","1","ACC-1222300524","151.23","-33.94","SALES-POS","b9510d80-80d9-4fe5-b712-523881bfff75","Michael",1061.9,2018-09-27 07:00:00,"M",38,"Busselton","WA",11.56,"1686b90470f74548b7d5cb6ab64486f3","CUS-2142601169","115.34","-33.65","debit","Thu","11:41:12","11","September"
"7452","authorized","1","ACC-3541460373","145.00","-37.83","POS","5941e390-ce05-4d4e-b6ca-659b64f430b9","Jeffrey",4166.23,2018-09-27 07:00:00,"M",24,"Montrose","VIC",32.09,"8bc04ceb66ad405b831a211ed05d0963","CUS-1433879684","145.34","-37.81","debit","Thu","11:49:49","11","September"
"7453","authorized","1","ACC-602667573","151.23","-33.96","POS","04f6fd28-3bc9-430b-8c6c-c55d5e74fcc2","Michael",15121.33,2018-09-27 07:00:00,"M",40,"Wentworthville","NSW",51.27,"06707e9810434f9c9bf47e24427f4eb6","CUS-2031327464","150.97","-33.81","debit","Thu","11:58:26","11","September"
"7454","posted",NA,"ACC-721712940","145.09","-37.82","PAY/SALARY",NA,"Andrew",55854.48,2018-09-27 07:00:00,"M",78,NA,NA,782.42,"5a5c54c464124b2d9dc29616e8cb1aeb","CUS-1646183815",NA,NA,"credit","Thu","12:00:00","12","September"
"7455","posted",NA,"ACC-1349834573","145.17","-37.84","PAYMENT",NA,"Matthew",14427.66,2018-09-27 07:00:00,"M",39,NA,NA,81,"b5a65a444ff6481fb7ba1f018c3ba4b5","CUS-1790886359",NA,NA,"debit","Thu","12:00:00","12","September"
"7456","posted",NA,"ACC-3879258709","143.83","-37.66","PHONE BANK",NA,"Natasha",199413.68,2018-09-27 07:00:00,"F",40,NA,NA,41,"7ba458efb30b4497bd31cbe4f924c7e5","CUS-527400765",NA,NA,"debit","Thu","12:00:00","12","September"
"7457","posted",NA,"ACC-966140392","147.08","-37.97","PAYMENT",NA,"Joseph",6525.22,2018-09-27 07:00:00,"M",21,NA,NA,35,"0ae1432f3ae74278a6cfd8f94ee90eb4","CUS-537508723",NA,NA,"debit","Thu","12:00:00","12","September"
"7458","authorized","0","ACC-819621312","145.04","-37.85","POS","81fe1636-2edb-4a2f-ae93-3d375027047b","Michele",7323.19,2018-09-27 07:00:00,"F",30,"Chirnside Park","VIC",13.44,"a2aae6cc444346c4977ef5d6021fc898","CUS-1271030853","145.31","-37.76","debit","Thu","12:14:38","12","September"
"7459","authorized","1","ACC-819621312","145.04","-37.85","POS","e6389142-a34c-4515-b2bf-1adb67d12aee","Michele",7260.28,2018-09-27 07:00:00,"F",30,"Elsternwick","VIC",62.91,"52d2c60e6260433ba4525f978ac18e94","CUS-1271030853","145","-37.89","debit","Thu","12:32:29","12","September"
"7460","authorized","1","ACC-3879258709","143.83","-37.66","SALES-POS","a46906c1-9d2d-498d-8f9a-ba9b448b583d","Natasha",199454.68,2018-09-27 07:00:00,"F",40,"Sydney","NSW",58.92,"f11b3d913f394e51909bf704a30d197b","CUS-527400765","151.21","-33.87","debit","Thu","12:50:21","12","September"
"7461","posted",NA,"ACC-2107684084","145.03","-37.88","PAY/SALARY",NA,"Richard",9154.85,2018-09-27 07:00:00,"M",22,NA,NA,2218.73,"11a21b84559e432595323cb3f3a41b59","CUS-2283904812",NA,NA,"credit","Thu","13:00:00","13","September"
"7462","posted",NA,"ACC-4274272854","145.23","-37.86","PAYMENT",NA,"Timothy",7109.62,2018-09-27 07:00:00,"M",20,NA,NA,15,"7b1925d0fb7d457fab29c308d3eed511","CUS-2484453271",NA,NA,"debit","Thu","13:00:00","13","September"
"7463","posted",NA,"ACC-4059612845","130.98","-12.49","PAYMENT",NA,"Jonathan",59175.39,2018-09-27 07:00:00,"M",38,NA,NA,198,"be3b6ecbe74c463e9509d843559e82c4","CUS-495599312",NA,NA,"debit","Thu","13:00:00","13","September"
"7464","authorized","1","ACC-3827517394","151.12","-33.89","SALES-POS","e4926391-0c44-4a02-9c75-84ec852b07d3","Craig",42340.7,2018-09-27 07:00:00,"M",28,"Eastgardens","NSW",10.13,"1c28bc96e1b04c6d9b7443c9614ee09f","CUS-2663907001","151.22","-33.94","debit","Thu","13:08:40","13","September"
"7465","authorized","1","ACC-1199531521","116.02","-31.87","SALES-POS","3ff6d55a-6d2f-4c60-89b1-0129e0a53ae1","Billy",10792.34,2018-09-27 07:00:00,"M",52,"Fremantle","WA",14.03,"c2b973d35a88484896139bc1c17b6b50","CUS-134833760","115.75","-32.05","debit","Thu","13:27:32","13","September"
"7466","authorized","1","ACC-958000567","130.90","-12.37","SALES-POS","e3956228-a9fc-4fae-b2ef-9cab5926c660","Sandra",7973.06,2018-09-27 07:00:00,"F",34,"Preston","VIC",58.19,"fad473ccb4694b768da99fdf7d8631dd","CUS-4142663097","145.02","-37.75","debit","Thu","13:46:24","13","September"
"7467","posted",NA,"ACC-1349834573","145.17","-37.84","PAYMENT",NA,"Matthew",14367.66,2018-09-27 07:00:00,"M",39,NA,NA,60,"c93bcc2012214c6aa469dbc721e8438a","CUS-1790886359",NA,NA,"debit","Thu","14:00:00","14","September"
"7468","posted",NA,"ACC-1334819143","145.13","-37.70","INTER BANK",NA,"Christopher",64289.53,2018-09-27 07:00:00,"M",33,NA,NA,157,"0441124ad4fd48dca1afabb3c196b2c4","CUS-3117610635",NA,NA,"debit","Thu","14:00:00","14","September"
"7469","posted",NA,"ACC-2897221629","150.90","-34.37","PAYMENT",NA,"Scott",5631.61,2018-09-27 07:00:00,"M",23,NA,NA,165,"eade8664158c4fc79ca6e61246e24341","CUS-511326734",NA,NA,"debit","Thu","14:00:00","14","September"
"7470","posted",NA,"ACC-1903037542","153.05","-27.61","PAY/SALARY",NA,"Jeffrey",4589.35,2018-09-27 07:00:00,"M",30,NA,NA,1808.62,"d847a0a209b147c79573fd7945f8771e","CUS-860700529",NA,NA,"credit","Thu","14:00:00","14","September"
"7471","authorized","0","ACC-3100725361","145.73","-17.03","SALES-POS","6f011cc2-81ac-40f1-a8ed-2d2b127385a7","Ronald",6092.41,2018-09-27 07:00:00,"M",25,"Saint Albans","VIC",7.31,"1d99982883eb4f5e912f251e9d819793","CUS-2178051368","144.8","-37.74","debit","Thu","14:02:38","14","September"
"7472","authorized","1","ACC-3541460373","145.00","-37.83","SALES-POS","c287e5be-17a3-49ad-80ef-3bd295033671","Jeffrey",4054.74,2018-09-27 07:00:00,"M",24,"Golden Point","VIC",70.49,"32d5867464df4730a6b3af440f6da014","CUS-1433879684","143.87","-37.58","debit","Thu","14:12:04","14","September"
"7473","authorized","1","ACC-1903037542","153.05","-27.61","POS","ca39f74c-0ca5-4c53-95fe-5059aba85479","Jeffrey",2793.17,2018-09-27 07:00:00,"M",30,"Newstead","QLD",15.23,"370ecf0263fb4a31be2446945885db33","CUS-860700529","153.04","-27.45","debit","Thu","14:21:30","14","September"
"7474","authorized","1","ACC-602667573","151.23","-33.96","SALES-POS","806f2063-1850-48d7-88b9-7e89a8300ae1","Michael",15111.83,2018-09-27 07:00:00,"M",40,"West Ryde","NSW",9.5,"2588b3427f8f4a04a5376fe57de0f3da","CUS-2031327464","151.09","-33.81","debit","Thu","14:30:56","14","September"
"7475","authorized","0","ACC-240804743","121.48","-30.75","SALES-POS","bc0c2a50-9134-47da-bbab-0dd01f39fe6c","Kenneth",14879.06,2018-09-27 07:00:00,"M",29,"Kalgoorlie","WA",8.27,"7891c7d65d054d138a1f1fa9c6f5663d","CUS-261674136","121.47","-30.75","debit","Thu","14:40:22","14","September"
"7476","authorized","1","ACC-1598451071","153.41","-27.95","SALES-POS","a9bb0017-0584-442d-b2c3-12e1cf00cfc4","Diana",3318.36,2018-09-27 07:00:00,"F",26,"Miami","QLD",18.51,"a2004279ce3a4bca8cabbef91a1228de","CUS-2487424745","153.44","-28.07","debit","Thu","14:49:48","14","September"
"7477","authorized","1","ACC-1903037542","153.05","-27.61","POS","bfb6a27c-139c-4728-9be7-d1b68e430cb2","Jeffrey",2780.73,2018-09-27 07:00:00,"M",30,"Brisbane City","QLD",12.44,"a12f320ceb264497a0fcba99b0290d01","CUS-860700529","153.03","-27.47","debit","Thu","14:59:14","14","September"
"7478","posted",NA,"ACC-2988263882","145.18","-37.90","PAY/SALARY",NA,"Michael",6317.51,2018-09-27 07:00:00,"M",44,NA,NA,596.33,"05c7a76eb9a443a199c675713c66a63d","CUS-1233833708",NA,NA,"credit","Thu","15:00:00","15","September"
"7479","posted",NA,"ACC-1037050564","153.10","-27.66","PAYMENT",NA,"Rhonda",4049.97,2018-09-27 07:00:00,"F",40,NA,NA,33,"2f7336b81b074a82825964fbc00918de","CUS-1614226872",NA,NA,"debit","Thu","15:00:00","15","September"
"7480","posted",NA,"ACC-2970114956","144.89","-37.69","PAY/SALARY",NA,"Robert",10367.22,2018-09-27 07:00:00,"M",26,NA,NA,1433.98,"1bf56867696a4d9fbc2cdb239fdedf1a","CUS-880898248",NA,NA,"credit","Thu","15:00:00","15","September"
"7481","authorized","1","ACC-1516130869","130.84","-12.45","SALES-POS","ea214ee8-d5c0-4f98-aefb-c568c2e0ba46","Jessica",4192.72,2018-09-27 07:00:00,"F",21,"Berrimah","NT",7.07,"52b84e7d87af4a3dbab31bccd2e48184","CUS-325142416","130.92","-12.44","debit","Thu","15:08:12","15","September"
"7482","authorized","1","ACC-1222300524","151.23","-33.94","SALES-POS","c54e03a8-bd5e-482e-b152-309c4471f5fc","Michael",1052.84,2018-09-27 07:00:00,"M",38,"Mascot","NSW",9.06,"84f968b068c34a0ba60abc207db7f083","CUS-2142601169","151.2","-33.93","debit","Thu","15:17:08","15","September"
"7483","authorized","1","ACC-1334819143","145.13","-37.70","SALES-POS","7af41c2c-b789-47c0-a098-b7c8fbcaf66f","Christopher",64267.32,2018-09-27 07:00:00,"M",33,"Melbourne","VIC",22.21,"4bf20313e2e848e990a68d527e2f8f9f","CUS-3117610635","144.96","-37.81","debit","Thu","15:26:04","15","September"
"7484","authorized","1","ACC-1903037542","153.05","-27.61","SALES-POS","7dce2f07-e937-432e-9c55-a83ba0a88bce","Jeffrey",4568.49,2018-09-27 07:00:00,"M",30,"Robina","QLD",20.86,"3279779cf37a47df9a8e8b0ece36cad9","CUS-860700529","153.39","-28.09","debit","Thu","15:34:59","15","September"
"7485","authorized","1","ACC-354106658","151.04","-33.80","POS","96da8d6a-6e81-4c00-9972-957ccae5be3d","Christine",14722.09,2018-09-27 07:00:00,"F",39,"Hunters Hill","NSW",55.34,"5a8f66e2b6d148f5836885a051bc4897","CUS-2376382098","151.14","-33.83","debit","Thu","15:43:55","15","September"
"7486","authorized","1","ACC-964839203","146.92","-36.07","SALES-POS","436b4b33-23a6-4345-bc8d-978601b3a739","Michael",36031.1,2018-09-27 07:00:00,"M",21,"Norlane","VIC",24.08,"5de80ede38fa4ae9a1d216d493d2a958","CUS-2059096722","144.35","-38.1","debit","Thu","15:52:51","15","September"
"7487","posted",NA,"ACC-414431115","142.77","-37.06","PAY/SALARY",NA,"Amy",4824.83,2018-09-27 07:00:00,"F",43,NA,NA,1630.36,"c5c82f9db9e148688cbd086d64bcf5e7","CUS-2599279756",NA,NA,"credit","Thu","16:00:00","16","September"
"7488","posted",NA,"ACC-3881031190","149.19","-21.15","PAY/SALARY",NA,"Richard",7728.84,2018-09-27 07:00:00,"M",37,NA,NA,916.75,"9402fe61b76d4a5dbab9fcb7955d2170","CUS-3201519139",NA,NA,"credit","Thu","16:00:00","16","September"
"7489","authorized","0","ACC-90814749","151.68","-32.98","SALES-POS","cc64c86b-30e3-4bed-ac9b-a1faa39946b2","Christopher",9791.03,2018-09-27 07:00:00,"M",35,"Narrogin","WA",60.47,"721c2780d08449b59d6ebca26e66d318","CUS-1896554896","117.18","-32.94","debit","Thu","16:03:30","16","September"
"7490","authorized","1","ACC-2673069055","152.99","-27.49","SALES-POS","df271e23-5dfa-4d26-9a47-ed2441cdee3a","Richard",17825.56,2018-09-27 07:00:00,"M",24,"Toowoomba City","QLD",7.71,"fd1fba2ee85f4971a06425050365335f","CUS-51506836","151.95","-27.56","debit","Thu","16:21:03","16","September"
"7491","authorized","1","ACC-3827517394","151.12","-33.89","SALES-POS","a4290b89-c491-4c39-97fe-f2ca8b33a0ba","Craig",42327,2018-09-27 07:00:00,"M",28,"Dee Why","NSW",13.7,"125ba29ab9bb4643b344d71444419c55","CUS-2663907001","151.29","-33.75","debit","Thu","16:38:35","16","September"
"7492","authorized","1","ACC-1279356312","144.79","-37.73","SALES-POS","72a1e656-d1fb-472c-9ea0-fadc0994b6b1","Tyler",8454.91,2018-09-27 07:00:00,"M",44,"Echuca","VIC",19.58,"c83d45e20755426bbeaa80e74645a2d7","CUS-1892177589","144.75","-36.14","debit","Thu","16:56:08","16","September"
"7493","posted",NA,"ACC-1523339231","115.83","-31.90","PAYMENT",NA,"Tim",69884.78,2018-09-27 07:00:00,"M",40,NA,NA,76,"6256b5f499b34a01bc74ce57a2d56b4e","CUS-1816693151",NA,NA,"debit","Thu","17:00:00","17","September"
"7494","posted",NA,"ACC-1279356312","144.79","-37.73","PAYMENT",NA,"Tyler",8439.91,2018-09-27 07:00:00,"M",44,NA,NA,15,"8d3c3650f8ae47958aca83f376e896bf","CUS-1892177589",NA,NA,"debit","Thu","17:00:00","17","September"
"7495","posted",NA,"ACC-2173390920","144.71","-37.58","PAYMENT",NA,"Luis",7888.24,2018-09-27 07:00:00,"M",27,NA,NA,29,"fa83b0174e65454d85245e0ecda87017","CUS-3180318393",NA,NA,"debit","Thu","17:00:00","17","September"
"7496","posted",NA,"ACC-1056639002","145.03","-37.91","PAY/SALARY",NA,"Michael",50843.14,2018-09-27 07:00:00,"M",22,NA,NA,3195.01,"0b818af153a94f0580e8d3b32b7d92da","CUS-3462882033",NA,NA,"credit","Thu","17:00:00","17","September"
"7497","posted",NA,"ACC-958000567","130.90","-12.37","PAYMENT",NA,"Sandra",7936.06,2018-09-27 07:00:00,"F",34,NA,NA,37,"8bb50c68c34148a3a282b740dd358a16","CUS-4142663097",NA,NA,"debit","Thu","17:00:00","17","September"
"7498","posted",NA,"ACC-53508546","150.62","-33.76","PAY/SALARY",NA,"Kimberly",5974.5,2018-09-27 07:00:00,"F",35,NA,NA,725.32,"0ae6376c67ad43619a46fd7582dd9be4","CUS-72755508",NA,NA,"credit","Thu","17:00:00","17","September"
"7499","authorized","0","ACC-1903037542","153.05","-27.61","SALES-POS","f2585ba4-8cb2-48af-a6fa-e0eba690d891","Jeffrey",4553.01,2018-09-27 07:00:00,"M",30,"Burswood","WA",15.48,"13e459c1fe8b424b830b745235e751dd","CUS-860700529","115.89","-31.95","debit","Thu","17:08:28","17","September"
"7500","authorized","1","ACC-964839203","146.92","-36.07","POS","dd91811c-6e00-4d2a-9356-7f04f1a7f020","Michael",36000.01,2018-09-27 07:00:00,"M",21,"Brighton","VIC",31.09,"acec2cd419a54a34bfc420336fd2bdf7","CUS-2059096722","144.99","-37.91","debit","Thu","17:19:20","17","September"
"7501","authorized","1","ACC-3485804958","138.52","-35.01","POS","b944f633-31bb-46ee-9bde-ca97ccaf3e18","Jessica",25898.96,2018-09-27 07:00:00,"F",34,"Elleker","WA",18.7,"b7e1176313934fb1a13b572eac19df1c","CUS-1196156254","117.72","-35.01","debit","Thu","17:30:13","17","September"
"7502","authorized","0","ACC-154431271","153.09","-27.48","SALES-POS","05d6d00b-d885-44de-b633-780f29f9d3c5","Lori",2067.15,2018-09-27 07:00:00,"F",18,"Wishart","QLD",11.63,"bc00565ffc014b798b6148f55b47bae5","CUS-3702001629","153.11","-27.55","debit","Thu","17:41:05","17","September"
"7503","authorized","1","ACC-182446574","116.06","-32.00","SALES-POS","6d8a8621-6a7a-4e0b-9bd3-299da15f03f7","Tonya",5874.48,2018-09-27 07:00:00,"F",27,"Booragoon","WA",37.75,"7f020140fafe497ea7cfbf3905f842b6","CUS-3026014945","115.84","-32.03","debit","Thu","17:51:57","17","September"
"7504","posted",NA,"ACC-588564840","151.27","-33.76","PAYMENT",NA,"Isaiah",17853.08,2018-09-27 07:00:00,"M",23,NA,NA,41,"e2f89b9f87ea4ebeab506a88b1648128","CUS-1462656821",NA,NA,"debit","Thu","18:00:00","18","September"
"7505","posted",NA,"ACC-1683215619","138.67","-34.86","PAYMENT",NA,"Barry",8322.89,2018-09-27 07:00:00,"M",38,NA,NA,49,"4b1bf9939a99490b968b4cf16127a986","CUS-1604596597",NA,NA,"debit","Thu","18:00:00","18","September"
"7506","posted",NA,"ACC-414431115","142.77","-37.06","PAYMENT",NA,"Amy",4635.83,2018-09-27 07:00:00,"F",43,NA,NA,189,"840388b7f42b4758a9dbbf17a1bac29f","CUS-2599279756",NA,NA,"debit","Thu","18:00:00","18","September"
"7507","posted",NA,"ACC-3879258709","143.83","-37.66","PAYMENT",NA,"Natasha",199392.68,2018-09-27 07:00:00,"F",40,NA,NA,21,"ff592c24f7ad4749bc9ed9f641e3402d","CUS-527400765",NA,NA,"debit","Thu","18:00:00","18","September"
"7508","authorized","1","ACC-154431271","153.09","-27.48","POS","eac8ac0c-17f2-482e-ae36-0d596d4a2a4a","Lori",2049.2,2018-09-27 07:00:00,"F",18,"Cleveland","QLD",17.95,"521ac6f6d4014a698b1c273ddaa01d6e","CUS-3702001629","153.27","-27.53","debit","Thu","18:06:11","18","September"
"7509","authorized","1","ACC-3541460373","145.00","-37.83","POS","55fd952f-fbc5-4a8f-bc54-dcf283b64e71","Jeffrey",4040.66,2018-09-27 07:00:00,"M",24,"Fitzroy North","VIC",14.08,"e9c4bc20efd749ecaea671cd0f90ba5e","CUS-1433879684","144.98","-37.78","debit","Thu","18:29:59","18","September"
"7510","authorized","1","ACC-3084464802","145.15","-37.76","POS","07801472-6840-4ca4-bbbe-0818899cc6c8","Susan",7438.8,2018-09-27 07:00:00,"F",19,"Footscray","VIC",21.32,"75c9682b9f294dbf92602ee6ee65b591","CUS-1928710999","144.91","-37.8","debit","Thu","18:53:48","18","September"
"7511","posted",NA,"ACC-1222300524","151.23","-33.94","PAYMENT",NA,"Michael",980.31,2018-09-27 07:00:00,"M",38,NA,NA,50,"e036d5b1edb34919a824c5c3155a55a1","CUS-2142601169",NA,NA,"debit","Thu","19:00:00","19","September"
"7512","posted",NA,"ACC-2014856841","144.99","-37.90","PAYMENT",NA,"Patrick",264404.11,2018-09-27 07:00:00,"M",46,NA,NA,50,"d2d8ca4bb20146f08fa5d6da006d3166","CUS-2370108457",NA,NA,"debit","Thu","19:00:00","19","September"
"7513","authorized","1","ACC-1222300524","151.23","-33.94","POS","34254520-3daa-49b5-8267-7f5499ed69a5","Michael",1030.31,2018-09-27 07:00:00,"M",38,"Greenacre","NSW",22.53,"9d3faf3ff2b746c5a3a99c6264cb023c","CUS-2142601169","151.06","-33.91","debit","Thu","19:07:15","19","September"
"7514","authorized","1","ACC-1279356312","144.79","-37.73","SALES-POS","09ab267b-6dcc-4420-a708-91cae4d02875","Tyler",8365.75,2018-09-27 07:00:00,"M",44,"Chirnside Park","VIC",74.16,"fe6b6eb9132b47dbaad86a08ac8d6eb5","CUS-1892177589","145.31","-37.76","debit","Thu","19:17:03","19","September"
"7515","authorized","0","ACC-574997646","150.79","-33.64","POS","1a0279b6-947e-43a0-886a-0a054184e85a","Mackenzie",3761.31,2018-09-27 07:00:00,"F",18,"Rouse Hill","NSW",14.53,"f17d691a08a84e739c0b7047fa354026","CUS-586638664","150.92","-33.69","debit","Thu","19:26:51","19","September"
"7516","authorized","1","ACC-3879258709","143.83","-37.66","POS","c92484c9-8c73-4cc8-b281-09e91c8f4c57","Natasha",199355.95,2018-09-27 07:00:00,"F",40,"Brunswick","VIC",36.73,"0d36ae51623d4762b95c5fa3298a0a81","CUS-527400765","144.96","-37.77","debit","Thu","19:36:39","19","September"
"7517","authorized","1","ACC-1279356312","144.79","-37.73","POS","1ee623ab-0446-4764-950f-1db9a02c3f27","Tyler",8346.83,2018-09-27 07:00:00,"M",44,"Essendon Fields","VIC",18.92,"01fca48646cb42c79c5c6cf79b743a3b","CUS-1892177589","144.91","-37.73","debit","Thu","19:46:28","19","September"
"7518","authorized","1","ACC-854938045","147.63","-22.84","SALES-POS","684e9848-c2e4-455b-8cf5-f209c4bb7db2","James",11529.29,2018-09-27 07:00:00,"M",28,"Richmond","TAS",34.76,"aca0e7d0b260492c8be0eb43e2dd9f65","CUS-4023861240","147.44","-42.74","debit","Thu","19:56:16","19","September"
"7519","posted",NA,"ACC-1279356312","144.79","-37.73","PAYMENT",NA,"Tyler",8108.42,2018-09-27 07:00:00,"M",44,NA,NA,41,"d9808a801f24486f9922137b28a521eb","CUS-1892177589",NA,NA,"debit","Thu","20:00:00","20","September"
"7520","authorized","1","ACC-2920611728","144.96","-37.76","POS","c87249d7-f123-4bfc-8928-9519b32d2bdb","Tyler",7642.73,2018-09-27 07:00:00,"M",69,"Clayton","VIC",13.35,"2405da0e5aa242fbb94a226f2cab4f22","CUS-1388323263","145.12","-37.9","debit","Thu","20:15:29","20","September"
"7521","authorized","1","ACC-1279356312","144.79","-37.73","POS","909424d1-936e-4438-b877-b1ffad297e22","Tyler",8149.42,2018-09-27 07:00:00,"M",44,"Ivanhoe","VIC",197.41,"ff7dbb06dbbd4d9ebe419317c77349f3","CUS-1892177589","145.04","-37.77","debit","Thu","20:40:29","20","September"
"7522","posted",NA,"ACC-854938045","147.63","-22.84","PHONE BANK",NA,"James",11471.29,2018-09-27 07:00:00,"M",28,NA,NA,58,"6dd8c2c5e8dc45189bb04e3ceba8a7c9","CUS-4023861240",NA,NA,"debit","Thu","21:00:00","21","September"
"7523","posted",NA,"ACC-958000567","130.90","-12.37","INTER BANK",NA,"Sandra",7784.06,2018-09-27 07:00:00,"F",34,NA,NA,152,"cb9c9af9888a48c5af842d002b38d092","CUS-4142663097",NA,NA,"debit","Thu","21:00:00","21","September"
"7524","authorized","1","ACC-1598451071","153.41","-27.95","SALES-POS","96597495-1fc0-496e-b131-e9667c9f72aa","Diana",3292.44,2018-09-27 07:00:00,"F",26,"Birkdale","QLD",25.92,"e0928ba9a56c4fd8997c76d2dcee8fe3","CUS-2487424745","153.22","-27.49","debit","Thu","21:03:14","21","September"
"7525","authorized","1","ACC-3485804958","138.52","-35.01","SALES-POS","6cf8968f-11f3-4599-ab02-f264bdb2e671","Jessica",25883.64,2018-09-27 07:00:00,"F",34,"Peterhead","SA",15.32,"7ab82290ef8a482d8bb8509fc911f53c","CUS-1196156254","138.5","-34.83","debit","Thu","21:17:56","21","September"
"7526","authorized","1","ACC-4258502723","145.45","-37.74","POS","313febcb-f3e7-457d-ad9e-fd70e82db047","Kimberly",4007.17,2018-09-27 07:00:00,"F",24,"Narre Warren South","VIC",5.61,"5541942ac4914960b51c726523485235","CUS-3378712515","145.3","-38.03","debit","Thu","21:32:38","21","September"
"7527","authorized","1","ACC-1279356312","144.79","-37.73","POS","bc7a1a4c-f2a2-4d78-8965-745bb569addb","Tyler",8089.06,2018-09-27 07:00:00,"M",44,"Hawthorn East","VIC",19.36,"74565c985b0c4d8d97afc4044cc0983d","CUS-1892177589","145.05","-37.83","debit","Thu","21:47:21","21","September"
"7528","posted",NA,"ACC-3741880913","150.50","-23.40","PAYMENT",NA,"Ashley",8209.33,2018-09-27 07:00:00,"F",25,NA,NA,32,"835a667f65b34f198b3459e73ac1dea9","CUS-1220154422",NA,NA,"debit","Thu","22:00:00","22","September"
"7529","posted",NA,"ACC-90814749","151.68","-32.98","PAYMENT",NA,"Christopher",9755.03,2018-09-27 07:00:00,"M",35,NA,NA,36,"a544be73964b4f48b608a6ae2db451ba","CUS-1896554896",NA,NA,"debit","Thu","22:00:00","22","September"
"7530","posted",NA,"ACC-2265520058","151.27","-33.85","PAYMENT",NA,"Catherine",4830.09,2018-09-27 07:00:00,"F",26,NA,NA,33,"b44756840af64d2bb3f0238f58a267d0","CUS-331942311",NA,NA,"debit","Thu","22:00:00","22","September"
"7531","authorized","0","ACC-3541460373","145.00","-37.83","SALES-POS","4ab378f4-0296-4703-b313-0ef9018d1f65","Jeffrey",3985.31,2018-09-27 07:00:00,"M",24,"Laverton","VIC",55.35,"310060abdc56426ba8a1ad7f6cd3e647","CUS-1433879684","144.76","-37.87","debit","Thu","22:02:17","22","September"
"7532","authorized","0","ACC-3084464802","145.15","-37.76","SALES-POS","d61d7ca9-e029-4516-90a9-f3c5a37348f0","Susan",7423.12,2018-09-27 07:00:00,"F",19,"Lilydale","VIC",15.68,"6822917c195b4c3a88801134b7a48f30","CUS-1928710999","145.36","-37.76","debit","Thu","22:18:41","22","September"
"7533","authorized","0","ACC-182446574","116.06","-32.00","SALES-POS","94b47426-4004-400b-b52e-a6918431670d","Tonya",5868.99,2018-09-27 07:00:00,"F",27,"Myaree","WA",5.49,"b0830fdd64564950992cc6a22674411c","CUS-3026014945","115.81","-32.05","debit","Thu","22:35:04","22","September"
"7534","authorized","1","ACC-3827517394","151.12","-33.89","SALES-POS","773e8382-8a90-4328-8d3e-38377a91d0a1","Craig",42314.81,2018-09-27 07:00:00,"M",28,"Mascot","NSW",12.19,"52a752faf191498fadec7450bbd772de","CUS-2663907001","151.17","-33.94","debit","Thu","22:51:28","22","September"
"7535","posted",NA,"ACC-1973887809","115.78","-31.90","PAYMENT",NA,"Antonio",7489.45,2018-09-27 07:00:00,"M",26,NA,NA,84,"9e709bc51cd844caabc224b258253adc","CUS-1646621553",NA,NA,"debit","Thu","23:00:00","23","September"
"7536","posted",NA,"ACC-354106658","151.04","-33.80","PAYMENT",NA,"Christine",14670.09,2018-09-27 07:00:00,"F",39,NA,NA,52,"1a8d9bbaea9a4a61a3f732867d4a9bed","CUS-2376382098",NA,NA,"debit","Thu","23:00:00","23","September"
"7537","posted",NA,"ACC-1334819143","145.13","-37.70","INTER BANK",NA,"Christopher",64208.32,2018-09-27 07:00:00,"M",33,NA,NA,59,"0ed40c484c5f4bfd8fe417d9b1ba7a65","CUS-3117610635",NA,NA,"debit","Thu","23:00:00","23","September"
"7538","posted",NA,"ACC-2259139624","144.66","-37.91","PAYMENT",NA,"Cindy",13943.84,2018-09-27 07:00:00,"F",19,NA,NA,88,"1c3654a2f1a94e079a6ba77ced21339f","CUS-3174332735",NA,NA,"debit","Thu","23:00:00","23","September"
"7539","posted",NA,"ACC-3881031190","149.19","-21.15","PAYMENT",NA,"Richard",7593.84,2018-09-27 07:00:00,"M",37,NA,NA,135,"d48f2f4036364c05a2118869108f905a","CUS-3201519139",NA,NA,"debit","Thu","23:00:00","23","September"
"7540","authorized","1","ACC-1598451071","153.41","-27.95","SALES-POS","b70eecd5-e205-4b88-a85d-839514a344da","Diana",3275.66,2018-09-27 07:00:00,"F",26,"Southport","QLD",16.78,"79a409da2df34618aa535ac4a5135e6d","CUS-2487424745","153.41","-27.98","debit","Thu","23:05:38","23","September"
"7541","authorized","1","ACC-854938045","147.63","-22.84","SALES-POS","a24bb055-ef5a-4930-8023-d3cd9a7b8ae7","James",11459.49,2018-09-27 07:00:00,"M",28,"Campbell Town","TAS",11.8,"db5865293d3d4d928844ca731207a2c6","CUS-4023861240","147.49","-41.93","debit","Thu","23:17:24","23","September"
"7542","authorized","1","ACC-1598451071","153.41","-27.95","POS","e1b3c433-30f3-401a-845b-6f88747e1078","Diana",3267.41,2018-09-27 07:00:00,"F",26,"Helensvale","QLD",8.25,"b1339e98f362409bbcb07e275fc9c41e","CUS-2487424745","153.32","-27.91","debit","Thu","23:29:10","23","September"
"7543","authorized","1","ACC-3481401842","115.74","-31.72","POS","77b930b1-1493-40f3-b90d-4c6ea273d856","Tiffany",5222.01,2018-09-27 07:00:00,"F",25,"Carine","WA",8.98,"e3ce9e17f4974bc59e71cd5d83a91202","CUS-1669695324","115.78","-31.85","debit","Thu","23:40:56","23","September"
"7544","authorized","1","ACC-3541460373","145.00","-37.83","POS","de40a78f-04af-4402-933c-4f192ad264bb","Jeffrey",3890.21,2018-09-27 07:00:00,"M",24,"Mitcham","VIC",95.1,"701f65886beb431fbbb1ced02a0beaf8","CUS-1433879684","145.19","-37.82","debit","Thu","23:52:42","23","September"
"7545","authorized","1","ACC-1279356312","144.79","-37.73","POS","c1c614b6-2790-4343-9dcf-f9bd736b2255","Tyler",8070.11,2018-09-28 07:00:00,"M",44,"Hamilton","VIC",18.95,"d9a36167696a4cc5bf140fd3c99272fb","CUS-1892177589","142.02","-37.74","debit","Fri","00:16:31","00","September"
"7546","authorized","1","ACC-1710017148","150.82","-34.01","SALES-POS","3716e385-33dd-4645-bd4d-6a6e42dcf6eb","Michelle",11208.72,2018-09-28 07:00:00,"F",19,"Busselton","WA",36.53,"fb5de5fb1b244c0b883c0edf144714ee","CUS-883482547","115.35","-33.65","debit","Fri","00:59:59","00","September"
"7547","authorized","0","ACC-3541460373","145.00","-37.83","SALES-POS","33c50690-dfde-45c6-8794-fbda0f3bae88","Jeffrey",3878.97,2018-09-28 07:00:00,"M",24,"Maribyrnong","VIC",11.24,"5b0e3b1858f645f89b7a7ad1c1363099","CUS-1433879684","144.89","-37.77","debit","Fri","01:19:59","01","September"
"7548","authorized","0","ACC-1279356312","144.79","-37.73","POS","3548afe8-7f2b-4fe3-9ece-bdf6b1398099","Tyler",8031.71,2018-09-28 07:00:00,"M",44,"Hammondville","NSW",38.4,"68e1dcb86b834ea592e7da484d588406","CUS-1892177589","150.96","-33.95","debit","Fri","01:39:59","01","September"
"7549","authorized","1","ACC-854938045","147.63","-22.84","POS","a214fc56-46ce-4b3e-9e0b-88a1e0b30166","James",11449.37,2018-09-28 07:00:00,"M",28,"Clayton","VIC",10.12,"9fcf8997e3cd473793d023f29b14feb6","CUS-4023861240","145.13","-37.91","debit","Fri","01:59:59","01","September"
"7550","posted",NA,"ACC-1349834573","145.17","-37.84","PAYMENT",NA,"Matthew",14285.66,2018-09-28 07:00:00,"M",39,NA,NA,82,"c5d2754fd0f5420db2e8eaab9cd4ffcc","CUS-1790886359",NA,NA,"debit","Fri","02:00:00","02","September"
"7551","authorized","1","ACC-3485804958","138.52","-35.01","SALES-POS","37a25201-df58-4243-bb29-09895061ec33","Jessica",25875.78,2018-09-28 07:00:00,"F",34,"Majura Park","ACT",7.86,"bc3367e5ede64cbba011a1ca8f1e6661","CUS-1196156254","149.19","-35.3","debit","Fri","02:27:46","02","September"
"7552","authorized","1","ACC-3771436525","145.04","-37.92","SALES-POS","e5821689-3704-4c9c-96e9-75dfe8ac0e55","Derek",4970.3,2018-09-28 07:00:00,"M",20,"Fitzroy","VIC",14.78,"e7b4e1c9301341aa8c984be868b8d802","CUS-3325710106","144.98","-37.8","debit","Fri","02:55:33","02","September"
"7553","posted",NA,"ACC-1683215619","138.67","-34.86","PAYMENT",NA,"Barry",8263.89,2018-09-28 07:00:00,"M",38,NA,NA,59,"6a57162929c149099f81c1fce98ede5d","CUS-1604596597",NA,NA,"debit","Fri","03:00:00","03","September"
"7554","posted",NA,"ACC-2673069055","152.99","-27.49","PAYMENT",NA,"Richard",17782.56,2018-09-28 07:00:00,"M",24,NA,NA,43,"7f26be210bb5438f86b8c05736a20588","CUS-51506836",NA,NA,"debit","Fri","03:00:00","03","September"
"7555","posted",NA,"ACC-1496451953","145.16","-37.84","PAYMENT",NA,"Ricky",15195.52,2018-09-28 07:00:00,"M",43,NA,NA,23,"e267db76341444dc85e7a1feae613741","CUS-3142625864",NA,NA,"debit","Fri","04:00:00","04","September"
"7556","posted",NA,"ACC-1710017148","150.82","-34.01","PAYMENT",NA,"Michelle",11168.72,2018-09-28 07:00:00,"F",19,NA,NA,40,"9be2380c0b364995b339b8a269d4964b","CUS-883482547",NA,NA,"debit","Fri","04:00:00","04","September"
"7557","authorized","1","ACC-1598451071","153.41","-27.95","POS","a5d2b1a8-57be-4f3b-90c5-6b0d08a6c5e9","Diana",3259.8,2018-09-28 07:00:00,"F",26,"Main Beach","QLD",7.61,"5775de1fe3d5484a96db6c3d0d61bb76","CUS-2487424745","153.43","-27.98","debit","Fri","04:08:44","04","September"
"7558","authorized","1","ACC-1598451071","153.41","-27.95","POS","db329e3a-807e-4476-9ad9-43611c4c73e2","Diana",3254.91,2018-09-28 07:00:00,"F",26,"Nerang","QLD",4.89,"9488f2a1350f4d4c9ce3ccad5562613e","CUS-2487424745","153.34","-28.01","debit","Fri","04:29:34","04","September"
"7559","authorized","1","ACC-1424176027","151.08","-33.93","POS","da8181d4-efb8-4c5f-a88a-0892c60a97d9","Donald",6923.07,2018-09-28 07:00:00,"M",22,"Silverwater","NSW",6.38,"d4e67c0aeea64928b3c53ab669339afa","CUS-3431016847","151.05","-33.83","debit","Fri","04:50:24","04","September"
"7560","posted",NA,"ACC-3827517394","151.12","-33.89","PAYMENT",NA,"Craig",42249.81,2018-09-28 07:00:00,"M",28,NA,NA,65,"28b32bdd5206429da79e331efa6fcd4c","CUS-2663907001",NA,NA,"debit","Fri","05:00:00","05","September"
"7561","posted",NA,"ACC-1516130869","130.84","-12.45","INTER BANK",NA,"Jessica",4019.72,2018-09-28 07:00:00,"F",21,NA,NA,173,"8dab41b9992e4849ae2e858523944962","CUS-325142416",NA,NA,"debit","Fri","05:00:00","05","September"
"7562","posted",NA,"ACC-3881031190","149.19","-21.15","INTER BANK",NA,"Richard",7445.84,2018-09-28 07:00:00,"M",37,NA,NA,148,"6d56e365f4da45bb9834564e9b99e495","CUS-3201519139",NA,NA,"debit","Fri","06:00:00","06","September"
"7563","posted",NA,"ACC-3941181087","115.79","-31.94","PAYMENT",NA,"Paul",9982.73,2018-09-28 07:00:00,"M",25,NA,NA,28,"e3322ca869dc4c58a9544bbce919364b","CUS-3989008654",NA,NA,"debit","Fri","06:00:00","06","September"
"7564","posted",NA,"ACC-1990648130","114.62","-28.80","PAYMENT",NA,"Kaitlyn",5564.74,2018-09-28 07:00:00,"F",21,NA,NA,28,"7b70ece323bd4e609dae191c336b5e3e","CUS-809013380",NA,NA,"debit","Fri","06:00:00","06","September"
"7565","posted",NA,"ACC-1710017148","150.82","-34.01","PAYMENT",NA,"Michelle",10988.14,2018-09-28 07:00:00,"F",19,NA,NA,160,"8a0adf975494454db7d19c1e74c3665c","CUS-883482547",NA,NA,"debit","Fri","06:00:00","06","September"
"7566","authorized","1","ACC-1710017148","150.82","-34.01","SALES-POS","efba50c6-c0fc-4a6c-85bb-a93c33fd0443","Michelle",11148.14,2018-09-28 07:00:00,"F",19,"Jannali","NSW",20.58,"0cc5884f9a5643d3aeb44426b6c741f2","CUS-883482547","151.07","-34.02","debit","Fri","06:03:59","06","September"
"7567","posted",NA,"ACC-1496451953","145.16","-37.84","PAYMENT",NA,"Ricky",15178.52,2018-09-28 07:00:00,"M",43,NA,NA,17,"e7ecf0ac69e7440db065a47de571dd53","CUS-3142625864",NA,NA,"debit","Fri","07:00:00","07","September"
"7568","authorized","1","ACC-1037050564","153.10","-27.66","SALES-POS","41fb71c5-8af3-4330-be97-11c7334b694f","Rhonda",4043.26,2018-09-28 07:00:00,"F",40,"Shelly Beach","QLD",6.71,"55ffa5a619e144cda18c091911b25deb","CUS-1614226872","153.15","-26.8","debit","Fri","07:05:42","07","September"
"7569","authorized","1","ACC-1710017148","150.82","-34.01","SALES-POS","b82483f8-57c4-4f6f-92ff-4f7b680495d2","Michelle",10971.65,2018-09-28 07:00:00,"F",19,"Busselton","WA",16.49,"9bed300ba9334567aec02ec4e1d5c9b1","CUS-883482547","115.34","-33.65","debit","Fri","07:41:25","07","September"
"7570","posted",NA,"ACC-3485804958","138.52","-35.01","PAYMENT",NA,"Jessica",25681.82,2018-09-28 07:00:00,"F",34,NA,NA,177,"b689730c2c2b4756bd6674d97b0cb96a","CUS-1196156254",NA,NA,"debit","Fri","08:00:00","08","September"
"7571","posted",NA,"ACC-3317636250","153.02","-27.66","PAYMENT",NA,"Kenneth",14243.73,2018-09-28 07:00:00,"M",35,NA,NA,93,"9cbe4c192ad74a2e9c6a8a41cec7c88d","CUS-2738291516",NA,NA,"debit","Fri","08:00:00","08","September"
"7572","authorized","1","ACC-1222300524","151.23","-33.94","SALES-POS","a1ca1b7e-a737-4fc8-b070-3e606f52c0d6","Michael",974.88,2018-09-28 07:00:00,"M",38,"Margaret River","WA",5.43,"171c240078c94773a8fcd0c55eb5bf97","CUS-2142601169","115.07","-33.95","debit","Fri","08:04:39","08","September"
"7573","authorized","1","ACC-854938045","147.63","-22.84","POS","42ade571-5972-4160-9ecb-e0162a305fee","James",11340.14,2018-09-28 07:00:00,"M",28,"Belrose","NSW",109.23,"b254a32af922473c959da636635ab28c","CUS-4023861240","151.21","-33.7","debit","Fri","08:14:22","08","September"
"7574","authorized","1","ACC-1334819143","145.13","-37.70","POS","c78493f7-fa00-484f-98f6-166b3969b1bc","Christopher",64171.17,2018-09-28 07:00:00,"M",33,"Hoppers Crossing","VIC",37.15,"b255406dce8c49e7aa2f513dccc2bfcd","CUS-3117610635","144.69","-37.86","debit","Fri","08:24:04","08","September"
"7575","authorized","1","ACC-1199531521","116.02","-31.87","POS","67a29937-53b9-493d-bcaa-5f8a7c651cd9","Billy",10765.3,2018-09-28 07:00:00,"M",52,"Innaloo","WA",27.04,"6f04b5ee028b41749ccb6ac5f6e1e031","CUS-134833760","115.79","-31.89","debit","Fri","08:33:47","08","September"
"7576","authorized","1","ACC-1598451071","153.41","-27.95","SALES-POS","4c06ba8a-d71c-439b-988c-3f5c305bd538","Diana",3238.18,2018-09-28 07:00:00,"F",26,"Enoggera","QLD",16.73,"e5fa4dc87a084d968d29c03c06bd6785","CUS-2487424745","152.99","-27.42","debit","Fri","08:43:29","08","September"
"7577","authorized","0","ACC-3485804958","138.52","-35.01","SALES-POS","2a87bd94-e8d2-4e41-9e05-d0d99505d414","Jessica",25858.82,2018-09-28 07:00:00,"F",34,"Albany","WA",16.96,"bb5a7190a4c24e8b9fcfea60050474d8","CUS-1196156254","117.88","-35.02","debit","Fri","08:53:12","08","September"
"7578","posted",NA,"ACC-2107684084","145.03","-37.88","PAYMENT",NA,"Richard",9048.85,2018-09-28 07:00:00,"M",22,NA,NA,106,"6f4993727de748bd9c98f45e3189b930","CUS-2283904812",NA,NA,"debit","Fri","09:00:00","09","September"
"7579","authorized","1","ACC-1598451071","153.41","-27.95","POS","7230b09a-e32b-4e1d-af1c-c8b4a587064f","Diana",3227.19,2018-09-28 07:00:00,"F",26,"Surfers Paradise","QLD",10.99,"e4c64de9260344348a07f8fb319293d8","CUS-2487424745","153.43","-28.01","debit","Fri","09:01:42","09","September"
"7580","authorized","1","ACC-1222300524","151.23","-33.94","POS","579e51c0-f568-47cc-93a3-b0764131af81","Michael",958.68,2018-09-28 07:00:00,"M",38,"Yagoona","NSW",16.2,"2d68ffdc05294fdbaa76026d1c378716","CUS-2142601169","151.04","-33.89","debit","Fri","09:07:23","09","September"
"7581","authorized","1","ACC-1598451071","153.41","-27.95","SALES-POS","6b6f922a-8f7b-4708-a8b8-4054423556da","Diana",3217.51,2018-09-28 07:00:00,"F",26,"Beaudesert","QLD",9.68,"65fffdb9adbf49e3ad02c7286c410595","CUS-2487424745","152.99","-27.98","debit","Fri","09:13:04","09","September"
"7582","authorized","1","ACC-3741880913","150.50","-23.40","SALES-POS","9e8bc335-17f4-45ea-80d1-998f2ab25873","Ashley",8154.07,2018-09-28 07:00:00,"F",25,"Park Avenue","QLD",55.26,"011326fd5b0d42e695082ecb0a24b074","CUS-1220154422","150.52","-23.35","debit","Fri","09:18:44","09","September"
"7583","authorized","1","ACC-3536132544","144.93","-37.79","POS","1cc1dabd-b5a0-4369-a85e-942e411eefcd","Heather",5573.31,2018-09-28 07:00:00,"F",41,"Epping","VIC",22.26,"dcc5ccd10d964729b0ba920af542e052","CUS-2348881191","145.02","-37.65","debit","Fri","09:24:25","09","September"
"7584","authorized","1","ACC-3827517394","151.12","-33.89","POS","b321f2b6-4936-4b53-881e-4f1852acd67c","Craig",42232.9,2018-09-28 07:00:00,"M",28,"Artarmon","NSW",16.91,"9d87c591d40a449da1ec1b2416f8c8af","CUS-2663907001","151.19","-33.82","debit","Fri","09:30:06","09","September"
"7585","authorized","1","ACC-1598451071","153.41","-27.95","SALES-POS","29389dcd-6b1a-43df-9fcd-165665b70f36","Diana",3211.8,2018-09-28 07:00:00,"F",26,"Upper Coomera","QLD",5.71,"ac8c6004d2c949bdba82dcd6936c9db0","CUS-2487424745","153.3","-27.85","debit","Fri","09:35:47","09","September"
"7586","authorized","1","ACC-3481401842","115.74","-31.72","SALES-POS","86c9064d-0486-4ca1-93d2-66d62243c1d0","Tiffany",5181.88,2018-09-28 07:00:00,"F",25,"Sydney Olympic Park","NSW",40.13,"a009962d464243a7b7394806f6704c8c","CUS-1669695324","151.07","-33.85","debit","Fri","09:41:28","09","September"
"7587","authorized","1","ACC-1496451953","145.16","-37.84","POS","5c2e34a0-39b2-437c-8d12-5efa90528e16","Ricky",15144.15,2018-09-28 07:00:00,"M",43,"Werribee","VIC",34.37,"e74f253b6fb24895a3d6b812c1d1550c","CUS-3142625864","144.66","-37.9","debit","Fri","09:47:09","09","September"
"7588","authorized","1","ACC-3689607373","115.79","-31.79","POS","af46b006-44d1-4a57-b83a-4c9d4e6f02d7","Virginia",6235.88,2018-09-28 07:00:00,"F",20,"Murrurundi","NSW",13.45,"e5fdf1295efa48dca88663612639c231","CUS-127297539","150.83","-31.76","debit","Fri","09:52:50","09","September"
"7589","authorized","0","ACC-1598451071","153.41","-27.95","POS","85ce7f6f-63f0-4a59-8e8b-b0353ee225a7","Diana",3205.59,2018-09-28 07:00:00,"F",26,"Biggera Waters","QLD",6.21,"8e07dae5a2bb44b78c52fdcb3c92aee7","CUS-2487424745","153.39","-27.93","debit","Fri","09:58:31","09","September"
"7590","posted",NA,"ACC-1334819143","145.13","-37.70","PAYMENT",NA,"Christopher",64121.17,2018-09-28 07:00:00,"M",33,NA,NA,50,"78c28eda9134415fb858e7e0a447a59c","CUS-3117610635",NA,NA,"debit","Fri","10:00:00","10","September"
"7591","authorized","1","ACC-1424176027","151.08","-33.93","SALES-POS","8a7abe86-6950-491c-a6c0-5e83e1e5fdbe","Donald",6877.02,2018-09-28 07:00:00,"M",22,"Eight Mile Plains","QLD",46.05,"ab450b4c122b467f9b8352d00e52fa98","CUS-3431016847","153.1","-27.59","debit","Fri","10:13:27","10","September"
"7592","authorized","1","ACC-1199531521","116.02","-31.87","SALES-POS","80f02371-f821-459f-8ad0-0f62a568c122","Billy",10732.15,2018-09-28 07:00:00,"M",52,"Maddington","WA",33.15,"f80a6d1cb712462fb4f00cd891b1707c","CUS-134833760","115.98","-32.05","debit","Fri","10:31:38","10","September"
"7593","authorized","1","ACC-1598451071","153.41","-27.95","POS","8a9715d5-d217-4dc4-949c-abacd9ba89b4","Diana",3198.7,2018-09-28 07:00:00,"F",26,"Biggera Waters","QLD",6.89,"52b78845ab5a4e29a5a273a5d40dc0d6","CUS-2487424745","153.39","-27.93","debit","Fri","10:49:49","10","September"
"7594","posted",NA,"ACC-1788473090","145.06","-37.95","INTER BANK",NA,"Rachael",6553.88,2018-09-28 07:00:00,"F",21,NA,NA,66,"6df9b8a1cd27466f88dc8d205fcfad29","CUS-134193016",NA,NA,"debit","Fri","11:00:00","11","September"
"7595","posted",NA,"ACC-3536132544","144.93","-37.79","PAYMENT",NA,"Heather",5540.31,2018-09-28 07:00:00,"F",41,NA,NA,33,"266e0a26400f4166a747a20b1901fcad","CUS-2348881191",NA,NA,"debit","Fri","11:00:00","11","September"
"7596","posted",NA,"ACC-414431115","142.77","-37.06","INTER BANK",NA,"Amy",4617.83,2018-09-28 07:00:00,"F",43,NA,NA,18,"48b63085063643368db7fc3561296af2","CUS-2599279756",NA,NA,"debit","Fri","11:00:00","11","September"
"7597","posted",NA,"ACC-38923874","151.27","-33.90","PAY/SALARY",NA,"Ryan",42501.36,2018-09-28 07:00:00,"M",38,NA,NA,1880.95,"0761283aa87f4f09b0a1779b195beafe","CUS-3249305314",NA,NA,"credit","Fri","11:00:00","11","September"
"7598","authorized","1","ACC-1199531521","116.02","-31.87","SALES-POS","5c09d618-0deb-466f-9ec3-7dad7778b9f0","Billy",10705.19,2018-09-28 07:00:00,"M",52,"Darwin City","NT",26.96,"545c1196c5d946a4893e1d1ad1d53396","CUS-134833760","130.84","-12.46","debit","Fri","11:03:08","11","September"
"7599","authorized","1","ACC-2890243754","153.32","-27.93","POS","134b5145-433e-4237-be72-7d8f950c8fe6","Joseph",3824.17,2018-09-28 07:00:00,"M",37,"South Brisbane","QLD",14.17,"9cc9ba08e57842fd92308b4f7f1e9cb3","CUS-2695611575","153.02","-27.48","debit","Fri","11:10:17","11","September"
"7600","authorized","1","ACC-3100725361","145.73","-17.03","SALES-POS","42cee44c-17c1-4d18-b32a-6a51e441a4c4","Ronald",6077.76,2018-09-28 07:00:00,"M",25,"Jerilderie","NSW",14.65,"044b12f218474f4a86642ed2e03616ea","CUS-2178051368","145.73","-35.36","debit","Fri","11:17:25","11","September"
"7601","authorized","1","ACC-1516130869","130.84","-12.45","POS","5fa60a42-096d-4d97-b830-fb70f449dd4a","Jessica",3967.72,2018-09-28 07:00:00,"F",21,"Birtinya","QLD",52,"4ea8f2567cda45b7b76131a4026841a9","CUS-325142416","153.13","-26.75","debit","Fri","11:24:34","11","September"
"7602","authorized","1","ACC-3741880913","150.50","-23.40","POS","b0b80e1c-896a-44ab-aa56-6969c36ebb7d","Ashley",8085.66,2018-09-28 07:00:00,"F",25,"Brisbane City","QLD",68.41,"9729dd84468d4666ace6c7e9b5017f0f","CUS-1220154422","153.02","-27.47","debit","Fri","11:31:42","11","September"
"7603","authorized","0","ACC-1424176027","151.08","-33.93","POS","68c05695-d552-4a40-b4a8-cc9f8d88b18f","Donald",6869.14,2018-09-28 07:00:00,"M",22,"Robertson","SA",7.88,"9d6de7035e824f598f98c5c24ddf6ea5","CUS-3431016847","139","-33.97","debit","Fri","11:38:51","11","September"
"7604","authorized","1","ACC-1598451071","153.41","-27.95","SALES-POS","9324b04d-49fb-4492-8800-fea833f8024a","Diana",3188.34,2018-09-28 07:00:00,"F",26,"Cannon Hill","QLD",10.36,"9f77ef1085124f14bd33ddfb1e44b8b8","CUS-2487424745","153.1","-27.47","debit","Fri","11:45:59","11","September"
"7605","authorized","1","ACC-2890243754","153.32","-27.93","SALES-POS","e7a45030-2dbf-44c5-bcb3-d0970bece74b","Joseph",3816.59,2018-09-28 07:00:00,"M",37,"Aratula","QLD",7.58,"7071ed64eb764b078ea9437f2d787dca","CUS-2695611575","152.55","-27.98","debit","Fri","11:53:08","11","September"
"7606","posted",NA,"ACC-3485804958","138.52","-35.01","PAYMENT",NA,"Jessica",25665.82,2018-09-28 07:00:00,"F",34,NA,NA,16,"01b29f3d22944045961d2245dc80ba9b","CUS-1196156254",NA,NA,"debit","Fri","12:00:00","12","September"
"7607","posted",NA,"ACC-3689607373","115.79","-31.79","PAY/SALARY",NA,"Virginia",7374.67,2018-09-28 07:00:00,"F",20,NA,NA,1138.79,"21d1c35b53f442ddbc376adf27118957","CUS-127297539",NA,NA,"credit","Fri","12:00:00","12","September"
"7608","posted",NA,"ACC-2920611728","144.96","-37.76","PAYMENT",NA,"Tyler",7475.73,2018-09-28 07:00:00,"M",69,NA,NA,167,"c5ce0d46932c415aa8d67b22049aec18","CUS-1388323263",NA,NA,"debit","Fri","12:00:00","12","September"
"7609","posted",NA,"ACC-2890243754","153.32","-27.93","PAY/SALARY",NA,"Joseph",4734.04,2018-09-28 07:00:00,"M",37,NA,NA,917.45,"f8e726b409a74e26bfe67b179f1d5268","CUS-2695611575",NA,NA,"credit","Fri","12:00:00","12","September"
"7610","authorized","1","ACC-1608363396","151.22","-33.87","SALES-POS","ce1e49bc-2086-478a-a945-7770f196651c","Robert",6951.04,2018-09-28 07:00:00,"M",20,"Old Guildford","NSW",14.25,"36342d3d208e495381c3982441c6cce5","CUS-2688605418","150.98","-33.87","debit","Fri","12:00:37","12","September"
"7611","authorized","1","ACC-1598451071","153.41","-27.95","POS","93a49bbd-78ee-4227-b5ed-13e6dc8dd1c4","Diana",3178.65,2018-09-28 07:00:00,"F",26,"Runaway Bay","QLD",9.69,"3858723a5a684458a1ee86c4c65c3e9e","CUS-2487424745","153.39","-27.91","debit","Fri","12:16:14","12","September"
"7612","authorized","1","ACC-1598451071","153.41","-27.95","POS","09a24c18-f441-4f5b-8b8c-22a5acf21cf3","Diana",3173.08,2018-09-28 07:00:00,"F",26,"Merrimac","QLD",5.57,"1761200953ce4e4387a6db36c014d5ce","CUS-2487424745","153.37","-28.05","debit","Fri","12:31:52","12","September"
"7613","authorized","1","ACC-602667573","151.23","-33.96","SALES-POS","0a38cb03-1115-4dfe-91e4-88da1e2f5437","Michael",15098.21,2018-09-28 07:00:00,"M",40,"Drummoyne","NSW",13.62,"db83c24bd4c440bb82a1278cc4785259","CUS-2031327464","151.16","-33.86","debit","Fri","12:47:29","12","September"
"7614","posted",NA,"ACC-1788473090","145.06","-37.95","PAY/SALARY",NA,"Rachael",8577.56,2018-09-28 07:00:00,"F",21,NA,NA,2023.68,"7805178f2d55475b98fe5d8bb4390e3a","CUS-134193016",NA,NA,"credit","Fri","13:00:00","13","September"
"7615","posted",NA,"ACC-1199531521","116.02","-31.87","PAY/SALARY",NA,"Billy",14490.97,2018-09-28 07:00:00,"M",52,NA,NA,3785.78,"d331c00099a5449195c41a0fc6324522","CUS-134833760",NA,NA,"credit","Fri","13:00:00","13","September"
"7616","posted",NA,"ACC-559365433","147.31","-42.88","PAY/SALARY",NA,"Mary",3583.69,2018-09-28 07:00:00,"F",64,NA,NA,576,"2730ecdebe0747e6a45f973adf843a91","CUS-1654129794",NA,NA,"credit","Fri","13:00:00","13","September"
"7617","posted",NA,"ACC-3481401842","115.74","-31.72","PAY/SALARY",NA,"Tiffany",6407.21,2018-09-28 07:00:00,"F",25,NA,NA,1225.33,"7944cd43721642ab86fc66416a1211f0","CUS-1669695324",NA,NA,"credit","Fri","13:00:00","13","September"
"7618","posted",NA,"ACC-2528867619","138.58","-34.96","PAY/SALARY",NA,"Abigail",14874.05,2018-09-28 07:00:00,"F",40,NA,NA,1946.57,"b3698c4da8dc48d1ac85e91e2eec3504","CUS-2505971401",NA,NA,"credit","Fri","13:00:00","13","September"
"7619","posted",NA,"ACC-3881031190","149.19","-21.15","PAYMENT",NA,"Richard",7248.84,2018-09-28 07:00:00,"M",37,NA,NA,197,"c8f4960b414b487fbde00df1b38ae1c1","CUS-3201519139",NA,NA,"debit","Fri","13:00:00","13","September"
"7620","posted",NA,"ACC-1516130869","130.84","-12.45","PAYMENT",NA,"Jessica",3938.72,2018-09-28 07:00:00,"F",21,NA,NA,29,"d053db4242fc4e63b625ca72c833cd70","CUS-325142416",NA,NA,"debit","Fri","13:00:00","13","September"
"7621","authorized","1","ACC-1598451071","153.41","-27.95","POS","b25a0dce-883e-47ab-8713-28de5f69de01","Diana",3164.3,2018-09-28 07:00:00,"F",26,"Surfers Paradise","QLD",8.78,"347ce5eec18446de9ab3f4ee2016e793","CUS-2487424745","153.43","-27.99","debit","Fri","13:03:30","13","September"
"7622","authorized","1","ACC-182446574","116.06","-32.00","POS","2b61c02f-02a3-4402-8074-53e6d20cc8f1","Tonya",5483.12,2018-09-28 07:00:00,"F",27,"Welshpool","WA",385.87,"ef55e996b7344f2b8a76fe581a8ea9a3","CUS-3026014945","115.93","-31.99","debit","Fri","13:21:03","13","September"
"7623","authorized","1","ACC-2890243754","153.32","-27.93","POS","2524fe8b-0b41-460d-b7d6-77fdba54657d","Joseph",4672.22,2018-09-28 07:00:00,"M",37,"Clontarf","NSW",61.82,"0066f275a5d34b28b1cd2d2801ffa67a","CUS-2695611575","151.26","-33.81","debit","Fri","13:38:35","13","September"
"7624","authorized","1","ACC-958000567","130.90","-12.37","POS","07c602fb-fa6c-45ae-805b-11b83c1b789a","Sandra",7702.68,2018-09-28 07:00:00,"F",34,"Casuarina","NT",81.38,"c3ade6a6cfca4f9b99444927ea4d9c17","CUS-4142663097","130.88","-12.37","debit","Fri","13:56:08","13","September"
"7625","posted",NA,"ACC-1344825761","151.09","-33.91","PAYMENT",NA,"Sarah",20911.75,2018-09-28 07:00:00,"F",46,NA,NA,22,"1ea1c386a76e43e3afd36643738e98b5","CUS-1499065773",NA,NA,"debit","Fri","14:00:00","14","September"
"7626","posted",NA,"ACC-1523339231","115.83","-31.90","PAYMENT",NA,"Tim",69844.78,2018-09-28 07:00:00,"M",40,NA,NA,40,"e9952bce82c34e5bb5c38253d8113aad","CUS-1816693151",NA,NA,"debit","Fri","14:00:00","14","September"
"7627","posted",NA,"ACC-2674800293","144.96","-37.69","PAY/SALARY",NA,"Elizabeth",28733.62,2018-09-28 07:00:00,"F",50,NA,NA,1436.98,"8c6ca247e4904071a9efe04a0c55a27b","CUS-2977593493",NA,NA,"credit","Fri","14:00:00","14","September"
"7628","authorized","1","ACC-182446574","116.06","-32.00","SALES-POS","46081d22-7d66-4666-8994-0a9082c0a5cb","Tonya",5461.23,2018-09-28 07:00:00,"F",27,"Eden Hill","WA",21.89,"cac0e95789684a50a8b88993da154887","CUS-3026014945","115.95","-31.89","debit","Fri","14:06:05","14","September"
"7629","authorized","1","ACC-3689607373","115.79","-31.79","POS","c305fe56-0346-4606-9fea-7dbac0d4a365","Virginia",7367.53,2018-09-28 07:00:00,"F",20,"Northbridge","WA",7.14,"07548620578841aa93d4c24ae660e25a","CUS-127297539","115.86","-31.95","debit","Fri","14:13:54","14","September"
"7630","authorized","1","ACC-3771436525","145.04","-37.92","SALES-POS","b080fff2-53e2-4e2d-b1d2-17f3fe5b5b2e","Derek",4923.39,2018-09-28 07:00:00,"M",20,"Broadmeadows","VIC",46.91,"e9b212fb3cf5456e9e54e8b444b9bb6d","CUS-3325710106","144.92","-37.68","debit","Fri","14:21:43","14","September"
"7631","authorized","1","ACC-1973887809","115.78","-31.90","POS","c258f1f4-fec1-415a-91bc-564063061631","Antonio",7469.71,2018-09-28 07:00:00,"M",26,"Wembley","WA",19.74,"98481a3aa5204c899d384380cc80a05c","CUS-1646621553","115.81","-31.94","debit","Fri","14:29:31","14","September"
"7632","authorized","1","ACC-3689607373","115.79","-31.79","SALES-POS","4ecd08bf-dade-41de-aa56-db153e08183d","Virginia",7354.65,2018-09-28 07:00:00,"F",20,"Innaloo","WA",12.88,"72f875a89ceb4cee8ad54dd35c5ecfc6","CUS-127297539","115.8","-31.9","debit","Fri","14:37:20","14","September"
"7633","authorized","1","ACC-574997646","150.79","-33.64","POS","80e34b41-0ab3-44d4-9c88-229bc25f1db0","Mackenzie",3734.58,2018-09-28 07:00:00,"F",18,"Revesby","NSW",26.73,"02a9432287984e64ac0e6f5b08652f30","CUS-586638664","151.01","-33.95","debit","Fri","14:45:09","14","September"
"7634","authorized","1","ACC-588564840","151.27","-33.76","POS","220fdde7-4fd3-4283-b607-d656dc178ee8","Isaiah",17825.5,2018-09-28 07:00:00,"M",23,"Marrickville","NSW",27.58,"b03c11c369c340379fcfc47886091021","CUS-1462656821","151.16","-33.91","debit","Fri","14:52:58","14","September"
"7635","posted",NA,"ACC-182446574","116.06","-32.00","PAY/SALARY",NA,"Tonya",8287.07,2018-09-28 07:00:00,"F",27,NA,NA,2840.15,"1cdcd3b0262f4b7e90d37da08415706f","CUS-3026014945",NA,NA,"credit","Fri","15:00:00","15","September"
"7636","authorized","1","ACC-1334819143","145.13","-37.70","SALES-POS","415420c9-e853-41de-8288-dcee1d4cc4ed","Christopher",64106.17,2018-09-28 07:00:00,"M",33,"East Melbourne","VIC",15,"e8064b94d54a4b868b85289ba7af6d9a","CUS-3117610635","144.98","-37.81","debit","Fri","15:00:59","15","September"
"7637","authorized","1","ACC-3100725361","145.73","-17.03","POS","393f08c4-f806-4415-b14f-bdb9030423d4","Ronald",6063.72,2018-09-28 07:00:00,"M",25,"Cairns City","QLD",14.04,"925b9f55a30f44d3b52bbd06ff2fbed7","CUS-2178051368","145.77","-16.93","debit","Fri","15:10:53","15","September"
"7638","authorized","1","ACC-1890605467","143.88","-37.66","POS","96699df4-8fe5-4120-a5df-30d5c87826be","Alexander",16270.81,2018-09-28 07:00:00,"M",38,"Sunbury","VIC",13.34,"b779203dd6be4b83bc6472f30abb34d7","CUS-1478398256","144.73","-37.58","debit","Fri","15:20:47","15","September"
"7639","authorized","1","ACC-1652235822","144.89","-37.81","SALES-POS","b04f283c-5807-4329-ad1d-a113d5f25bc1","Renee",20551.3,2018-09-28 07:00:00,"F",38,"Doncaster East","VIC",700.44,"e87513e0e9dc42f3ac692c915acbbfd5","CUS-2206365095","145.16","-37.79","debit","Fri","15:30:41","15","September"
"7640","authorized","1","ACC-182446574","116.06","-32.00","SALES-POS","c130a12f-4c13-44e4-9947-cbca5d64c7b0","Tonya",5446.92,2018-09-28 07:00:00,"F",27,"York","WA",14.31,"65ec9d69a13e438387cdc91025878593","CUS-3026014945","116.77","-31.89","debit","Fri","15:40:35","15","September"
"7641","authorized","1","ACC-1710017148","150.82","-34.01","SALES-POS","53f4150d-093a-458d-8339-581c9d233111","Michelle",10955.99,2018-09-28 07:00:00,"F",19,"Cherrybrook","NSW",15.66,"ce47478eddec44e79966e64e227b7e76","CUS-883482547","151.04","-33.72","debit","Fri","15:50:29","15","September"
"7642","posted",NA,"ACC-3741880913","150.50","-23.40","PAY/SALARY",NA,"Ashley",10368.02,2018-09-28 07:00:00,"F",25,NA,NA,2282.36,"207d411d82c44ead9fc49c4e4b363d50","CUS-1220154422",NA,NA,"credit","Fri","16:00:00","16","September"
"7643","posted",NA,"ACC-602667573","151.23","-33.96","PAYMENT",NA,"Michael",15057.21,2018-09-28 07:00:00,"M",40,NA,NA,41,"e93d22abb12845d99f4223078c39fe2d","CUS-2031327464",NA,NA,"debit","Fri","16:00:00","16","September"
"7644","posted",NA,"ACC-964839203","146.92","-36.07","PAY/SALARY",NA,"Michael",37560.21,2018-09-28 07:00:00,"M",21,NA,NA,1560.2,"e0a2bfcd459249fd877ae7f7e23230ca","CUS-2059096722",NA,NA,"credit","Fri","16:00:00","16","September"
"7645","posted",NA,"ACC-3827517394","151.12","-33.89","PAYMENT",NA,"Craig",42189.9,2018-09-28 07:00:00,"M",28,NA,NA,43,"1cc05af223ba47f1a8f3de9ae7b75888","CUS-2663907001",NA,NA,"debit","Fri","16:00:00","16","September"
"7646","posted",NA,"ACC-2153562714","116.00","-31.88","PAYMENT",NA,"Linda",6784.92,2018-09-28 07:00:00,"F",24,NA,NA,27,"79e1e46a6f084bf9bd652e399611deb6","CUS-423725039",NA,NA,"debit","Fri","16:00:00","16","September"
"7647","authorized","0","ACC-1222300524","151.23","-33.94","POS","dc7b49e7-2598-4e97-884d-953ee606ab1b","Michael",940.37,2018-09-28 07:00:00,"M",38,"Liverpool","NSW",18.31,"f7cbd52078064a48812d1814b59558c0","CUS-2142601169","150.92","-33.92","debit","Fri","16:00:39","16","September"
"7648","authorized","1","ACC-1056639002","145.03","-37.91","SALES-POS","557cc3f5-2b22-4999-bdb9-6395dceaf9b9","Michael",50833.05,2018-09-28 07:00:00,"M",22,"Richmond","VIC",10.09,"967a479356e443fb8c3b5c5bfd714532","CUS-3462882033","145","-37.83","debit","Fri","16:17:02","16","September"
"7649","authorized","0","ACC-1598451071","153.41","-27.95","POS","c962337e-85c0-45ff-b1a3-9c9128a46328","Diana",3151.85,2018-09-28 07:00:00,"F",26,"Varsity Lakes","QLD",12.45,"03222301b2be4d22be3fcd055ce87171","CUS-2487424745","153.42","-28.09","debit","Fri","16:33:26","16","September"
"7650","authorized","0","ACC-3485804958","138.52","-35.01","POS","9501a84e-7d76-474f-9d50-522a355e10e3","Jessica",25652.72,2018-09-28 07:00:00,"F",34,"Spencer Park","WA",13.1,"bbb560c02f494bb190b7fe83a5ba1185","CUS-1196156254","117.9","-35.01","debit","Fri","16:49:50","16","September"
"7651","posted",NA,"ACC-2828321672","153.03","-27.51","PAYMENT",NA,"Stephanie",5071.68,2018-09-28 07:00:00,"F",53,NA,NA,128,"78765e29708f4b3a8c4058198ee8698f","CUS-1005756958",NA,NA,"debit","Fri","17:00:00","17","September"
"7652","posted",NA,"ACC-1199531521","116.02","-31.87","PAYMENT",NA,"Billy",14397.97,2018-09-28 07:00:00,"M",52,NA,NA,93,"1a924d7c58854206b683b45c376d3f4b","CUS-134833760",NA,NA,"debit","Fri","17:00:00","17","September"
"7653","posted",NA,"ACC-2901672282","255.00","-573.00","PAY/SALARY",NA,"Daniel",9875.28,2018-09-28 07:00:00,"M",22,NA,NA,3328.77,"1d82953061fb4f9a80a6323760c93ee3","CUS-1617121891",NA,NA,"credit","Fri","17:00:00","17","September"
"7654","posted",NA,"ACC-3317636250","153.02","-27.66","PAY/SALARY",NA,"Kenneth",16788.49,2018-09-28 07:00:00,"M",35,NA,NA,2544.76,"aedceb01ac854e75aa5b6893a3a62e62","CUS-2738291516",NA,NA,"credit","Fri","17:00:00","17","September"
"7655","posted",NA,"ACC-966140392","147.08","-37.97","PAY/SALARY",NA,"Joseph",9098.13,2018-09-28 07:00:00,"M",21,NA,NA,2572.91,"ad75340c45a04fdb97b66a303d600710","CUS-537508723",NA,NA,"credit","Fri","17:00:00","17","September"
"7656","authorized","1","ACC-3481401842","115.74","-31.72","SALES-POS","c0fb68c6-935b-47ae-8594-e3da036d0f94","Tiffany",6384.41,2018-09-28 07:00:00,"F",25,"Gold Coast","QLD",22.8,"957bd7c271ad42d79d6336e3981246dc","CUS-1669695324","153.36","-28","debit","Fri","17:03:31","17","September"
"7657","authorized","1","ACC-1598451071","153.41","-27.95","SALES-POS","168766cc-de85-4110-a46a-4bebab0aa5c6","Diana",3142.52,2018-09-28 07:00:00,"F",26,"Broadbeach","QLD",9.33,"497c54feb2eb4cd1a0f09cf9afe9f89a","CUS-2487424745","153.43","-28.04","debit","Fri","17:12:46","17","September"
"7658","authorized","1","ACC-3100725361","145.73","-17.03","POS","8ce60d6d-32fe-46a8-bfc3-9f6d2363e73e","Ronald",6057.22,2018-09-28 07:00:00,"M",25,"Korumburra","VIC",6.5,"62ebbdbc988f40a7be3c88c8a5b56587","CUS-2178051368","145.83","-38.43","debit","Fri","17:22:02","17","September"
"7659","authorized","1","ACC-3485804958","138.52","-35.01","SALES-POS","0a0b9723-63c1-4ac5-b679-7299fa3758bb","Jessica",25623.41,2018-09-28 07:00:00,"F",34,"Albany","WA",29.31,"dfa3940f86ac4da09b268560db12407f","CUS-1196156254","117.88","-35.03","debit","Fri","17:31:17","17","September"
"7660","authorized","1","ACC-1710017148","150.82","-34.01","POS","ed748fd9-0312-494a-a5dd-a6842c6a9430","Michelle",10903.07,2018-09-28 07:00:00,"F",19,"Gymea","NSW",52.92,"047326c6508041f7bb5ba7ccfef67fa5","CUS-883482547","151.08","-34.04","debit","Fri","17:40:33","17","September"
"7661","authorized","0","ACC-182446574","116.06","-32.00","POS","7e0fa6aa-b48a-4d55-afed-ff2034fda51c","Tonya",8229.39,2018-09-28 07:00:00,"F",27,"Northgate","QLD",57.68,"496f09cb218645d7b0f89b101bd18512","CUS-3026014945","153.07","-27.39","debit","Fri","17:49:48","17","September"
"7662","authorized","1","ACC-3481401842","115.74","-31.72","SALES-POS","03f4de0d-d78b-421a-8a53-30a0d03479eb","Tiffany",6381.01,2018-09-28 07:00:00,"F",25,"Aveley","WA",3.4,"411ebb051b0a434790238c3458c988bb","CUS-1669695324","115.98","-31.8","debit","Fri","17:59:04","17","September"
"7663","posted",NA,"ACC-1788473090","145.06","-37.95","INTER BANK",NA,"Rachael",8544.56,2018-09-28 07:00:00,"F",21,NA,NA,33,"ddeac37c7a8d47bdb2fa0f75aea727b5","CUS-134193016",NA,NA,"debit","Fri","18:00:00","18","September"
"7664","posted",NA,"ACC-3541460373","145.00","-37.83","PAYMENT",NA,"Jeffrey",3825.97,2018-09-28 07:00:00,"M",24,NA,NA,53,"e1a3b1da123b4d15ab72f9d1a496348d","CUS-1433879684",NA,NA,"debit","Fri","18:00:00","18","September"
"7665","posted",NA,"ACC-1652235822","144.89","-37.81","PAYMENT",NA,"Renee",20485.3,2018-09-28 07:00:00,"F",38,NA,NA,66,"db87d2339fff4a8892bc79ad81dabca3","CUS-2206365095",NA,NA,"debit","Fri","18:00:00","18","September"
"7666","authorized","0","ACC-3771436525","145.04","-37.92","SALES-POS","b2617e94-95dc-4950-ae28-7eabc14ebbcb","Derek",4913.86,2018-09-28 07:00:00,"M",20,"Parkville","VIC",9.53,"332549c0adaa444d9bd8ef7c5ea33176","CUS-3325710106","144.95","-37.79","debit","Fri","18:19:08","18","September"
"7667","authorized","1","ACC-3771436525","145.04","-37.92","POS","9a10665e-b61b-4130-8951-b4db2a38edcd","Derek",4902.4,2018-09-28 07:00:00,"M",20,"Ascot Vale","VIC",11.46,"6a7c44bb9173489ab5c43c1246104ab0","CUS-3325710106","144.92","-37.78","debit","Fri","18:40:25","18","September"
"7668","posted",NA,"ACC-3485804958","138.52","-35.01","PAYMENT",NA,"Jessica",25545.89,2018-09-28 07:00:00,"F",34,NA,NA,63,"e2cdec4c66a341a3961389bb636bff0f","CUS-1196156254",NA,NA,"debit","Fri","19:00:00","19","September"
"7669","posted",NA,"ACC-3689607373","115.79","-31.79","INTER BANK",NA,"Virginia",7299.65,2018-09-28 07:00:00,"F",20,NA,NA,55,"332e69a5f56d44a3ac019062ded5f943","CUS-127297539",NA,NA,"debit","Fri","19:00:00","19","September"
"7670","posted",NA,"ACC-2171593283","146.94","-36.04","PAYMENT",NA,"Fernando",13173.69,2018-09-28 07:00:00,"M",19,NA,NA,40,"0028689910604c789532e8c7104403d4","CUS-2317998716",NA,NA,"debit","Fri","19:00:00","19","September"
"7671","posted",NA,"ACC-1438600314","138.69","-34.84","PAYMENT",NA,"Maria",3227.79,2018-09-28 07:00:00,"F",35,NA,NA,45,"42d8d6eb50a3422a89b00eff1f8c5f92","CUS-2650223890",NA,NA,"debit","Fri","19:00:00","19","September"
"7672","authorized","1","ACC-958000567","130.90","-12.37","POS","281346a6-a8aa-4180-a14b-1408c707e55e","Sandra",7690.16,2018-09-28 07:00:00,"F",34,"Ramingining","NT",12.52,"014faeb0bdbb4637ac246c29613cf82d","CUS-4142663097","134.93","-12.33","debit","Fri","19:00:44","19","September"
"7673","authorized","1","ACC-854938045","147.63","-22.84","POS","6b519c78-9dc0-4911-9135-4594ff253217","James",11276.11,2018-09-28 07:00:00,"M",28,"Middlemount","QLD",64.03,"96c04c8408464a228e929c87e6145dd2","CUS-4023861240","148.7","-22.81","debit","Fri","19:09:59","19","September"
"7674","authorized","0","ACC-1598451071","153.41","-27.95","POS","8cd68604-4ece-404b-8332-4ae0374c0950","Diana",3123.98,2018-09-28 07:00:00,"F",26,"Benowa","QLD",18.54,"f2c2bb54dbd1468c81a91008639b5844","CUS-2487424745","153.4","-28.01","debit","Fri","19:19:15","19","September"
"7675","authorized","1","ACC-3485804958","138.52","-35.01","SALES-POS","b6cb6ab5-e6fe-4a64-9247-c808b9ea22c8","Jessica",25608.89,2018-09-28 07:00:00,"F",34,"Adelaide Airport","SA",14.52,"02b5a3ee70d14fb191a473a686c730ac","CUS-1196156254","138.52","-34.95","debit","Fri","19:28:31","19","September"
"7676","authorized","1","ACC-1598451071","153.41","-27.95","POS","78706e2c-6904-4f24-a43d-9bc9b2c49e4b","Diana",3115.85,2018-09-28 07:00:00,"F",26,"Paradise Point","QLD",8.13,"5508172604f24bdfa480635845203a72","CUS-2487424745","153.39","-27.89","debit","Fri","19:37:46","19","September"
"7677","authorized","1","ACC-2890243754","153.32","-27.93","SALES-POS","05f5aac2-cb47-4f77-9db1-70621dd98caa","Joseph",4665.43,2018-09-28 07:00:00,"M",37,"Southport","QLD",6.79,"e52c192bcb6e42a68a28883855a37c92","CUS-2695611575","153.38","-27.96","debit","Fri","19:47:02","19","September"
"7678","authorized","1","ACC-1598451071","153.41","-27.95","SALES-POS","b4b8f69e-b04b-4bb4-8cd7-71a86f93829b","Diana",3105.4,2018-09-28 07:00:00,"F",26,"Carindale","QLD",10.45,"7ad98b61ab164ce9953565a57541c90b","CUS-2487424745","153.11","-27.51","debit","Fri","19:56:17","19","September"
"7679","posted",NA,"ACC-2305712452","138.61","-34.89","INTER BANK",NA,"Debra",4801.65,2018-09-28 07:00:00,"F",18,NA,NA,154,"2d89b4c45aad460aa94e929dc23204c5","CUS-1842679196",NA,NA,"debit","Fri","20:00:00","20","September"
"7680","posted",NA,"ACC-90814749","151.68","-32.98","PAYMENT",NA,"Christopher",9622.03,2018-09-28 07:00:00,"M",35,NA,NA,133,"d6c6a65ec5f948a2b392721bca8a1a05","CUS-1896554896",NA,NA,"debit","Fri","20:00:00","20","September"
"7681","posted",NA,"ACC-2528867619","138.58","-34.96","PAYMENT",NA,"Abigail",14782.05,2018-09-28 07:00:00,"F",40,NA,NA,92,"662b2bc483d54e7b892b3364e9fa602f","CUS-2505971401",NA,NA,"debit","Fri","20:00:00","20","September"
"7682","posted",NA,"ACC-37709441","153.41","-28.01","PAYMENT",NA,"Charles",13195.31,2018-09-28 07:00:00,"M",18,NA,NA,27,"17296e30f6964b358670e8f71e62f178","CUS-3336454548",NA,NA,"debit","Fri","20:00:00","20","September"
"7683","authorized","1","ACC-2920611728","144.96","-37.76","SALES-POS","e57a7561-6194-41fc-bdff-fa1f40bf0df0","Tyler",7463.17,2018-09-28 07:00:00,"M",69,"Kilsyth South","VIC",12.56,"f96787610af64713875c189c2cf0ca57","CUS-1388323263","145.31","-37.82","debit","Fri","20:13:57","20","September"
"7684","authorized","1","ACC-602667573","151.23","-33.96","SALES-POS","9ce00882-f927-41b8-a030-c286f9c478e7","Michael",14960.13,2018-09-28 07:00:00,"M",40,"Kew","VIC",97.08,"9a0ce3cb6cdf4d32a86efe3aad48d98a","CUS-2031327464","145.04","-37.81","debit","Fri","20:37:12","20","September"
"7685","posted",NA,"ACC-3689607373","115.79","-31.79","PAYMENT",NA,"Virginia",7230.65,2018-09-28 07:00:00,"F",20,NA,NA,69,"fb2fbe4e8f8b4b82b544f0132454f806","CUS-127297539",NA,NA,"debit","Fri","21:00:00","21","September"
"7686","posted",NA,"ACC-721712940","145.09","-37.82","PAYMENT",NA,"Andrew",55816.48,2018-09-28 07:00:00,"M",78,NA,NA,38,"151aba4af3354a11b09b86751ea0d128","CUS-1646183815",NA,NA,"debit","Fri","21:00:00","21","September"
"7687","posted",NA,"ACC-2681137560","151.11","-33.99","PAYMENT",NA,"Nathaniel",9405.36,2018-09-28 07:00:00,"M",31,NA,NA,29,"60fc3121bb3d4b9d9e4d5142975c6324","CUS-2083971310",NA,NA,"debit","Fri","21:00:00","21","September"
"7688","posted",NA,"ACC-2171593283","146.94","-36.04","PAYMENT",NA,"Fernando",13123.69,2018-09-28 07:00:00,"M",19,NA,NA,50,"ecae61deb0fe4e4691492ac856d46c5f","CUS-2317998716",NA,NA,"debit","Fri","21:00:00","21","September"
"7689","posted",NA,"ACC-2259139624","144.66","-37.91","PAYMENT",NA,"Cindy",13790.84,2018-09-28 07:00:00,"F",19,NA,NA,153,"2b36f0ac1237495f9804b3cf9e4ef818","CUS-3174332735",NA,NA,"debit","Fri","21:00:00","21","September"
"7690","posted",NA,"ACC-2173390920","144.71","-37.58","PAYMENT",NA,"Luis",7817.24,2018-09-28 07:00:00,"M",27,NA,NA,71,"de0d6f994d3146ddb43433b78e34d83f","CUS-3180318393",NA,NA,"debit","Fri","21:00:00","21","September"
"7691","posted",NA,"ACC-1903037542","153.05","-27.61","PAYMENT",NA,"Jeffrey",4530.01,2018-09-28 07:00:00,"M",30,NA,NA,23,"5317f3d650734e24adb4718cbf0a9724","CUS-860700529",NA,NA,"debit","Fri","21:00:00","21","September"
"7692","authorized","1","ACC-354106658","151.04","-33.80","POS","98d92e0f-9e45-45a1-b280-37009854e60b","Christine",14632.57,2018-09-28 07:00:00,"F",39,"Manly","NSW",37.52,"fac3303b6b7f45418a8bce0af8d4d22e","CUS-2376382098","151.29","-33.79","debit","Fri","21:00:09","21","September"
"7693","authorized","1","ACC-182446574","116.06","-32.00","SALES-POS","c8650eba-a179-4da3-bf36-561c86e6b4a6","Tonya",8215.57,2018-09-28 07:00:00,"F",27,"Osborne Park","WA",13.82,"8d0585f951034750949349e722d06c6e","CUS-3026014945","115.83","-31.9","debit","Fri","21:07:40","21","September"
"7694","authorized","1","ACC-2890243754","153.32","-27.93","POS","165ae310-aa9e-43b6-b875-f996db6586bd","Joseph",4638.19,2018-09-28 07:00:00,"M",37,"Brisbane City","QLD",27.24,"b53c9c71298147008da1104e6039e5a5","CUS-2695611575","153.03","-27.47","debit","Fri","21:15:11","21","September"
"7695","authorized","1","ACC-3827517394","151.12","-33.89","SALES-POS","7b804a37-65d8-4ccd-b30a-e51bbfe8595f","Craig",42150.89,2018-09-28 07:00:00,"M",28,"Lane Cove West","NSW",39.01,"f2d0eb8ee78f4c7f8df20300174e964f","CUS-2663907001","151.15","-33.81","debit","Fri","21:22:42","21","September"
"7696","authorized","1","ACC-966140392","147.08","-37.97","SALES-POS","478dc76b-dee4-4268-b69f-a36a60d13f9e","Joseph",9086.68,2018-09-28 07:00:00,"M",21,"Bentleigh East","VIC",11.45,"30c7522c153c4e2fb02397315a54622d","CUS-537508723","145.06","-37.92","debit","Fri","21:30:13","21","September"
"7697","authorized","1","ACC-182446574","116.06","-32.00","SALES-POS","b8b3703b-611c-4920-a7f2-82ed479abde1","Tonya",8206.13,2018-09-28 07:00:00,"F",27,"Perth","WA",9.44,"fdabe271e6294f35870d1e5d04ac84f0","CUS-3026014945","115.86","-31.87","debit","Fri","21:37:44","21","September"
"7698","authorized","1","ACC-1608363396","151.22","-33.87","POS","db0c062d-3e4c-4bde-8996-91f2e74e125b","Robert",6898.4,2018-09-28 07:00:00,"M",20,"Sydney","NSW",52.64,"c03cdaaddb7a4b5ca6d446e79ebb43fa","CUS-2688605418","151.21","-33.87","debit","Fri","21:45:15","21","September"
"7699","authorized","1","ACC-1652235822","144.89","-37.81","SALES-POS","19a3e690-51ac-4885-848c-1c8363c7c49f","Renee",20462.66,2018-09-28 07:00:00,"F",38,"Airport West","VIC",22.64,"125bb5e579864d368ed209460fd9e82a","CUS-2206365095","144.89","-37.71","debit","Fri","21:52:46","21","September"
"7700","authorized","1","ACC-1222300524","151.23","-33.94","SALES-POS","9fafd25e-2baa-44ee-8ca3-bd2edfcd9150","Michael",914.25,2018-09-28 07:00:00,"M",38,"Liverpool","NSW",26.12,"66cd13316bc14c3c9309c212c03ba653","CUS-2142601169","150.92","-33.91","debit","Fri","22:00:18","22","September"
"7701","authorized","1","ACC-182446574","116.06","-32.00","SALES-POS","ef7e3b57-4065-428f-b75e-75316798b3df","Tonya",8181.22,2018-09-28 07:00:00,"F",27,"Subiaco","WA",24.91,"335f6e3de89b47639856c26881a05270","CUS-3026014945","115.82","-31.95","debit","Fri","22:07:56","22","September"
"7702","authorized","1","ACC-2674800293","144.96","-37.69","SALES-POS","5339d6a8-a898-4314-9bf4-4e028757448f","Elizabeth",28705.21,2018-09-28 07:00:00,"F",50,"Mulgrave","VIC",28.41,"63915d33ee3c4b59aad70cc2f9f270f8","CUS-2977593493","145.17","-37.93","debit","Fri","22:15:34","22","September"
"7703","authorized","1","ACC-3827517394","151.12","-33.89","POS","1436f75c-c5a5-4d98-8d62-dca05f37ddbc","Craig",42102.77,2018-09-28 07:00:00,"M",28,"Mosman","NSW",48.12,"6f497a3e3e3a4cdf90bf372390703d66","CUS-2663907001","151.24","-33.83","debit","Fri","22:23:12","22","September"
"7704","authorized","1","ACC-53508546","150.62","-33.76","POS","70402493-baff-49c0-adb7-661218d0c561","Kimberly",5935.89,2018-09-28 07:00:00,"F",35,"Balgowlah","NSW",38.61,"d7f167a16ba647439d1afc7de6afa60b","CUS-72755508","151.26","-33.79","debit","Fri","22:30:50","22","September"
"7705","authorized","1","ACC-1598451071","153.41","-27.95","POS","935c57d3-5c51-4bba-a352-1efbf28c9854","Diana",3099.81,2018-09-28 07:00:00,"F",26,"Labrador","QLD",5.59,"210419baedc4408eb92f7b1ec196d146","CUS-2487424745","153.41","-27.94","debit","Fri","22:38:28","22","September"
"7706","authorized","1","ACC-854938045","147.63","-22.84","SALES-POS","61890fd6-7092-414f-9473-edc181e46843","James",11221.38,2018-09-28 07:00:00,"M",28,"Margate","TAS",54.73,"0aca2400bf754350b6bf2a00c5e14ecb","CUS-4023861240","147.27","-43.04","debit","Fri","22:46:06","22","September"
"7707","authorized","1","ACC-1598451071","153.41","-27.95","POS","8902f350-190c-43a7-b8cf-8784e654c6fb","Diana",3093.52,2018-09-28 07:00:00,"F",26,"Southport","QLD",6.29,"7315075f078f41e4b04e2fcae3120d67","CUS-2487424745","153.42","-27.97","debit","Fri","22:53:44","22","September"
"7708","posted",NA,"ACC-3541460373","145.00","-37.83","PAYMENT",NA,"Jeffrey",3784.97,2018-09-28 07:00:00,"M",24,NA,NA,41,"fdbe0c19c79c4e66a1a7cdbc91b87cb5","CUS-1433879684",NA,NA,"debit","Fri","23:00:00","23","September"
"7709","posted",NA,"ACC-3879258709","143.83","-37.66","PAYMENT",NA,"Natasha",199174.95,2018-09-28 07:00:00,"F",40,NA,NA,181,"fa94e6effcfc485782c7852aea30a5fb","CUS-527400765",NA,NA,"debit","Fri","23:00:00","23","September"
"7710","posted",NA,"ACC-3879258709","143.83","-37.66","PAYMENT",NA,"Natasha",199013.95,2018-09-28 07:00:00,"F",40,NA,NA,161,"0895040bff404f54bf720219c8a6bcca","CUS-527400765",NA,NA,"debit","Fri","23:00:00","23","September"
"7711","authorized","1","ACC-1799207998","150.68","-33.79","SALES-POS","c4ecb332-d489-4aff-b7bc-4d6f22d5855d","Susan",9296.08,2018-09-28 07:00:00,"F",20,"Esperance","WA",37.44,"95866754044c47c7b8071430bb830446","CUS-164374203","121.9","-33.84","debit","Fri","23:01:21","23","September"
"7712","authorized","1","ACC-3827517394","151.12","-33.89","POS","8213e3af-7b48-4dde-8541-a1f7a0e5030d","Craig",42093.47,2018-09-28 07:00:00,"M",28,"Hurstville","NSW",9.3,"6b68652e1a8b4d8a910cbec79c13ff14","CUS-2663907001","151.11","-33.97","debit","Fri","23:08:52","23","September"
"7713","authorized","1","ACC-1652235822","144.89","-37.81","SALES-POS","2f1cfccd-c0d3-4c30-9e2b-46390b7fd4dd","Renee",20452.05,2018-09-28 07:00:00,"F",38,"Melbourne","VIC",10.61,"4191c7a471a64305a239532d2737ce10","CUS-2206365095","144.96","-37.82","debit","Fri","23:16:23","23","September"
"7714","authorized","1","ACC-966140392","147.08","-37.97","SALES-POS","86dfcc0a-0f57-448b-ba3c-b63b39fbfb54","Joseph",9070.44,2018-09-28 07:00:00,"M",21,"Frankston North","VIC",16.24,"0bf3fba6caae41adb397d517ba19b597","CUS-537508723","145.15","-38.12","debit","Fri","23:23:54","23","September"
"7715","authorized","1","ACC-211792489","138.63","-34.93","POS","eb8f1ada-3e8c-4017-908d-6b6282107c50","Jacqueline",3898.2,2018-09-28 07:00:00,"F",30,"Sydney","NSW",244.14,"83d525e810db431ea5825a4ca0eef92a","CUS-497688347","151.21","-33.87","debit","Fri","23:31:25","23","September"
"7716","authorized","1","ACC-1608363396","151.22","-33.87","SALES-POS","c791c707-2472-4ac0-9fa1-33a47d2b608b","Robert",6890.46,2018-09-28 07:00:00,"M",20,"Berala","NSW",7.94,"07d921b737ef4f0e84f4345c0a8f4a98","CUS-2688605418","151.03","-33.87","debit","Fri","23:38:56","23","September"
"7717","authorized","0","ACC-966140392","147.08","-37.97","SALES-POS","0e8eb53e-c9d9-4bf5-b5ac-27460a032092","Joseph",9059.13,2018-09-28 07:00:00,"M",21,"Scoresby","VIC",11.31,"f6bf86255fc14bd1a736166fbd58693d","CUS-537508723","145.21","-37.91","debit","Fri","23:46:27","23","September"
"7718","authorized","1","ACC-1799207998","150.68","-33.79","POS","781c61a8-18ae-41d4-a972-7127bd401c75","Susan",9268.88,2018-09-28 07:00:00,"F",20,"Cammeray","NSW",27.2,"40bd18a2d3dc4244b4b225669762f4a2","CUS-164374203","151.21","-33.82","debit","Fri","23:53:59","23","September"
"7719","authorized","1","ACC-1516130869","130.84","-12.45","SALES-POS","5218e5e3-8971-47bc-986a-0428a0fc7a04","Jessica",3929.56,2018-09-29 07:00:00,"F",21,"Palmerston City","NT",9.16,"42e3b6eca58544ec9c930047dedfbb07","CUS-325142416","130.99","-12.48","debit","Sat","00:12:29","00","September"
"7720","authorized","1","ACC-1523339231","115.83","-31.90","SALES-POS","7c0ed0d1-0976-4859-9793-49e2083165a5","Tim",69644.77,2018-09-29 07:00:00,"M",40,"Broken Hill","NSW",200.01,"062e055d96dc4106bab7a682407d54da","CUS-1816693151","141.47","-31.95","debit","Sat","01:04:12","01","September"
"7721","authorized","0","ACC-966140392","147.08","-37.97","SALES-POS","54f1e39c-55ce-4e75-96e4-b03580738c32","Joseph",8633.81,2018-09-29 07:00:00,"M",21,"Malvern","VIC",425.32,"fbf7b13dd6a64d82ab0b731b59f3186c","CUS-537508723","145.03","-37.86","debit","Sat","01:21:45","01","September"
"7722","authorized","0","ACC-1652235822","144.89","-37.81","POS","2e855da4-787c-4095-9e1c-0c4b004e324d","Renee",20439.43,2018-09-29 07:00:00,"F",38,"Fitzroy","VIC",12.62,"8fd9107f09a249f8bb6c89d86115b03a","CUS-2206365095","144.98","-37.8","debit","Sat","01:39:17","01","September"
"7723","authorized","1","ACC-966140392","147.08","-37.97","SALES-POS","71e18880-0ff1-42e4-9aec-3a5ba0604260","Joseph",8622.83,2018-09-29 07:00:00,"M",21,"Box Hill","VIC",10.98,"8de1c5377d9d4417af0cc24a66ee6c8b","CUS-537508723","145.12","-37.82","debit","Sat","01:56:50","01","September"
"7724","posted",NA,"ACC-3481401842","115.74","-31.72","PAYMENT",NA,"Tiffany",6355.01,2018-09-29 07:00:00,"F",25,NA,NA,26,"c77d29133d72404796c0ae43cfdeafa5","CUS-1669695324",NA,NA,"debit","Sat","02:00:00","02","September"
"7725","authorized","0","ACC-574997646","150.79","-33.64","POS","7b3288fc-11c0-40b5-9c65-7007fb4aeec1","Mackenzie",3729.63,2018-09-29 07:00:00,"F",18,"West Busselton","WA",4.95,"093b2121af284176b298617559ae170d","CUS-586638664","115.31","-33.66","debit","Sat","02:21:34","02","September"
"7726","authorized","0","ACC-3827517394","151.12","-33.89","SALES-POS","0f28e5da-0266-480b-8c72-c6e743128a95","Craig",42083.78,2018-09-29 07:00:00,"M",28,"Chatswood","NSW",9.69,"d35925c9f5964730aa04d5de37816365","CUS-2663907001","151.18","-33.8","debit","Sat","02:47:53","02","September"
"7727","authorized","1","ACC-3689607373","115.79","-31.79","POS","9cd4ce71-52da-4385-841e-cae85382b931","Virginia",7035.43,2018-09-29 07:00:00,"F",20,"West Perth","WA",195.22,"7bb4dfbc733848b099a40162fcb0574e","CUS-127297539","115.84","-31.95","debit","Sat","03:20:46","03","September"
"7728","authorized","0","ACC-1523339231","115.83","-31.90","SALES-POS","b4f2b65f-632d-4d1c-87c7-3f23526b0d15","Tim",69602.01,2018-09-29 07:00:00,"M",40,"Kalamunda","WA",42.76,"a0eed5615f294eba96435402ce8d3c57","CUS-1816693151","116.05","-31.97","debit","Sat","03:59:13","03","September"
"7729","posted",NA,"ACC-964839203","146.92","-36.07","PAYMENT",NA,"Michael",37532.21,2018-09-29 07:00:00,"M",21,NA,NA,28,"6310e2088cac4f02934ce78a8264e8c2","CUS-2059096722",NA,NA,"debit","Sat","04:00:00","04","September"
"7730","authorized","1","ACC-1598451071","153.41","-27.95","POS","f46c30a9-60b8-4294-8a21-c510190c32b0","Diana",3076.02,2018-09-29 07:00:00,"F",26,"Beaudesert","QLD",17.5,"125195b9c97d42c3b78a9f638dca8753","CUS-2487424745","153","-27.99","debit","Sat","04:21:46","04","September"
"7731","authorized","0","ACC-4065652575","115.81","-31.82","POS","9b675803-29cb-4ff4-bf23-8d47143ce271","Lucas",8979.48,2018-09-29 07:00:00,"M",21,"Perth","WA",11.54,"9313e979c5764654b63425cb27c49eac","CUS-1117979751","115.86","-31.96","debit","Sat","04:43:59","04","September"
"7732","posted",NA,"ACC-2681137560","151.11","-33.99","PAYMENT",NA,"Nathaniel",9379.36,2018-09-29 07:00:00,"M",31,NA,NA,26,"ad80530440d9462f9265f246acd52824","CUS-2083971310",NA,NA,"debit","Sat","05:00:00","05","September"
"7733","posted",NA,"ACC-1652235822","144.89","-37.81","PAYMENT",NA,"Renee",20394.43,2018-09-29 07:00:00,"F",38,NA,NA,45,"029e961e44a3455db21aa25767d49de2","CUS-2206365095",NA,NA,"debit","Sat","05:00:00","05","September"
"7734","posted",NA,"ACC-1650504218","145.01","-37.93","PAYMENT",NA,"Marissa",12562.92,2018-09-29 07:00:00,"F",23,NA,NA,43,"c83002cef8e849a1ba924dc0f3d1da23","CUS-2500783281",NA,NA,"debit","Sat","05:00:00","05","September"
"7735","posted",NA,"ACC-4281711154","144.98","-37.84","PAYMENT",NA,"Eric",38917.38,2018-09-29 07:00:00,"M",42,NA,NA,37,"62b963c7fd094e689b1809f2e63dcf35","CUS-3151318058",NA,NA,"debit","Sat","05:00:00","05","September"
"7736","authorized","1","ACC-1334819143","145.13","-37.70","SALES-POS","cb29c0f6-9ef0-49e6-9ea6-2c91a2465084","Christopher",63985.79,2018-09-29 07:00:00,"M",33,"Melbourne","VIC",120.38,"de4acefc99914f4d9c4a3525cb2f2a04","CUS-3117610635","144.97","-37.81","debit","Sat","05:34:59","05","September"
"7737","authorized","0","ACC-1344825761","151.09","-33.91","POS","f9519f2a-0562-475f-8cbe-5a5064835d8e","Sarah",20877.1,2018-09-29 07:00:00,"F",46,"Erskineville","NSW",34.65,"1835584d9fb64ffca4e0989439cbe180","CUS-1499065773","151.18","-33.9","debit","Sat","06:57:08","06","September"
"7738","authorized","1","ACC-1903037542","153.05","-27.61","SALES-POS","c6e24dac-a68f-4db8-9c3c-33d2ebd86f22","Jeffrey",4526.24,2018-09-29 07:00:00,"M",30,"Kedron","QLD",3.77,"0ad4f9474031496ba5ebc7633015fc59","CUS-860700529","153.04","-27.42","debit","Sat","07:31:59","07","September"
"7739","authorized","1","ACC-1903037542","153.05","-27.61","SALES-POS","d4d98037-7715-4179-9e4a-3b1b0b0b7e11","Jeffrey",4519.87,2018-09-29 07:00:00,"M",30,"Redbank","QLD",6.37,"f99df92fa8f748908deb8e85ca58de58","CUS-860700529","152.87","-27.61","debit","Sat","08:02:45","08","September"
"7740","authorized","0","ACC-958000567","130.90","-12.37","POS","9486fbc4-9381-42c2-ae1c-414b3324a556","Sandra",7656.99,2018-09-29 07:00:00,"F",34,"Karama","NT",33.17,"7abcfb63275845d7bde0c86f01b47e64","CUS-4142663097","130.91","-12.4","debit","Sat","08:19:59","08","September"
"7741","authorized","1","ACC-4065652575","115.81","-31.82","POS","0edc7b19-b856-40df-aa3d-1d9e8ccad89f","Lucas",8956.59,2018-09-29 07:00:00,"M",21,"Broken Hill","NSW",22.89,"9607591c6fe549d0883140beb34728bf","CUS-1117979751","141.48","-31.95","debit","Sat","08:37:14","08","September"
"7742","authorized","1","ACC-2681137560","151.11","-33.99","SALES-POS","3075b265-3b29-4d54-a38e-c379113f73bf","Nathaniel",9262.2,2018-09-29 07:00:00,"M",31,"Balingup","WA",117.16,"8ca3fb2509e34a22b4f7dce42beba9f9","CUS-2083971310","115.97","-33.79","debit","Sat","08:54:28","08","September"
"7743","authorized","0","ACC-958000567","130.90","-12.37","POS","a79490f1-8469-4eec-9ad0-0a4726f48781","Sandra",7542.37,2018-09-29 07:00:00,"F",34,"Haymarket","NSW",114.62,"5115051294a6434db9158d7404b445dd","CUS-4142663097","151.21","-33.88","debit","Sat","09:05:37","09","September"
"7744","authorized","1","ACC-1598451071","153.41","-27.95","SALES-POS","08d6298a-aec8-4bbf-ae6c-f61173d93ae4","Diana",3063.14,2018-09-29 07:00:00,"F",26,"Ocean Shores","NSW",12.88,"eda4bd5c34564b23ad3929e2802e18b8","CUS-2487424745","153.55","-28.52","debit","Sat","09:13:53","09","September"
"7745","authorized","1","ACC-211792489","138.63","-34.93","POS","9a658f0a-e753-4367-befe-950ff80f40af","Jacqueline",3853.63,2018-09-29 07:00:00,"F",30,"Gundagai","NSW",44.57,"5066da9e17414f3ca57685f7298f65a1","CUS-497688347","148.09","-35.08","debit","Sat","09:22:08","09","September"
"7746","authorized","1","ACC-1990648130","114.62","-28.80","SALES-POS","20f49fac-03e1-43fb-a497-d2463bc779a5","Kaitlyn",5556.99,2018-09-29 07:00:00,"F",21,"Laverton","WA",7.75,"d1fedcb706af4e3397aac70781e5e40f","CUS-809013380","122.05","-28.76","debit","Sat","09:30:24","09","September"
"7747","authorized","0","ACC-1037050564","153.10","-27.66","SALES-POS","68884f04-d661-4dfd-8eb2-4c9c27573bbb","Rhonda",3999.65,2018-09-29 07:00:00,"F",40,"Runaway Bay","QLD",43.61,"b8a75407d2064984869eb1c94db7cf96","CUS-1614226872","153.39","-27.91","debit","Sat","09:38:40","09","September"
"7748","authorized","1","ACC-1037050564","153.10","-27.66","SALES-POS","87a862c6-bf26-443a-9424-5f62562f96fe","Rhonda",3988.6,2018-09-29 07:00:00,"F",40,"Brisbane City","QLD",11.05,"a0384c2626ec4162a83bc749fa99b66b","CUS-1614226872","153.03","-27.48","debit","Sat","09:46:56","09","September"
"7749","authorized","1","ACC-211792489","138.63","-34.93","SALES-POS","0359e1a0-5efd-4921-8c41-89f1f0783aa1","Jacqueline",3788.01,2018-09-29 07:00:00,"F",30,"Sydney","NSW",65.62,"8bc5d50556f74205ac0f9c5962d3a0dc","CUS-497688347","151.2","-33.86","debit","Sat","09:55:12","09","September"
"7750","posted",NA,"ACC-574997646","150.79","-33.64","PAYMENT",NA,"Mackenzie",3684.63,2018-09-29 07:00:00,"F",18,NA,NA,45,"ae4583f9a0744e7fa836fb98068723eb","CUS-586638664",NA,NA,"debit","Sat","10:00:00","10","September"
"7751","authorized","1","ACC-1990648130","114.62","-28.80","SALES-POS","0898833a-fca8-40b5-a738-8e1d4aa98322","Kaitlyn",5530.01,2018-09-29 07:00:00,"F",21,"Alstonville","NSW",26.98,"0e9f81ef9422439dbf73bed4d207578f","CUS-809013380","153.44","-28.84","debit","Sat","10:04:22","10","September"
"7752","authorized","1","ACC-2920611728","144.96","-37.76","SALES-POS","81fe1636-2edb-4a2f-ae93-3d375027047b","Tyler",7448.1,2018-09-29 07:00:00,"M",69,"Chirnside Park","VIC",15.07,"69bd0382f4d345d0b8c52fc2cdc7bd7c","CUS-1388323263","145.31","-37.76","debit","Sat","10:14:47","10","September"
"7753","authorized","1","ACC-3100725361","145.73","-17.03","POS","0cb93a9c-d9a8-4043-88f4-d1aea4b6e5bd","Ronald",6036.08,2018-09-29 07:00:00,"M",25,"Mareeba","QLD",21.14,"00b2b68d960942bb826dbdaa1fd7e319","CUS-2178051368","145.42","-16.99","debit","Sat","10:25:12","10","September"
"7754","authorized","1","ACC-1516130869","130.84","-12.45","SALES-POS","8420f84b-ac16-498e-be44-f3b2e01c1637","Jessica",3899.92,2018-09-29 07:00:00,"F",21,"Shoal Bay","NT",29.64,"b231ab9ffb324a7e97c94130f2190bcb","CUS-325142416","130.98","-12.44","debit","Sat","10:35:37","10","September"
"7755","authorized","1","ACC-1222300524","151.23","-33.94","SALES-POS","f6cb6b79-8707-4c6d-a6bc-2b2012de5aed","Michael",885.47,2018-09-29 07:00:00,"M",38,"Pyrmont","NSW",28.78,"0653e6e86aca4273bf6b7e15eeb5d8f9","CUS-2142601169","151.19","-33.87","debit","Sat","10:46:02","10","September"
"7756","authorized","1","ACC-1598451071","153.41","-27.95","POS","7deda505-d941-43ac-9d5e-f866d57dcc4e","Diana",3045.87,2018-09-29 07:00:00,"F",26,"Helensvale","QLD",17.27,"f5a687c9782d4e32b346d8ec6fb8652f","CUS-2487424745","153.34","-27.93","debit","Sat","10:56:27","10","September"
"7757","posted",NA,"ACC-2681137560","151.11","-33.99","PAYMENT",NA,"Nathaniel",9245.2,2018-09-29 07:00:00,"M",31,NA,NA,17,"f3a0703409ae44a186a58d7cff033350","CUS-2083971310",NA,NA,"debit","Sat","11:00:00","11","September"
"7758","authorized","1","ACC-588564840","151.27","-33.76","POS","a4162475-f5dc-4715-ae7d-ee83f3d027f3","Isaiah",17822.56,2018-09-29 07:00:00,"M",23,"Rockdale","NSW",2.94,"96aeb18f6673465b9f7e97545cf0d52b","CUS-1462656821","151.14","-33.96","debit","Sat","11:04:12","11","September"
"7759","authorized","1","ACC-3100725361","145.73","-17.03","SALES-POS","7106a8f5-aa44-4451-9798-628ea7fb1531","Ronald",6020.97,2018-09-29 07:00:00,"M",25,"Edmonton","QLD",15.11,"86d813f29c9a4ef8bfcf46e12a05a4f9","CUS-2178051368","145.75","-17.02","debit","Sat","11:10:34","11","September"
"7760","authorized","1","ACC-1652235822","144.89","-37.81","POS","80e385f5-f9c6-459e-9b35-84fa988fd982","Renee",20382.84,2018-09-29 07:00:00,"F",38,"Lilydale","VIC",11.59,"789c773a195f4f388efed95d70b14950","CUS-2206365095","145.36","-37.76","debit","Sat","11:16:56","11","September"
"7761","authorized","1","ACC-1598451071","153.41","-27.95","SALES-POS","3a34050c-5a24-497c-a27f-1b2924c898bd","Diana",3033.19,2018-09-29 07:00:00,"F",26,"Parkwood","QLD",12.68,"9817dd20f5e64f1f9e8a7cbd2caccb28","CUS-2487424745","153.38","-27.96","debit","Sat","11:23:18","11","September"
"7762","authorized","1","ACC-3536132544","144.93","-37.79","SALES-POS","b5bc74d0-3e25-4fa1-82b2-c2b7e8874bf6","Heather",5527.15,2018-09-29 07:00:00,"F",41,"Sale","VIC",13.16,"bf463d0b6843450d827ee13398a196c6","CUS-2348881191","147.09","-38.11","debit","Sat","11:29:40","11","September"
"7763","authorized","1","ACC-53508546","150.62","-33.76","SALES-POS","aaf60573-7bad-4bb4-a335-2d6c6c266658","Kimberly",5917.97,2018-09-29 07:00:00,"F",35,"Chatswood","NSW",17.92,"f99b7c2ffe1043b8b6df130b73e0b864","CUS-72755508","151.18","-33.8","debit","Sat","11:36:03","11","September"
"7764","authorized","0","ACC-1037050564","153.10","-27.66","POS","e27a3a9f-223b-4c98-ac9c-4e9add0926e8","Rhonda",3971.61,2018-09-29 07:00:00,"F",40,"Fortitude Valley","QLD",16.99,"c6794f7745ff4ca1b0ff5fe86990f0bb","CUS-1614226872","153.04","-27.45","debit","Sat","11:42:25","11","September"
"7765","authorized","1","ACC-1903037542","153.05","-27.61","POS","618e495b-47b7-4bd3-a2b9-882e0fc879ca","Jeffrey",4502.55,2018-09-29 07:00:00,"M",30,"Coffs Harbour","NSW",17.32,"716ffc16073f4063a1e635186af03b4b","CUS-860700529","153.12","-30.3","debit","Sat","11:48:47","11","September"
"7766","authorized","0","ACC-1598451071","153.41","-27.95","SALES-POS","780c3e1e-47b6-49d3-a59f-6c86b4d1c924","Diana",3017.29,2018-09-29 07:00:00,"F",26,"Ormeau","QLD",15.9,"bf5ed39a8fcc4948aa7aa6a641ccf1ba","CUS-2487424745","153.25","-27.76","debit","Sat","11:55:09","11","September"
"7767","posted",NA,"ACC-1998563091","149.03","-35.25","PAYMENT",NA,"David",17738.98,2018-09-29 07:00:00,"M",42,NA,NA,45,"0f4b99411a854e1d89fb7b7dc37ee447","CUS-3395687666",NA,NA,"debit","Sat","12:00:00","12","September"
"7768","authorized","0","ACC-1598451071","153.41","-27.95","SALES-POS","9b2514bf-2cb4-4432-a412-2b71f6dc14d3","Diana",2993.58,2018-09-29 07:00:00,"F",26,"Beaudesert","QLD",23.71,"c911b706f1c04558a1e775d99851c56b","CUS-2487424745","153","-27.99","debit","Sat","12:03:56","12","September"
"7769","authorized","1","ACC-182446574","116.06","-32.00","SALES-POS","01a1edb2-3ed1-4743-961a-53249ee0b92e","Tonya",8168.33,2018-09-29 07:00:00,"F",27,"Beeliar","WA",12.89,"c187e70e67f94237a3c5091ace5c11d9","CUS-3026014945","115.79","-32.14","debit","Sat","12:20:19","12","September"
"7770","authorized","0","ACC-3689607373","115.79","-31.79","SALES-POS","edc966ef-090f-4bad-8839-019b8db29130","Virginia",7018.04,2018-09-29 07:00:00,"F",20,"Perth","WA",17.39,"7d4501ccd9c14757acc6ac3a0e1529a3","CUS-127297539","115.86","-31.95","debit","Sat","12:36:43","12","September"
"7771","authorized","1","ACC-1199531521","116.02","-31.87","SALES-POS","294193ff-d76e-445f-b240-dea59df2caf8","Billy",14382.74,2018-09-29 07:00:00,"M",52,"Broken Hill","NSW",15.23,"be7cf4ace7f3407bbd222731f63c91a5","CUS-134833760","141.47","-31.94","debit","Sat","12:53:06","12","September"
"7772","posted",NA,"ACC-90814749","151.68","-32.98","INTER BANK",NA,"Christopher",9578.03,2018-09-29 07:00:00,"M",35,NA,NA,44,"7fccef75b855493bbb1bcda8e0f4fe3a","CUS-1896554896",NA,NA,"debit","Sat","13:00:00","13","September"
"7773","authorized","0","ACC-3100725361","145.73","-17.03","POS","4ae59658-8b43-48dc-9ee2-1d2154551bb1","Ronald",6004.38,2018-09-29 07:00:00,"M",25,"Saint Albans","VIC",16.59,"72aac9d436ed4e3c8e5bdee225c492b4","CUS-2178051368","144.8","-37.74","debit","Sat","13:09:30","13","September"
"7774","authorized","1","ACC-2173390920","144.71","-37.58","SALES-POS","486ab587-9ee6-4a46-bf3f-49652cca5b5b","Luis",7786.83,2018-09-29 07:00:00,"M",27,"Mill Park","VIC",30.41,"7ed3bb16f7794421b759793352048aac","CUS-3180318393","145.07","-37.65","debit","Sat","13:25:54","13","September"
"7775","authorized","1","ACC-1710017148","150.82","-34.01","POS","031aaca7-415a-4191-b0c9-0bff464836d0","Michelle",10873.25,2018-09-29 07:00:00,"F",19,"Campbelltown","NSW",29.82,"7a435e1249494676a98295addccc3c45","CUS-883482547","150.8","-34.07","debit","Sat","13:42:17","13","September"
"7776","authorized","1","ACC-2890243754","153.32","-27.93","SALES-POS","d7c86774-b185-4a86-a713-4ef414c32101","Joseph",4632.05,2018-09-29 07:00:00,"M",37,"Bundall","QLD",6.14,"a43f0b4780af4685b55e3853bfc3baf2","CUS-2695611575","153.41","-28.01","debit","Sat","13:58:41","13","September"
"7777","posted",NA,"ACC-37709441","153.41","-28.01","INTER BANK",NA,"Charles",13150.31,2018-09-29 07:00:00,"M",18,NA,NA,45,"c51e488c80844e3591583bf106d38a57","CUS-3336454548",NA,NA,"debit","Sat","14:00:00","14","September"
"7778","authorized","0","ACC-3317636250","153.02","-27.66","SALES-POS","e5b2b589-812a-44a1-a1bb-403d9ee9a1b4","Kenneth",12555.49,2018-09-29 07:00:00,"M",35,"Mascot","NSW",4233,"da7fd2164f2e4fd7b5987162904df352","CUS-2738291516","151.17","-33.94","debit","Sat","14:06:39","14","September"
"7779","authorized","1","ACC-3100725361","145.73","-17.03","SALES-POS","99530045-46bc-48b3-a938-24aa02cecdf7","Ronald",5997.03,2018-09-29 07:00:00,"M",25,"Cooee","TAS",7.35,"f9d3026654494db4906f5808e141a6f7","CUS-2178051368","145.87","-41.04","debit","Sat","14:13:54","14","September"
"7780","authorized","0","ACC-1443681913","150.92","-33.77","SALES-POS","dcafc231-8643-4688-b1ca-2b84951771d3","Ryan",4056.84,2018-09-29 07:00:00,"M",31,"Chippendale","NSW",16.25,"3f055903faf54513b2d3a58963e27f97","CUS-3129499595","151.2","-33.88","debit","Sat","14:21:09","14","September"
"7781","authorized","1","ACC-1652235822","144.89","-37.81","POS","138f6cfa-501e-47f6-9abc-2b7534acaec2","Renee",20351.66,2018-09-29 07:00:00,"F",38,"Wheelers Hill","VIC",31.18,"08e43778fff94f0382b1323688d95589","CUS-2206365095","145.19","-37.91","debit","Sat","14:28:24","14","September"
"7782","authorized","1","ACC-1903037542","153.05","-27.61","SALES-POS","11c310e0-eaa4-495b-90c0-f34d99fa508c","Jeffrey",4493.87,2018-09-29 07:00:00,"M",30,"Cambooya","QLD",8.68,"445552835b2a45faa1a96f9e6a335368","CUS-860700529","151.86","-27.71","debit","Sat","14:35:39","14","September"
"7783","authorized","1","ACC-1037050564","153.10","-27.66","SALES-POS","a5a25696-a39a-4e8b-b0c5-d30145fb6e68","Rhonda",3922.72,2018-09-29 07:00:00,"F",40,"Jindalee","QLD",48.89,"3db2ba604e53440880a15a9988a10829","CUS-1614226872","152.94","-27.53","debit","Sat","14:42:53","14","September"
"7784","authorized","1","ACC-1222300524","151.23","-33.94","SALES-POS","b71b927f-3c14-4f05-92ee-842378fa8293","Michael",879.06,2018-09-29 07:00:00,"M",38,"Mascot","NSW",6.41,"421e107ce6d74c8bba7925bbed1d596e","CUS-2142601169","151.19","-33.93","debit","Sat","14:50:08","14","September"
"7785","authorized","0","ACC-1903037542","153.05","-27.61","POS","91e58a3d-7617-4000-b244-debe167206f0","Jeffrey",4483.53,2018-09-29 07:00:00,"M",30,"Brisbane City","QLD",10.34,"a8702cf135b2488b8a0453b6d7e4caa9","CUS-860700529","153.02","-27.47","debit","Sat","14:57:23","14","September"
"7786","authorized","1","ACC-3879258709","143.83","-37.66","SALES-POS","c0fab9eb-a843-4853-a6f7-5ccdc0010fe2","Natasha",198986.38,2018-09-29 07:00:00,"F",40,"Airport West","VIC",27.57,"fddead5ebf8b482f853b8733d4daa897","CUS-527400765","144.89","-37.71","debit","Sat","15:07:21","15","September"
"7787","authorized","1","ACC-1652235822","144.89","-37.81","POS","f8404f44-f730-4531-abf3-a05bfe5dccd3","Renee",20329.86,2018-09-29 07:00:00,"F",38,"Croydon","VIC",21.8,"b370d95362ec433bb0ede6b89681c5fd","CUS-2206365095","145.29","-37.78","debit","Sat","15:18:51","15","September"
"7788","authorized","1","ACC-819621312","145.04","-37.85","POS","57de149c-95cb-4fc4-89b1-c64249e6aee1","Michele",7228.58,2018-09-29 07:00:00,"F",30,"South Melbourne","VIC",31.7,"b729f3ba02ff44de8ad0b7ee9dd5826a","CUS-1271030853","144.96","-37.83","debit","Sat","15:30:20","15","September"
"7789","authorized","1","ACC-958000567","130.90","-12.37","POS","20350a17-ead5-464b-bea9-5cbf33362de2","Sandra",7447.57,2018-09-29 07:00:00,"F",34,"Oakleigh","VIC",94.8,"9669b22d328e4cb2879da5bd72aa496d","CUS-4142663097","145.09","-37.9","debit","Sat","15:41:50","15","September"
"7790","authorized","0","ACC-966140392","147.08","-37.97","POS","6f0bdb12-9535-4a76-b792-30d9f006ca6a","Joseph",8601.13,2018-09-29 07:00:00,"M",21,"Leopold","VIC",21.7,"dd6908c9a66d4e40855556cd3c071983","CUS-537508723","144.46","-38.19","debit","Sat","15:53:19","15","September"
"7791","posted",NA,"ACC-2920611728","144.96","-37.76","PAYMENT",NA,"Tyler",7431.1,2018-09-29 07:00:00,"M",69,NA,NA,17,"7257dbf75952426398252db9b662f570","CUS-1388323263",NA,NA,"debit","Sat","16:00:00","16","September"
"7792","posted",NA,"ACC-37709441","153.41","-28.01","PHONE BANK",NA,"Charles",13129.31,2018-09-29 07:00:00,"M",18,NA,NA,21,"730dd9ca774941f1bda0bfad7c77ae01","CUS-3336454548",NA,NA,"debit","Sat","16:00:00","16","September"
"7793","authorized","1","ACC-2107684084","145.03","-37.88","SALES-POS","3a5bdc06-632f-4104-9194-1c5da4c1461b","Richard",9036.58,2018-09-29 07:00:00,"M",22,"Brunswick","VIC",12.27,"e3815e1c3b114f91a42e7b36c9cfe5c2","CUS-2283904812","144.97","-37.78","debit","Sat","16:06:59","16","September"
"7794","authorized","0","ACC-574997646","150.79","-33.64","POS","efc08534-0d8d-4bf0-b4fc-4362fb67b93d","Mackenzie",3662.78,2018-09-29 07:00:00,"F",18,"Vasse","WA",21.85,"c1eadbf3e64042cf9cfe5795a18c36cc","CUS-586638664","115.25","-33.68","debit","Sat","16:23:39","16","September"
"7795","authorized","1","ACC-354106658","151.04","-33.80","POS","7b9c1f66-a529-4c96-853f-f8bb71b192bd","Christine",14591.37,2018-09-29 07:00:00,"F",39,"East Killara","NSW",41.2,"188b113692af49d2bb51fea3853b4889","CUS-2376382098","151.18","-33.75","debit","Sat","16:40:19","16","September"
"7796","authorized","1","ACC-1344825761","151.09","-33.91","POS","a82a474e-3e2e-4dd3-87fd-9b24da692e0e","Sarah",20385.96,2018-09-29 07:00:00,"F",46,"Enfield","NSW",491.14,"5b7d7717caf04645af49671adb880d3c","CUS-1499065773","151.1","-33.89","debit","Sat","16:56:59","16","September"
"7797","posted",NA,"ACC-854938045","147.63","-22.84","PAYMENT",NA,"James",11172.38,2018-09-29 07:00:00,"M",28,NA,NA,49,"9bd9aca202c84a8da59075ec6044b90d","CUS-4023861240",NA,NA,"debit","Sat","17:00:00","17","September"
"7798","authorized","1","ACC-1598451071","153.41","-27.95","SALES-POS","e6bf73ae-dd3e-492e-8afb-ab040dcdbd44","Diana",2979.21,2018-09-29 07:00:00,"F",26,"Benowa","QLD",14.37,"5279003889264adf9ffded5000115d51","CUS-2487424745","153.39","-28.01","debit","Sat","17:07:31","17","September"
"7799","authorized","1","ACC-1598451071","153.41","-27.95","SALES-POS","430c23a4-b449-4225-8c79-d7f274810e6e","Diana",2966.53,2018-09-29 07:00:00,"F",26,"Arundel","QLD",12.68,"cb500aae9ae94c658ac2c9cfdd325890","CUS-2487424745","153.38","-27.93","debit","Sat","17:16:41","17","September"
"7800","authorized","1","ACC-2673069055","152.99","-27.49","POS","f82e6e6e-13a2-42e4-9b36-ee31e951e54e","Richard",17675.41,2018-09-29 07:00:00,"M",24,"Brookvale","NSW",107.15,"8d95cb2dff8b4fd2b11caf2d08482986","CUS-51506836","151.26","-33.76","debit","Sat","17:25:52","17","September"
"7801","authorized","1","ACC-1516130869","130.84","-12.45","POS","f5e18f41-c46a-4ffe-ba21-54d71d370455","Jessica",3880.89,2018-09-29 07:00:00,"F",21,"Wishart","NT",19.03,"980fdebd2cd5453fa7de8008864ed546","CUS-325142416","130.93","-12.46","debit","Sat","17:35:02","17","September"
"7802","authorized","1","ACC-1598451071","153.41","-27.95","SALES-POS","68884f04-d661-4dfd-8eb2-4c9c27573bbb","Diana",2941.76,2018-09-29 07:00:00,"F",26,"Runaway Bay","QLD",24.77,"93f0f061d6634438b9fccb0c20f2c2ff","CUS-2487424745","153.39","-27.91","debit","Sat","17:44:13","17","September"
"7803","authorized","1","ACC-1334819143","145.13","-37.70","SALES-POS","fb9b1676-d6c7-4c57-847e-69906493122c","Christopher",63939.41,2018-09-29 07:00:00,"M",33,"Doncaster","VIC",46.38,"7ae60eae802c46f5a9e196f2cdd429ad","CUS-3117610635","145.12","-37.79","debit","Sat","17:53:23","17","September"
"7804","posted",NA,"ACC-958000567","130.90","-12.37","PAYMENT",NA,"Sandra",7430.57,2018-09-29 07:00:00,"F",34,NA,NA,17,"4f98c162b3fd4ce9919daba69d7daa22","CUS-4142663097",NA,NA,"debit","Sat","18:00:00","18","September"
"7805","authorized","1","ACC-3879258709","143.83","-37.66","POS","c0411601-6569-48fc-8c8d-24e38e1388aa","Natasha",198981.32,2018-09-29 07:00:00,"F",40,"Merrylands","NSW",5.06,"d59abe2b795a47be84cb7bbd8665ffa5","CUS-527400765","150.98","-33.83","debit","Sat","18:06:13","18","September"
"7806","authorized","1","ACC-819621312","145.04","-37.85","POS","d84f95ea-8b57-4ed5-a1c9-77f0176d5170","Michele",7210.52,2018-09-29 07:00:00,"F",30,"Collingwood","VIC",18.06,"67a68a0011a94469a67f5fbe56429a40","CUS-1271030853","144.99","-37.79","debit","Sat","18:28:26","18","September"
"7807","authorized","0","ACC-1222300524","151.23","-33.94","SALES-POS","f0517635-0ebe-4a8c-815c-b726f570b5cf","Michael",862.46,2018-09-29 07:00:00,"M",38,"Emerton","NSW",16.6,"a03017e012284d30ae2fd86c7c4f5df6","CUS-2142601169","150.81","-33.74","debit","Sat","18:50:39","18","September"
"7808","authorized","1","ACC-1598451071","153.41","-27.95","POS","1b9a5c03-02c3-4604-8e87-89aa4f4c2322","Diana",2931.43,2018-09-29 07:00:00,"F",26,"North Sydney","NSW",10.33,"137f2f7eb7f945dfbda148c2c1f3096b","CUS-2487424745","151.21","-33.84","debit","Sat","19:05:55","19","September"
"7809","authorized","1","ACC-1037050564","153.10","-27.66","SALES-POS","a25b2589-1591-4def-87bb-e392e30ae00a","Rhonda",3874.56,2018-09-29 07:00:00,"F",40,"South Brisbane","QLD",48.16,"c5c27a7156ca40ed990c96ade871f209","CUS-1614226872","153.01","-27.48","debit","Sat","19:16:07","19","September"
"7810","authorized","1","ACC-3879258709","143.83","-37.66","POS","3fbc2fcc-15cb-49f0-bdaf-1d5cf1218138","Natasha",198970.55,2018-09-29 07:00:00,"F",40,"North Ryde","NSW",10.77,"9ffd1e0ee3c1433d8e4acc1c7236c9cf","CUS-527400765","151.14","-33.8","debit","Sat","19:26:19","19","September"
"7811","authorized","1","ACC-1222300524","151.23","-33.94","POS","668f860c-514a-4f52-a2a5-b8651b2f61d9","Michael",850.73,2018-09-29 07:00:00,"M",38,"Punchbowl","NSW",11.73,"e1d74e8da06f4cf18f230e4fe72cf258","CUS-2142601169","151.04","-33.94","debit","Sat","19:36:31","19","September"
"7812","authorized","1","ACC-819621312","145.04","-37.85","SALES-POS","238774cb-e57c-4054-815a-be7606a52038","Michele",7193.52,2018-09-29 07:00:00,"F",30,"Mount Gambier","SA",17,"03bfbeeea6cf4411b593976f51289b83","CUS-1271030853","140.78","-37.83","debit","Sat","19:46:44","19","September"
"7813","authorized","1","ACC-1973887809","115.78","-31.90","SALES-POS","cb8073e5-4512-4756-8baa-daa04828045a","Antonio",7450.77,2018-09-29 07:00:00,"M",26,"Wangara","WA",18.94,"9f05c172d37a414a868fc713eb6e3cae","CUS-1646621553","115.82","-31.79","debit","Sat","19:56:56","19","September"
"7814","posted",NA,"ACC-4258502723","145.45","-37.74","INTER BANK",NA,"Kimberly",3979.17,2018-09-29 07:00:00,"F",24,NA,NA,28,"abe408fcf6f742928ebe56e480eb3213","CUS-3378712515",NA,NA,"debit","Sat","20:00:00","20","September"
"7815","authorized","0","ACC-1990648130","114.62","-28.80","POS","f75cba91-43f5-48cb-83ac-c4c2254e0028","Kaitlyn",5516.06,2018-09-29 07:00:00,"F",21,"Alstonville","NSW",13.95,"a13d3cc6ffdd4cc0a4b5af63222bda0f","CUS-809013380","153.45","-28.85","debit","Sat","20:17:29","20","September"
"7816","authorized","1","ACC-964839203","146.92","-36.07","SALES-POS","6b0a8d80-9b7a-410e-823d-f9300e69d44d","Michael",37504.68,2018-09-29 07:00:00,"M",21,"Townsville City","QLD",27.53,"86115c597b25491b96bc70d4afc044db","CUS-2059096722","146.81","-19.27","debit","Sat","20:42:29","20","September"
"7817","posted",NA,"ACC-1344825761","151.09","-33.91","PAYMENT",NA,"Sarah",20357.96,2018-09-29 07:00:00,"F",46,NA,NA,28,"de73636a9d7e4c6285e288b971eb6bec","CUS-1499065773",NA,NA,"debit","Sat","21:00:00","21","September"
"7818","authorized","1","ACC-1990648130","114.62","-28.80","POS","0898833a-fca8-40b5-a738-8e1d4aa98322","Kaitlyn",5487.78,2018-09-29 07:00:00,"F",21,"Alstonville","NSW",28.28,"aa7ed22c647d45d08b79e646e44da922","CUS-809013380","153.44","-28.84","debit","Sat","21:01:39","21","September"
"7819","authorized","1","ACC-3827517394","151.12","-33.89","SALES-POS","273287b0-7afc-4b7c-a0b4-ad68746be75b","Craig",41981.16,2018-09-29 07:00:00,"M",28,"Auburn","SA",102.62,"06d1204629724ec380fb4643a79ba868","CUS-2663907001","138.69","-34.03","debit","Sat","21:07:10","21","September"
"7820","authorized","0","ACC-1334819143","145.13","-37.70","POS","2ce60e2b-ed37-4e89-ab6b-d57ef6471c77","Christopher",63930.35,2018-09-29 07:00:00,"M",33,"Melbourne","VIC",9.06,"e6d41c513a2846559b2563ddb442eb69","CUS-3117610635","144.97","-37.81","debit","Sat","21:12:42","21","September"
"7821","authorized","1","ACC-1990648130","114.62","-28.80","SALES-POS","a79490f1-8469-4eec-9ad0-0a4726f48781","Kaitlyn",5409.64,2018-09-29 07:00:00,"F",21,"Haymarket","NSW",78.14,"6864be9c0fd140c6a689188740f9a864","CUS-809013380","151.21","-33.88","debit","Sat","21:18:13","21","September"
"7822","authorized","1","ACC-3879258709","143.83","-37.66","SALES-POS","f5c25f89-43a5-478f-9890-78d3e726520d","Natasha",198942.07,2018-09-29 07:00:00,"F",40,"Craigieburn","VIC",28.48,"7115742de873494fb4d9670596195774","CUS-527400765","144.91","-37.59","debit","Sat","21:23:45","21","September"
"7823","authorized","1","ACC-1199531521","116.02","-31.87","POS","635f3dfb-bead-4f60-9a01-0acc24dc4f46","Billy",14356.94,2018-09-29 07:00:00,"M",52,"Orange","NSW",25.8,"55967e4746ad499eaf8d960ae305df7c","CUS-134833760","149.1","-33.29","debit","Sat","21:29:16","21","September"
"7824","authorized","1","ACC-966140392","147.08","-37.97","SALES-POS","11d01dae-25ae-4e8d-80d4-845096332ee7","Joseph",8592.47,2018-09-29 07:00:00,"M",21,"Sandringham","VIC",8.66,"9222738601e4404c9ce54b68949ae579","CUS-537508723","145","-37.95","debit","Sat","21:34:48","21","September"
"7825","authorized","1","ACC-1598451071","153.41","-27.95","SALES-POS","65e6ea12-42c5-45e0-bf37-3d1448bea1a4","Diana",2904.28,2018-09-29 07:00:00,"F",26,"Burleigh Heads","QLD",27.15,"5a970deb31624e089767a83ce5ebb022","CUS-2487424745","153.45","-28.09","debit","Sat","21:40:19","21","September"
"7826","authorized","1","ACC-2107684084","145.03","-37.88","POS","9b77d8e5-8048-4a05-8de5-6aaf25fd2282","Richard",9009.51,2018-09-29 07:00:00,"M",22,"Ringwood","VIC",27.07,"0650559de84147208bafe97eb796b7d4","CUS-2283904812","145.23","-37.81","debit","Sat","21:45:51","21","September"
"7827","authorized","1","ACC-1990648130","114.62","-28.80","SALES-POS","72001733-2028-44be-92b8-2d7e25512d3e","Kaitlyn",5397.28,2018-09-29 07:00:00,"F",21,"Leonora","WA",12.36,"39e7345da5b54fdcb817d5b2637bd6b1","CUS-809013380","121.33","-28.88","debit","Sat","21:51:22","21","September"
"7828","authorized","1","ACC-1598451071","153.41","-27.95","SALES-POS","ad7d9c43-19bb-4bf1-a1a8-cd67e51a50ec","Diana",2893.54,2018-09-29 07:00:00,"F",26,"Main Beach","QLD",10.74,"3d861f8f67494d1ab8fb2d8495af228a","CUS-2487424745","153.43","-27.97","debit","Sat","21:56:54","21","September"
"7829","posted",NA,"ACC-1799207998","150.68","-33.79","PAYMENT",NA,"Susan",9238.88,2018-09-29 07:00:00,"F",20,NA,NA,30,"e999f246f326459a945168777c33c9cd","CUS-164374203",NA,NA,"debit","Sat","22:00:00","22","September"
"7830","authorized","0","ACC-2173390920","144.71","-37.58","SALES-POS","0322397f-0018-4b53-97ee-7171659ea3ae","Luis",7701.83,2018-09-29 07:00:00,"M",27,"Broadmeadows","VIC",85,"8a3d2efb2316420691fa9c3b667042e5","CUS-3180318393","144.92","-37.68","debit","Sat","22:02:37","22","September"
"7831","authorized","1","ACC-2890243754","153.32","-27.93","SALES-POS","d49ce849-be19-4fe4-84df-299da4dc1fb3","Joseph",4619.65,2018-09-29 07:00:00,"M",37,"Burleigh Waters","QLD",12.4,"7fd084677de1421d868114559a3b4220","CUS-2695611575","153.42","-28.08","debit","Sat","22:08:34","22","September"
"7832","authorized","1","ACC-3879258709","143.83","-37.66","SALES-POS","0d45849a-3eb0-461a-910a-8d9618b2801a","Natasha",198926.96,2018-09-29 07:00:00,"F",40,"Bundoora","VIC",15.11,"eec82126045f4d129506eb6b8023f850","CUS-527400765","145.06","-37.69","debit","Sat","22:14:31","22","September"
"7833","authorized","1","ACC-1608363396","151.22","-33.87","SALES-POS","b20919fc-410c-4264-9dce-c29d69a5a5af","Robert",6837.32,2018-09-29 07:00:00,"M",20,"Silverwater","NSW",53.14,"d5a4f4ad98e64e04a5258f3c58ec8a0a","CUS-2688605418","151.04","-33.84","debit","Sat","22:20:28","22","September"
"7834","authorized","1","ACC-1222300524","151.23","-33.94","POS","ad5f71d0-7acb-475b-943d-db95b7abf4ca","Michael",832.26,2018-09-29 07:00:00,"M",38,"Sydney","NSW",18.47,"3fd3b1dec5c24fbcb5c07bad72585870","CUS-2142601169","151.21","-33.87","debit","Sat","22:26:25","22","September"
"7835","authorized","1","ACC-3879258709","143.83","-37.66","POS","f2f0cbbe-38b6-4da4-b43e-dace31e2daf3","Natasha",198907.17,2018-09-29 07:00:00,"F",40,"Whittlesea","VIC",19.79,"7c3571dfbbae47a79208a81911767a27","CUS-527400765","145.11","-37.52","debit","Sat","22:32:22","22","September"
"7836","authorized","0","ACC-1037050564","153.10","-27.66","POS","a0de7aeb-c2f4-4e83-8b85-b9518425e7a8","Rhonda",3858.7,2018-09-29 07:00:00,"F",40,"Saint Lucia","QLD",15.86,"ad6d069614b245faa811ae5b19340618","CUS-1614226872","153.01","-27.5","debit","Sat","22:38:19","22","September"
"7837","authorized","1","ACC-1990648130","114.62","-28.80","POS","b35c0649-12ba-428b-a82d-09ad6bb11bdb","Kaitlyn",5324.09,2018-09-29 07:00:00,"F",21,"Ellenbrook","WA",73.19,"bc0f62853d0e4339bfe14172f4e53d24","CUS-809013380","115.97","-31.78","debit","Sat","22:44:17","22","September"
"7838","authorized","1","ACC-3879258709","143.83","-37.66","POS","46950084-b323-4510-8170-81e44170e89f","Natasha",198880.96,2018-09-29 07:00:00,"F",40,"Craigieburn","VIC",26.21,"a046cefc61a84cd98e3d2e0127e569e3","CUS-527400765","144.91","-37.59","debit","Sat","22:50:14","22","September"
"7839","authorized","1","ACC-3771436525","145.04","-37.92","POS","37fe8e9e-8581-4972-9348-26f890f02bee","Derek",4882.6,2018-09-29 07:00:00,"M",20,"Ripponlea","VIC",19.8,"4acfdd9a72724927b914a85fba33fa41","CUS-3325710106","145","-37.88","debit","Sat","22:56:11","22","September"
"7840","posted",NA,"ACC-2014856841","144.99","-37.90","PAYMENT",NA,"Patrick",264361.11,2018-09-29 07:00:00,"M",46,NA,NA,43,"e7138e3e32594664979046a1c5a7aed7","CUS-2370108457",NA,NA,"debit","Sat","23:00:00","23","September"
"7841","posted",NA,"ACC-3954677887","115.72","-32.28","PAYMENT",NA,"Ruth",5115.6,2018-09-29 07:00:00,"F",47,NA,NA,24,"7c0a137aee194904810e1136bb2c8c72","CUS-3716701010",NA,NA,"debit","Sat","23:00:00","23","September"
"7842","authorized","1","ACC-4258502723","145.45","-37.74","SALES-POS","bc42627b-f309-4144-90c0-bc56b934280e","Kimberly",3969.22,2018-09-29 07:00:00,"F",24,"Brunswick West","VIC",9.95,"1123eb1c7e384e09bbaf2f9611a16653","CUS-3378712515","144.95","-37.77","debit","Sat","23:02:41","23","September"
"7843","authorized","1","ACC-1973887809","115.78","-31.90","POS","5361dc44-57b7-4d42-abbb-1533e9e38e24","Antonio",7424.77,2018-09-29 07:00:00,"M",26,"Beldon","WA",26,"51801beee012408887b56925d35e8025","CUS-1646621553","115.77","-31.77","debit","Sat","23:10:08","23","September"
"7844","authorized","0","ACC-1903037542","153.05","-27.61","POS","a1427ac2-3ca9-4a6b-9b28-2da614698dec","Jeffrey",4462.53,2018-09-29 07:00:00,"M",30,"Mount Warren Park","QLD",21,"6b2ca664c5334c1da548012a92100e18","CUS-860700529","153.2","-27.72","debit","Sat","23:17:36","23","September"
"7845","authorized","1","ACC-1516130869","130.84","-12.45","SALES-POS","7f424437-d396-4374-bdc1-53350e4387ba","Jessica",3874.6,2018-09-29 07:00:00,"F",21,"Bakewell","NT",6.29,"ee28717a09574caca78bcf620d57a904","CUS-325142416","130.99","-12.5","debit","Sat","23:25:04","23","September"
"7846","authorized","1","ACC-2920611728","144.96","-37.76","SALES-POS","a7933aae-e35e-4e5d-9cbc-214a1835d0c6","Tyler",7413.56,2018-09-29 07:00:00,"M",69,"Croydon","VIC",17.54,"4bb18eb7d27c4d8f9faf939908f3c145","CUS-1388323263","145.27","-37.78","debit","Sat","23:32:32","23","September"
"7847","authorized","1","ACC-1443681913","150.92","-33.77","SALES-POS","f048e864-da7f-4a57-9b20-2f679a06f899","Ryan",4036.87,2018-09-29 07:00:00,"M",31,"Wollongong","NSW",19.97,"3a576f8f142f4e728fbcf8d4988fb2ca","CUS-3129499595","150.88","-34.43","debit","Sat","23:39:59","23","September"
"7848","authorized","1","ACC-3771436525","145.04","-37.92","SALES-POS","49fa43b1-9131-4d8a-a8ce-74a8c1284cf7","Derek",4864.81,2018-09-29 07:00:00,"M",20,"Melbourne","VIC",17.79,"d90517d6debc44a591402356eca40245","CUS-3325710106","144.96","-37.82","debit","Sat","23:47:27","23","September"
"7849","authorized","0","ACC-1652235822","144.89","-37.81","SALES-POS","e98b306d-8324-4b40-a038-457546bb99bc","Renee",20297.93,2018-09-29 07:00:00,"F",38,"Bairnsdale","VIC",31.93,"609de1cee94542dd80db6951332c3161","CUS-2206365095","147.63","-37.83","debit","Sat","23:54:55","23","September"
"7850","authorized","1","ACC-414431115","142.77","-37.06","POS","fead27c2-a33d-4870-9cce-29f199b117ad","Amy",4575.07,2018-09-30 07:00:00,"F",43,"Castlemaine","VIC",42.76,"fdf782ea309646d1b30530d069ff1f6f","CUS-2599279756","144.22","-37.06","debit","Sun","00:22:51","00","September"
"7851","authorized","1","ACC-4065652575","115.81","-31.82","SALES-POS","50f0c409-1887-4c6a-9739-463c06b290bf","Lucas",8938.97,2018-09-30 07:00:00,"M",21,"Beeliar","WA",17.62,"26c57f3da3564b93b2821669f782ff4c","CUS-1117979751","115.8","-32.13","debit","Sun","01:14:59","01","September"
"7852","authorized","1","ACC-1973887809","115.78","-31.90","SALES-POS","4c843dbc-0934-4af5-bacb-9a813503bb6d","Antonio",7348.49,2018-09-30 07:00:00,"M",26,"Burleigh Heads","QLD",76.28,"19a7ade2498b478e9a0026fd9e248c10","CUS-1646621553","153.42","-28.1","debit","Sun","01:46:14","01","September"
"7853","posted",NA,"ACC-2107684084","145.03","-37.88","PAYMENT",NA,"Richard",8984.51,2018-09-30 07:00:00,"M",22,NA,NA,25,"74a8766cf35641c0a1c7fa6915baca3b","CUS-2283904812",NA,NA,"debit","Sun","02:00:00","02","September"
"7854","authorized","1","ACC-2673069055","152.99","-27.49","SALES-POS","85f205ca-dc6b-43f4-b081-859a27457643","Richard",17655.02,2018-09-30 07:00:00,"M",24,"Balcatta","WA",20.39,"2ab2f6caaf274f8e864bcc37fa7ddaa4","CUS-51506836","115.81","-31.86","debit","Sun","02:20:44","02","September"
"7855","authorized","1","ACC-854938045","147.63","-22.84","POS","64e6e6b9-088b-4855-acad-1210d5eb2f85","James",11154.45,2018-09-30 07:00:00,"M",28,"Richmond","TAS",17.93,"2bdc27752dc248ef9f91a0b44ef64400","CUS-4023861240","147.44","-42.74","debit","Sun","02:57:46","02","September"
"7856","posted",NA,"ACC-1056639002","145.03","-37.91","INTER BANK",NA,"Michael",50797.05,2018-09-30 07:00:00,"M",22,NA,NA,36,"452a37def1204d47a81e82ee79a4f1a2","CUS-3462882033",NA,NA,"debit","Sun","03:00:00","03","September"
"7857","authorized","1","ACC-1652235822","144.89","-37.81","POS","ccd34722-ed5b-4549-9afe-93bb5869a9fb","Renee",20281.81,2018-09-30 07:00:00,"F",38,"Chadstone","VIC",16.12,"692b01f9427c4a06a3da57fd4db9fa3a","CUS-2206365095","145.08","-37.89","debit","Sun","03:58:44","03","September"
"7858","posted",NA,"ACC-4258502723","145.45","-37.74","PAYMENT",NA,"Kimberly",3931.22,2018-09-30 07:00:00,"F",24,NA,NA,38,"3665162a6f4a4faa920ad4341789f8a3","CUS-3378712515",NA,NA,"debit","Sun","04:00:00","04","September"
"7859","authorized","1","ACC-1222300524","151.23","-33.94","SALES-POS","4bc0e750-4818-4aec-af42-3be72ef0de7b","Michael",823.24,2018-09-30 07:00:00,"M",38,"Penrith","NSW",9.02,"1d9503a0936a4720b1ed04ed1649f36f","CUS-2142601169","150.69","-33.75","debit","Sun","04:54:26","04","September"
"7860","posted",NA,"ACC-3485804958","138.52","-35.01","PAYMENT",NA,"Jessica",25514.89,2018-09-30 07:00:00,"F",34,NA,NA,31,"20857c79191942f2a5148334e8ce778e","CUS-1196156254",NA,NA,"debit","Sun","05:00:00","05","September"
"7861","posted",NA,"ACC-559365433","147.31","-42.88","PAYMENT",NA,"Mary",3553.69,2018-09-30 07:00:00,"F",64,NA,NA,30,"20365a902c9c4dd8aeff41e35c6262b6","CUS-1654129794",NA,NA,"debit","Sun","05:00:00","05","September"
"7862","posted",NA,"ACC-1523339231","115.83","-31.90","INTER BANK",NA,"Tim",69563.01,2018-09-30 07:00:00,"M",40,NA,NA,39,"e33ea66956e544cfa880b3a63f3f7bfd","CUS-1816693151",NA,NA,"debit","Sun","06:00:00","06","September"
"7863","authorized","1","ACC-1890605467","143.88","-37.66","POS","0654e137-7cbe-4371-858a-b407b612ee52","Alexander",16249.86,2018-09-30 07:00:00,"M",38,"Wollert","VIC",20.95,"788f393d1bbd45bd874da6f429a80bed","CUS-1478398256","145.03","-37.62","debit","Sun","06:59:59","06","September"
"7864","posted",NA,"ACC-3771436525","145.04","-37.92","PAYMENT",NA,"Derek",4815.81,2018-09-30 07:00:00,"M",20,NA,NA,49,"c58c3c908f6149a6bfd2fc84f05d8014","CUS-3325710106",NA,NA,"debit","Sun","07:00:00","07","September"
"7865","authorized","0","ACC-958000567","130.90","-12.37","SALES-POS","6f931528-3e0b-454b-ab7c-898c916b33a2","Sandra",7379.17,2018-09-30 07:00:00,"F",34,"Parap","NT",51.4,"ea174da30e584b5dac321679fc9e55d3","CUS-4142663097","130.84","-12.43","debit","Sun","07:52:37","07","September"
"7866","posted",NA,"ACC-2107684084","145.03","-37.88","INTER BANK",NA,"Richard",8951.51,2018-09-30 07:00:00,"M",22,NA,NA,33,"943f81feff3e4d75b2e8a393ccb5e9d6","CUS-2283904812",NA,NA,"debit","Sun","08:00:00","08","September"
"7867","authorized","1","ACC-3689607373","115.79","-31.79","SALES-POS","0cc03d95-bf40-41a7-9248-2d7c42e95c04","Virginia",7008.19,2018-09-30 07:00:00,"F",20,"Ceduna","SA",9.85,"5f8ebafe75f7481b9d72cd1334cde2c1","CUS-127297539","133.67","-32.13","debit","Sun","08:24:34","08","September"
"7868","authorized","1","ACC-4258502723","145.45","-37.74","SALES-POS","18c1a3d3-f398-443b-8889-c8cf34ff4ec2","Kimberly",3898.61,2018-09-30 07:00:00,"F",24,"Cow Bay","QLD",32.61,"4e9f0b15198845a69e7337ddcf6212ed","CUS-3378712515","145.43","-16.24","debit","Sun","08:53:08","08","September"
"7869","authorized","1","ACC-3317636250","153.02","-27.66","SALES-POS","2f6e94d7-87fc-46e0-8552-690216d5c493","Kenneth",11927.52,2018-09-30 07:00:00,"M",35,"Rochedale","QLD",627.97,"beb84a368d404fa88136b94c7ff2513c","CUS-2738291516","153.13","-27.57","debit","Sun","09:04:25","09","September"
"7870","authorized","1","ACC-966140392","147.08","-37.97","SALES-POS","cf4cd272-bc86-4838-936e-ac5d551ff87c","Joseph",8577.21,2018-09-30 07:00:00,"M",21,"Glen Huntly","VIC",15.26,"faf24cd4c5e643058fd320faa80b056b","CUS-537508723","145.04","-37.89","debit","Sun","09:10:13","09","September"
"7871","authorized","1","ACC-1799207998","150.68","-33.79","SALES-POS","5ded19c6-08ec-43e5-8300-8ba839bb8a4d","Susan",9212.99,2018-09-30 07:00:00,"F",20,"Brookvale","NSW",25.89,"7331eb72c22a409fb9c14548aa1e561a","CUS-164374203","151.28","-33.76","debit","Sun","09:16:02","09","September"
"7872","authorized","0","ACC-1516130869","130.84","-12.45","POS","012fee56-7727-4955-921a-f0369663dc65","Jessica",3863.72,2018-09-30 07:00:00,"F",21,"Darwin City","NT",10.88,"83fcdad4abba4bde8353f64413890a11","CUS-325142416","130.84","-12.46","debit","Sun","09:21:51","09","September"
"7873","authorized","0","ACC-958000567","130.90","-12.37","SALES-POS","f7f1a4c4-9947-47f5-a461-2fed2ca3324c","Sandra",7357.54,2018-09-30 07:00:00,"F",34,"Melbourne","VIC",21.63,"d128ee3f5260497db7fb5d95a54797d4","CUS-4142663097","144.96","-37.82","debit","Sun","09:27:40","09","September"
"7874","authorized","1","ACC-1037050564","153.10","-27.66","POS","905df638-9513-4d5d-b5c2-65da440c19d0","Rhonda",3844.29,2018-09-30 07:00:00,"F",40,"Brisbane City","QLD",14.41,"65e53aaefff64e7081bb461fb2b7722b","CUS-1614226872","153.03","-27.47","debit","Sun","09:33:29","09","September"
"7875","authorized","1","ACC-1334819143","145.13","-37.70","SALES-POS","66b6c18d-60fe-452e-a5c0-e80edbb355e9","Christopher",63904.38,2018-09-30 07:00:00,"M",33,"Yarraville","VIC",25.97,"e3f8a6a3ff644bb48107c6bf76919a69","CUS-3117610635","144.88","-37.82","debit","Sun","09:39:18","09","September"
"7876","authorized","1","ACC-3100725361","145.73","-17.03","SALES-POS","47c08650-7b78-42a6-a2e8-e5fb0fa00c63","Ronald",5931.86,2018-09-30 07:00:00,"M",25,"Preston","VIC",65.17,"5e657a89b47444389bbbb6402dc4d6ba","CUS-2178051368","145.03","-37.75","debit","Sun","09:45:06","09","September"
"7877","authorized","0","ACC-2890243754","153.32","-27.93","SALES-POS","dfa4627c-d38a-4f00-9e99-b9f5e77a35e3","Joseph",4608.49,2018-09-30 07:00:00,"M",37,"Miami","QLD",11.16,"61a89547d6c04774a2ad696f9ab87a1f","CUS-2695611575","153.44","-28.08","debit","Sun","09:50:55","09","September"
"7878","authorized","1","ACC-1799207998","150.68","-33.79","SALES-POS","c2b1df29-b44f-4006-94bc-666fc7b23ce0","Susan",9199.14,2018-09-30 07:00:00,"F",20,"Chatswood","NSW",13.85,"d15df975af854d2f8ebd750adb70731a","CUS-164374203","151.18","-33.8","debit","Sun","09:56:44","09","September"
"7879","posted",NA,"ACC-964839203","146.92","-36.07","PAYMENT",NA,"Michael",37446.35,2018-09-30 07:00:00,"M",21,NA,NA,42,"4c9d60a11c044d119f6d4bb6b632d7aa","CUS-2059096722",NA,NA,"debit","Sun","10:00:00","10","September"
"7880","authorized","1","ACC-1652235822","144.89","-37.81","POS","935cdef4-6217-406c-80b5-1185c4097031","Renee",20272.28,2018-09-30 07:00:00,"F",38,"Mulgrave","VIC",9.53,"10d4fbc5da984f688141fe80801a148f","CUS-2206365095","145.15","-37.91","debit","Sun","10:02:52","10","September"
"7881","authorized","1","ACC-1516130869","130.84","-12.45","SALES-POS","87d5733e-37a1-4c74-9520-ba063523472f","Jessica",3851.74,2018-09-30 07:00:00,"F",21,"Leederville","WA",11.98,"2cc40e9ee9524ef889e3f91ac71d1c33","CUS-325142416","115.84","-31.94","debit","Sun","10:09:24","10","September"
"7882","authorized","1","ACC-964839203","146.92","-36.07","SALES-POS","ca076819-b61b-4cbd-8909-247c788d1cf1","Michael",37488.35,2018-09-30 07:00:00,"M",21,"Ferntree Gully","VIC",16.33,"e9a9b845a3654c68bee04ebdfc06b813","CUS-2059096722","145.16","-37.91","debit","Sun","10:15:56","10","September"
"7883","authorized","1","ACC-966140392","147.08","-37.97","SALES-POS","264d431b-9a9d-40ee-8b87-5924037d046f","Joseph",8558.56,2018-09-30 07:00:00,"M",21,"Clayton","VIC",18.65,"14fc30410e55499aa165ad69d1eb058d","CUS-537508723","145.12","-37.93","debit","Sun","10:22:29","10","September"
"7884","authorized","0","ACC-2901672282","255.00","-573.00","POS","789f4f77-735c-41d4-b2dc-b9c4b5bee7d6","Daniel",9742.66,2018-09-30 07:00:00,"M",22,"Sydney","NSW",132.62,"168235981c80427e90cb506f57161d15","CUS-1617121891","151.18","-33.94","debit","Sun","10:29:01","10","September"
"7885","authorized","1","ACC-414431115","142.77","-37.06","POS","6932e4aa-e374-4279-903f-509d72b60737","Amy",4559.67,2018-09-30 07:00:00,"F",43,"Maryborough","VIC",15.4,"85ba5302ef5044bca571f39f11f878a6","CUS-2599279756","143.74","-37.05","debit","Sun","10:35:33","10","September"
"7886","authorized","1","ACC-2673069055","152.99","-27.49","SALES-POS","18411a26-e323-46a4-ae87-3434a1983f5e","Richard",17637.9,2018-09-30 07:00:00,"M",24,"Ormeau","QLD",17.12,"9342c84c62d244b48f7b13cf97979459","CUS-51506836","153.25","-27.79","debit","Sun","10:42:05","10","September"
"7887","authorized","1","ACC-1990648130","114.62","-28.80","POS","fc01efdd-0bf4-4b5d-aa1b-c48ce9bed120","Kaitlyn",5263.16,2018-09-30 07:00:00,"F",21,"Sydney","NSW",60.93,"c9e4a8d162354ae4b5633d5e2884d27c","CUS-809013380","151.21","-33.87","debit","Sun","10:48:37","10","September"
"7888","authorized","0","ACC-958000567","130.90","-12.37","SALES-POS","5689d17d-5202-4ad5-9333-2505f051c5dd","Sandra",6072.45,2018-09-30 07:00:00,"F",34,"Parap","NT",1285.09,"fdb27b89c3824cf99eb8ca6672f9fe72","CUS-4142663097","130.84","-12.44","debit","Sun","10:55:09","10","September"
"7889","posted",NA,"ACC-3827517394","151.12","-33.89","PAYMENT",NA,"Craig",41953.16,2018-09-30 07:00:00,"M",28,NA,NA,28,"e1cfb2d281eb4271a0ad9df181ff6e21","CUS-2663907001",NA,NA,"debit","Sun","11:00:00","11","September"
"7890","posted",NA,"ACC-1496451953","145.16","-37.84","INTER BANK",NA,"Ricky",15070.91,2018-09-30 07:00:00,"M",43,NA,NA,31,"fcb41c822b8546b9a903fe1acefb7c0a","CUS-3142625864",NA,NA,"debit","Sun","11:00:00","11","September"
"7891","posted",NA,"ACC-2615038700","145.35","-38.03","INTER BANK",NA,"Emily",31503.35,2018-09-30 07:00:00,"F",43,NA,NA,38,"db3201579afc47888d43c68af1faa882","CUS-3255104878",NA,NA,"debit","Sun","11:00:00","11","September"
"7892","posted",NA,"ACC-854938045","147.63","-22.84","PAYMENT",NA,"James",11105.33,2018-09-30 07:00:00,"M",28,NA,NA,34,"800eaa6c835b4399afea67e40d009067","CUS-4023861240",NA,NA,"debit","Sun","11:00:00","11","September"
"7893","authorized","1","ACC-1799207998","150.68","-33.79","SALES-POS","c15c27bc-2eb5-46d0-9fb8-4e2785067cc1","Susan",8106.51,2018-09-30 07:00:00,"F",20,"Epping","NSW",1092.63,"a9f7da9022464e7b8919900bcfad473e","CUS-164374203","151.08","-33.77","debit","Sun","11:02:47","11","September"
"7894","authorized","1","ACC-3100725361","145.73","-17.03","SALES-POS","a0e99864-5db3-4b56-9ce2-80c427467f98","Ronald",5903.85,2018-09-30 07:00:00,"M",25,"Drouin","VIC",28.01,"5859e470490443dc994f6e1efc503746","CUS-2178051368","145.86","-38.14","debit","Sun","11:13:32","11","September"
"7895","authorized","1","ACC-414431115","142.77","-37.06","SALES-POS","96454e2a-ea7e-4c25-9d99-728b7160d2c8","Amy",4524.23,2018-09-30 07:00:00,"F",43,"Mansfield","VIC",35.44,"986dd0f6bc474be09de629dc87f6b2a2","CUS-2599279756","146.09","-37.05","debit","Sun","11:24:18","11","September"
"7896","authorized","1","ACC-1496451953","145.16","-37.84","SALES-POS","8ec2d803-6e04-45e1-9d3b-fe04be0b7c30","Ricky",15101.91,2018-09-30 07:00:00,"M",43,"Melbourne","VIC",42.24,"cae8272e8d4845d284e7a2cd5590dfb8","CUS-3142625864","144.98","-37.85","debit","Sun","11:35:03","11","September"
"7897","authorized","1","ACC-854938045","147.63","-22.84","SALES-POS","b7f42867-024d-499c-b2ae-af0754b3bb84","James",11139.33,2018-09-30 07:00:00,"M",28,"Howrah","TAS",15.12,"7f37822c08d4443792b726a884ff8213","CUS-4023861240","147.41","-42.88","debit","Sun","11:45:48","11","September"
"7898","authorized","1","ACC-3100725361","145.73","-17.03","SALES-POS","07a1c4d0-e3da-4e6d-a882-d11211619bc9","Ronald",5875.89,2018-09-30 07:00:00,"M",25,"Westcourt","QLD",27.96,"10723cbac6a040fe86008fad2261a47b","CUS-2178051368","145.76","-16.93","debit","Sun","11:56:33","11","September"
"7899","posted",NA,"ACC-2249586092","115.98","-32.07","PAYMENT",NA,"Edward",9397.08,2018-09-30 07:00:00,"M",19,NA,NA,37,"e2d2ee88e8bd4e16934baa431de7e025","CUS-443776336",NA,NA,"debit","Sun","12:00:00","12","September"
"7900","authorized","0","ACC-1334819143","145.13","-37.70","SALES-POS","4ca6aecf-6064-4cc8-b2c1-90323e02a30a","Christopher",63897.52,2018-09-30 07:00:00,"M",33,"North Melbourne","VIC",6.86,"6c948b2c27d84bddac3e3646484330c3","CUS-3117610635","144.96","-37.81","debit","Sun","12:12:35","12","September"
"7901","authorized","1","ACC-1516130869","130.84","-12.45","POS","4fde251c-0b81-43df-9c05-c3f0704ffe1c","Jessica",3832.1,2018-09-30 07:00:00,"F",21,"Palmerston City","NT",19.64,"26bc1defede0489186c6239bb7aa6743","CUS-325142416","130.99","-12.48","debit","Sun","12:31:06","12","September"
"7902","authorized","1","ACC-1799207998","150.68","-33.79","SALES-POS","0951ccff-0c90-4ba8-968e-17b1e6fd97f3","Susan",8099.67,2018-09-30 07:00:00,"F",20,"Cremorne","NSW",6.84,"4125bbc3d0cd4ad9a0cf678b1814d30c","CUS-164374203","151.23","-33.83","debit","Sun","12:49:37","12","September"
"7903","authorized","1","ACC-1037050564","153.10","-27.66","SALES-POS","3edc8d7c-1632-4ba5-af30-ed59f811b569","Rhonda",3808.18,2018-09-30 07:00:00,"F",40,"Mermaid Beach","QLD",36.11,"2963ca80f3a64c65b2c9404e67eaa853","CUS-1614226872","153.44","-28.05","debit","Sun","13:08:47","13","September"
"7904","authorized","0","ACC-1799207998","150.68","-33.79","SALES-POS","743caa53-10ab-42e0-a96b-8b456efd5229","Susan",8082.27,2018-09-30 07:00:00,"F",20,"Forestville","NSW",17.4,"97f1085e1b9242288e8b8d215b988eee","CUS-164374203","151.21","-33.76","debit","Sun","13:28:47","13","September"
"7905","authorized","1","ACC-3771436525","145.04","-37.92","POS","4bd07f33-ea69-4e9b-9bc7-c02177d95150","Derek",4795.28,2018-09-30 07:00:00,"M",20,"Maribyrnong","VIC",20.53,"3cca990621934af0bdbed3b27a8bced5","CUS-3325710106","144.89","-37.77","debit","Sun","13:48:47","13","September"
"7906","posted",NA,"ACC-37709441","153.41","-28.01","INTER BANK",NA,"Charles",13089.31,2018-09-30 07:00:00,"M",18,NA,NA,40,"bf872a7bcde94024bf985f5a274b8fbd","CUS-3336454548",NA,NA,"debit","Sun","14:00:00","14","September"
"7907","authorized","1","ACC-1037050564","153.10","-27.66","SALES-POS","1e7a6b56-59d3-47f2-b977-b3ff7774e3af","Rhonda",3762.79,2018-09-30 07:00:00,"F",40,"Oxley","QLD",45.39,"5072ba9946884617848b95dc908027e6","CUS-1614226872","152.98","-27.55","debit","Sun","14:05:03","14","September"
"7908","authorized","1","ACC-819621312","145.04","-37.85","POS","03ae6833-0686-486b-ad5e-506357c9ad7b","Michele",7169.96,2018-09-30 07:00:00,"F",30,"Laverton North","VIC",23.56,"151d7030c00c42298e833714f1e952d3","CUS-1271030853","144.82","-37.82","debit","Sun","14:16:33","14","September"
"7909","authorized","0","ACC-182446574","116.06","-32.00","SALES-POS","d8c43a7e-a509-4a25-8070-3a7e18425571","Tonya",8105.64,2018-09-30 07:00:00,"F",27,"Karrinyup","WA",62.69,"5f65d5b26b0148a78b3d0d5c4775a1ae","CUS-3026014945","115.78","-31.88","debit","Sun","14:28:02","14","September"
"7910","authorized","0","ACC-1799207998","150.68","-33.79","SALES-POS","2acbedcc-e806-43ce-8ccc-d0590e66c366","Susan",8070.96,2018-09-30 07:00:00,"F",20,"Silverwater","NSW",11.31,"5c7b2a5523764c7690577a445bbdaa37","CUS-164374203","151.05","-33.84","debit","Sun","14:39:32","14","September"
"7911","authorized","1","ACC-1652235822","144.89","-37.81","POS","ae6edca6-977e-4bb6-aeff-74c8d39a622f","Renee",20260.99,2018-09-30 07:00:00,"F",38,"Bairnsdale","VIC",11.29,"fad7059d8c7b4f8191e6e5943c59e652","CUS-2206365095","147.62","-37.83","debit","Sun","14:51:02","14","September"
"7912","authorized","1","ACC-1056639002","145.03","-37.91","SALES-POS","91fbec71-318e-4c1b-a0de-2cc0d7012841","Michael",50777.65,2018-09-30 07:00:00,"M",22,"South Melbourne","VIC",19.4,"dbf069d56cf94ad4a9884ae68e0f5121","CUS-3462882033","144.96","-37.83","debit","Sun","15:02:55","15","September"
"7913","authorized","1","ACC-182446574","116.06","-32.00","SALES-POS","3af66b5d-fe6d-4dbb-bb91-3c26a80a5a63","Tonya",8086.48,2018-09-30 07:00:00,"F",27,"South Perth","WA",19.16,"b1b68750e3924e8c981c23b41afc007e","CUS-3026014945","115.85","-31.97","debit","Sun","15:16:15","15","September"
"7914","authorized","1","ACC-2305712452","138.61","-34.89","POS","cb30f6ec-72d1-41f9-bac8-5fe28a48f093","Debra",4784.31,2018-09-30 07:00:00,"F",18,"Yass","NSW",17.34,"a64291497fab4fe8a75cc8e9ea4b62c6","CUS-1842679196","148.91","-34.83","debit","Sun","15:29:35","15","September"
"7915","authorized","1","ACC-1516130869","130.84","-12.45","SALES-POS","45d395f2-14bd-49ef-889c-c0c5973d1421","Jessica",3823.32,2018-09-30 07:00:00,"F",21,"Darwin City","NT",8.78,"c09985ff11f148cfa5965b05886f4b51","CUS-325142416","130.84","-12.46","debit","Sun","15:42:55","15","September"
"7916","authorized","0","ACC-1334819143","145.13","-37.70","SALES-POS","407ce64d-5d07-4c5d-bff1-5c2119839e63","Christopher",63858.85,2018-09-30 07:00:00,"M",33,"North Melbourne","VIC",38.67,"2d869e4b403a4241a151c215e9b9a708","CUS-3117610635","144.94","-37.8","debit","Sun","15:56:15","15","September"
"7917","authorized","1","ACC-1973887809","115.78","-31.90","SALES-POS","9f342cec-e5bd-472d-bee9-fa673c2bdf39","Antonio",7330.72,2018-09-30 07:00:00,"M",26,"Black Head","NSW",17.77,"c22167a233dd4d60b052f6452cbc86bc","CUS-1646621553","152.54","-32.07","debit","Sun","16:16:21","16","September"
"7918","authorized","1","ACC-1598451071","153.41","-27.95","SALES-POS","76a49112-72f3-4b14-bd9d-64937b9c0893","Diana",2890.24,2018-09-30 07:00:00,"F",26,"Biggera Waters","QLD",3.3,"963bd86c60b3458e8bd4009f6cf0659b","CUS-2487424745","153.39","-27.93","debit","Sun","16:39:05","16","September"
"7919","posted",NA,"ACC-211792489","138.63","-34.93","PAYMENT",NA,"Jacqueline",3766.01,2018-09-30 07:00:00,"F",30,NA,NA,22,"28e7ff1b6d3440848b0ac4a6823282a1","CUS-497688347",NA,NA,"debit","Sun","17:00:00","17","September"
"7920","authorized","1","ACC-1598451071","153.41","-27.95","POS","7b7d9bd7-6683-44df-aa06-6b586edf869d","Diana",2861.12,2018-09-30 07:00:00,"F",26,"Sydney","NSW",29.12,"cdb7833f2f16439d8b94f48e483abfae","CUS-2487424745","151.21","-33.87","debit","Sun","17:01:27","17","September"
"7921","authorized","1","ACC-3541460373","145.00","-37.83","POS","188b1a51-2d0a-45d7-bfac-d86b8ce59299","Jeffrey",3768.37,2018-09-30 07:00:00,"M",24,"Malvern East","VIC",16.6,"546a350aa7de4cfeab36a2edc8cb4c7f","CUS-1433879684","145.09","-37.88","debit","Sun","17:19:38","17","September"
"7922","authorized","1","ACC-1037050564","153.10","-27.66","SALES-POS","6cac364e-7ee2-42f7-819a-18c6afaf0465","Rhonda",3723.41,2018-09-30 07:00:00,"F",40,"Victoria Point","QLD",39.38,"bd4b3c9bfe74450da03a8f68c20027da","CUS-1614226872","153.28","-27.59","debit","Sun","17:37:49","17","September"
"7923","authorized","1","ACC-1037050564","153.10","-27.66","SALES-POS","4c04d1fa-e17c-47ee-8a1e-418fdab1d7a3","Rhonda",3705.12,2018-09-30 07:00:00,"F",40,"Highfields","QLD",18.29,"6796d39b0d0c42de96038f5c7ecf042b","CUS-1614226872","151.95","-27.47","debit","Sun","17:55:59","17","September"
"7924","posted",NA,"ACC-2681137560","151.11","-33.99","PAYMENT",NA,"Nathaniel",9200.2,2018-09-30 07:00:00,"M",31,NA,NA,45,"ebce26c0db564b6a8bd2c5a0ff240457","CUS-2083971310",NA,NA,"debit","Sun","18:00:00","18","September"
"7925","authorized","0","ACC-1799207998","150.68","-33.79","SALES-POS","a42b8f3a-7157-4c6a-9de9-8eb1fb99872e","Susan",8060.35,2018-09-30 07:00:00,"F",20,"Lidcombe","NSW",10.61,"dd092ce61dba4618bf2d2de8b0995380","CUS-164374203","151.05","-33.85","debit","Sun","18:22:17","18","September"
"7926","authorized","1","ACC-2901672282","255.00","-573.00","SALES-POS","98b27c00-c03e-4bd5-82ad-8dd92890e57e","Daniel",9678.39,2018-09-30 07:00:00,"M",22,"Brisbane City","QLD",64.27,"e49869c71059487eab1bda764903ce6c","CUS-1617121891","153.02","-27.47","debit","Sun","18:50:51","18","September"
"7927","posted",NA,"ACC-1650504218","145.01","-37.93","PAYMENT",NA,"Marissa",12544.92,2018-09-30 07:00:00,"F",23,NA,NA,18,"33badb55946445f6b5f546b175a56cc0","CUS-2500783281",NA,NA,"debit","Sun","19:00:00","19","September"
"7928","posted",NA,"ACC-37709441","153.41","-28.01","INTER BANK",NA,"Charles",13062.31,2018-09-30 07:00:00,"M",18,NA,NA,27,"ba1fd4f5aee24238aaa3bbe57b98ab97","CUS-3336454548",NA,NA,"debit","Sun","19:00:00","19","September"
"7929","authorized","1","ACC-964839203","146.92","-36.07","SALES-POS","4b8e0a28-9819-4e38-ad83-131dc5dc7a79","Michael",37421.28,2018-09-30 07:00:00,"M",21,"Dandenong","VIC",25.07,"63093fd8df09440faedb05cf76354d36","CUS-2059096722","145.21","-37.98","debit","Sun","19:11:55","19","September"
"7930","authorized","0","ACC-2901672282","255.00","-573.00","SALES-POS","7566cead-ecd9-46fa-9555-18e453f5bad7","Daniel",9669.5,2018-09-30 07:00:00,"M",22,"Barangaroo","NSW",8.89,"f663c88b91b34f808ac30e3a8f9d9fde","CUS-1617121891","151.2","-33.86","debit","Sun","19:29:28","19","September"
"7931","authorized","1","ACC-3233697971","151.04","-33.77","SALES-POS","2cc53184-c4f2-43b9-84bd-7a6127f6a781","Robin",9474.42,2018-09-30 07:00:00,"F",34,"Blackheath","NSW",83.38,"94f405d1bdcc41c38fa2a524bec4e2d4","CUS-1147642491","150.29","-33.64","debit","Sun","19:47:01","19","September"
"7932","posted",NA,"ACC-240804743","121.48","-30.75","PAYMENT",NA,"Kenneth",14831.06,2018-09-30 07:00:00,"M",29,NA,NA,48,"7b968982dca54a1d9e5a0d1c6c888052","CUS-261674136",NA,NA,"debit","Sun","20:00:00","20","September"
"7933","posted",NA,"ACC-2897221629","150.90","-34.37","PAYMENT",NA,"Scott",5589.61,2018-09-30 07:00:00,"M",23,NA,NA,42,"4481e45c25e947bc9ec6aa2d80265713","CUS-511326734",NA,NA,"debit","Sun","20:00:00","20","September"
"7934","authorized","1","ACC-4258502723","145.45","-37.74","POS","d69814ea-d3aa-477e-8990-23d2c23059a8","Kimberly",3886.23,2018-09-30 07:00:00,"F",24,"Chadstone","VIC",12.38,"3d87673e98f04b19801794951c99bbb8","CUS-3378712515","145.09","-37.88","debit","Sun","20:09:37","20","September"
"7935","authorized","0","ACC-1037050564","153.10","-27.66","SALES-POS","a1c4c7aa-b7da-4064-8ed1-d4a236d772c6","Rhonda",3695.51,2018-09-30 07:00:00,"F",40,"Tugun","QLD",9.61,"52acf7717e5d4ce5bd597ad7a01cb0e6","CUS-1614226872","153.49","-28.15","debit","Sun","20:46:39","20","September"
"7936","posted",NA,"ACC-154431271","153.09","-27.48","PAYMENT",NA,"Lori",1999.2,2018-09-30 07:00:00,"F",18,NA,NA,50,"bc9d134c4f5444209d0795f9ebc5e621","CUS-3702001629",NA,NA,"debit","Sun","21:00:00","21","September"
"7937","authorized","1","ACC-1496451953","145.16","-37.84","SALES-POS","d48a7d74-63bc-4e31-9495-47b1a8f6244a","Ricky",14955.04,2018-09-30 07:00:00,"M",43,"East Melbourne","VIC",115.87,"cd28b8108cb349c1a487f6f6daf8cf69","CUS-3142625864","144.99","-37.82","debit","Sun","21:04:40","21","September"
"7938","authorized","1","ACC-1890605467","143.88","-37.66","POS","f9f244e9-3f3b-4a7a-ba03-e9c5fae5bac1","Alexander",16237.64,2018-09-30 07:00:00,"M",38,"Saint Helena","VIC",12.22,"a20c55b9b5ae46ad94bdaaf559ea1438","CUS-1478398256","145.14","-37.68","debit","Sun","21:11:58","21","September"
"7939","authorized","1","ACC-1598451071","153.41","-27.95","SALES-POS","59e3bccd-966c-403e-a6c5-29932099b26f","Diana",2855.82,2018-09-30 07:00:00,"F",26,"Robina","QLD",5.3,"b791ad256ca84f4ba3f368069d96e830","CUS-2487424745","153.41","-28.06","debit","Sun","21:19:16","21","September"
"7940","authorized","1","ACC-1222300524","151.23","-33.94","SALES-POS","604ad808-441d-43dd-9d1d-559649785f90","Michael",802.16,2018-09-30 07:00:00,"M",38,"Blacktown","NSW",21.08,"599b3ece28dd45cebf4b853d2f9edd90","CUS-2142601169","150.91","-33.77","debit","Sun","21:26:34","21","September"
"7941","authorized","1","ACC-1222300524","151.23","-33.94","POS","02174352-993c-4f6f-a379-18d6a710ada0","Michael",782.93,2018-09-30 07:00:00,"M",38,"Ryde","NSW",19.23,"6f247ef2529b4e1eb1fce1fbe4ece9d2","CUS-2142601169","151.11","-33.81","debit","Sun","21:33:52","21","September"
"7942","authorized","1","ACC-1279356312","144.79","-37.73","POS","8107e596-afb0-47b0-af4d-9840d93a4f07","Tyler",8018.08,2018-09-30 07:00:00,"M",44,"Warrandyte South","VIC",13.63,"5b174538667a46e99f07551a3fe053a2","CUS-1892177589","145.23","-37.75","debit","Sun","21:41:10","21","September"
"7943","authorized","0","ACC-1279356312","144.79","-37.73","SALES-POS","df1f0fb8-be90-4080-b10b-c176c0bdd4a0","Tyler",8002.12,2018-09-30 07:00:00,"M",44,"Brighton","VIC",15.96,"8aeedc3068d94968844cf6836912cc53","CUS-1892177589","145","-37.93","debit","Sun","21:48:28","21","September"
"7944","authorized","1","ACC-1598451071","153.41","-27.95","SALES-POS","73ab665f-b297-4746-bd85-d9d30ab48236","Diana",2849.42,2018-09-30 07:00:00,"F",26,"Southport","QLD",6.4,"25b1aca58a2441aab0bcb0474437d4aa","CUS-2487424745","153.41","-27.97","debit","Sun","21:55:45","21","September"
"7945","posted",NA,"ACC-602667573","151.23","-33.96","PAYMENT",NA,"Michael",14935.13,2018-09-30 07:00:00,"M",40,NA,NA,25,"59295795d77d473c8d76a2778575f486","CUS-2031327464",NA,NA,"debit","Sun","22:00:00","22","September"
"7946","authorized","0","ACC-1598451071","153.41","-27.95","POS","df4c4458-6b98-4e47-b245-e5566889929f","Diana",2840.96,2018-09-30 07:00:00,"F",26,"Upper Coomera","QLD",8.46,"afd9159013af4fd1bdb6ad63e60e5a42","CUS-2487424745","153.3","-27.85","debit","Sun","22:03:16","22","September"
"7947","authorized","1","ACC-1998563091","149.03","-35.25","SALES-POS","d076eb9a-abe5-4936-8182-d626bf62d504","David",17559.65,2018-09-30 07:00:00,"M",42,"Sydney","NSW",179.33,"f59367f6c00c442e9955c7e7c1529c2b","CUS-3395687666","151.21","-33.87","debit","Sun","22:11:05","22","September"
"7948","authorized","1","ACC-1523339231","115.83","-31.90","SALES-POS","d0adbe7b-aa59-45b0-bdb5-73e49ef5ea2c","Tim",69529.49,2018-09-30 07:00:00,"M",40,"Whitfords","WA",33.52,"90a1bc76520f448782cc7998b1aed836","CUS-1816693151","115.75","-31.8","debit","Sun","22:18:54","22","September"
"7949","authorized","0","ACC-1037050564","153.10","-27.66","POS","376fcedb-9e3e-4487-9777-00916db8412e","Rhonda",3673.39,2018-09-30 07:00:00,"F",40,"Woodridge","QLD",22.12,"58a906bdbd694082a8adf79e48ae86a2","CUS-1614226872","153.12","-27.64","debit","Sun","22:26:43","22","September"
"7950","authorized","1","ACC-3536132544","144.93","-37.79","SALES-POS","62a97634-26c0-4828-a968-56c2a401f6ee","Heather",5506.93,2018-09-30 07:00:00,"F",41,"Seville","VIC",20.22,"68305440302b46d19721f9c86781319c","CUS-2348881191","145.46","-37.78","debit","Sun","22:34:31","22","September"
"7951","authorized","1","ACC-1037050564","153.10","-27.66","POS","5a40d5a8-c40c-4c38-b402-790882c6f94a","Rhonda",3663.22,2018-09-30 07:00:00,"F",40,"Brisbane City","QLD",10.17,"149d2b7cdedd467e99c35de5d2436b76","CUS-1614226872","153.03","-27.47","debit","Sun","22:42:20","22","September"
"7952","authorized","1","ACC-3541460373","145.00","-37.83","SALES-POS","80e385f5-f9c6-459e-9b35-84fa988fd982","Jeffrey",3751.01,2018-09-30 07:00:00,"M",24,"Lilydale","VIC",17.36,"bc7ed6034bb749779138d2a1eadb4fb8","CUS-1433879684","145.36","-37.76","debit","Sun","22:50:09","22","September"
"7953","authorized","1","ACC-1037050564","153.10","-27.66","POS","3505551c-2dfe-41a4-9c7b-d36bd70ea869","Rhonda",3641.6,2018-09-30 07:00:00,"F",40,"Oakleigh","VIC",21.62,"c652d138d1d541d996b5c1c90bb41eb1","CUS-1614226872","145.09","-37.9","debit","Sun","22:57:58","22","September"
"7954","authorized","1","ACC-2890243754","153.32","-27.93","SALES-POS","cf2ac034-f61a-4c17-9312-09d5c68fecb3","Joseph",4600.16,2018-09-30 07:00:00,"M",37,"Southport","QLD",8.33,"6e61abc2c40c4726832dfbc6a71f806b","CUS-2695611575","153.42","-27.97","debit","Sun","23:12:19","23","September"
"7955","authorized","1","ACC-1037050564","153.10","-27.66","SALES-POS","2bcf4f78-081b-4758-8c38-23c162ee36cd","Rhonda",3621.48,2018-09-30 07:00:00,"F",40,"Alexandra Hills","QLD",20.12,"0c6e305d06c142f5b0d808ad5718c779","CUS-1614226872","153.22","-27.52","debit","Sun","23:28:59","23","September"
"7956","authorized","1","ACC-2305712452","138.61","-34.89","POS","22c763cf-e537-4c5d-9e05-82ba6c02db48","Debra",4764.6,2018-09-30 07:00:00,"F",18,"Westlakes","SA",19.71,"2f3df394514045249ec4c772f4f3f8c6","CUS-1842679196","138.49","-34.88","debit","Sun","23:45:39","23","September"
"7957","authorized","0","ACC-1222300524","151.23","-33.94","SALES-POS","7163ba4e-86e2-4146-b5e1-033b0a1d43d2","Michael",753.36,2018-10-01 07:00:00,"M",38,"Melbourne","VIC",29.57,"f077102cbe80453eabf96683eafc8496","CUS-2142601169","144.98","-37.84","debit","Mon","00:23:19","00","October"
"7958","authorized","0","ACC-1222300524","151.23","-33.94","POS","aee28413-5126-40ac-909a-2d91cafad528","Michael",744.92,2018-10-01 07:00:00,"M",38,"Macquarie Park","NSW",8.44,"0c9bdb3d9298473b9f47dc08988c8d7a","CUS-2142601169","151.12","-33.78","debit","Mon","01:26:53","01","October"
"7959","posted",NA,"ACC-1608363396","151.22","-33.87","PAYMENT",NA,"Robert",6674.32,2018-10-01 07:00:00,"M",20,NA,NA,163,"ba88c103199c4464adc354c940c5b4c0","CUS-2688605418",NA,NA,"debit","Mon","02:00:00","02","October"
"7960","authorized","0","ACC-958000567","130.90","-12.37","POS","4179a6ae-b81c-4c3f-82bb-e9868d7d1437","Sandra",6061.8,2018-10-01 07:00:00,"F",34,"Helensvale","QLD",10.65,"404d08614d8a4dfa991bcfaec12ee79d","CUS-4142663097","153.32","-27.9","debit","Mon","02:09:59","02","October"
"7961","posted",NA,"ACC-1349834573","145.17","-37.84","INTER BANK",NA,"Matthew",14252.66,2018-10-01 07:00:00,"M",39,NA,NA,33,"eee15b6732fa4f2eafc74f92b77de5e8","CUS-1790886359",NA,NA,"debit","Mon","03:00:00","03","October"
"7962","posted",NA,"ACC-3084464802","145.15","-37.76","INTER BANK",NA,"Susan",7399.12,2018-10-01 07:00:00,"F",19,NA,NA,24,"3a565ede90d845d8936af6342e2bc331","CUS-1928710999",NA,NA,"debit","Mon","03:00:00","03","October"
"7963","posted",NA,"ACC-819621312","145.04","-37.85","PAYMENT",NA,"Michele",7103.96,2018-10-01 07:00:00,"F",30,NA,NA,66,"19743614099a4d6d9a63b1b4ad5d3f5c","CUS-1271030853",NA,NA,"debit","Mon","04:00:00","04","October"
"7964","posted",NA,"ACC-2107684084","145.03","-37.88","PAYMENT",NA,"Richard",8917.51,2018-10-01 07:00:00,"M",22,NA,NA,34,"c2aa540c159946d099d29005357c9cfb","CUS-2283904812",NA,NA,"debit","Mon","05:00:00","05","October"
"7965","posted",NA,"ACC-1438600314","138.69","-34.84","PAYMENT",NA,"Maria",3192.79,2018-10-01 07:00:00,"F",35,NA,NA,35,"8811312934164b69afb6c6d1e02b8dff","CUS-2650223890",NA,NA,"debit","Mon","06:00:00","06","October"
"7966","authorized","1","ACC-1222300524","151.23","-33.94","SALES-POS","a06611b8-173d-42ec-8cc6-874fa5d6fee5","Michael",736.71,2018-10-01 07:00:00,"M",38,"Sydney","NSW",8.21,"0588ed5db65a49b3a4728e66677a86d6","CUS-2142601169","151.21","-33.87","debit","Mon","07:19:59","07","October"
"7967","posted",NA,"ACC-3879258709","143.83","-37.66","INTER BANK",NA,"Natasha",198829.96,2018-10-01 07:00:00,"F",40,NA,NA,51,"610b3d73c90c4113b8c312ee5343365b","CUS-527400765",NA,NA,"debit","Mon","08:00:00","08","October"
"7968","authorized","1","ACC-819621312","145.04","-37.85","SALES-POS","2d154558-1365-4551-9df7-6b05aa0b41b4","Michele",7066.88,2018-10-01 07:00:00,"F",30,"South Yarra","VIC",37.08,"65f145967b714fb7bd2cab62fd8c308d","CUS-1271030853","145","-37.84","debit","Mon","08:13:19","08","October"
"7969","authorized","1","ACC-1890605467","143.88","-37.66","SALES-POS","a026ca96-21a2-4e81-83c9-e3e9f3644bc0","Alexander",16183.31,2018-10-01 07:00:00,"M",38,"Bundoora","VIC",54.33,"d5dbd8cf4a36434c959b9bcfdbbb261f","CUS-1478398256","145.04","-37.72","debit","Mon","08:35:33","08","October"
"7970","authorized","1","ACC-3827517394","151.12","-33.89","SALES-POS","c9dfa914-365a-4484-a67c-5e5566f3ed2b","Craig",41907.82,2018-10-01 07:00:00,"M",28,"Sydney","NSW",45.34,"0d6278e691724e01876c4956c4537083","CUS-2663907001","151.21","-33.87","debit","Mon","08:57:46","08","October"
"7971","posted",NA,"ACC-2673069055","152.99","-27.49","INTER BANK",NA,"Richard",17598.9,2018-10-01 07:00:00,"M",24,NA,NA,39,"ea39d3ea66f54e6f8ae2c64d46358f80","CUS-51506836",NA,NA,"debit","Mon","09:00:00","09","October"
"7972","authorized","1","ACC-53508546","150.62","-33.76","SALES-POS","9245d2a5-e78e-40cf-a459-58cc8142ca90","Kimberly",5894.71,2018-10-01 07:00:00,"F",35,"Lindfield","NSW",23.26,"c881ea8f2877458d94969029ae6f3add","CUS-72755508","151.17","-33.77","debit","Mon","09:04:13","09","October"
"7973","authorized","1","ACC-3021093232","149.83","-29.47","POS","ee91fac0-4244-4b5e-a395-d569f703bee9","Melissa",7490.44,2018-10-01 07:00:00,"F",30,"Richmond","VIC",57.1,"8c69a4d1a0b24dcab146de8a77f7b8df","CUS-55310383","144.99","-37.82","debit","Mon","09:08:55","09","October"
"7974","authorized","0","ACC-966140392","147.08","-37.97","SALES-POS","fb6deb11-16b9-4b98-b77a-f56f29807599","Joseph",8544.47,2018-10-01 07:00:00,"M",21,"Narre Warren","VIC",14.09,"df0349766cf4436e8bf7e946f37c8ffe","CUS-537508723","145.31","-38.02","debit","Mon","09:13:36","09","October"
"7975","authorized","0","ACC-53508546","150.62","-33.76","SALES-POS","536bf79f-9a64-4729-bca8-04bd391a024e","Kimberly",5883.14,2018-10-01 07:00:00,"F",35,"Parramatta","NSW",11.57,"16fb7239dfd245788f46f783dc5380a1","CUS-72755508","151","-33.81","debit","Mon","09:18:18","09","October"
"7976","authorized","1","ACC-2270192619","138.56","-35.27","POS","0fcc77fc-b605-42ec-8d1a-87625e577cbd","Darren",11632.93,2018-10-01 07:00:00,"M",20,"Oaklands Park","SA",14.5,"8df5bd795285402ea7e783d272a884f2","CUS-2110742437","138.54","-35.02","debit","Mon","09:23:00","09","October"
"7977","authorized","1","ACC-3317636250","153.02","-27.66","SALES-POS","eeffa7cc-911b-4755-b44a-12e26618985a","Kenneth",11889.44,2018-10-01 07:00:00,"M",35,"Sippy Downs","QLD",38.08,"14ca3b4d86f74a32810f6f6daf765fba","CUS-2738291516","153.06","-26.73","debit","Mon","09:27:41","09","October"
"7978","authorized","1","ACC-1799207998","150.68","-33.79","SALES-POS","12e295c3-8dac-4db5-9591-9706be85ba90","Susan",8047.07,2018-10-01 07:00:00,"F",20,"Hunters Hill","NSW",13.28,"8d18b45fa1004a228046ff10ab3916d0","CUS-164374203","151.14","-33.83","debit","Mon","09:32:23","09","October"
"7979","authorized","0","ACC-966140392","147.08","-37.97","SALES-POS","ede2a706-042c-4083-b942-27a85e179de4","Joseph",8518.85,2018-10-01 07:00:00,"M",21,"West Melbourne","VIC",25.62,"662d21e64e674ad897f91d9bfb97c30b","CUS-537508723","144.95","-37.81","debit","Mon","09:37:05","09","October"
"7980","authorized","1","ACC-2890243754","153.32","-27.93","POS","aef30de1-c67e-4ab7-8577-2931a4bf3c7e","Joseph",4585.91,2018-10-01 07:00:00,"M",37,"Yowah","QLD",14.25,"1470a7d22ada4a41acbe14ad2c05d00b","CUS-2695611575","144.64","-27.97","debit","Mon","09:41:47","09","October"
"7981","authorized","1","ACC-182446574","116.06","-32.00","SALES-POS","256eb126-d47d-44bd-8696-e324950ca522","Tonya",8075.73,2018-10-01 07:00:00,"F",27,"Ceduna","SA",10.75,"b6683377c1df4b8a860f4cb0d26e71aa","CUS-3026014945","133.67","-32.11","debit","Mon","09:46:28","09","October"
"7982","authorized","0","ACC-3100725361","145.73","-17.03","SALES-POS","4486cfb1-b6f7-466b-9473-561db42f46d5","Ronald",5825.21,2018-10-01 07:00:00,"M",25,"Alexandria","NSW",50.68,"263f940796e241c5bf3ec01c7f221a33","CUS-2178051368","151.2","-33.9","debit","Mon","09:51:10","09","October"
"7983","authorized","0","ACC-53508546","150.62","-33.76","SALES-POS","a89086cf-e639-43bc-8039-eb0b46ae7fd2","Kimberly",5864.6,2018-10-01 07:00:00,"F",35,"Melbourne","VIC",18.54,"1b670d71426f420ca4579068a2cf9e7d","CUS-72755508","144.96","-37.81","debit","Mon","09:55:52","09","October"
"7984","posted",NA,"ACC-1243371644","150.90","-33.78","PAYMENT",NA,"Gregory",5344.14,2018-10-01 07:00:00,"M",42,NA,NA,150,"5121c0076e114b89bc8e5d03520901d9","CUS-3904958894",NA,NA,"debit","Mon","10:00:00","10","October"
"7985","authorized","1","ACC-1523339231","115.83","-31.90","POS","2fc9454b-d17d-4564-bee1-343a42d4a807","Tim",69463.68,2018-10-01 07:00:00,"M",40,"Neerabup","WA",65.81,"07506bcf2fd94f5da8ee0855a9e0ff91","CUS-1816693151","115.74","-31.67","debit","Mon","10:00:47","10","October"
"7986","authorized","1","ACC-3485804958","138.52","-35.01","SALES-POS","91349a57-c0c6-4868-9eec-a27f0f65df7f","Jessica",25498.04,2018-10-01 07:00:00,"F",34,"Everard Park","SA",16.85,"3e487c99b8994ead93ff02643220679f","CUS-1196156254","138.58","-34.95","debit","Mon","10:07:27","10","October"
"7987","authorized","1","ACC-1334819143","145.13","-37.70","SALES-POS","7e703324-854e-497c-b055-6fe1b35d428c","Christopher",63760.42,2018-10-01 07:00:00,"M",33,"Sydney","NSW",98.43,"d17e40da666b4bf1b24fafa994421b48","CUS-3117610635","151.21","-33.86","debit","Mon","10:14:07","10","October"
"7988","authorized","1","ACC-414431115","142.77","-37.06","POS","6ddddc40-5b69-4253-8a26-167999a8bf96","Amy",4503.54,2018-10-01 07:00:00,"F",43,"Castlemaine","VIC",20.69,"459bb4cd2b6642c6b6bb814f79878f1f","CUS-2599279756","144.22","-37.06","debit","Mon","10:20:47","10","October"
"7989","authorized","1","ACC-1037050564","153.10","-27.66","SALES-POS","9f0ac63e-1791-4faf-a3a3-5fd1e12e82fb","Rhonda",3602.55,2018-10-01 07:00:00,"F",40,"Ipswich","QLD",18.93,"7ac8202e24944466b99bc45e15fc998a","CUS-1614226872","152.76","-27.61","debit","Mon","10:27:27","10","October"
"7990","authorized","1","ACC-2901672282","255.00","-573.00","POS","42ade571-5972-4160-9ecb-e0162a305fee","Daniel",9569.08,2018-10-01 07:00:00,"M",22,"Belrose","NSW",100.42,"2851f534fc8b4f408a487beebc28b632","CUS-1617121891","151.21","-33.7","debit","Mon","10:34:07","10","October"
"7991","authorized","1","ACC-2673069055","152.99","-27.49","SALES-POS","8661f284-7bee-4946-9299-653adcae8c09","Richard",17567.78,2018-10-01 07:00:00,"M",24,"South Brisbane","QLD",31.12,"d48c3dbbe8a14286a150b7e5f152e5dc","CUS-51506836","153.02","-27.48","debit","Mon","10:40:47","10","October"
"7992","authorized","1","ACC-2901672282","255.00","-573.00","POS","ff61dd5e-938a-4acb-a1fd-03d1d2fbba4e","Daniel",9420.38,2018-10-01 07:00:00,"M",22,"Sydney","NSW",148.7,"0eb5487054894030a57fe35d4a9f4bfe","CUS-1617121891","151.21","-33.87","debit","Mon","10:47:27","10","October"
"7993","authorized","1","ACC-4065652575","115.81","-31.82","SALES-POS","c8c5a63c-993b-4f10-9905-efc03c2be02c","Lucas",8921.99,2018-10-01 07:00:00,"M",21,"Balwyn North","VIC",16.98,"1b1ae2152aad4a6092b51a5aeb413d98","CUS-1117979751","145.07","-37.79","debit","Mon","10:54:07","10","October"
"7994","posted",NA,"ACC-4065652575","115.81","-31.82","PAY/SALARY",NA,"Lucas",12500.64,2018-10-01 07:00:00,"M",21,NA,NA,3578.65,"cff671f9cbaf4d86ab3d19c03cc0c1ef","CUS-1117979751",NA,NA,"credit","Mon","11:00:00","11","October"
"7995","posted",NA,"ACC-3233697971","151.04","-33.77","PAY/SALARY",NA,"Robin",11185.81,2018-10-01 07:00:00,"F",34,NA,NA,1711.39,"95b82a9d2b634dfdb68b1af19eabbe32","CUS-1147642491",NA,NA,"credit","Mon","11:00:00","11","October"
"7996","posted",NA,"ACC-3233697971","151.04","-33.77","PAYMENT",NA,"Robin",11139.81,2018-10-01 07:00:00,"F",34,NA,NA,46,"bb06f705ce504d80a938db65fb606b04","CUS-1147642491",NA,NA,"debit","Mon","11:00:00","11","October"
"7997","posted",NA,"ACC-847145727","115.90","-31.92","PAYMENT",NA,"Michael",59547.84,2018-10-01 07:00:00,"M",19,NA,NA,37,"b04448ac059c47a5bfda6109c0c7572e","CUS-1609060617",NA,NA,"debit","Mon","11:00:00","11","October"
"7998","posted",NA,"ACC-1037050564","153.10","-27.66","PAY/SALARY",NA,"Rhonda",4494.64,2018-10-01 07:00:00,"F",40,NA,NA,892.09,"71b91722ce8f4177a4be692ebb088fe6","CUS-1614226872",NA,NA,"credit","Mon","11:00:00","11","October"
"7999","posted",NA,"ACC-2901672282","255.00","-573.00","PAYMENT",NA,"Daniel",9325.38,2018-10-01 07:00:00,"M",22,NA,NA,95,"4337a81000014a27a73813abb4325f2e","CUS-1617121891",NA,NA,"debit","Mon","11:00:00","11","October"
"8000","posted",NA,"ACC-240804743","121.48","-30.75","PAY/SALARY",NA,"Kenneth",19236.36,2018-10-01 07:00:00,"M",29,NA,NA,4405.3,"0b57601cd8ba4a92b8df23ed9b1a0cf4","CUS-261674136",NA,NA,"credit","Mon","11:00:00","11","October"
"8001","posted",NA,"ACC-38923874","151.27","-33.90","PAYMENT",NA,"Ryan",42459.36,2018-10-01 07:00:00,"M",38,NA,NA,42,"fb8d68d647424a05a5253d92ad8775d7","CUS-3249305314",NA,NA,"debit","Mon","11:00:00","11","October"
"8002","posted",NA,"ACC-3879258709","143.83","-37.66","PAY/SALARY",NA,"Natasha",203046,2018-10-01 07:00:00,"F",40,NA,NA,4216.04,"ea0b3c15258d418f8ea3461e164ca090","CUS-527400765",NA,NA,"credit","Mon","11:00:00","11","October"
"8003","authorized","1","ACC-414431115","142.77","-37.06","POS","fead27c2-a33d-4870-9cce-29f199b117ad","Amy",4463.26,2018-10-01 07:00:00,"F",43,"Castlemaine","VIC",40.28,"79c7885c5c3c43c7a1825652d6c4e119","CUS-2599279756","144.22","-37.06","debit","Mon","11:02:51","11","October"
"8004","authorized","1","ACC-3317636250","153.02","-27.66","SALES-POS","c9aa63e2-f399-424b-8cd4-0816aa5c11d9","Kenneth",11865.1,2018-10-01 07:00:00,"M",35,"Woolloongabba","QLD",24.34,"22440aa8f4a94015bc879f0fcbf04786","CUS-2738291516","153.03","-27.49","debit","Mon","11:26:39","11","October"
"8005","authorized","1","ACC-3100725361","145.73","-17.03","SALES-POS","ca81094e-ca7c-4d45-b6a6-bcd8fc0d5ac8","Ronald",5775.11,2018-10-01 07:00:00,"M",25,"Frenchs Forest","NSW",50.1,"27c48402eadd4df99d2cb2f2c3424a49","CUS-2178051368","151.24","-33.75","debit","Mon","11:50:28","11","October"
"8006","posted",NA,"ACC-1438600314","138.69","-34.84","PAY/SALARY",NA,"Maria",4055.74,2018-10-01 07:00:00,"F",35,NA,NA,862.95,"cf11b352afb547739a4d084edd6620c0","CUS-2650223890",NA,NA,"credit","Mon","12:00:00","12","October"
"8007","posted",NA,"ACC-3879258709","143.83","-37.66","PAYMENT",NA,"Natasha",202876,2018-10-01 07:00:00,"F",40,NA,NA,170,"2d97242e01894d7eaefa6a09ffb0bb25","CUS-527400765",NA,NA,"debit","Mon","12:00:00","12","October"
"8008","authorized","1","ACC-354106658","151.04","-33.80","POS","268615ad-6188-49e6-87b9-9745897e6dad","Christine",14561.16,2018-10-01 07:00:00,"F",39,"Sydney","NSW",30.21,"cbac1b4b1d314d63b3054277a3b949a7","CUS-2376382098","151.21","-33.87","debit","Mon","12:13:57","12","October"
"8009","authorized","1","ACC-574997646","150.79","-33.64","SALES-POS","a12fc7c1-9b11-4282-be9f-68d6797b9d38","Mackenzie",3615.11,2018-10-01 07:00:00,"F",18,"Angaston","SA",47.67,"639f0349b91e48e0be4c2329a269b3b1","CUS-586638664","139.03","-34.5","debit","Mon","12:37:12","12","October"
"8010","posted",NA,"ACC-2650850707","148.16","-23.52","PAY/SALARY",NA,"Brian",115674.97,2018-10-01 07:00:00,"M",42,NA,NA,3231.26,"1e62db12cf774745817a93ad8a85fddb","CUS-2819545904",NA,NA,"credit","Mon","13:00:00","13","October"
"8011","posted",NA,"ACC-1496451953","145.16","-37.84","PAY/SALARY",NA,"Ricky",17543.05,2018-10-01 07:00:00,"M",43,NA,NA,2588.01,"bb51c88d3ca4407b999ad0e73e7ec26d","CUS-3142625864",NA,NA,"credit","Mon","13:00:00","13","October"
"8012","posted",NA,"ACC-2173390920","144.71","-37.58","PAY/SALARY",NA,"Luis",9098.06,2018-10-01 07:00:00,"M",27,NA,NA,1396.23,"f9b95ada28534d2d9b3a35e71b2c75fb","CUS-3180318393",NA,NA,"credit","Mon","13:00:00","13","October"
"8013","posted",NA,"ACC-2615038700","145.35","-38.03","PAY/SALARY",NA,"Emily",32167.78,2018-10-01 07:00:00,"F",43,NA,NA,664.43,"d9994094548141218aad0a07dee19175","CUS-3255104878",NA,NA,"credit","Mon","13:00:00","13","October"
"8014","posted",NA,"ACC-4258502723","145.45","-37.74","PAY/SALARY",NA,"Kimberly",4946.07,2018-10-01 07:00:00,"F",24,NA,NA,1059.84,"9348cf8a727b4a1daff261cfef8369e0","CUS-3378712515",NA,NA,"credit","Mon","13:00:00","13","October"
"8015","posted",NA,"ACC-2249586092","115.98","-32.07","PAY/SALARY",NA,"Edward",10387.63,2018-10-01 07:00:00,"M",19,NA,NA,990.55,"f05b6db11c334ae3a217da8d2a7b5699","CUS-443776336",NA,NA,"credit","Mon","13:00:00","13","October"
"8016","authorized","1","ACC-1523339231","115.83","-31.90","POS","0354f2a7-56b2-4339-8cd3-0c9ac54eb387","Tim",69427.72,2018-10-01 07:00:00,"M",40,"East Fremantle","WA",35.96,"02605724ab7a4ef7a85d0c4d5e7c1691","CUS-1816693151","115.77","-32.04","debit","Mon","13:00:29","13","October"
"8017","authorized","1","ACC-1222300524","151.23","-33.94","POS","176a01ec-0cd5-4763-88e5-563d120ed7ad","Michael",710.18,2018-10-01 07:00:00,"M",38,"Brisbane City","QLD",26.53,"1cfefa8d1d1b40b68c2b5c0150afd4fc","CUS-2142601169","153.02","-27.47","debit","Mon","13:24:52","13","October"
"8018","authorized","1","ACC-182446574","116.06","-32.00","SALES-POS","b6de0992-2609-47ec-b6a5-d6e4f65a51a0","Tonya",7971.73,2018-10-01 07:00:00,"F",27,"Balcatta","WA",104,"1cbd6bc0653e42a1836ade8c1e8c16fc","CUS-3026014945","115.81","-31.86","debit","Mon","13:49:16","13","October"
"8019","posted",NA,"ACC-4065652575","115.81","-31.82","PAYMENT",NA,"Lucas",12460.64,2018-10-01 07:00:00,"M",21,NA,NA,40,"089747d5a4624dffaae3aeaa852b6df8","CUS-1117979751",NA,NA,"debit","Mon","14:00:00","14","October"
"8020","posted",NA,"ACC-602667573","151.23","-33.96","PAY/SALARY",NA,"Michael",17215.49,2018-10-01 07:00:00,"M",40,NA,NA,2280.36,"3a68f6aef9924e7e8e69c1b3eb94f33f","CUS-2031327464",NA,NA,"credit","Mon","14:00:00","14","October"
"8021","posted",NA,"ACC-3827517394","151.12","-33.89","PAYMENT",NA,"Craig",41887.82,2018-10-01 07:00:00,"M",28,NA,NA,20,"1967e3a2acd34eed8b83bf2b073cf2f6","CUS-2663907001",NA,NA,"debit","Mon","14:00:00","14","October"
"8022","posted",NA,"ACC-3021093232","149.83","-29.47","PAY/SALARY",NA,"Melissa",9127.16,2018-10-01 07:00:00,"F",30,NA,NA,1636.72,"9305ea032f5c4547b03ddac605e6340f","CUS-55310383",NA,NA,"credit","Mon","14:00:00","14","October"
"8023","authorized","1","ACC-1903037542","153.05","-27.61","POS","e27a3a9f-223b-4c98-ac9c-4e9add0926e8","Jeffrey",4448.98,2018-10-01 07:00:00,"M",30,"Fortitude Valley","QLD",13.55,"897ab5cfb0b740a0801a84c5a2fa8ddc","CUS-860700529","153.04","-27.45","debit","Mon","14:15:33","14","October"
"8024","authorized","1","ACC-2673069055","152.99","-27.49","SALES-POS","9f1d4304-e450-4d61-a214-0ed98ea70355","Richard",17550.43,2018-10-01 07:00:00,"M",24,"Browns Plains","QLD",17.35,"cc47c4b329ae4a9ba13803455530a096","CUS-51506836","153.05","-27.66","debit","Mon","14:43:19","14","October"
"8025","posted",NA,"ACC-819621312","145.04","-37.85","INTER BANK",NA,"Michele",7011.88,2018-10-01 07:00:00,"F",30,NA,NA,55,"ff35cc1fbeff4443b9658253bc82ffe1","CUS-1271030853",NA,NA,"debit","Mon","15:00:00","15","October"
"8026","posted",NA,"ACC-1650504218","145.01","-37.93","PAYMENT",NA,"Marissa",12522.92,2018-10-01 07:00:00,"F",23,NA,NA,22,"dc563fffa6a04c37b871bc4148a19e81","CUS-2500783281",NA,NA,"debit","Mon","15:00:00","15","October"
"8027","authorized","0","ACC-3485804958","138.52","-35.01","SALES-POS","7eedce4e-a959-4b13-b9ab-314071f88f3a","Jessica",25394.98,2018-10-01 07:00:00,"F",34,"O'Malley","ACT",103.06,"ac300efb115943338d644611a164c168","CUS-1196156254","149.11","-35.35","debit","Mon","15:09:18","15","October"
"8028","authorized","1","ACC-1903037542","153.05","-27.61","POS","b4b672c9-9ffa-470d-b3ba-cf52dd6819aa","Jeffrey",4438.87,2018-10-01 07:00:00,"M",30,"Coorparoo","QLD",10.11,"9f030193557445509543ec1d09a5c9cd","CUS-860700529","153.06","-27.5","debit","Mon","15:32:33","15","October"
"8029","authorized","0","ACC-964839203","146.92","-36.07","POS","7736a415-bf5b-4555-867c-0129250d5a90","Michael",37413.67,2018-10-01 07:00:00,"M",21,"South Townsville","QLD",7.61,"96c6ee333f6e4831b354b18944b387bc","CUS-2059096722","146.82","-19.26","debit","Mon","15:55:48","15","October"
"8030","authorized","1","ACC-966140392","147.08","-37.97","POS","695d537e-8079-4c0c-80c8-caaea7a5de2b","Joseph",8506.14,2018-10-01 07:00:00,"M",21,"Melbourne","VIC",12.71,"09868f2c1b8e49ad978145c6b491787d","CUS-537508723","144.98","-37.85","debit","Mon","16:30:22","16","October"
"8031","posted",NA,"ACC-3084464802","145.15","-37.76","PAYMENT",NA,"Susan",7363.12,2018-10-01 07:00:00,"F",19,NA,NA,36,"c81f9f37aec04c32878ae748e7088b70","CUS-1928710999",NA,NA,"debit","Mon","17:00:00","17","October"
"8032","posted",NA,"ACC-4258502723","145.45","-37.74","PAYMENT",NA,"Kimberly",4893.07,2018-10-01 07:00:00,"F",24,NA,NA,53,"03113a53f7cf4e009d544e471703b5d4","CUS-3378712515",NA,NA,"debit","Mon","17:00:00","17","October"
"8033","posted",NA,"ACC-854938045","147.63","-22.84","PAY/SALARY",NA,"James",13644.01,2018-10-01 07:00:00,"M",28,NA,NA,2538.68,"cd8bcb85c55846b39224c9f05209ff38","CUS-4023861240",NA,NA,"credit","Mon","17:00:00","17","October"
"8034","posted",NA,"ACC-958000567","130.90","-12.37","PAYMENT",NA,"Sandra",5893.8,2018-10-01 07:00:00,"F",34,NA,NA,168,"37539242f2b0419fb0387523103c54d8","CUS-4142663097",NA,NA,"debit","Mon","17:00:00","17","October"
"8035","posted",NA,"ACC-1710017148","150.82","-34.01","PAY/SALARY",NA,"Michelle",14850.71,2018-10-01 07:00:00,"F",19,NA,NA,3977.46,"fd601d147cb144279b862f83dce3f72a","CUS-883482547",NA,NA,"credit","Mon","17:00:00","17","October"
"8036","authorized","1","ACC-2249586092","115.98","-32.07","SALES-POS","1cd50a6b-6654-4371-b16d-30db7e692030","Edward",10368.84,2018-10-01 07:00:00,"M",19,"Scarborough","WA",18.79,"cae017ec488e493c8ee0e79d13ec82e8","CUS-443776336","115.76","-31.89","debit","Mon","17:08:19","17","October"
"8037","authorized","1","ACC-1424176027","151.08","-33.93","SALES-POS","0bb3f6d5-ed4b-4ec2-8666-7989564d231d","Donald",6861.48,2018-10-01 07:00:00,"M",22,"Rose Bay","NSW",7.66,"89eaff402c8a445fab644c291b45660f","CUS-3431016847","151.26","-33.88","debit","Mon","17:49:59","17","October"
"8038","authorized","1","ACC-966140392","147.08","-37.97","POS","1832158b-7c45-4e17-9239-b7d7fef46969","Joseph",8493.87,2018-10-01 07:00:00,"M",21,"Narre Warren","VIC",12.27,"5404718154964673a6d94ce19a95b1d5","CUS-537508723","145.31","-38.02","debit","Mon","18:31:39","18","October"
"8039","posted",NA,"ACC-37709441","153.41","-28.01","PAYMENT",NA,"Charles",13007.31,2018-10-01 07:00:00,"M",18,NA,NA,55,"563c4bb6994640ca8286f5e305c8ef20","CUS-3336454548",NA,NA,"debit","Mon","19:00:00","19","October"
"8040","authorized","1","ACC-2681137560","151.11","-33.99","POS","19667bd5-50c6-4a1d-8b11-054bcd023220","Nathaniel",9194.57,2018-10-01 07:00:00,"M",31,"Surry Hills","NSW",5.63,"367c473c1b304c1e9db8f3126dbb8b0d","CUS-2083971310","151.22","-33.89","debit","Mon","19:15:59","19","October"
"8041","posted",NA,"ACC-2920611728","144.96","-37.76","PAYMENT",NA,"Tyler",7349.56,2018-10-01 07:00:00,"M",69,NA,NA,64,"512d7e4800f044f7b81b1bf456304fad","CUS-1388323263",NA,NA,"debit","Mon","20:00:00","20","October"
"8042","posted",NA,"ACC-2650850707","148.16","-23.52","PAYMENT",NA,"Brian",115641.97,2018-10-01 07:00:00,"M",42,NA,NA,33,"68575559ac0343709a7099400e064b11","CUS-2819545904",NA,NA,"debit","Mon","20:00:00","20","October"
"8043","posted",NA,"ACC-1516130869","130.84","-12.45","INTER BANK",NA,"Jessica",2689.32,2018-10-01 07:00:00,"F",21,NA,NA,1134,"73478d25802d4b2eb1cedc2fa0de7267","CUS-325142416",NA,NA,"debit","Mon","20:00:00","20","October"
"8044","posted",NA,"ACC-154431271","153.09","-27.48","PAYMENT",NA,"Lori",1938.2,2018-10-01 07:00:00,"F",18,NA,NA,61,"9d7cedcc3b014a26b7b89fc29576cbb9","CUS-3702001629",NA,NA,"debit","Mon","20:00:00","20","October"
"8045","authorized","1","ACC-2890243754","153.32","-27.93","POS","7bb1d766-64e1-49f8-92ef-28cae0beef1d","Joseph",4568.58,2018-10-01 07:00:00,"M",37,"Labrador","QLD",17.33,"f94ce68170c94d86876b9fa4e8317c8e","CUS-2695611575","153.4","-27.95","debit","Mon","20:07:29","20","October"
"8046","authorized","1","ACC-1056639002","145.03","-37.91","POS","89b0ed33-b6f4-4d2e-be81-c966adebb166","Michael",50736.71,2018-10-01 07:00:00,"M",22,"Armadale","VIC",40.94,"9309a25d339d4de2a67425609fed7e51","CUS-3462882033","145.02","-37.86","debit","Mon","21:02:17","21","October"
"8047","authorized","1","ACC-966140392","147.08","-37.97","SALES-POS","6fb13b2f-e45e-414d-ac6d-b1bc2771aae5","Joseph",8474.25,2018-10-01 07:00:00,"M",21,"Heidelberg","VIC",19.62,"895ee620f9224c5daf5e5d7e1e14db76","CUS-537508723","145.07","-37.76","debit","Mon","21:16:34","21","October"
"8048","authorized","0","ACC-240804743","121.48","-30.75","SALES-POS","8cd7c6bf-1c7d-42fe-a840-6ec0ced67fc6","Kenneth",19223.82,2018-10-01 07:00:00,"M",29,"Boggabri","NSW",12.54,"72b637ab14664529803cd82c73e021c2","CUS-261674136","150.04","-30.71","debit","Mon","21:30:51","21","October"
"8049","authorized","1","ACC-182446574","116.06","-32.00","SALES-POS","67a29937-53b9-493d-bcaa-5f8a7c651cd9","Tonya",7950.01,2018-10-01 07:00:00,"F",27,"Innaloo","WA",21.72,"6b3ed99b2936435fb4219cce87448774","CUS-3026014945","115.79","-31.89","debit","Mon","21:45:08","21","October"
"8050","authorized","1","ACC-4258502723","145.45","-37.74","SALES-POS","eadb5e95-81b4-4752-98d5-9c74e53bc053","Kimberly",4885.93,2018-10-01 07:00:00,"F",24,"Hawthorn East","VIC",7.14,"2bd6117bddc844f5ac8855d23129908f","CUS-3378712515","145.05","-37.83","debit","Mon","21:59:25","21","October"
"8051","posted",NA,"ACC-2249586092","115.98","-32.07","PAYMENT",NA,"Edward",10337.84,2018-10-01 07:00:00,"M",19,NA,NA,31,"e852299c6e334e57b5b90d665fb0e855","CUS-443776336",NA,NA,"debit","Mon","22:00:00","22","October"
"8052","authorized","1","ACC-182446574","116.06","-32.00","POS","0fc83e0d-c2a1-4a6d-a5d0-fdc4ac5c446c","Tonya",7916.8,2018-10-01 07:00:00,"F",27,"Spearwood","WA",33.21,"e1e0b8f49ceb4383939699d36db9cf36","CUS-3026014945","115.78","-32.1","debit","Mon","22:13:09","22","October"
"8053","authorized","1","ACC-2890243754","153.32","-27.93","POS","4e074599-4aba-43e9-a16d-315313a92f8e","Joseph",4551.67,2018-10-01 07:00:00,"M",37,"Varsity Lakes","QLD",16.91,"23fdfecbb9104de38fcfdbc19cb3bd18","CUS-2695611575","153.42","-28.1","debit","Mon","22:26:50","22","October"
"8054","authorized","1","ACC-2901672282","255.00","-573.00","POS","85f205ca-dc6b-43f4-b081-859a27457643","Daniel",9297.36,2018-10-01 07:00:00,"M",22,"Balcatta","WA",28.02,"8f66c2538ab740aaba4c43cb6acd44ba","CUS-1617121891","115.81","-31.86","debit","Mon","22:40:32","22","October"
"8055","authorized","1","ACC-966140392","147.08","-37.97","POS","0fad5ec9-8473-466d-9892-b4702214d476","Joseph",8466.45,2018-10-01 07:00:00,"M",21,"Melbourne","VIC",7.8,"488a9173053b43358fde38519bcbd5e5","CUS-537508723","144.96","-37.81","debit","Mon","22:54:14","22","October"
"8056","posted",NA,"ACC-2988263882","145.18","-37.90","PAYMENT",NA,"Michael",6160.51,2018-10-01 07:00:00,"M",44,NA,NA,157,"48905f6a2133480f938bf1b4bda519ab","CUS-1233833708",NA,NA,"debit","Mon","23:00:00","23","October"
"8057","posted",NA,"ACC-1217063613","147.61","-37.82","INTER BANK",NA,"Kimberly",4843.86,2018-10-01 07:00:00,"F",27,NA,NA,20,"429e76b88ac54439a2f0ad6bef3627e1","CUS-1739931018",NA,NA,"debit","Mon","23:00:00","23","October"
"8058","posted",NA,"ACC-2970114956","144.89","-37.69","PAYMENT",NA,"Robert",10306.22,2018-10-01 07:00:00,"M",26,NA,NA,61,"9ea3fa4cc85840779806ab7d1db8ac1a","CUS-880898248",NA,NA,"debit","Mon","23:00:00","23","October"
"8059","authorized","1","ACC-1973887809","115.78","-31.90","POS","428f9cbe-9d7a-41b8-af5b-a9fa0cf63866","Antonio",7308.98,2018-10-01 07:00:00,"M",26,"Coorabie","SA",21.74,"0cddc5c53a6e4681ace11ba559f444ec","CUS-1646621553","132.23","-31.79","debit","Mon","23:30:31","23","October"
"8060","authorized","0","ACC-1973887809","115.78","-31.90","SALES-POS","08656484-c355-4c63-bffc-3a89d8a9709b","Antonio",7285.99,2018-10-02 07:00:00,"M",26,"Taree","NSW",22.99,"6d3791f59b7f4e6eba142dc08f166168","CUS-1646621553","152.45","-31.91","debit","Tue","00:29:19","00","October"
"8061","authorized","0","ACC-1799207998","150.68","-33.79","SALES-POS","0d61f57a-fcad-49bd-8d0a-eb3ec99f1867","Susan",7964.36,2018-10-02 07:00:00,"F",20,"Nundah","QLD",82.71,"d0f8db1eb9b24eb0bf0d82991fb1aca6","CUS-164374203","153.06","-27.4","debit","Tue","01:09:18","01","October"
"8062","authorized","1","ACC-3481401842","115.74","-31.72","SALES-POS","14c21950-101c-4dc1-9610-0c96ac11fe6a","Tiffany",6326.47,2018-10-02 07:00:00,"F",25,"Rockingham","WA",28.54,"91a9f0608c1d47e28f2f54225915da9b","CUS-1669695324","115.75","-32.29","debit","Tue","01:26:33","01","October"
"8063","authorized","1","ACC-1222300524","151.23","-33.94","POS","898045e0-b5a7-4466-a793-21a32b32f41b","Michael",691.42,2018-10-02 07:00:00,"M",38,"Padstow","NSW",18.76,"3639beba0ba04a71b6d5b98cfe1be46e","CUS-2142601169","151.04","-33.95","debit","Tue","01:43:47","01","October"
"8064","posted",NA,"ACC-1598451071","153.41","-27.95","INTER BANK",NA,"Diana",2820.96,2018-10-02 07:00:00,"F",26,NA,NA,20,"4271de0f4e2a492fa964e1839d8b2a43","CUS-2487424745",NA,NA,"debit","Tue","02:00:00","02","October"
"8065","authorized","1","ACC-2901672282","255.00","-573.00","SALES-POS","541ca120-5600-48cd-adca-3e638d2baffb","Daniel",9263.79,2018-10-02 07:00:00,"M",22,"Southport","QLD",33.57,"062d2478ff0f498d90c4110657290c50","CUS-1617121891","153.41","-27.97","debit","Tue","02:02:08","02","October"
"8066","authorized","0","ACC-2673069055","152.99","-27.49","SALES-POS","6d74b491-0d92-43aa-af11-8b28388c9f40","Richard",17541.53,2018-10-02 07:00:00,"M",24,"Upper Mount Gravatt","QLD",8.9,"99122a823e38416eb719f373bb975a1e","CUS-51506836","153.09","-27.55","debit","Tue","02:37:51","02","October"
"8067","posted",NA,"ACC-2231965366","144.96","-37.84","INTER BANK",NA,"Linda",17257.33,2018-10-02 07:00:00,"F",35,NA,NA,17,"85f07cf8515a4c9e9e68011b8f421540","CUS-2155701614",NA,NA,"debit","Tue","03:00:00","03","October"
"8068","posted",NA,"ACC-240804743","121.48","-30.75","PHONE BANK",NA,"Kenneth",19180.82,2018-10-02 07:00:00,"M",29,NA,NA,43,"9f99f941b16b4aa7adc4d0a22c6dd70e","CUS-261674136",NA,NA,"debit","Tue","03:00:00","03","October"
"8069","posted",NA,"ACC-1788473090","145.06","-37.95","INTER BANK",NA,"Rachael",8524.56,2018-10-02 07:00:00,"F",21,NA,NA,20,"4d23c572e50d4cbcbee1882c6fb22611","CUS-134193016",NA,NA,"debit","Tue","04:00:00","04","October"
"8070","posted",NA,"ACC-3827517394","151.12","-33.89","PAYMENT",NA,"Craig",41857.82,2018-10-02 07:00:00,"M",28,NA,NA,30,"b788a30e60354817a69af094d48a98c4","CUS-2663907001",NA,NA,"debit","Tue","04:00:00","04","October"
"8071","authorized","1","ACC-3541460373","145.00","-37.83","POS","f68c62a7-1504-46f6-85a1-330957af1a26","Jeffrey",3738.4,2018-10-02 07:00:00,"M",24,"East Melbourne","VIC",12.61,"1c9deeb657a04bdf9bcd270fb8047880","CUS-1433879684","144.98","-37.81","debit","Tue","04:09:41","04","October"
"8072","authorized","0","ACC-1523339231","115.83","-31.90","POS","ae16f982-0f9d-4165-84cd-493d8afc0a81","Tim",69407.37,2018-10-02 07:00:00,"M",40,"Midland","WA",20.35,"5cb5fc2c2e524b468c1d2131da59b062","CUS-1816693151","116.01","-31.89","debit","Tue","04:39:59","04","October"
"8073","posted",NA,"ACC-1890605467","143.88","-37.66","INTER BANK",NA,"Alexander",16141.31,2018-10-02 07:00:00,"M",38,NA,NA,42,"7d5de3c4d1cb4fbfad544f12befa9f57","CUS-1478398256",NA,NA,"debit","Tue","05:00:00","05","October"
"8074","posted",NA,"ACC-3771436525","145.04","-37.92","PAYMENT",NA,"Derek",3978.28,2018-10-02 07:00:00,"M",20,NA,NA,817,"54aec3555740491e8c15dd3342f3e74e","CUS-3325710106",NA,NA,"debit","Tue","05:00:00","05","October"
"8075","posted",NA,"ACC-958000567","130.90","-12.37","PAYMENT",NA,"Sandra",5873.8,2018-10-02 07:00:00,"F",34,NA,NA,20,"c355e3abf5884bf1876498d6ee17ef3e","CUS-4142663097",NA,NA,"debit","Tue","05:00:00","05","October"
"8076","posted",NA,"ACC-354106658","151.04","-33.80","PAYMENT",NA,"Christine",14540.16,2018-10-02 07:00:00,"F",39,NA,NA,21,"c032c6c9827b4633bd750f31e197a973","CUS-2376382098",NA,NA,"debit","Tue","06:00:00","06","October"
"8077","authorized","1","ACC-2107684084","145.03","-37.88","SALES-POS","b167b54e-f5ba-4039-97ae-2c12176d5ef9","Richard",8893.42,2018-10-02 07:00:00,"M",22,"Truganina","VIC",24.09,"ef5dddf7d3ec4fee96fd71b389db2cdd","CUS-2283904812","144.75","-37.81","debit","Tue","06:54:59","06","October"
"8078","posted",NA,"ACC-2270192619","138.56","-35.27","PAYMENT",NA,"Darren",11593.93,2018-10-02 07:00:00,"M",20,NA,NA,39,"7c9a156ab15e469997c32cb843550601","CUS-2110742437",NA,NA,"debit","Tue","07:00:00","07","October"
"8079","posted",NA,"ACC-4274272854","145.23","-37.86","PAYMENT",NA,"Timothy",7075.62,2018-10-02 07:00:00,"M",20,NA,NA,34,"1cfcabc6860044cbb168c49886ce353b","CUS-2484453271",NA,NA,"debit","Tue","07:00:00","07","October"
"8080","posted",NA,"ACC-1598451071","153.41","-27.95","PAYMENT",NA,"Diana",2784.96,2018-10-02 07:00:00,"F",26,NA,NA,36,"3d6f8d318c4f486483d851ebbefa0697","CUS-2487424745",NA,NA,"debit","Tue","07:00:00","07","October"
"8081","posted",NA,"ACC-2776252858","144.95","-37.76","INTER BANK",NA,"Kristin",6176.95,2018-10-02 07:00:00,"F",43,NA,NA,197,"248b2b9400f047d19144de2b5e59b32a","CUS-4123612273",NA,NA,"debit","Tue","07:00:00","07","October"
"8082","posted",NA,"ACC-2231965366","144.96","-37.84","PAYMENT",NA,"Linda",17221.33,2018-10-02 07:00:00,"F",35,NA,NA,36,"0ead25699bce4daeaec0e568d7c9eeea","CUS-2155701614",NA,NA,"debit","Tue","08:00:00","08","October"
"8083","posted",NA,"ACC-240804743","121.48","-30.75","PAYMENT",NA,"Kenneth",19105.82,2018-10-02 07:00:00,"M",29,NA,NA,75,"3847e1b1bf094302a9725f5521f16479","CUS-261674136",NA,NA,"debit","Tue","08:00:00","08","October"
"8084","posted",NA,"ACC-574997646","150.79","-33.64","PAYMENT",NA,"Mackenzie",3464.11,2018-10-02 07:00:00,"F",18,NA,NA,151,"28efdb623ee144b9bafebaa935e1785c","CUS-586638664",NA,NA,"debit","Tue","08:00:00","08","October"
"8085","authorized","1","ACC-2890243754","153.32","-27.93","POS","6399ce2b-7e1b-40c2-b5a0-5b56b98c89a5","Joseph",4543.13,2018-10-02 07:00:00,"M",37,"Robina","QLD",8.54,"4ef029996db04fc4b597392015b71f89","CUS-2695611575","153.39","-28.08","debit","Tue","08:04:48","08","October"
"8086","authorized","1","ACC-1998563091","149.03","-35.25","POS","c8968173-48a5-43ad-8e3c-77d2cdfc2cc8","David",17516.52,2018-10-02 07:00:00,"M",42,"Seacliff Park","SA",43.13,"310ad97ad28c473d9e61ff025b94a56c","CUS-3395687666","138.53","-35.03","debit","Tue","08:23:19","08","October"
"8087","authorized","1","ACC-3481401842","115.74","-31.72","SALES-POS","5f7e261c-4366-49a3-baf6-0257e0017c8a","Tiffany",6311.55,2018-10-02 07:00:00,"F",25,"Herne Hill","WA",14.92,"687c796632744c54b4bb2a17cfc6ab3d","CUS-1669695324","116.02","-31.83","debit","Tue","08:41:51","08","October"
"8088","posted",NA,"ACC-3827517394","151.12","-33.89","INTER BANK",NA,"Craig",41828.82,2018-10-02 07:00:00,"M",28,NA,NA,29,"fe07a390d9c24571b40b05a015a3875d","CUS-2663907001",NA,NA,"debit","Tue","09:00:00","09","October"
"8089","posted",NA,"ACC-1710017148","150.82","-34.01","PAYMENT",NA,"Michelle",14796.71,2018-10-02 07:00:00,"F",19,NA,NA,54,"68c36c287901477eb2aa988953b9089f","CUS-883482547",NA,NA,"debit","Tue","09:00:00","09","October"
"8090","authorized","1","ACC-53508546","150.62","-33.76","SALES-POS","9dd4a41c-f6ee-4829-be6d-a1b1a380c61c","Kimberly",5853.86,2018-10-02 07:00:00,"F",35,"Parramatta","NSW",10.74,"82ff6b1344a744b6a9427ebb9e399934","CUS-72755508","151.01","-33.81","debit","Tue","09:00:05","09","October"
"8091","authorized","1","ACC-1222300524","151.23","-33.94","POS","5024d6e4-302c-40df-aa6b-8906910ba0db","Michael",683.36,2018-10-02 07:00:00,"M",38,"Manly","NSW",8.06,"e076551783ae4cbfa65f222e74bc7781","CUS-2142601169","151.29","-33.8","debit","Tue","09:04:33","09","October"
"8092","authorized","1","ACC-1523339231","115.83","-31.90","SALES-POS","acb77539-e479-4f85-b231-0330e17f620f","Tim",69146.11,2018-10-02 07:00:00,"M",40,"Petrie Terrace","QLD",261.26,"8bafda0add5f4585928402224227c220","CUS-1816693151","153.02","-27.47","debit","Tue","09:09:01","09","October"
"8093","authorized","1","ACC-2890243754","153.32","-27.93","POS","0abb2f4b-6297-4d55-9cec-147efad78b7f","Joseph",4531.07,2018-10-02 07:00:00,"M",37,"Miami","QLD",12.06,"95aad1065cfb4805bc1acf5b2cd08c03","CUS-2695611575","153.44","-28.07","debit","Tue","09:13:28","09","October"
"8094","authorized","0","ACC-2673069055","152.99","-27.49","POS","43608856-b248-4100-9582-db1c1d48aa32","Richard",17530.76,2018-10-02 07:00:00,"M",24,"Upper Mount Gravatt","QLD",10.77,"6e18e27bab474c92ba3f16465d487884","CUS-51506836","153.08","-27.56","debit","Tue","09:17:56","09","October"
"8095","authorized","1","ACC-4258502723","145.45","-37.74","SALES-POS","0f12e6a7-93c7-4196-bf95-d626b07e183e","Kimberly",4877.91,2018-10-02 07:00:00,"F",24,"Maribyrnong","VIC",8.02,"b321d606c7844439ba47c4da9ac66450","CUS-3378712515","144.89","-37.77","debit","Tue","09:22:24","09","October"
"8096","authorized","1","ACC-4258502723","145.45","-37.74","SALES-POS","32ba71fa-6ec0-43d9-a56d-3549998af015","Kimberly",4814.17,2018-10-02 07:00:00,"F",24,"Malvern East","VIC",63.74,"56fec422223041ceb6d16d384beb1576","CUS-3378712515","145.06","-37.88","debit","Tue","09:26:52","09","October"
"8097","authorized","1","ACC-3481401842","115.74","-31.72","SALES-POS","1874e396-93f8-456a-b616-5ea12c6da8df","Tiffany",6289.37,2018-10-02 07:00:00,"F",25,"Warnbro","WA",22.18,"2f284a28279741af8abe310e98f66b67","CUS-1669695324","115.76","-32.35","debit","Tue","09:31:20","09","October"
"8098","authorized","0","ACC-2673069055","152.99","-27.49","SALES-POS","c4fbec1e-bff1-430a-af2c-f0b8b95df036","Richard",17520.98,2018-10-02 07:00:00,"M",24,"South Brisbane","QLD",9.78,"b1c6c15970934788848ff309d97c02c9","CUS-51506836","153.02","-27.47","debit","Tue","09:35:48","09","October"
"8099","authorized","1","ACC-3481401842","115.74","-31.72","POS","fa2bf76e-c908-4516-9763-a8539c144f95","Tiffany",6250.94,2018-10-02 07:00:00,"F",25,"Moorabbin Airport","VIC",38.43,"1042c465d13146a6af6fdcae2a3d8cdf","CUS-1669695324","145.09","-37.97","debit","Tue","09:40:16","09","October"
"8100","authorized","1","ACC-1222300524","151.23","-33.94","SALES-POS","bd55b2be-eda5-45e8-8a91-053eafbd5480","Michael",677.4,2018-10-02 07:00:00,"M",38,"Bridgetown","WA",5.96,"8709c8e1b24b47be8ddda29547b4dc45","CUS-2142601169","116.14","-33.96","debit","Tue","09:44:43","09","October"
"8101","authorized","0","ACC-1598451071","153.41","-27.95","POS","60ea21a0-2e86-4148-968e-ab73246ea0bb","Diana",2765.24,2018-10-02 07:00:00,"F",26,"Broadbeach","QLD",19.72,"12ff2d98e63440f3a05c13e9fe450c22","CUS-2487424745","153.43","-28.03","debit","Tue","09:49:11","09","October"
"8102","authorized","1","ACC-3481401842","115.74","-31.72","SALES-POS","eede4b22-9658-40ae-8775-03c14ca868ac","Tiffany",6229.9,2018-10-02 07:00:00,"F",25,"Claremont","WA",21.04,"af66ba202128468a9f9c5401b89804d8","CUS-1669695324","115.79","-31.98","debit","Tue","09:53:39","09","October"
"8103","authorized","0","ACC-1222300524","151.23","-33.94","POS","69092272-47e1-4a35-9dcc-683f750cb571","Michael",615.55,2018-10-02 07:00:00,"M",38,"Bass Hill","NSW",61.85,"a2da02a8db1445deb987fa573ed73fc8","CUS-2142601169","150.99","-33.9","debit","Tue","09:58:07","09","October"
"8104","authorized","0","ACC-1683215619","138.67","-34.86","POS","5a2fe5c3-ed18-4176-907c-0b878470f70a","Barry",8252.71,2018-10-02 07:00:00,"M",38,"Welland","SA",11.18,"46780426ed2b46c4a27d16194aff21ed","CUS-1604596597","138.56","-34.9","debit","Tue","10:05:41","10","October"
"8105","authorized","1","ACC-2171593283","146.94","-36.04","SALES-POS","22ac6a8b-b831-4184-9130-be8ed0b92fa5","Fernando",13049.59,2018-10-02 07:00:00,"M",19,"Geelong","VIC",74.1,"72a4167f43bb480093435cadfbc17466","CUS-2317998716","144.35","-38.15","debit","Tue","10:15:29","10","October"
"8106","authorized","1","ACC-1598451071","153.41","-27.95","SALES-POS","e29d3f0f-c26f-4c94-8646-12e43b8b6542","Diana",2749.1,2018-10-02 07:00:00,"F",26,"Baulkham Hills","NSW",16.14,"3be0fa990ce144fc8da50c290fe01595","CUS-2487424745","150.96","-33.73","debit","Tue","10:25:17","10","October"
"8107","authorized","0","ACC-1037050564","153.10","-27.66","SALES-POS","ae7e3704-9613-419f-bc9d-68818dff2ef9","Rhonda",4490.72,2018-10-02 07:00:00,"F",40,"South Brisbane","QLD",3.92,"00c3050482204244b73142fa53085e47","CUS-1614226872","153.02","-27.47","debit","Tue","10:35:05","10","October"
"8108","authorized","1","ACC-3100725361","145.73","-17.03","POS","e66ffcab-8b3d-4bfe-9786-6f6e062f3812","Ronald",5767.59,2018-10-02 07:00:00,"M",25,"Drouin","VIC",7.52,"6bd498682e5d4b47a077032cc1792733","CUS-2178051368","145.84","-38.13","debit","Tue","10:44:54","10","October"
"8109","authorized","0","ACC-1598451071","153.41","-27.95","POS","023f7601-2795-4081-9ffe-3199ee4b49c2","Diana",2744.3,2018-10-02 07:00:00,"F",26,"Runaway Bay","QLD",4.8,"f4304a11da934da3b44e2c104ca13624","CUS-2487424745","153.4","-27.91","debit","Tue","10:54:42","10","October"
"8110","posted",NA,"ACC-2231965366","144.96","-37.84","PAYMENT",NA,"Linda",17176.33,2018-10-02 07:00:00,"F",35,NA,NA,45,"e360bca1540e4ef7b9857b9dfb6675f6","CUS-2155701614",NA,NA,"debit","Tue","11:00:00","11","October"
"8111","posted",NA,"ACC-37709441","153.41","-28.01","PAY/SALARY",NA,"Charles",17139.54,2018-10-02 07:00:00,"M",18,NA,NA,4132.23,"691d8672378940c3a753f95d5c589be4","CUS-3336454548",NA,NA,"credit","Tue","11:00:00","11","October"
"8112","authorized","1","ACC-1037050564","153.10","-27.66","SALES-POS","28bd0038-37e2-49da-b419-d0ddf71835ca","Rhonda",4482.67,2018-10-02 07:00:00,"F",40,"South Brisbane","QLD",8.05,"c615c72164b143fe9f11a37816ea0387","CUS-1614226872","153.02","-27.48","debit","Tue","11:03:55","11","October"
"8113","authorized","1","ACC-3481401842","115.74","-31.72","POS","a6448b7f-1de5-47d5-bb6f-988fb1212955","Tiffany",6214.95,2018-10-02 07:00:00,"F",25,"Dubbo","NSW",14.95,"27194f8702154a18ae957fb5baf021db","CUS-1669695324","148.63","-32.26","debit","Tue","11:12:28","11","October"
"8114","authorized","0","ACC-1222300524","151.23","-33.94","SALES-POS","78a916e4-135e-4a54-bbb8-cd6689eb6967","Michael",602.23,2018-10-02 07:00:00,"M",38,"Earlwood","NSW",13.32,"32fa36c433e34a6da207740be7eefad4","CUS-2142601169","151.11","-33.93","debit","Tue","11:21:01","11","October"
"8115","authorized","1","ACC-2673069055","152.99","-27.49","SALES-POS","680180ca-5735-4548-a19b-82f068a578b8","Richard",17484.63,2018-10-02 07:00:00,"M",24,"Milton","QLD",36.35,"bc459913370b4456a73b29846f371595","CUS-51506836","153.01","-27.47","debit","Tue","11:29:34","11","October"
"8116","authorized","1","ACC-182446574","116.06","-32.00","POS","6ea10976-582a-43c5-8bb9-0662f0217237","Tonya",7915.01,2018-10-02 07:00:00,"F",27,"Broadbeach","QLD",1.79,"ba2c07d7069644b184214c4c7e532a71","CUS-3026014945","153.43","-28.03","debit","Tue","11:38:07","11","October"
"8117","authorized","1","ACC-847145727","115.90","-31.92","SALES-POS","a042656e-c4b2-46a1-9c82-7adf0b3f564e","Michael",59538.06,2018-10-02 07:00:00,"M",19,"Perth","WA",9.78,"107f05b6d69c46d2aa20fc0a250809a9","CUS-1609060617","115.86","-31.95","debit","Tue","11:46:39","11","October"
"8118","authorized","1","ACC-354106658","151.04","-33.80","SALES-POS","75ff88ff-c3c1-483e-aa0f-44597f6258ed","Christine",14475.36,2018-10-02 07:00:00,"F",39,"Mascot","NSW",64.8,"63b43823a5be421b82e9ba87e8ef5bfe","CUS-2376382098","151.18","-33.92","debit","Tue","11:55:12","11","October"
"8119","posted",NA,"ACC-2231965366","144.96","-37.84","PAY/SALARY",NA,"Linda",19619.57,2018-10-02 07:00:00,"F",35,NA,NA,2443.24,"2acfc593ace1478588d4100f2528d786","CUS-2155701614",NA,NA,"credit","Tue","12:00:00","12","October"
"8120","authorized","1","ACC-2249586092","115.98","-32.07","POS","641b16cf-f933-45da-a71b-c4565a2aa4e9","Edward",10319.92,2018-10-02 07:00:00,"M",19,"Balcatta","WA",17.92,"14c801227a8641ec80a5a5f535c48021","CUS-443776336","115.83","-31.87","debit","Tue","12:10:59","12","October"
"8121","authorized","1","ACC-3233697971","151.04","-33.77","POS","64529278-23c6-4ce2-aa0b-f8e3cf0af77f","Robin",11092.72,2018-10-02 07:00:00,"F",34,"Alexandria","NSW",47.09,"803b93dcfb6a484ab43f582698390d50","CUS-1147642491","151.19","-33.92","debit","Tue","12:35:59","12","October"
"8122","posted",NA,"ACC-588564840","151.27","-33.76","INTER BANK",NA,"Isaiah",17705.56,2018-10-02 07:00:00,"M",23,NA,NA,117,"5217d953f6204672b0976181f6a7e2a9","CUS-1462656821",NA,NA,"debit","Tue","13:00:00","13","October"
"8123","posted",NA,"ACC-1443681913","150.92","-33.77","PAY/SALARY",NA,"Ryan",5033.11,2018-10-02 07:00:00,"M",31,NA,NA,996.24,"2949427d86ab483f9128b9affcf5fde8","CUS-3129499595",NA,NA,"credit","Tue","13:00:00","13","October"
"8124","authorized","1","ACC-1683215619","138.67","-34.86","SALES-POS","da253d96-3ac7-4981-a301-f86c85b6cc6d","Barry",8237.51,2018-10-02 07:00:00,"M",38,"Nowra","NSW",15.2,"e1ebd58da33949c9b29e4444ad196fd7","CUS-1604596597","150.6","-34.87","debit","Tue","13:01:01","13","October"
"8125","authorized","1","ACC-414431115","142.77","-37.06","POS","6ddddc40-5b69-4253-8a26-167999a8bf96","Amy",4443.52,2018-10-02 07:00:00,"F",43,"Castlemaine","VIC",19.74,"393ad15846ea49f486036091168abf43","CUS-2599279756","144.22","-37.06","debit","Tue","13:26:39","13","October"
"8126","authorized","1","ACC-3879258709","143.83","-37.66","POS","4009eacb-a18b-477b-b4e5-bc4eb97fcbe2","Natasha",202823.07,2018-10-02 07:00:00,"F",40,"Narbethong","VIC",52.93,"161bd85f5b54404bb9296563f8bbfc7d","CUS-527400765","145.64","-37.57","debit","Tue","13:52:18","13","October"
"8127","posted",NA,"ACC-3485804958","138.52","-35.01","PAYMENT",NA,"Jessica",25355.98,2018-10-02 07:00:00,"F",34,NA,NA,39,"a547185c637d43719d2adc48bd05817f","CUS-1196156254",NA,NA,"debit","Tue","14:00:00","14","October"
"8128","posted",NA,"ACC-2305712452","138.61","-34.89","PAY/SALARY",NA,"Debra",5525.93,2018-10-02 07:00:00,"F",18,NA,NA,761.33,"0ecdf428e1334cb7a3cf4c83ff8066a4","CUS-1842679196",NA,NA,"credit","Tue","14:00:00","14","October"
"8129","posted",NA,"ACC-2173390920","144.71","-37.58","PAYMENT",NA,"Luis",9070.06,2018-10-02 07:00:00,"M",27,NA,NA,28,"fc0e9b3d8fb54115871eb491719fee8f","CUS-3180318393",NA,NA,"debit","Tue","14:00:00","14","October"
"8130","posted",NA,"ACC-1990648130","114.62","-28.80","PAY/SALARY",NA,"Kaitlyn",6300.23,2018-10-02 07:00:00,"F",21,NA,NA,1037.07,"21219ec8542b448b9bed5eafcaa98d64","CUS-809013380",NA,NA,"credit","Tue","14:00:00","14","October"
"8131","authorized","1","ACC-1788473090","145.06","-37.95","POS","acff7cc5-72ce-4b25-a434-8db80f28c7d4","Rachael",8502.34,2018-10-02 07:00:00,"F",21,"Croydon","VIC",22.22,"28ce3e4c57ab4c428169926ef7988e6a","CUS-134193016","145.28","-37.8","debit","Tue","14:08:08","14","October"
"8132","authorized","1","ACC-847145727","115.90","-31.92","SALES-POS","5017be3f-42fa-429d-9da4-b4dd3274affb","Michael",59474.19,2018-10-02 07:00:00,"M",19,"Bibra Lake","WA",63.87,"bbb4ade02979478da4776a07ea63dbd1","CUS-1609060617","115.8","-32.1","debit","Tue","14:19:46","14","October"
"8133","authorized","1","ACC-4258502723","145.45","-37.74","POS","4c590057-7a07-4639-9f6d-57cfadeb7509","Kimberly",4784.61,2018-10-02 07:00:00,"F",24,"Airport West","VIC",29.56,"b482848fd84048708139582d47c33fc4","CUS-3378712515","144.89","-37.71","debit","Tue","14:31:23","14","October"
"8134","authorized","1","ACC-1222300524","151.23","-33.94","SALES-POS","aa5aa2e9-e9b4-46a6-a8ad-d723edc8e77d","Michael",590.36,2018-10-02 07:00:00,"M",38,"Green Valley","NSW",11.87,"a1347dda53d041d8a2ef7a192264b0f1","CUS-2142601169","150.87","-33.91","debit","Tue","14:43:01","14","October"
"8135","authorized","1","ACC-847145727","115.90","-31.92","POS","5c3c4324-8954-4b5d-9e9b-5d9ee78f0902","Michael",59427.98,2018-10-02 07:00:00,"M",19,"Scarborough","WA",46.21,"5fa709b1d4ba459ca315f1a516a4d73e","CUS-1609060617","115.76","-31.9","debit","Tue","14:54:39","14","October"
"8136","posted",NA,"ACC-3481401842","115.74","-31.72","PAYMENT",NA,"Tiffany",6128.66,2018-10-02 07:00:00,"F",25,NA,NA,32,"f6b1504984604d5bab04483cbdd6c2db","CUS-1669695324",NA,NA,"debit","Tue","15:00:00","15","October"
"8137","authorized","0","ACC-2890243754","153.32","-27.93","SALES-POS","c3895ade-aef8-46f2-a13c-3f22213c14da","Joseph",4525.49,2018-10-02 07:00:00,"M",37,"Burleigh Heads","QLD",5.58,"2fc0390398c94c7ea6d50d8acaa25d75","CUS-2695611575","153.45","-28.08","debit","Tue","15:05:05","15","October"
"8138","authorized","1","ACC-3879258709","143.83","-37.66","SALES-POS","81e0744e-281c-43de-b088-286740dc1e97","Natasha",202795.58,2018-10-02 07:00:00,"F",40,"Marysville","VIC",27.49,"7c74ccdff206470c99721574dd844659","CUS-527400765","145.75","-37.51","debit","Tue","15:14:31","15","October"
"8139","authorized","1","ACC-3481401842","115.74","-31.72","SALES-POS","d4caaefd-864d-4b52-8040-0139e86f4169","Tiffany",6160.66,2018-10-02 07:00:00,"F",25,"Wa","WA",54.29,"3175896cb7a645dcbc9dd65513889e4b","CUS-1669695324","115.97","-31.78","debit","Tue","15:23:57","15","October"
"8140","authorized","1","ACC-2673069055","152.99","-27.49","POS","8db6dde0-a3d6-4d6a-87bb-7425b26197c9","Richard",17466.94,2018-10-02 07:00:00,"M",24,"Kingston","QLD",17.69,"1a4f58f185c346e0935a36a80596ceb2","CUS-51506836","153.11","-27.65","debit","Tue","15:33:23","15","October"
"8141","authorized","1","ACC-847145727","115.90","-31.92","POS","fbb901d4-6d0d-4b7a-9b4e-82cd9ec119d5","Michael",59313.87,2018-10-02 07:00:00,"M",19,"Mirrabooka","WA",114.11,"6e1e9c0c31ce42a3b32997fbc998e58b","CUS-1609060617","115.86","-31.87","debit","Tue","15:42:49","15","October"
"8142","authorized","1","ACC-1788473090","145.06","-37.95","POS","2df71d90-3c5f-425f-81e0-b73057ae0be2","Rachael",8473.51,2018-10-02 07:00:00,"F",21,"Flemington","VIC",28.83,"d50ee2e4089c4059a50e0e4cde711913","CUS-134193016","144.93","-37.79","debit","Tue","15:52:15","15","October"
"8143","posted",NA,"ACC-2828321672","153.03","-27.51","PAY/SALARY",NA,"Stephanie",6042.15,2018-10-02 07:00:00,"F",53,NA,NA,970.47,"6a0796f6e44c4d49b288a593bdc23503","CUS-1005756958",NA,NA,"credit","Tue","16:00:00","16","October"
"8144","posted",NA,"ACC-4281711154","144.98","-37.84","PAY/SALARY",NA,"Eric",40675.2,2018-10-02 07:00:00,"M",42,NA,NA,1757.82,"d643c6c0d79442439142565158d008c1","CUS-3151318058",NA,NA,"credit","Tue","16:00:00","16","October"
"8145","posted",NA,"ACC-3941181087","115.79","-31.94","PAYMENT",NA,"Paul",9936.73,2018-10-02 07:00:00,"M",25,NA,NA,46,"3e55ef30c1ae40a99fa5efc98006be5a","CUS-3989008654",NA,NA,"debit","Tue","16:00:00","16","October"
"8146","posted",NA,"ACC-966140392","147.08","-37.97","PHONE BANK",NA,"Joseph",8111.45,2018-10-02 07:00:00,"M",21,NA,NA,355,"a3175a71197846feadaf45b5b1cda849","CUS-537508723",NA,NA,"debit","Tue","16:00:00","16","October"
"8147","authorized","1","ACC-1598451071","153.41","-27.95","POS","1bf93308-9108-4f13-9e18-4c4be1f07736","Diana",2733.56,2018-10-02 07:00:00,"F",26,"Southport","QLD",10.74,"2d93d877c876469da89f58afe2919b7f","CUS-2487424745","153.42","-27.97","debit","Tue","16:04:51","16","October"
"8148","authorized","0","ACC-1903037542","153.05","-27.61","SALES-POS","d879e353-647c-4c79-91c5-d5ec7bc13e7a","Jeffrey",4423.91,2018-10-02 07:00:00,"M",30,"Sunnybank","QLD",14.96,"7b48ae7d962a429bad2ac8dbfd5a99df","CUS-860700529","153.06","-27.57","debit","Tue","16:31:53","16","October"
"8149","authorized","1","ACC-1652235822","144.89","-37.81","SALES-POS","a08463b0-6be6-478b-abaa-78f23f81c07b","Renee",20246.15,2018-10-02 07:00:00,"F",38,"Lilydale","VIC",14.84,"83b80b1606dc42589692546110261cf8","CUS-2206365095","145.35","-37.76","debit","Tue","16:58:55","16","October"
"8150","posted",NA,"ACC-3233697971","151.04","-33.77","INTER BANK",NA,"Robin",10967.72,2018-10-02 07:00:00,"F",34,NA,NA,125,"7ff5ec4aa6d5435eb590deb01e5c1e94","CUS-1147642491",NA,NA,"debit","Tue","17:00:00","17","October"
"8151","posted",NA,"ACC-588564840","151.27","-33.76","PAYMENT",NA,"Isaiah",17524.56,2018-10-02 07:00:00,"M",23,NA,NA,181,"3816e9c10a054d8295b3b64537f29f34","CUS-1462656821",NA,NA,"debit","Tue","17:00:00","17","October"
"8152","posted",NA,"ACC-1279356312","144.79","-37.73","PAYMENT",NA,"Tyler",7975.12,2018-10-02 07:00:00,"M",44,NA,NA,27,"b4a79fed12524b1ebd000d97d96e9607","CUS-1892177589",NA,NA,"debit","Tue","17:00:00","17","October"
"8153","posted",NA,"ACC-1222300524","151.23","-33.94","PAY/SALARY",NA,"Michael",1592.49,2018-10-02 07:00:00,"M",38,NA,NA,1002.13,"80224f315b0c45f4ab5d81fe51be6be6","CUS-2142601169",NA,NA,"credit","Tue","17:00:00","17","October"
"8154","posted",NA,"ACC-3771436525","145.04","-37.92","PAY/SALARY",NA,"Derek",5077.98,2018-10-02 07:00:00,"M",20,NA,NA,1099.7,"5a7168db7ffd497b95ae10cc26255c79","CUS-3325710106",NA,NA,"credit","Tue","17:00:00","17","October"
"8155","posted",NA,"ACC-3954677887","115.72","-32.28","PAY/SALARY",NA,"Ruth",6388.07,2018-10-02 07:00:00,"F",47,NA,NA,1272.47,"48951c1865de4d52a049194d5f2ca25f","CUS-3716701010",NA,NA,"credit","Tue","17:00:00","17","October"
"8156","posted",NA,"ACC-1243371644","150.90","-33.78","INTER BANK",NA,"Gregory",5324.14,2018-10-02 07:00:00,"M",42,NA,NA,20,"64ea84d471254c28a0f7bd376707d109","CUS-3904958894",NA,NA,"debit","Tue","17:00:00","17","October"
"8157","posted",NA,"ACC-958000567","130.90","-12.37","PAY/SALARY",NA,"Sandra",9391.41,2018-10-02 07:00:00,"F",34,NA,NA,3517.61,"20a378c72ab24168afe3d42aff58e422","CUS-4142663097",NA,NA,"credit","Tue","17:00:00","17","October"
"8158","posted",NA,"ACC-2897221629","150.90","-34.37","PAY/SALARY",NA,"Scott",6572.32,2018-10-02 07:00:00,"M",23,NA,NA,982.71,"bc63022ce08f43949780cae481892b7b","CUS-511326734",NA,NA,"credit","Tue","17:00:00","17","October"
"8159","authorized","1","ACC-847145727","115.90","-31.92","POS","f1fce50d-8d6d-484a-aaa5-1f67f6bcb6a4","Michael",59233.98,2018-10-02 07:00:00,"M",19,"Edgewater","WA",79.89,"183612b6255a42b780b8b83cdf02405a","CUS-1609060617","115.78","-31.77","debit","Tue","17:19:11","17","October"
"8160","authorized","1","ACC-1903037542","153.05","-27.61","POS","f18c699a-6fa4-4cf2-9098-07fd19ddb31e","Jeffrey",4383.32,2018-10-02 07:00:00,"M",30,"Jindalee","QLD",40.59,"0bbfff7c80d14c2a8cf2f4958d5e1b9b","CUS-860700529","152.95","-27.53","debit","Tue","17:39:11","17","October"
"8161","authorized","1","ACC-854938045","147.63","-22.84","SALES-POS","16b9f329-7a9d-415d-8a7e-98429a138219","James",13302.23,2018-10-02 07:00:00,"M",28,"Melbourne","VIC",341.78,"7fbc9c9d3ab74c4d82f092b679d2e7be","CUS-4023861240","144.97","-37.81","debit","Tue","17:59:11","17","October"
"8162","posted",NA,"ACC-1344825761","151.09","-33.91","PAYMENT",NA,"Sarah",20312.96,2018-10-02 07:00:00,"F",46,NA,NA,45,"045cefa65b8b4467be8efb20c6706606","CUS-1499065773",NA,NA,"debit","Tue","18:00:00","18","October"
"8163","posted",NA,"ACC-38923874","151.27","-33.90","INTER BANK",NA,"Ryan",42430.36,2018-10-02 07:00:00,"M",38,NA,NA,29,"025fc69b2ba947aa8086282e76f8ffe5","CUS-3249305314",NA,NA,"debit","Tue","18:00:00","18","October"
"8164","posted",NA,"ACC-3879258709","143.83","-37.66","PAYMENT",NA,"Natasha",202766.58,2018-10-02 07:00:00,"F",40,NA,NA,29,"868fabbffd3d4c189b3f244635cad1a7","CUS-527400765",NA,NA,"debit","Tue","18:00:00","18","October"
"8165","posted",NA,"ACC-1990648130","114.62","-28.80","PAYMENT",NA,"Kaitlyn",6165.23,2018-10-02 07:00:00,"F",21,NA,NA,135,"e4ac977eac00431d9d387a93cef4be56","CUS-809013380",NA,NA,"debit","Tue","18:00:00","18","October"
"8166","authorized","1","ACC-182446574","116.06","-32.00","POS","e4218e69-eb22-43a5-9a3b-43e9fafc5a2c","Tonya",7889.94,2018-10-02 07:00:00,"F",27,"Scarborough","WA",25.07,"ccdeed2f5a7c46138d91d749d07788bf","CUS-3026014945","115.77","-31.89","debit","Tue","18:36:55","18","October"
"8167","authorized","1","ACC-2305712452","138.61","-34.89","SALES-POS","719abfcf-2c7b-4496-a777-228d30ff3ce9","Debra",5515.25,2018-10-02 07:00:00,"F",18,"Fyshwick","ACT",10.68,"d8ffab840db8412499f2333da2f0bbdd","CUS-1842679196","149.15","-35.32","debit","Tue","19:09:18","19","October"
"8168","authorized","1","ACC-2249586092","115.98","-32.07","SALES-POS","e0aa6ccc-c4be-4c4a-b429-8c6047bf297f","Edward",10230.18,2018-10-02 07:00:00,"M",19,"Stirling","WA",89.74,"1d19ebbda40e460a94435d94aae551bf","CUS-443776336","115.8","-31.87","debit","Tue","19:32:33","19","October"
"8169","authorized","0","ACC-1903037542","153.05","-27.61","POS","e7aa23e1-a830-4d84-86ff-ab42036edece","Jeffrey",4352.8,2018-10-02 07:00:00,"M",30,"Windaroo","QLD",30.52,"5576029e556940daa1b95d17a6333f61","CUS-860700529","153.2","-27.74","debit","Tue","19:55:48","19","October"
"8170","posted",NA,"ACC-1199531521","116.02","-31.87","PAYMENT",NA,"Billy",14336.94,2018-10-02 07:00:00,"M",52,NA,NA,20,"5b2a5fa570f14ff0a2b061c7c1aab836","CUS-134833760",NA,NA,"debit","Tue","20:00:00","20","October"
"8171","posted",NA,"ACC-1349834573","145.17","-37.84","PAYMENT",NA,"Matthew",14218.66,2018-10-02 07:00:00,"M",39,NA,NA,34,"9d2f8b4476f8403894720d1795e9b323","CUS-1790886359",NA,NA,"debit","Tue","20:00:00","20","October"
"8172","posted",NA,"ACC-1424176027","151.08","-33.93","PAYMENT",NA,"Donald",6666.48,2018-10-02 07:00:00,"M",22,NA,NA,195,"a617cdfacc224dc9b9979c5e05ddc8eb","CUS-3431016847",NA,NA,"debit","Tue","20:00:00","20","October"
"8173","authorized","1","ACC-2890243754","153.32","-27.93","SALES-POS","63e4c8c2-32cc-4e83-bf09-00516d71bbdf","Joseph",4514.79,2018-10-02 07:00:00,"M",37,"Gatton","QLD",10.7,"9c5465b1908541e99d376b9fc04b5b1b","CUS-2695611575","152.28","-27.56","debit","Tue","20:34:09","20","October"
"8174","posted",NA,"ACC-1056639002","145.03","-37.91","PAYMENT",NA,"Michael",50650.71,2018-10-02 07:00:00,"M",22,NA,NA,86,"46e86aee932d4f899fcbbad549a5f73c","CUS-3462882033",NA,NA,"debit","Tue","21:00:00","21","October"
"8175","authorized","1","ACC-1903037542","153.05","-27.61","SALES-POS","47a1a9ca-d993-4df2-95f1-081d889f49b3","Jeffrey",4344.79,2018-10-02 07:00:00,"M",30,"Toowoomba City","QLD",8.01,"df376ac4af53428fa0d68b54d878b67a","CUS-860700529","151.93","-27.56","debit","Tue","21:09:44","21","October"
"8176","authorized","1","ACC-958000567","130.90","-12.37","SALES-POS","49a50684-a31d-496f-aa68-c82557c9a430","Sandra",9336.98,2018-10-02 07:00:00,"F",34,"Chippendale","NSW",54.43,"800bbb9946a047efa90271b37b90f9ba","CUS-4142663097","151.2","-33.89","debit","Tue","21:35:23","21","October"
"8177","posted",NA,"ACC-3536132544","144.93","-37.79","INTER BANK",NA,"Heather",5397.93,2018-10-02 07:00:00,"F",41,NA,NA,109,"ef33ab44799e4d4fb147c2b2df69a185","CUS-2348881191",NA,NA,"debit","Tue","22:00:00","22","October"
"8178","posted",NA,"ACC-2259139624","144.66","-37.91","PAYMENT",NA,"Cindy",13682.84,2018-10-02 07:00:00,"F",19,NA,NA,108,"8c515f05c7b44af0ab6b94b0cb8e2b62","CUS-3174332735",NA,NA,"debit","Tue","22:00:00","22","October"
"8179","authorized","1","ACC-2249586092","115.98","-32.07","POS","83215e0e-e1c9-469b-80bb-17d33b8d190a","Edward",10212.54,2018-10-02 07:00:00,"M",19,"Langford","WA",17.64,"aa9c85f4254d42f2a6d286e8e2c60132","CUS-443776336","115.93","-32.05","debit","Tue","22:01:10","22","October"
"8180","authorized","1","ACC-559365433","147.31","-42.88","POS","f7f1a4c4-9947-47f5-a461-2fed2ca3324c","Mary",3537.33,2018-10-02 07:00:00,"F",64,"Melbourne","VIC",16.36,"bb87b87928124026879883f348072d7f","CUS-1654129794","144.96","-37.82","debit","Tue","22:30:35","22","October"
"8181","authorized","0","ACC-1710017148","150.82","-34.01","POS","29586199-863f-4b71-942b-39249e595c90","Michelle",14788.58,2018-10-02 07:00:00,"F",19,"Kogarah","NSW",8.13,"ea010b02e0a74fe58418d2b3d6d66fe3","CUS-883482547","151.13","-33.97","debit","Tue","22:59:59","22","October"
"8182","posted",NA,"ACC-2901672282","255.00","-573.00","PAYMENT",NA,"Daniel",9223.79,2018-10-02 07:00:00,"M",22,NA,NA,40,"4180c2de8a024c8ca3193ad4f7fda2db","CUS-1617121891",NA,NA,"debit","Tue","23:00:00","23","October"
"8183","posted",NA,"ACC-1222300524","151.23","-33.94","PAYMENT",NA,"Michael",1490.49,2018-10-02 07:00:00,"M",38,NA,NA,102,"65ebf6aff5c646b192ccca83f021a20d","CUS-2142601169",NA,NA,"debit","Tue","23:00:00","23","October"
"8184","authorized","1","ACC-1683215619","138.67","-34.86","SALES-POS","7577cf3a-fd43-46b6-bd52-a607db99daa1","Barry",8201.86,2018-10-03 07:00:00,"M",38,"Hove","SA",35.65,"f002ceebc6c646438c9a1bccc36eca19","CUS-1604596597","138.52","-35.01","debit","Wed","00:28:53","00","October"
"8185","authorized","0","ACC-1710017148","150.82","-34.01","POS","9d7f67d2-d7c9-47b9-bcf6-81cb5ff65261","Michelle",14782.24,2018-10-03 07:00:00,"F",19,"North Sydney","NSW",6.34,"af24e744163f4ba9b6d6d802f1445ebb","CUS-883482547","151.21","-33.84","debit","Wed","01:09:59","01","October"
"8186","authorized","1","ACC-559365433","147.31","-42.88","SALES-POS","8aa6a748-427f-4eaa-9e04-271af3dab846","Mary",3503.32,2018-10-03 07:00:00,"F",64,"Western Junction","TAS",34.01,"9a8bfb4707734f5aa130befb6438754e","CUS-1654129794","147.21","-41.54","debit","Wed","01:32:43","01","October"
"8187","authorized","1","ACC-1598451071","153.41","-27.95","POS","680180ca-5735-4548-a19b-82f068a578b8","Diana",2706.07,2018-10-03 07:00:00,"F",26,"Milton","QLD",27.49,"d586d8a270ed4d9fb334d53ad8a51ce3","CUS-2487424745","153.01","-27.47","debit","Wed","01:55:27","01","October"
"8188","posted",NA,"ACC-1973887809","115.78","-31.90","PAYMENT",NA,"Antonio",6060.99,2018-10-03 07:00:00,"M",26,NA,NA,1225,"9c9d96587e224205bbd9d54cdbc2f3cc","CUS-1646621553",NA,NA,"debit","Wed","03:00:00","03","October"
"8189","authorized","1","ACC-1598451071","153.41","-27.95","SALES-POS","03b8bb86-abbd-4769-87e5-a78a0c13b95e","Diana",2705.97,2018-10-03 07:00:00,"F",26,"Broadbeach","QLD",0.1,"4f3a5aff070e43fcaeebd0ae0cd24caa","CUS-2487424745","153.43","-28.03","debit","Wed","03:19:59","03","October"
"8190","posted",NA,"ACC-3827517394","151.12","-33.89","PAYMENT",NA,"Craig",41704.82,2018-10-03 07:00:00,"M",28,NA,NA,124,"bbab9e6c35294eb69c8ded7a5551d712","CUS-2663907001",NA,NA,"debit","Wed","04:00:00","04","October"
"8191","authorized","0","ACC-3879258709","143.83","-37.66","SALES-POS","04d39df5-0957-4ab9-bd8a-024f142cbae5","Natasha",202631.18,2018-10-03 07:00:00,"F",40,"Geelong","VIC",135.4,"dea583f80c1740c597cf805388c83e9d","CUS-527400765","144.36","-38.15","debit","Wed","04:21:49","04","October"
"8192","authorized","1","ACC-2305712452","138.61","-34.89","POS","480fbc21-d150-4332-b961-22590e70de9b","Debra",5501.31,2018-10-03 07:00:00,"F",18,"Bomaderry","NSW",13.94,"4b868b211ce9443cb2d4963fa042dd69","CUS-1842679196","150.6","-34.84","debit","Wed","04:44:32","04","October"
"8193","posted",NA,"ACC-602667573","151.23","-33.96","INTER BANK",NA,"Michael",17194.49,2018-10-03 07:00:00,"M",40,NA,NA,21,"d1d4ef9f2c6645ec9d72f885cfd43bce","CUS-2031327464",NA,NA,"debit","Wed","06:00:00","06","October"
"8194","posted",NA,"ACC-2171593283","146.94","-36.04","PAYMENT",NA,"Fernando",13022.59,2018-10-03 07:00:00,"M",19,NA,NA,27,"0c6392074a1c4152ae73909270c85410","CUS-2317998716",NA,NA,"debit","Wed","06:00:00","06","October"
"8195","posted",NA,"ACC-1598451071","153.41","-27.95","PAYMENT",NA,"Diana",2510.97,2018-10-03 07:00:00,"F",26,NA,NA,195,"76cb9212c1ef4a59aacb59f88217d322","CUS-2487424745",NA,NA,"debit","Wed","06:00:00","06","October"
"8196","posted",NA,"ACC-1056639002","145.03","-37.91","INTER BANK",NA,"Michael",50503.71,2018-10-03 07:00:00,"M",22,NA,NA,147,"ea7b6f38109c4fddb9085af5a5be1b5e","CUS-3462882033",NA,NA,"debit","Wed","06:00:00","06","October"
"8197","posted",NA,"ACC-2776252858","144.95","-37.76","PAYMENT",NA,"Kristin",6147.95,2018-10-03 07:00:00,"F",43,NA,NA,29,"6a26aa99c0b74c45aa5c40b3f279931f","CUS-4123612273",NA,NA,"debit","Wed","06:00:00","06","October"
"8198","authorized","1","ACC-2673069055","152.99","-27.49","SALES-POS","37fa12f2-a913-46c0-9946-c3e40636d1d9","Richard",17442.54,2018-10-03 07:00:00,"M",24,"Rochedale","QLD",24.4,"16b4f2c3afb048fe9266268036cba6b1","CUS-51506836","153.12","-27.6","debit","Wed","06:09:59","06","October"
"8199","posted",NA,"ACC-588564840","151.27","-33.76","INTER BANK",NA,"Isaiah",17499.56,2018-10-03 07:00:00,"M",23,NA,NA,25,"d5251ee398ef4637980474842c76b16d","CUS-1462656821",NA,NA,"debit","Wed","07:00:00","07","October"
"8200","posted",NA,"ACC-1523339231","115.83","-31.90","PAYMENT",NA,"Tim",69015.11,2018-10-03 07:00:00,"M",40,NA,NA,131,"759a1f105b7d4182861ec421831a10ca","CUS-1816693151",NA,NA,"debit","Wed","07:00:00","07","October"
"8201","posted",NA,"ACC-90814749","151.68","-32.98","INTER BANK",NA,"Christopher",9468.03,2018-10-03 07:00:00,"M",35,NA,NA,110,"c9085a0413a8465f9cd014f14723f631","CUS-1896554896",NA,NA,"debit","Wed","07:00:00","07","October"
"8202","posted",NA,"ACC-1496451953","145.16","-37.84","INTER BANK",NA,"Ricky",17504.05,2018-10-03 07:00:00,"M",43,NA,NA,39,"de51519fad5846a4ba8b38d1137dd155","CUS-3142625864",NA,NA,"debit","Wed","07:00:00","07","October"
"8203","authorized","1","ACC-4258502723","145.45","-37.74","POS","e5280991-1515-432c-9f07-a29e865a0718","Kimberly",4764.8,2018-10-03 07:00:00,"F",24,"Canning Vale","WA",19.81,"184dfd3b9aa9454580171e328b4c9874","CUS-3378712515","115.92","-32.09","debit","Wed","07:26:05","07","October"
"8204","posted",NA,"ACC-2014856841","144.99","-37.90","INTER BANK",NA,"Patrick",264339.11,2018-10-03 07:00:00,"M",46,NA,NA,22,"df19cdad16ec41268303ddb252bbe879","CUS-2370108457",NA,NA,"debit","Wed","08:00:00","08","October"
"8205","posted",NA,"ACC-4163822186","149.03","-34.97","PAYMENT",NA,"Karen",8849.93,2018-10-03 07:00:00,"F",26,NA,NA,55,"014503527bff49d1a209c3417c201d6e","CUS-2630892467",NA,NA,"debit","Wed","08:00:00","08","October"
"8206","posted",NA,"ACC-2173390920","144.71","-37.58","PAYMENT",NA,"Luis",8891.06,2018-10-03 07:00:00,"M",27,NA,NA,179,"70bdd195144542118d871c17629a8692","CUS-3180318393",NA,NA,"debit","Wed","08:00:00","08","October"
"8207","posted",NA,"ACC-3954677887","115.72","-32.28","PAYMENT",NA,"Ruth",6330.07,2018-10-03 07:00:00,"F",47,NA,NA,58,"e6b43f4657c44073a83d3ea081671c05","CUS-3716701010",NA,NA,"debit","Wed","08:00:00","08","October"
"8208","authorized","1","ACC-3827517394","151.12","-33.89","SALES-POS","a7c7db24-c090-411c-b5df-92eaff28c02d","Craig",41669.97,2018-10-03 07:00:00,"M",28,"Chatswood","NSW",34.85,"6e3aff3cd1794f42a8c83e5f4cb67108","CUS-2663907001","151.2","-33.79","debit","Wed","08:03:26","08","October"
"8209","authorized","1","ACC-2249586092","115.98","-32.07","SALES-POS","f951df7c-92b7-444c-959b-e227f5bb6735","Edward",10168.64,2018-10-03 07:00:00,"M",19,"Lidcombe","NSW",43.9,"267f51324fd74ad38cda3d4b6f10286a","CUS-443776336","151.05","-33.85","debit","Wed","08:19:03","08","October"
"8210","authorized","1","ACC-182446574","116.06","-32.00","POS","f792a1fe-6ece-4ac3-8af0-f75da75851c6","Tonya",7874.17,2018-10-03 07:00:00,"F",27,"Mirrabooka","WA",15.77,"a88d1aa8e1fd4d4980b4e944494cef32","CUS-3026014945","115.86","-31.87","debit","Wed","08:34:41","08","October"
"8211","authorized","1","ACC-1598451071","153.41","-27.95","SALES-POS","b88cd541-59bf-4bb6-be5a-8a7e000dd472","Diana",2482.68,2018-10-03 07:00:00,"F",26,"Stafford Heights","QLD",28.29,"1ec16b2f3e2d47509e6a31827f6bc71e","CUS-2487424745","153.01","-27.4","debit","Wed","08:50:18","08","October"
"8212","posted",NA,"ACC-354106658","151.04","-33.80","INTER BANK",NA,"Christine",14450.36,2018-10-03 07:00:00,"F",39,NA,NA,25,"487591b82a05490384d62b2b3a7fcf7c","CUS-2376382098",NA,NA,"debit","Wed","09:00:00","09","October"
"8213","posted",NA,"ACC-1443681913","150.92","-33.77","PAYMENT",NA,"Ryan",4997.11,2018-10-03 07:00:00,"M",31,NA,NA,36,"ea6174c88014470aab532b788da76127","CUS-3129499595",NA,NA,"debit","Wed","09:00:00","09","October"
"8214","authorized","1","ACC-3827517394","151.12","-33.89","POS","e3a92a7a-0c39-4461-8899-25fb8a3843c2","Craig",41620.98,2018-10-03 07:00:00,"M",28,"Ultimo","NSW",48.99,"87d91a5754d74597a8f27b1f8a84b027","CUS-2663907001","151.19","-33.88","debit","Wed","09:01:25","09","October"
"8215","authorized","1","ACC-240804743","121.48","-30.75","SALES-POS","9a479b0e-cf88-4060-b7fb-030aa88f5ffd","Kenneth",19097.43,2018-10-03 07:00:00,"M",29,"West Kalgoorlie","WA",8.39,"00da5e3e028f40eab0c6f8b4564f75e8","CUS-261674136","121.44","-30.78","debit","Wed","09:05:11","09","October"
"8216","authorized","1","ACC-3317636250","153.02","-27.66","POS","be80a19a-6f0d-4ced-a2ed-f3baa5e365cf","Kenneth",11854.85,2018-10-03 07:00:00,"M",35,"Brisbane City","QLD",10.25,"e1f17441dc79427dbcc0246f803d07d3","CUS-2738291516","153.03","-27.47","debit","Wed","09:08:56","09","October"
"8217","authorized","1","ACC-819621312","145.04","-37.85","SALES-POS","056d9919-d67e-4899-b1be-4abd384d5f7c","Michele",6981.28,2018-10-03 07:00:00,"F",30,"Mitcham","VIC",30.6,"f31ea76a7ec64173a7996dfe8d58dfb4","CUS-1271030853","145.19","-37.82","debit","Wed","09:12:42","09","October"
"8218","authorized","1","ACC-2681137560","151.11","-33.99","POS","7f5ee0ac-e185-4657-ad7b-fd117e54b7ec","Nathaniel",9181.19,2018-10-03 07:00:00,"M",31,"Waitara","NSW",13.38,"ebe54aad4e0948e1bb09f28c1dbf329a","CUS-2083971310","151.1","-33.71","debit","Wed","09:16:27","09","October"
"8219","authorized","0","ACC-240804743","121.48","-30.75","POS","14fcf842-f26d-42cd-85c0-dde0d363fae4","Kenneth",19069.28,2018-10-03 07:00:00,"M",29,"Kalgoorlie","WA",28.15,"133b99f0625d45e19d0e4aa2b2e08b2d","CUS-261674136","121.47","-30.75","debit","Wed","09:20:13","09","October"
"8220","authorized","1","ACC-2171593283","146.94","-36.04","SALES-POS","b089249d-62de-4762-8373-dc70ad8d49ae","Fernando",13007.77,2018-10-03 07:00:00,"M",19,"Frankston","VIC",14.82,"4808902aea904fc097a275c99c4bce6f","CUS-2317998716","145.17","-38.15","debit","Wed","09:23:59","09","October"
"8221","authorized","0","ACC-3827517394","151.12","-33.89","POS","9d3c52cd-6479-45c6-b550-c99c23112624","Craig",41603.13,2018-10-03 07:00:00,"M",28,"Kadina","SA",17.85,"4fcc75a34463489aafebe706baa3eb92","CUS-2663907001","137.71","-33.96","debit","Wed","09:27:44","09","October"
"8222","authorized","1","ACC-2673069055","152.99","-27.49","SALES-POS","732f50f3-d5c4-403a-89d1-6d819eb258e2","Richard",17436.73,2018-10-03 07:00:00,"M",24,"Morningside","QLD",5.81,"eca954be31594013b8ec55b88cdb38ef","CUS-51506836","153.07","-27.46","debit","Wed","09:31:30","09","October"
"8223","authorized","1","ACC-958000567","130.90","-12.37","SALES-POS","e41588f5-21f9-4949-807d-f08781ec112a","Sandra",9275.12,2018-10-03 07:00:00,"F",34,"Darwin City","NT",61.86,"450a33cf5a5a40ed83c8fd2100016679","CUS-4142663097","130.84","-12.46","debit","Wed","09:35:15","09","October"
"8224","authorized","1","ACC-2107684084","145.03","-37.88","POS","28f5e6c6-6758-4c60-9726-129e5a76680a","Richard",8885.02,2018-10-03 07:00:00,"M",22,"Melbourne","VIC",8.4,"218e5856e95f4ee69b1ae594fc536820","CUS-2283904812","144.97","-37.81","debit","Wed","09:39:01","09","October"
"8225","authorized","1","ACC-1222300524","151.23","-33.94","SALES-POS","2417b1fb-18e7-4f7a-83e3-bbe74963d5e3","Michael",1470.73,2018-10-03 07:00:00,"M",38,"Moorebank","NSW",19.76,"1dcf3a8ee06d4e669d0c2a08ccb1f10e","CUS-2142601169","150.97","-33.93","debit","Wed","09:42:46","09","October"
"8226","authorized","1","ACC-854938045","147.63","-22.84","SALES-POS","65d67292-aec5-4e2b-96a8-67ddf70a9960","James",13275.52,2018-10-03 07:00:00,"M",28,"Branxholm","TAS",26.71,"f129be42da8a4906963d705f77c546ab","CUS-4023861240","147.74","-41.17","debit","Wed","09:46:32","09","October"
"8227","authorized","1","ACC-1598451071","153.41","-27.95","POS","55a8eac0-a5ab-44a0-be0d-e8d7ae1c3821","Diana",2459.92,2018-10-03 07:00:00,"F",26,"Ashmore","QLD",22.76,"1168523a202445bead5c465667b02650","CUS-2487424745","153.37","-27.99","debit","Wed","09:50:18","09","October"
"8228","authorized","1","ACC-1608363396","151.22","-33.87","SALES-POS","5ab9b646-527f-4b02-ba50-8a55574d8b9f","Robert",6643.01,2018-10-03 07:00:00,"M",20,"Glenmore Park","NSW",31.31,"7098e0366b3e4890bc8bc14006ea5ec5","CUS-2688605418","150.67","-33.79","debit","Wed","09:54:03","09","October"
"8229","authorized","1","ACC-240804743","121.48","-30.75","POS","90f5265e-3a66-4aaf-9d27-4905ee61a158","Kenneth",19046.06,2018-10-03 07:00:00,"M",29,"Kalgoorlie","WA",23.22,"2962672b3eeb48eebedd8d0cdfea131f","CUS-261674136","121.48","-30.75","debit","Wed","09:57:49","09","October"
"8230","posted",NA,"ACC-1037050564","153.10","-27.66","PAYMENT",NA,"Rhonda",4450.67,2018-10-03 07:00:00,"F",40,NA,NA,32,"ee17303be28643bfa0ff93b31c171ba3","CUS-1614226872",NA,NA,"debit","Wed","10:00:00","10","October"
"8231","posted",NA,"ACC-1799207998","150.68","-33.79","INTER BANK",NA,"Susan",7925.36,2018-10-03 07:00:00,"F",20,NA,NA,39,"2471464c78024351b5a24e30de70ea8e","CUS-164374203",NA,NA,"debit","Wed","10:00:00","10","October"
"8232","posted",NA,"ACC-2107684084","145.03","-37.88","PAYMENT",NA,"Richard",8851.02,2018-10-03 07:00:00,"M",22,NA,NA,34,"2eb8e9c238b4480f887ee8988e806315","CUS-2283904812",NA,NA,"debit","Wed","10:00:00","10","October"
"8233","posted",NA,"ACC-2173390920","144.71","-37.58","PAYMENT",NA,"Luis",8862.06,2018-10-03 07:00:00,"M",27,NA,NA,29,"5c3a1865f398489d9c5d341603e16d7e","CUS-3180318393",NA,NA,"debit","Wed","10:00:00","10","October"
"8234","posted",NA,"ACC-966140392","147.08","-37.97","PAYMENT",NA,"Joseph",8081.45,2018-10-03 07:00:00,"M",21,NA,NA,30,"ddd2d87e84b44d7aa34385d51ceaf4f1","CUS-537508723",NA,NA,"debit","Wed","10:00:00","10","October"
"8235","authorized","1","ACC-3541460373","145.00","-37.83","SALES-POS","81c8cb90-12b3-46ad-9436-f628a82a5d81","Jeffrey",3719.52,2018-10-03 07:00:00,"M",24,"Mount Gambier","SA",18.88,"aebb338860cf47f9ab9efbeeef62df2e","CUS-1433879684","140.78","-37.81","debit","Wed","10:03:55","10","October"
"8236","authorized","1","ACC-854938045","147.63","-22.84","POS","989c53c1-692b-4602-ad5f-3f62b704a621","James",13264.81,2018-10-03 07:00:00,"M",28,"Lauderdale","TAS",10.71,"719b8d857e63475fa231521f4947b85c","CUS-4023861240","147.48","-42.91","debit","Wed","10:13:16","10","October"
"8237","authorized","1","ACC-1222300524","151.23","-33.94","SALES-POS","3278e728-f1be-42d4-9769-908afa601ff6","Michael",1464.12,2018-10-03 07:00:00,"M",38,"Hurstville","NSW",6.61,"7fa1b5d0f16248618fa2d57304f51196","CUS-2142601169","151.1","-33.97","debit","Wed","10:22:37","10","October"
"8238","authorized","1","ACC-3536132544","144.93","-37.79","POS","f6e8b59e-54b9-41ba-af26-5ede2934c234","Heather",5369.95,2018-10-03 07:00:00,"F",41,"Springvale South","VIC",27.98,"1ee18d7c6e114c48822051c44cfa847d","CUS-2348881191","145.15","-37.97","debit","Wed","10:31:57","10","October"
"8239","authorized","1","ACC-1334819143","145.13","-37.70","SALES-POS","b708cfca-8f02-4a13-a2da-806c89994d67","Christopher",63730.78,2018-10-03 07:00:00,"M",33,"Richmond","VIC",29.64,"d774254e8b2b4497ac2c35cd8a0d08ad","CUS-3117610635","145","-37.82","debit","Wed","10:41:18","10","October"
"8240","authorized","1","ACC-1598451071","153.41","-27.95","POS","0db41b51-10e9-49d0-b6bd-2bb840dd76a9","Diana",2455.6,2018-10-03 07:00:00,"F",26,"Coomera","QLD",4.32,"2f92c8fa44e94fda80be795430938e82","CUS-2487424745","153.31","-27.86","debit","Wed","10:50:39","10","October"
"8241","authorized","1","ACC-1598451071","153.41","-27.95","POS","26041f6e-a1c0-4865-8583-144ab1209cc8","Diana",2452.39,2018-10-03 07:00:00,"F",26,"Gold Coast","QLD",3.21,"cf7e63874d384d16a0891bb1ecc06aa9","CUS-2487424745","153.33","-27.9","debit","Wed","10:59:59","10","October"
"8242","posted",NA,"ACC-2231965366","144.96","-37.84","PAYMENT",NA,"Linda",19472.57,2018-10-03 07:00:00,"F",35,NA,NA,147,"ace9d8ef3841476a85b6a7653c9e8a00","CUS-2155701614",NA,NA,"debit","Wed","11:00:00","11","October"
"8243","posted",NA,"ACC-966140392","147.08","-37.97","PAYMENT",NA,"Joseph",7951.45,2018-10-03 07:00:00,"M",21,NA,NA,130,"ff63d12b4cd64aba9dfe9c2bf1e670a1","CUS-537508723",NA,NA,"debit","Wed","11:00:00","11","October"
"8244","authorized","1","ACC-1334819143","145.13","-37.70","SALES-POS","6bdf134e-f04a-448d-b5f1-c02478dcbbc6","Christopher",63702.81,2018-10-03 07:00:00,"M",33,"Wantirna South","VIC",27.97,"ceb8788ad08e4cb5b940302d0d80c2bb","CUS-3117610635","145.24","-37.87","debit","Wed","11:06:01","11","October"
"8245","authorized","1","ACC-3536132544","144.93","-37.79","SALES-POS","8bd580ef-757c-45ad-b72b-773a8ecb3401","Heather",5341.65,2018-10-03 07:00:00,"F",41,"Carlton","VIC",28.3,"3503942f91ef48d0a84f8607cd8c59bf","CUS-2348881191","144.97","-37.8","debit","Wed","11:12:02","11","October"
"8246","authorized","1","ACC-240804743","121.48","-30.75","POS","b84567a3-427c-4f40-ac7d-65b10b336113","Kenneth",18965.38,2018-10-03 07:00:00,"M",29,"Wollongong","NSW",80.68,"1a61f6f218164229b4bac3f14295de67","CUS-261674136","150.89","-34.43","debit","Wed","11:18:04","11","October"
"8247","authorized","1","ACC-2681137560","151.11","-33.99","POS","64529278-23c6-4ce2-aa0b-f8e3cf0af77f","Nathaniel",9153.15,2018-10-03 07:00:00,"M",31,"Alexandria","NSW",28.04,"b4d6d6d39238438ab7b407fa84df42bc","CUS-2083971310","151.19","-33.92","debit","Wed","11:24:05","11","October"
"8248","authorized","1","ACC-2901672282","255.00","-573.00","SALES-POS","c0fb68c6-935b-47ae-8594-e3da036d0f94","Daniel",9193.13,2018-10-03 07:00:00,"M",22,"Gold Coast","QLD",30.66,"007f48feefe3469583a1cd472616ac33","CUS-1617121891","153.36","-28","debit","Wed","11:30:07","11","October"
"8249","authorized","1","ACC-1222300524","151.23","-33.94","POS","aa6e2d44-eada-49c5-b7b2-839c58acbc22","Michael",1457.57,2018-10-03 07:00:00,"M",38,"Blacktown","NSW",6.55,"308558e5c22e471c95f32a03a03563ce","CUS-2142601169","150.9","-33.78","debit","Wed","11:36:08","11","October"
"8250","authorized","1","ACC-4258502723","145.45","-37.74","POS","37c4a599-30ce-495a-bb3b-886c6f19ee80","Kimberly",4749.04,2018-10-03 07:00:00,"F",24,"Brighton","VIC",15.76,"e5787f25eadb46609f0e5fa220dba7e6","CUS-3378712515","145","-37.92","debit","Wed","11:42:10","11","October"
"8251","authorized","1","ACC-3021093232","149.83","-29.47","SALES-POS","0c1ffe7f-8a0e-4d5f-b91d-78577b9b40a2","Melissa",9103.39,2018-10-03 07:00:00,"F",30,"Bega","NSW",23.77,"194d0d66b13f48d186b0e9d871728227","CUS-55310383","149.84","-36.67","debit","Wed","11:48:11","11","October"
"8252","authorized","0","ACC-3879258709","143.83","-37.66","POS","7c6c5c99-7e7f-4e73-b7ca-543d10aa4901","Natasha",202598.54,2018-10-03 07:00:00,"F",40,"Craigieburn","VIC",32.64,"b943b69540444fa895a027efbefa00c1","CUS-527400765","144.92","-37.57","debit","Wed","11:54:13","11","October"
"8253","posted",NA,"ACC-819621312","145.04","-37.85","INTER BANK",NA,"Michele",6813.28,2018-10-03 07:00:00,"F",30,NA,NA,168,"72262fa2323141458035e882c03f0856","CUS-1271030853",NA,NA,"debit","Wed","12:00:00","12","October"
"8254","posted",NA,"ACC-1799207998","150.68","-33.79","PAYMENT",NA,"Susan",6743.36,2018-10-03 07:00:00,"F",20,NA,NA,1182,"eb7f8f9520144adf8fd581ea3c4b2365","CUS-164374203",NA,NA,"debit","Wed","12:00:00","12","October"
"8255","posted",NA,"ACC-3084464802","145.15","-37.76","PAY/SALARY",NA,"Susan",9848.49,2018-10-03 07:00:00,"F",19,NA,NA,2485.37,"d66cc7f2ae35474984ed4e60fadcb2cc","CUS-1928710999",NA,NA,"credit","Wed","12:00:00","12","October"
"8256","posted",NA,"ACC-1650504218","145.01","-37.93","PAY/SALARY",NA,"Marissa",14149.4,2018-10-03 07:00:00,"F",23,NA,NA,1626.48,"f0d2711b25494eeb8ee075d14a2c0dfd","CUS-2500783281",NA,NA,"credit","Wed","12:00:00","12","October"
"8257","posted",NA,"ACC-4163822186","149.03","-34.97","PAYMENT",NA,"Karen",8803.93,2018-10-03 07:00:00,"F",26,NA,NA,46,"736a785afec9479d8cbf71853ec5a03e","CUS-2630892467",NA,NA,"debit","Wed","12:00:00","12","October"
"8258","posted",NA,"ACC-182446574","116.06","-32.00","INTER BANK",NA,"Tonya",7817.17,2018-10-03 07:00:00,"F",27,NA,NA,57,"e417266dac4b4dc8bc59230861074a44","CUS-3026014945",NA,NA,"debit","Wed","12:00:00","12","October"
"8259","posted",NA,"ACC-3326339947","151.18","-33.80","PAY/SALARY",NA,"Eric",10348.85,2018-10-03 07:00:00,"M",22,NA,NA,983.36,"9f1c833cde7048e187775fb50b112a58","CUS-326006476",NA,NA,"credit","Wed","12:00:00","12","October"
"8260","authorized","1","ACC-3536132544","144.93","-37.79","SALES-POS","1ca61973-836c-4281-b8aa-65a65d366aaf","Heather",5313.27,2018-10-03 07:00:00,"F",41,"Oakleigh","VIC",28.38,"a93c30402f2d4a50855e43696fd83205","CUS-2348881191","145.09","-37.9","debit","Wed","12:00:42","12","October"
"8261","authorized","1","ACC-1598451071","153.41","-27.95","SALES-POS","1849e9a7-7371-4790-a05e-4814e8bbf478","Diana",2431.4,2018-10-03 07:00:00,"F",26,"Varsity Lakes","QLD",20.99,"c46ff26980324beab8cb0a6c1ec4edd0","CUS-2487424745","153.42","-28.08","debit","Wed","12:18:14","12","October"
"8262","authorized","1","ACC-2681137560","151.11","-33.99","SALES-POS","48f6c028-724d-430a-abdd-1357a94b6457","Nathaniel",9134.81,2018-10-03 07:00:00,"M",31,"Rhodes","NSW",18.34,"ff551f83e27f461ebd6ce24130e458b5","CUS-2083971310","151.08","-33.84","debit","Wed","12:35:47","12","October"
"8263","authorized","1","ACC-1598451071","153.41","-27.95","SALES-POS","19bd4013-f94a-4e5f-9ea7-b178eeda602e","Diana",2421.54,2018-10-03 07:00:00,"F",26,"Indooroopilly","QLD",9.86,"7f168919a1374057aee12b3388ce301a","CUS-2487424745","152.97","-27.5","debit","Wed","12:53:19","12","October"
"8264","posted",NA,"ACC-3100725361","145.73","-17.03","INTER BANK",NA,"Ronald",5741.59,2018-10-03 07:00:00,"M",25,NA,NA,26,"eb14047330a5453cbfdd77af71790176","CUS-2178051368",NA,NA,"debit","Wed","13:00:00","13","October"
"8265","posted",NA,"ACC-1516130869","130.84","-12.45","PAY/SALARY",NA,"Jessica",4995.95,2018-10-03 07:00:00,"F",21,NA,NA,2306.63,"176629775d0648dd94bb475ee74ddb7a","CUS-325142416",NA,NA,"credit","Wed","13:00:00","13","October"
"8266","posted",NA,"ACC-2776252858","144.95","-37.76","PAY/SALARY",NA,"Kristin",7215.99,2018-10-03 07:00:00,"F",43,NA,NA,1068.04,"861c1fb773c24d5faf9d52c39ba7f124","CUS-4123612273",NA,NA,"credit","Wed","13:00:00","13","October"
"8267","authorized","1","ACC-1222300524","151.23","-33.94","POS","a1ca1b7e-a737-4fc8-b070-3e606f52c0d6","Michael",1451.29,2018-10-03 07:00:00,"M",38,"Margaret River","WA",6.28,"c36b33b2a2694f3bbe9263338ab84e16","CUS-2142601169","115.07","-33.95","debit","Wed","13:11:28","13","October"
"8268","authorized","1","ACC-3233697971","151.04","-33.77","SALES-POS","56998a42-5a61-41c9-9e85-d0ee9a35b01e","Robin",10946.67,2018-10-03 07:00:00,"F",34,"Menai","NSW",21.05,"94fb4b1035ec445cbbf4c1605537ff09","CUS-1147642491","151.02","-34.01","debit","Wed","13:29:59","13","October"
"8269","authorized","0","ACC-3879258709","143.83","-37.66","SALES-POS","2dca5f51-025a-444a-8e19-055e95f964d8","Natasha",202567.85,2018-10-03 07:00:00,"F",40,"Keilor Park","VIC",30.69,"71c1c88c31364f47b56fe3af5fa55265","CUS-527400765","144.85","-37.72","debit","Wed","13:48:31","13","October"
"8270","posted",NA,"ACC-1598451071","153.41","-27.95","PAY/SALARY",NA,"Diana",3435.21,2018-10-03 07:00:00,"F",26,NA,NA,1013.67,"f5026b5d7675414092f453c2224ffaa7","CUS-2487424745",NA,NA,"credit","Wed","14:00:00","14","October"
"8271","posted",NA,"ACC-240804743","121.48","-30.75","PAYMENT",NA,"Kenneth",18909.38,2018-10-03 07:00:00,"M",29,NA,NA,56,"277ac5f2e32441f0a2c212bbb79e3ef7","CUS-261674136",NA,NA,"debit","Wed","14:00:00","14","October"
"8272","authorized","1","ACC-3827517394","151.12","-33.89","SALES-POS","206bca44-7810-4825-b7b5-e9cb33f06367","Craig",41540.67,2018-10-03 07:00:00,"M",28,"Beacon Hill","NSW",62.46,"e5e5c58211524ddfbe8e19d309d03e76","CUS-2663907001","151.24","-33.75","debit","Wed","14:02:41","14","October"
"8273","authorized","1","ACC-1222300524","151.23","-33.94","POS","455c2862-fa06-4c7f-bdee-cfcf63095c66","Michael",1437.88,2018-10-03 07:00:00,"M",38,"Clovelly","NSW",13.41,"d13a592f2f594dadb84469bdde4ff9a5","CUS-2142601169","151.26","-33.91","debit","Wed","14:09:47","14","October"
"8274","authorized","1","ACC-53508546","150.62","-33.76","POS","a4eafe0f-9f92-435d-a550-15ec6aa522cc","Kimberly",5841.55,2018-10-03 07:00:00,"F",35,"Manly","NSW",12.31,"fdbde6fb54b24787968e4e2858f8234c","CUS-72755508","151.29","-33.8","debit","Wed","14:16:52","14","October"
"8275","authorized","1","ACC-1890605467","143.88","-37.66","POS","73ce1be7-1481-4a01-9bb1-fab3a2db0f85","Alexander",16113.69,2018-10-03 07:00:00,"M",38,"Seddon","VIC",27.62,"b0f66965db904d728fce3a0a1e97f444","CUS-1478398256","144.89","-37.8","debit","Wed","14:23:58","14","October"
"8276","authorized","1","ACC-2249586092","115.98","-32.07","POS","e5297726-cda0-45a8-9d19-60344d080d7f","Edward",10159.3,2018-10-03 07:00:00,"M",19,"Nedlands","WA",9.34,"362d4f8788ea493a983970d935cf2f76","CUS-443776336","115.8","-31.98","debit","Wed","14:31:03","14","October"
"8277","authorized","1","ACC-3541460373","145.00","-37.83","SALES-POS","cceaf6d4-7f1c-4389-93e8-291bfca85037","Jeffrey",3702.6,2018-10-03 07:00:00,"M",24,"Lalor","VIC",16.92,"f85f8cdc398a4783a4fd00709006c39c","CUS-1433879684","145.02","-37.67","debit","Wed","14:38:09","14","October"
"8278","authorized","1","ACC-1710017148","150.82","-34.01","SALES-POS","67b82577-3155-4818-890f-6ec0ce126de7","Michelle",14771.15,2018-10-03 07:00:00,"F",19,"Belrose","NSW",11.09,"86baf4f7369841dcb3a201229a206ff9","CUS-883482547","151.21","-33.74","debit","Wed","14:45:14","14","October"
"8279","authorized","0","ACC-154431271","153.09","-27.48","SALES-POS","ef1a4ced-eff5-43d0-80b6-f5ef33a45db2","Lori",1918.91,2018-10-03 07:00:00,"F",18,"Waterford","QLD",19.29,"9a05543cb5814c98ac5f729771317ac2","CUS-3702001629","153.15","-27.71","debit","Wed","14:52:20","14","October"
"8280","authorized","1","ACC-1799207998","150.68","-33.79","POS","66fe63d2-2e6a-416b-b094-8b7971299ec1","Susan",6698.09,2018-10-03 07:00:00,"F",20,"Macquarie Park","NSW",45.27,"ab5df9f8176c45af8a458622ab4e15c5","CUS-164374203","151.12","-33.78","debit","Wed","14:59:25","14","October"
"8281","posted",NA,"ACC-3689607373","115.79","-31.79","INTER BANK",NA,"Virginia",6827.19,2018-10-03 07:00:00,"F",20,NA,NA,181,"614ab4a0f7b64e909f250e4cbe1478c0","CUS-127297539",NA,NA,"debit","Wed","15:00:00","15","October"
"8282","posted",NA,"ACC-2305712452","138.61","-34.89","PAYMENT",NA,"Debra",5465.31,2018-10-03 07:00:00,"F",18,NA,NA,36,"f9be723f77034067952661aff8de8319","CUS-1842679196",NA,NA,"debit","Wed","15:00:00","15","October"
"8283","posted",NA,"ACC-38923874","151.27","-33.90","PAYMENT",NA,"Ryan",42395.36,2018-10-03 07:00:00,"M",38,NA,NA,35,"1fd43bdce0eb4d3281e0b96a0c0ec5b5","CUS-3249305314",NA,NA,"debit","Wed","15:00:00","15","October"
"8284","authorized","1","ACC-1903037542","153.05","-27.61","POS","a9b8d6fe-61bc-4d10-82c4-c2865ba6686f","Jeffrey",4325.5,2018-10-03 07:00:00,"M",30,"Darra","QLD",19.29,"6773bfdbe8094a54b3956b734a8ef6b7","CUS-860700529","152.95","-27.56","debit","Wed","15:05:32","15","October"
"8285","authorized","1","ACC-1903037542","153.05","-27.61","POS","88596a59-6e90-4f5c-81f0-1032a90cfbf8","Jeffrey",4286.7,2018-10-03 07:00:00,"M",30,"Upper Mount Gravatt","QLD",38.8,"5f4eca2a1ce34de095dc173013c70b03","CUS-860700529","153.09","-27.56","debit","Wed","15:11:33","15","October"
"8286","authorized","0","ACC-4258502723","145.45","-37.74","SALES-POS","4b37945f-b47d-48f1-804a-67d0abe424d1","Kimberly",4714.88,2018-10-03 07:00:00,"F",24,"Pascoe Vale South","VIC",34.16,"a78636e1018643a1bf9fffd63813a76f","CUS-3378712515","144.94","-37.75","debit","Wed","15:17:35","15","October"
"8287","authorized","0","ACC-2249586092","115.98","-32.07","POS","174192c8-c07d-461a-8d53-3062fe5151f5","Edward",10149.73,2018-10-03 07:00:00,"M",19,"Sydney","NSW",9.57,"bc894d342d8e41378c7a31548225e73f","CUS-443776336","151.21","-33.86","debit","Wed","15:23:36","15","October"
"8288","authorized","0","ACC-182446574","116.06","-32.00","POS","5388e492-3862-47fe-96e1-127e2a31505d","Tonya",7796.26,2018-10-03 07:00:00,"F",27,"York","WA",20.91,"da11a48bbe994619ae18394978567be0","CUS-3026014945","116.77","-31.89","debit","Wed","15:29:38","15","October"
"8289","authorized","1","ACC-154431271","153.09","-27.48","SALES-POS","f97284ee-c106-4ddb-bc1a-58a367638cce","Lori",1900.27,2018-10-03 07:00:00,"F",18,"Coffs Harbour","NSW",18.64,"38ee98704dcc463a8b7f4b98cce9cc90","CUS-3702001629","153.13","-30.29","debit","Wed","15:35:39","15","October"
"8290","authorized","1","ACC-2249586092","115.98","-32.07","SALES-POS","a7804b16-7fa6-4349-848a-41c72f5bf3f3","Edward",10133.94,2018-10-03 07:00:00,"M",19,"Tuart Hill","WA",15.79,"6c20f2e967914e3bb2f3a12fb32a342c","CUS-443776336","115.84","-31.89","debit","Wed","15:41:41","15","October"
"8291","authorized","1","ACC-1710017148","150.82","-34.01","POS","90bcca1c-37b3-4e43-8320-e6886b13dc71","Michelle",14742.12,2018-10-03 07:00:00,"F",19,"Hammondville","NSW",29.03,"0bb593a103c44ed996b27a458374a33c","CUS-883482547","150.95","-33.95","debit","Wed","15:47:42","15","October"
"8292","authorized","1","ACC-1890605467","143.88","-37.66","POS","356921ce-3042-4e97-9900-727a161f2a72","Alexander",16074.57,2018-10-03 07:00:00,"M",38,"Sunbury","VIC",39.12,"2235f724e1904cdcaf2e961c29823f62","CUS-1478398256","144.73","-37.58","debit","Wed","15:53:44","15","October"
"8293","authorized","1","ACC-3741880913","150.50","-23.40","SALES-POS","a2d881a3-218c-45f6-8a5d-dd30c656fbf8","Ashley",10346.63,2018-10-03 07:00:00,"F",25,"Balmoral","NSW",21.39,"dbaea14bea6b4ffe9414f83ce79b812d","CUS-1220154422","150.53","-34.29","debit","Wed","15:59:45","15","October"
"8294","posted",NA,"ACC-4065652575","115.81","-31.82","PAYMENT",NA,"Lucas",12405.64,2018-10-03 07:00:00,"M",21,NA,NA,55,"97fa1cb07bec4b18adadcec5211e888c","CUS-1117979751",NA,NA,"debit","Wed","16:00:00","16","October"
"8295","posted",NA,"ACC-1799207998","150.68","-33.79","PAYMENT",NA,"Susan",6663.09,2018-10-03 07:00:00,"F",20,NA,NA,35,"958e6101594d4576b969277a83974053","CUS-164374203",NA,NA,"debit","Wed","16:00:00","16","October"
"8296","posted",NA,"ACC-1973887809","115.78","-31.90","PAY/SALARY",NA,"Antonio",7159.9,2018-10-03 07:00:00,"M",26,NA,NA,1098.91,"30fe349a77ef47628da0a3d0ff196dc9","CUS-1646621553",NA,NA,"credit","Wed","16:00:00","16","October"
"8297","posted",NA,"ACC-2650850707","148.16","-23.52","PAYMENT",NA,"Brian",115448.97,2018-10-03 07:00:00,"M",42,NA,NA,193,"8dc7226df48640bc8bee9713ea05104b","CUS-2819545904",NA,NA,"debit","Wed","16:00:00","16","October"
"8298","authorized","1","ACC-1710017148","150.82","-34.01","SALES-POS","a86e898d-8740-452a-8d2d-59718c4e8b6c","Michelle",14730.98,2018-10-03 07:00:00,"F",19,"Yallingup","WA",11.14,"c2994ad40e294855a8f9b8ad34a7eec6","CUS-883482547","115.03","-33.65","debit","Wed","16:17:08","16","October"
"8299","authorized","1","ACC-1516130869","130.84","-12.45","SALES-POS","d7eb4b8f-0961-40b3-b124-13f949b576d7","Jessica",4990.31,2018-10-03 07:00:00,"F",21,"Darwin City","NT",5.64,"e34d9120c3fb4355af914112f6638ca9","CUS-325142416","130.84","-12.46","debit","Wed","16:34:59","16","October"
"8300","authorized","1","ACC-240804743","121.48","-30.75","POS","e28c426d-cbef-4e2d-aa06-1ba0b6b1902f","Kenneth",18893.36,2018-10-03 07:00:00,"M",29,"Boggabri","NSW",16.02,"8fa9bf86430d46638be3548328cd8976","CUS-261674136","150.04","-30.7","debit","Wed","16:52:51","16","October"
"8301","posted",NA,"ACC-3741880913","150.50","-23.40","PAYMENT",NA,"Ashley",10174.63,2018-10-03 07:00:00,"F",25,NA,NA,172,"4ee38550bcc742ac9f9a848a09245967","CUS-1220154422",NA,NA,"debit","Wed","17:00:00","17","October"
"8302","posted",NA,"ACC-819621312","145.04","-37.85","PAY/SALARY",NA,"Michele",7971.43,2018-10-03 07:00:00,"F",30,NA,NA,1158.15,"1df7ae2bed8c4e6db0b10c8c6920536a","CUS-1271030853",NA,NA,"credit","Wed","17:00:00","17","October"
"8303","posted",NA,"ACC-2920611728","144.96","-37.76","PAY/SALARY",NA,"Tyler",8392.68,2018-10-03 07:00:00,"M",69,NA,NA,1043.12,"415b21ba17c74d9892af805955229007","CUS-1388323263",NA,NA,"credit","Wed","17:00:00","17","October"
"8304","posted",NA,"ACC-2901672282","255.00","-573.00","PAYMENT",NA,"Daniel",9160.13,2018-10-03 07:00:00,"M",22,NA,NA,33,"4e6ae5d5642b40329675e2668c478314","CUS-1617121891",NA,NA,"debit","Wed","17:00:00","17","October"
"8305","posted",NA,"ACC-1799207998","150.68","-33.79","PAY/SALARY",NA,"Susan",8058.58,2018-10-03 07:00:00,"F",20,NA,NA,1395.49,"452ad106a79949e58164db4db61f0825","CUS-164374203",NA,NA,"credit","Wed","17:00:00","17","October"
"8306","posted",NA,"ACC-2171593283","146.94","-36.04","PAY/SALARY",NA,"Fernando",15631.99,2018-10-03 07:00:00,"M",19,NA,NA,2639.76,"6bf15a477072426da85ddc866e76f492","CUS-2317998716",NA,NA,"credit","Wed","17:00:00","17","October"
"8307","posted",NA,"ACC-4163822186","149.03","-34.97","PAYMENT",NA,"Karen",8753.93,2018-10-03 07:00:00,"F",26,NA,NA,50,"9f78a500368b463db47a0984f0cca41f","CUS-2630892467",NA,NA,"debit","Wed","17:00:00","17","October"
"8308","authorized","1","ACC-154431271","153.09","-27.48","SALES-POS","1e63d6f6-2f31-4cce-b515-8e2352ba1448","Lori",1892.64,2018-10-03 07:00:00,"F",18,"Sunnybank","QLD",7.63,"40931725cbc64242a69b102d5f8028c1","CUS-3702001629","153.06","-27.57","debit","Wed","17:07:03","17","October"
"8309","authorized","1","ACC-1598451071","153.41","-27.95","POS","f914b445-a383-47c8-9abe-12c91c4ebf4a","Diana",3412.02,2018-10-03 07:00:00,"F",26,"Southport","QLD",23.19,"091542286d6a446586431b94ef1fc455","CUS-2487424745","153.42","-27.97","debit","Wed","17:18:49","17","October"
"8310","authorized","0","ACC-182446574","116.06","-32.00","POS","4d7010bc-5922-46ba-b5ff-aa2d67d62907","Tonya",7780.62,2018-10-03 07:00:00,"F",27,"Mirrabooka","WA",15.64,"97256a7f165b43639880ac1e79bd0d96","CUS-3026014945","115.86","-31.87","debit","Wed","17:30:35","17","October"
"8311","authorized","1","ACC-2890243754","153.32","-27.93","POS","4e891f2d-6f85-4283-9f43-263f05f8b65d","Joseph",4496.2,2018-10-03 07:00:00,"M",37,"Burleigh Heads","QLD",18.59,"255170c87d7e472296d46661f1ef1873","CUS-2695611575","153.45","-28.09","debit","Wed","17:42:21","17","October"
"8312","authorized","1","ACC-2171593283","146.94","-36.04","POS","81311004-3420-4476-85d2-576e74dd11cb","Fernando",12992.23,2018-10-03 07:00:00,"M",19,"Malvern","VIC",15.54,"9a66e3acd5e14b6f9b94ac5920f8117b","CUS-2317998716","145.03","-37.86","debit","Wed","17:54:07","17","October"
"8313","posted",NA,"ACC-2153562714","116.00","-31.88","PAYMENT",NA,"Linda",6738.92,2018-10-03 07:00:00,"F",24,NA,NA,46,"7446d2575005491895c52d52038ac8ac","CUS-423725039",NA,NA,"debit","Wed","18:00:00","18","October"
"8314","authorized","1","ACC-964839203","146.92","-36.07","SALES-POS","46b96912-20ca-4210-b5fa-65ac84940c91","Michael",37410.15,2018-10-03 07:00:00,"M",21,"Footscray","VIC",3.52,"0829e97fe1c9435693ee3032a2219e49","CUS-2059096722","144.91","-37.8","debit","Wed","18:13:09","18","October"
"8315","authorized","1","ACC-154431271","153.09","-27.48","POS","e3dde7d3-6a86-452f-b1f4-413110cf1b97","Lori",1882.93,2018-10-03 07:00:00,"F",18,"Toowoomba","QLD",9.71,"8c403d51b08646eb93770e7b302377ac","CUS-3702001629","151.96","-27.56","debit","Wed","18:39:28","18","October"
"8316","posted",NA,"ACC-1349834573","145.17","-37.84","PAYMENT",NA,"Matthew",14170.66,2018-10-03 07:00:00,"M",39,NA,NA,48,"d6edcd17da2b4d3497901e249e547b85","CUS-1790886359",NA,NA,"debit","Wed","19:00:00","19","October"
"8317","authorized","1","ACC-1598451071","153.41","-27.95","SALES-POS","2f3332cd-18e0-431a-9479-6c2464e96b63","Diana",3372.65,2018-10-03 07:00:00,"F",26,"Browns Plains","QLD",39.37,"bd559aa19edd4657be45b94cd9a8bb2e","CUS-2487424745","153.04","-27.66","debit","Wed","19:02:28","19","October"
"8318","authorized","1","ACC-182446574","116.06","-32.00","POS","4ed797fd-da03-4aca-ae4a-a975adbd11e4","Tonya",7760.12,2018-10-03 07:00:00,"F",27,"Midland","WA",20.5,"03bacc3f77574bd8875ab8f0c388a125","CUS-3026014945","116.01","-31.89","debit","Wed","19:13:42","19","October"
"8319","authorized","1","ACC-1598451071","153.41","-27.95","POS","ee789377-3783-4757-968a-2e3726fc057e","Diana",3356.97,2018-10-03 07:00:00,"F",26,"Aratula","QLD",15.68,"85760aff29b74dcfa639b08dcdb3ca52","CUS-2487424745","152.55","-27.98","debit","Wed","19:24:56","19","October"
"8320","authorized","1","ACC-154431271","153.09","-27.48","SALES-POS","04a51f1e-ee24-4bd2-8413-bb6a08030dbb","Lori",1865.49,2018-10-03 07:00:00,"F",18,"Kearneys Spring","QLD",17.44,"3bdeb1cfbe3b47b58558d7523f39a471","CUS-3702001629","151.95","-27.59","debit","Wed","19:36:10","19","October"
"8321","authorized","0","ACC-1424176027","151.08","-33.93","POS","af8eb8c2-52ad-4590-9373-1b34be90c338","Donald",6637.41,2018-10-03 07:00:00,"M",22,"Bass Hill","NSW",29.07,"e7b867e0f1fd417ea9e7db9b939295ec","CUS-3431016847","151","-33.9","debit","Wed","19:47:24","19","October"
"8322","authorized","0","ACC-2673069055","152.99","-27.49","POS","6cceaaa5-2cb2-4f71-95af-9aea4fbce0b5","Richard",17423.93,2018-10-03 07:00:00,"M",24,"Toowong","QLD",12.8,"b1747528cc004d73a636b13d48793e68","CUS-51506836","152.99","-27.48","debit","Wed","19:58:39","19","October"
"8323","posted",NA,"ACC-2171593283","146.94","-36.04","PAYMENT",NA,"Fernando",15614.99,2018-10-03 07:00:00,"M",19,NA,NA,17,"beeafc73cea848ad8903f625369c3da1","CUS-2317998716",NA,NA,"debit","Wed","20:00:00","20","October"
"8324","posted",NA,"ACC-1650504218","145.01","-37.93","PAYMENT",NA,"Marissa",14116.4,2018-10-03 07:00:00,"F",23,NA,NA,33,"0de740e629554d57b02dfad3adb4dcf1","CUS-2500783281",NA,NA,"debit","Wed","20:00:00","20","October"
"8325","posted",NA,"ACC-182446574","116.06","-32.00","INTER BANK",NA,"Tonya",7727.12,2018-10-03 07:00:00,"F",27,NA,NA,33,"2b534dda2a9247c7aa3043eb242a36d7","CUS-3026014945",NA,NA,"debit","Wed","20:00:00","20","October"
"8326","posted",NA,"ACC-4281711154","144.98","-37.84","PHONE BANK",NA,"Eric",40639.2,2018-10-03 07:00:00,"M",42,NA,NA,36,"6f54a9cbdd35408c8f20461b5cf40128","CUS-3151318058",NA,NA,"debit","Wed","20:00:00","20","October"
"8327","authorized","1","ACC-154431271","153.09","-27.48","SALES-POS","20472137-5ba9-4ee3-8e93-3daa5e5831bc","Lori",1853.61,2018-10-03 07:00:00,"F",18,"Brisbane","QLD",11.88,"bb9868f9c20c4d5da9752180c3df3516","CUS-3702001629","153.3","-27.61","debit","Wed","20:23:47","20","October"
"8328","authorized","1","ACC-559365433","147.31","-42.88","SALES-POS","d50a563b-d4e4-457c-8534-d03272c4e80e","Mary",3473.91,2018-10-03 07:00:00,"F",64,"Brighton","VIC",29.41,"985fb0e663c54b098bc9cce4df4d044c","CUS-1654129794","144.99","-37.91","debit","Wed","20:50:48","20","October"
"8329","posted",NA,"ACC-2681137560","151.11","-33.99","PAYMENT",NA,"Nathaniel",8947.81,2018-10-03 07:00:00,"M",31,NA,NA,187,"9fa8630a370a419383d230ea99ca5ad4","CUS-2083971310",NA,NA,"debit","Wed","21:00:00","21","October"
"8330","posted",NA,"ACC-3536132544","144.93","-37.79","INTER BANK",NA,"Heather",5270.27,2018-10-03 07:00:00,"F",41,NA,NA,43,"fab3bf166a53403fa11e4cd62054897b","CUS-2348881191",NA,NA,"debit","Wed","21:00:00","21","October"
"8331","posted",NA,"ACC-2173390920","144.71","-37.58","PHONE BANK",NA,"Luis",8795.06,2018-10-03 07:00:00,"M",27,NA,NA,67,"dde2d09a692445d4a56449937dac8829","CUS-3180318393",NA,NA,"debit","Wed","21:00:00","21","October"
"8332","authorized","1","ACC-1516130869","130.84","-12.45","SALES-POS","266779cc-70b9-4ea0-a015-455e96682423","Jessica",4973.03,2018-10-03 07:00:00,"F",21,"Darwin City","NT",17.28,"40fd55c12ff7421a9126e8b3600b67f9","CUS-325142416","130.84","-12.46","debit","Wed","21:11:47","21","October"
"8333","authorized","1","ACC-1990648130","114.62","-28.80","POS","f4b6a8b6-df07-4da7-9a9d-b46f3aff014b","Kaitlyn",6118.92,2018-10-03 07:00:00,"F",21,"Ballina","NSW",46.31,"69643a6cc1ab4964b317e77eef1cbd25","CUS-809013380","153.56","-28.86","debit","Wed","21:29:38","21","October"
"8334","authorized","1","ACC-559365433","147.31","-42.88","SALES-POS","27f93a60-ed2e-4b56-826d-8b1c9f1c1b8a","Mary",3434.67,2018-10-03 07:00:00,"F",64,"Regents Park","NSW",39.24,"bfd1ef3e604e42f5b543560e2149bd3a","CUS-1654129794","151.02","-33.88","debit","Wed","21:47:29","21","October"
"8335","posted",NA,"ACC-1710017148","150.82","-34.01","PAYMENT",NA,"Michelle",14697.98,2018-10-03 07:00:00,"F",19,NA,NA,33,"9d6c418c8f7a4790a845e546885cefb8","CUS-883482547",NA,NA,"debit","Wed","22:00:00","22","October"
"8336","authorized","1","ACC-1516130869","130.84","-12.45","POS","9564caf3-0416-4bad-9a44-3122374998bf","Jessica",4963.14,2018-10-03 07:00:00,"F",21,"Karama","NT",9.89,"bc2db125ce1c401ea57769901f92d0d8","CUS-325142416","130.92","-12.4","debit","Wed","22:09:05","22","October"
"8337","authorized","1","ACC-2890243754","153.32","-27.93","SALES-POS","7b208d57-5c7e-48a0-9181-07350b8d304b","Joseph",4485.04,2018-10-03 07:00:00,"M",37,"Southport","QLD",11.16,"2c096f15843f498fbc05f011b9cbac8b","CUS-2695611575","153.42","-27.97","debit","Wed","22:39:23","22","October"
"8338","posted",NA,"ACC-1973887809","115.78","-31.90","PAYMENT",NA,"Antonio",7130.9,2018-10-03 07:00:00,"M",26,NA,NA,29,"460c23935cc64c8eb492048ebbff5713","CUS-1646621553",NA,NA,"debit","Wed","23:00:00","23","October"
"8339","posted",NA,"ACC-1349834573","145.17","-37.84","PAYMENT",NA,"Matthew",14138.66,2018-10-03 07:00:00,"M",39,NA,NA,32,"e800316d934e4a63b56a8f26088da9d0","CUS-1790886359",NA,NA,"debit","Wed","23:00:00","23","October"
"8340","posted",NA,"ACC-240804743","121.48","-30.75","PAYMENT",NA,"Kenneth",18854.36,2018-10-03 07:00:00,"M",29,NA,NA,39,"67158a88bf6940c38bad11b0ddaee855","CUS-261674136",NA,NA,"debit","Wed","23:00:00","23","October"
"8341","authorized","1","ACC-3879258709","143.83","-37.66","POS","e1597598-44ba-4a5e-bc10-06df1e3e113a","Natasha",202514.3,2018-10-03 07:00:00,"F",40,"Lalor","VIC",53.55,"8c936cb8d5d04457bd025a2edc18459e","CUS-527400765","145.04","-37.67","debit","Wed","23:06:48","23","October"
"8342","authorized","1","ACC-2890243754","153.32","-27.93","POS","75f5ae12-3528-4b38-b9a9-589eae01cc57","Joseph",4477.06,2018-10-03 07:00:00,"M",37,"South Brisbane","QLD",7.98,"d69179a0f1ee434f9c7f8e102d2ddaa1","CUS-2695611575","153.02","-27.48","debit","Wed","23:28:05","23","October"
"8343","authorized","1","ACC-182446574","116.06","-32.00","SALES-POS","c5345585-1f1f-4235-bcb9-aa991bf1cf8f","Tonya",7708.54,2018-10-03 07:00:00,"F",27,"Subiaco","WA",18.58,"fc25b05113f1464fa987acb71f95adaf","CUS-3026014945","115.82","-31.95","debit","Wed","23:49:21","23","October"
"8344","authorized","1","ACC-2107684084","145.03","-37.88","SALES-POS","ad7fab6a-9def-4f28-a106-8d85b10d9dcf","Richard",8756.5,2018-10-04 07:00:00,"M",22,"Cremorne","VIC",94.52,"4b338d0b8a964731a54f96022757aad1","CUS-2283904812","144.99","-37.83","debit","Thu","00:26:18","00","October"
"8345","authorized","1","ACC-3741880913","150.50","-23.40","SALES-POS","ed79e83c-c802-4088-953a-888796e14480","Ashley",10097.02,2018-10-04 07:00:00,"F",25,"Ulladulla","NSW",77.61,"c1a229540ad64a31bc2c6f0510910980","CUS-1220154422","150.47","-35.36","debit","Thu","01:07:20","01","October"
"8346","authorized","1","ACC-182446574","116.06","-32.00","SALES-POS","4c28d42b-d6ce-4a81-a3ed-8d69611b5bd4","Tonya",7694.59,2018-10-04 07:00:00,"F",27,"Parkside","SA",13.95,"9ddab70c91af4687853ff42757bc20ba","CUS-3026014945","138.61","-34.94","debit","Thu","01:27:45","01","October"
"8347","authorized","1","ACC-1598451071","153.41","-27.95","SALES-POS","43cf52fd-86f6-4252-acf4-cc166595c481","Diana",3346.86,2018-10-04 07:00:00,"F",26,"Ashmore","QLD",10.11,"24691a55769f44dc879f2e53e4f8e909","CUS-2487424745","153.38","-27.99","debit","Thu","01:48:09","01","October"
"8348","posted",NA,"ACC-1496451953","145.16","-37.84","INTER BANK",NA,"Ricky",17488.05,2018-10-04 07:00:00,"M",43,NA,NA,16,"d8d5de0866244bc184931933052b4aac","CUS-3142625864",NA,NA,"debit","Thu","02:00:00","02","October"
"8349","posted",NA,"ACC-2673069055","152.99","-27.49","PAYMENT",NA,"Richard",17295.93,2018-10-04 07:00:00,"M",24,NA,NA,128,"4e3e3a8b02194348a33f8e96de320891","CUS-51506836",NA,NA,"debit","Thu","02:00:00","02","October"
"8350","authorized","1","ACC-2901672282","255.00","-573.00","POS","1922639f-c45a-4381-bf09-c840853a5859","Daniel",8973.84,2018-10-04 07:00:00,"M",22,"Brisbane City","QLD",186.29,"18a928c7e7524b3a92e3f305128e782e","CUS-1617121891","153.02","-27.47","debit","Thu","02:38:10","02","October"
"8351","posted",NA,"ACC-1523339231","115.83","-31.90","PAYMENT",NA,"Tim",68968.11,2018-10-04 07:00:00,"M",40,NA,NA,47,"c4edb367fb4844988c94e250168f2134","CUS-1816693151",NA,NA,"debit","Thu","03:00:00","03","October"
"8352","posted",NA,"ACC-2890243754","153.32","-27.93","PAYMENT",NA,"Joseph",4425.06,2018-10-04 07:00:00,"M",37,NA,NA,52,"319b489794ed4876b48cac9ae4ce7e77","CUS-2695611575",NA,NA,"debit","Thu","03:00:00","03","October"
"8353","posted",NA,"ACC-2828321672","153.03","-27.51","PAYMENT",NA,"Stephanie",5894.15,2018-10-04 07:00:00,"F",53,NA,NA,148,"bbf418c72eb345c8b3ef9326afec31af","CUS-1005756958",NA,NA,"debit","Thu","04:00:00","04","October"
"8354","posted",NA,"ACC-2270192619","138.56","-35.27","PAYMENT",NA,"Darren",11554.93,2018-10-04 07:00:00,"M",20,NA,NA,39,"182a528001684af1bbb50bd2e2b4d86c","CUS-2110742437",NA,NA,"debit","Thu","04:00:00","04","October"
"8355","posted",NA,"ACC-3536132544","144.93","-37.79","PAYMENT",NA,"Heather",5248.27,2018-10-04 07:00:00,"F",41,NA,NA,22,"2030511aecb442a5b4838882d2f20eae","CUS-2348881191",NA,NA,"debit","Thu","04:00:00","04","October"
"8356","authorized","1","ACC-1903037542","153.05","-27.61","POS","b0a6a7f9-b9c9-45b3-ac1b-eaf2e65a141c","Jeffrey",4280.56,2018-10-04 07:00:00,"M",30,"Kalbarri","WA",6.14,"8fff2c65ecea47ea8c68b6da1dd3b2d6","CUS-860700529","114.17","-27.71","debit","Thu","04:15:36","04","October"
"8357","authorized","0","ACC-1598451071","153.41","-27.95","SALES-POS","893ab9fb-3f66-44e2-88cd-a92261341085","Diana",3340.75,2018-10-04 07:00:00,"F",26,"Murwillumbah","NSW",6.11,"70a1f42603f445e6a2d1a22a9bc69c12","CUS-2487424745","153.4","-28.33","debit","Thu","04:39:59","04","October"
"8358","posted",NA,"ACC-2171593283","146.94","-36.04","PAYMENT",NA,"Fernando",15581.99,2018-10-04 07:00:00,"M",19,NA,NA,33,"49799f79594f453fb2c33e128bad4e96","CUS-2317998716",NA,NA,"debit","Thu","05:00:00","05","October"
"8359","posted",NA,"ACC-2890243754","153.32","-27.93","PAYMENT",NA,"Joseph",4407.06,2018-10-04 07:00:00,"M",37,NA,NA,18,"2459ebaa03bd4cd9a548bdb4218f3526","CUS-2695611575",NA,NA,"debit","Thu","05:00:00","05","October"
"8360","posted",NA,"ACC-3941181087","115.79","-31.94","PAYMENT",NA,"Paul",9851.73,2018-10-04 07:00:00,"M",25,NA,NA,85,"2507c902038d46dda188c6c2d56cb41b","CUS-3989008654",NA,NA,"debit","Thu","05:00:00","05","October"
"8361","authorized","0","ACC-2270192619","138.56","-35.27","POS","02c972f6-e4d7-46e3-8dcc-6e9a3db1b03f","Darren",11421.83,2018-10-04 07:00:00,"M",20,"Fyshwick","ACT",133.1,"c7649ae7b09d40d39286aefc4dd68c51","CUS-2110742437","149.18","-35.33","debit","Thu","05:35:59","05","October"
"8362","posted",NA,"ACC-3481401842","115.74","-31.72","PAYMENT",NA,"Tiffany",6082.66,2018-10-04 07:00:00,"F",25,NA,NA,46,"c3c527e4e3fd47e18e31f0d3b72c9ce5","CUS-1669695324",NA,NA,"debit","Thu","06:00:00","06","October"
"8363","posted",NA,"ACC-3084464802","145.15","-37.76","INTER BANK",NA,"Susan",9772.49,2018-10-04 07:00:00,"F",19,NA,NA,76,"38a2b597a6384a9b859a47e4df151dd1","CUS-1928710999",NA,NA,"debit","Thu","06:00:00","06","October"
"8364","posted",NA,"ACC-211792489","138.63","-34.93","PAYMENT",NA,"Jacqueline",3719.01,2018-10-04 07:00:00,"F",30,NA,NA,47,"9bddd3c40f214e06960b03ad73f375df","CUS-497688347",NA,NA,"debit","Thu","06:00:00","06","October"
"8365","posted",NA,"ACC-2231965366","144.96","-37.84","PAYMENT",NA,"Linda",19439.57,2018-10-04 07:00:00,"F",35,NA,NA,33,"693f5859f1394b43a7efc71678b62804","CUS-2155701614",NA,NA,"debit","Thu","07:00:00","07","October"
"8366","posted",NA,"ACC-2259139624","144.66","-37.91","INTER BANK",NA,"Cindy",13660.84,2018-10-04 07:00:00,"F",19,NA,NA,22,"78df757d0d774531b468a668948ec42b","CUS-3174332735",NA,NA,"debit","Thu","07:00:00","07","October"
"8367","authorized","1","ACC-3541460373","145.00","-37.83","POS","c9b45e80-4d60-48c6-b2fb-fa3e13c0b589","Jeffrey",3654.18,2018-10-04 07:00:00,"M",24,"Glen Waverley","VIC",48.42,"461c32e295cd4c7fa9faeeaf8abf354c","CUS-1433879684","145.15","-37.88","debit","Thu","07:06:23","07","October"
"8368","authorized","0","ACC-1523339231","115.83","-31.90","POS","1fb3599d-bbef-412a-91a0-3104271e99f5","Tim",68955.87,2018-10-04 07:00:00,"M",40,"Joondalup","WA",12.24,"2ec2326889a54e21b64de76db426b371","CUS-1816693151","115.77","-31.74","debit","Thu","07:46:23","07","October"
"8369","posted",NA,"ACC-2776252858","144.95","-37.76","PAYMENT",NA,"Kristin",7172.99,2018-10-04 07:00:00,"F",43,NA,NA,43,"479710ad21514466b2963328cefc9d64","CUS-4123612273",NA,NA,"debit","Thu","08:00:00","08","October"
"8370","authorized","1","ACC-847145727","115.90","-31.92","POS","b32f49bc-dc89-4461-aad3-3aa25b0121a9","Michael",59226.13,2018-10-04 07:00:00,"M",19,"Wangara","WA",7.85,"ab00237c779345a4aceda707cafae29a","CUS-1609060617","115.83","-31.8","debit","Thu","08:12:13","08","October"
"8371","authorized","1","ACC-3689607373","115.79","-31.79","POS","41b90cfc-01e1-4771-8d3a-6914f8b165a9","Virginia",6814.1,2018-10-04 07:00:00,"F",20,"Broken Hill","NSW",13.09,"470b7212dc524e4fa2441260654ddda5","CUS-127297539","141.46","-31.98","debit","Thu","08:30:44","08","October"
"8372","authorized","1","ACC-2901672282","255.00","-573.00","SALES-POS","d00f8335-63b0-44a2-8584-158ee558ec6f","Daniel",8932.74,2018-10-04 07:00:00,"M",22,"Bundeena","NSW",41.1,"0ad400fc84964bb182f4b598db2f360c","CUS-1617121891","151.15","-34.09","debit","Thu","08:49:15","08","October"
"8373","posted",NA,"ACC-3485804958","138.52","-35.01","PAYMENT",NA,"Jessica",25323.28,2018-10-04 07:00:00,"F",34,NA,NA,27,"2aa82f2f7d484a758d744d7012e50127","CUS-1196156254",NA,NA,"debit","Thu","09:00:00","09","October"
"8374","posted",NA,"ACC-1516130869","130.84","-12.45","INTER BANK",NA,"Jessica",4924.14,2018-10-04 07:00:00,"F",21,NA,NA,39,"42255fcc3b6e4fa2bd6e661d2967913f","CUS-325142416",NA,NA,"debit","Thu","09:00:00","09","October"
"8375","authorized","1","ACC-1903037542","153.05","-27.61","POS","589f7c5f-1522-4628-9385-61d8605d360d","Jeffrey",4250.56,2018-10-04 07:00:00,"M",30,"Alderley","QLD",30,"cdde66f1ccff43c0b72124e22a0f86cd","CUS-860700529","153","-27.42","debit","Thu","09:01:42","09","October"
"8376","authorized","0","ACC-2681137560","151.11","-33.99","SALES-POS","4910d30d-0e61-497d-b829-3deac4033aa7","Nathaniel",8936.76,2018-10-04 07:00:00,"M",31,"Chatswood","NSW",11.05,"28d5f74838574077a95800afa3feeef1","CUS-2083971310","151.19","-33.79","debit","Thu","09:05:46","09","October"
"8377","authorized","1","ACC-3536132544","144.93","-37.79","SALES-POS","448201e0-41c0-4b9e-bbd2-1e7e73ce5b7f","Heather",5232.14,2018-10-04 07:00:00,"F",41,"Melbourne","VIC",16.13,"b3508ee3b2d3451cbbd2d9eb22bf7447","CUS-2348881191","144.98","-37.84","debit","Thu","09:09:50","09","October"
"8378","authorized","1","ACC-3481401842","115.74","-31.72","POS","04f17878-2c1e-4cf7-a6d6-3d60a18e3dfe","Tiffany",6065.96,2018-10-04 07:00:00,"F",25,"Hillarys","WA",16.7,"c9a6fbef2b7541a88ec876684fee17fe","CUS-1669695324","115.75","-31.8","debit","Thu","09:13:54","09","October"
"8379","authorized","1","ACC-3481401842","115.74","-31.72","POS","b5d118eb-8230-43c1-afc0-c91060a2666a","Tiffany",6052.96,2018-10-04 07:00:00,"F",25,"Gilgandra","NSW",13,"7c3cc12a4d814e38a3f3d2cc6af17feb","CUS-1669695324","148.66","-31.71","debit","Thu","09:17:58","09","October"
"8380","authorized","1","ACC-2673069055","152.99","-27.49","SALES-POS","7607258f-b7da-4d2b-ad62-7ae67fedef28","Richard",17264.58,2018-10-04 07:00:00,"M",24,"Slacks Creek","QLD",31.35,"cd1a8a0a607e4acc95360f0fdea685ca","CUS-51506836","153.12","-27.62","debit","Thu","09:22:01","09","October"
"8381","authorized","0","ACC-2249586092","115.98","-32.07","SALES-POS","e3dd02c2-6015-49de-906b-10a7816e8e32","Edward",10122.95,2018-10-04 07:00:00,"M",19,"Leeming","WA",10.99,"a134db76658d4ae79434b92c96aa1e18","CUS-443776336","115.86","-32.08","debit","Thu","09:26:05","09","October"
"8382","authorized","1","ACC-3827517394","151.12","-33.89","SALES-POS","c7ff0b62-ec5e-4ebc-acb6-05224240d17d","Craig",41523.35,2018-10-04 07:00:00,"M",28,"Belrose","NSW",17.32,"94e26ddbc5e94b19a968ed4f36e35c49","CUS-2663907001","151.21","-33.74","debit","Thu","09:30:09","09","October"
"8383","authorized","1","ACC-559365433","147.31","-42.88","SALES-POS","69253914-f9e0-4ec8-942b-ba6d0a0da111","Mary",3421.67,2018-10-04 07:00:00,"F",64,"Koetong","VIC",13,"ce459f648ca446d491843880dda826c3","CUS-1654129794","147.49","-36.15","debit","Thu","09:34:13","09","October"
"8384","authorized","1","ACC-2897221629","150.90","-34.37","SALES-POS","47143238-3ae0-4ae0-8fb8-6898a6315a4e","Scott",6552.97,2018-10-04 07:00:00,"M",23,"Woodcroft","NSW",19.35,"0c71515f98d64d8e96b3a9eac2242cf9","CUS-511326734","150.88","-33.75","debit","Thu","09:38:17","09","October"
"8385","authorized","0","ACC-3485804958","138.52","-35.01","POS","3b891da7-8910-4ca0-bd80-70c7d49b24d5","Jessica",25350.28,2018-10-04 07:00:00,"F",34,"Nowra","NSW",5.7,"16bc091c58ea4766af30ee15499d5ee9","CUS-1196156254","150.6","-34.87","debit","Thu","09:42:21","09","October"
"8386","authorized","0","ACC-1973887809","115.78","-31.90","POS","d1e48030-c897-4e93-a7df-af25ff433496","Antonio",7121.62,2018-10-04 07:00:00,"M",26,"Perth","WA",9.28,"4ec0a97a03d24563b47f1ff25972135e","CUS-1646621553","115.86","-31.96","debit","Thu","09:46:25","09","October"
"8387","authorized","1","ACC-1424176027","151.08","-33.93","POS","c38d0948-0f40-4c37-994e-9f7fee3a844d","Donald",6618.37,2018-10-04 07:00:00,"M",22,"Thornleigh","NSW",19.04,"563d87419f5b451186bd263912134542","CUS-3431016847","151.08","-33.73","debit","Thu","09:50:29","09","October"
"8388","authorized","1","ACC-1037050564","153.10","-27.66","POS","29e5a339-5070-4138-9da3-b9c57e903756","Rhonda",4442.52,2018-10-04 07:00:00,"F",40,"Brisbane Airport","QLD",8.15,"9bef2160f9f74121b0a95c019e49813b","CUS-1614226872","153.12","-27.39","debit","Thu","09:54:33","09","October"
"8389","authorized","0","ACC-958000567","130.90","-12.37","SALES-POS","9486fbc4-9381-42c2-ae1c-414b3324a556","Sandra",9242.13,2018-10-04 07:00:00,"F",34,"Karama","NT",32.99,"5b8979e7f11e49ae88824d9b2c514104","CUS-4142663097","130.91","-12.4","debit","Thu","09:58:37","09","October"
"8390","authorized","1","ACC-574997646","150.79","-33.64","POS","0aca15c9-1ae2-4c0a-8792-c4c5f8982494","Mackenzie",3448.72,2018-10-04 07:00:00,"F",18,"Summer Hill","NSW",15.39,"712f500e4edd4fe486f9ba6329c8595e","CUS-586638664","151.14","-33.9","debit","Thu","10:05:56","10","October"
"8391","authorized","1","ACC-2901672282","255.00","-573.00","POS","939bffd8-e25b-48c5-b847-c0533eb188a3","Daniel",8870.29,2018-10-04 07:00:00,"M",22,"Sydney","NSW",62.45,"f5e44fcf0aa645a1b7449f1b92f32d63","CUS-1617121891","151.21","-33.87","debit","Thu","10:14:57","10","October"
"8392","authorized","1","ACC-1037050564","153.10","-27.66","POS","376fcedb-9e3e-4487-9777-00916db8412e","Rhonda",4420.56,2018-10-04 07:00:00,"F",40,"Woodridge","QLD",21.96,"b67fb361b0bd4c3887202fdb6e257a45","CUS-1614226872","153.12","-27.64","debit","Thu","10:23:57","10","October"
"8393","authorized","1","ACC-1598451071","153.41","-27.95","POS","c7c2857c-70d9-4a37-83c7-ce5ce9dda3c2","Diana",3332.38,2018-10-04 07:00:00,"F",26,"Highland Park","QLD",8.37,"d392d021ab524cd7bf97a853027a8a9c","CUS-2487424745","153.34","-28.01","debit","Thu","10:32:58","10","October"
"8394","authorized","1","ACC-1424176027","151.08","-33.93","SALES-POS","422e4c44-2a4c-4159-b466-98fa440d4919","Donald",6604.94,2018-10-04 07:00:00,"M",22,"Baulkham Hills","NSW",13.43,"9b400a6220104041895a97ec25d20b9b","CUS-3431016847","150.99","-33.76","debit","Thu","10:41:58","10","October"
"8395","authorized","1","ACC-1598451071","153.41","-27.95","SALES-POS","756f83f0-4796-420b-89ff-847bab77f1e2","Diana",3325.67,2018-10-04 07:00:00,"F",26,"Banora Point","NSW",6.71,"197d5d0d9383461da244d8a2d42d3526","CUS-2487424745","153.52","-28.21","debit","Thu","10:50:59","10","October"
"8396","authorized","0","ACC-1279356312","144.79","-37.73","POS","b7775d17-b9b8-4d0e-9d66-20760f186f8f","Tyler",7967.46,2018-10-04 07:00:00,"M",44,"Melbourne","VIC",7.66,"8c3f4da1bae54332b4c52da4833ea04f","CUS-1892177589","144.95","-37.82","debit","Thu","10:59:59","10","October"
"8397","posted",NA,"ACC-1199531521","116.02","-31.87","INTER BANK",NA,"Billy",14253.94,2018-10-04 07:00:00,"M",52,NA,NA,83,"0e8bf4ebdc64427ba6b69efc2d72ecce","CUS-134833760",NA,NA,"debit","Thu","11:00:00","11","October"
"8398","posted",NA,"ACC-3541460373","145.00","-37.83","PAYMENT",NA,"Jeffrey",3613.18,2018-10-04 07:00:00,"M",24,NA,NA,41,"6cf61c1d92c04dd6add2810caf1fdade","CUS-1433879684",NA,NA,"debit","Thu","11:00:00","11","October"
"8399","posted",NA,"ACC-3536132544","144.93","-37.79","PAY/SALARY",NA,"Heather",7333.65,2018-10-04 07:00:00,"F",41,NA,NA,2101.51,"b813a81187c2450aa840afb3822fdb01","CUS-2348881191",NA,NA,"credit","Thu","11:00:00","11","October"
"8400","posted",NA,"ACC-4163822186","149.03","-34.97","PAY/SALARY",NA,"Karen",9674.64,2018-10-04 07:00:00,"F",26,NA,NA,920.71,"2311890a9b4b413db07846a877f1d64c","CUS-2630892467",NA,NA,"credit","Thu","11:00:00","11","October"
"8401","posted",NA,"ACC-1608363396","151.22","-33.87","INTER BANK",NA,"Robert",6619.01,2018-10-04 07:00:00,"M",20,NA,NA,24,"c335b2a006d142fdb92b390fe35eea03","CUS-2688605418",NA,NA,"debit","Thu","11:00:00","11","October"
"8402","posted",NA,"ACC-2259139624","144.66","-37.91","PAY/SALARY",NA,"Cindy",17337.78,2018-10-04 07:00:00,"F",19,NA,NA,3676.94,"f3cdba3955f24c63bf425da95ecfcb8a","CUS-3174332735",NA,NA,"credit","Thu","11:00:00","11","October"
"8403","posted",NA,"ACC-3954677887","115.72","-32.28","PAYMENT",NA,"Ruth",6284.07,2018-10-04 07:00:00,"F",47,NA,NA,46,"746bcae9b3e6433496a72763d42bdb55","CUS-3716701010",NA,NA,"debit","Thu","11:00:00","11","October"
"8404","authorized","1","ACC-1598451071","153.41","-27.95","SALES-POS","6835f0f4-606c-4fa6-badf-e5b86d26379d","Diana",3305.47,2018-10-04 07:00:00,"F",26,"Nerang","QLD",20.2,"4a9ba2b54aef436892a11568442143e5","CUS-2487424745","153.33","-28.01","debit","Thu","11:07:48","11","October"
"8405","authorized","0","ACC-1037050564","153.10","-27.66","POS","8a2c577e-6d84-41ee-ba72-5148ad656792","Rhonda",4377.45,2018-10-04 07:00:00,"F",40,"Brisbane City","QLD",43.11,"68460baf7e9743fc9aac550a959258d4","CUS-1614226872","153.02","-27.47","debit","Thu","11:15:37","11","October"
"8406","authorized","1","ACC-1710017148","150.82","-34.01","SALES-POS","b03fb628-5059-48e4-b99c-a2381e260ee8","Michelle",14655.48,2018-10-04 07:00:00,"F",19,"Lakemba","NSW",42.5,"e1a3b045220b4ab7a7a8e1af838723c2","CUS-883482547","151.08","-33.92","debit","Thu","11:23:26","11","October"
"8407","authorized","1","ACC-1598451071","153.41","-27.95","POS","153c2c0b-f692-4ce0-9e3d-3257b6936d36","Diana",3284.67,2018-10-04 07:00:00,"F",26,"Middle Park","QLD",20.8,"cd6a6f2513db48ac89ef1664e92d570b","CUS-2487424745","152.93","-27.56","debit","Thu","11:31:14","11","October"
"8408","authorized","1","ACC-1217063613","147.61","-37.82","POS","66a0231a-2397-4bf1-ba73-5b8ec0b069b4","Kimberly",4828.48,2018-10-04 07:00:00,"F",27,"Malvern","VIC",15.38,"383837e5f63840cd87ed918eae1f1225","CUS-1739931018","145.03","-37.86","debit","Thu","11:39:03","11","October"
"8409","authorized","1","ACC-2249586092","115.98","-32.07","POS","943d2447-b9b3-4d66-aff8-a2c111be7594","Edward",10110.82,2018-10-04 07:00:00,"M",19,"Fremantle","WA",12.13,"26c03eed1397402da697bb1493bd7782","CUS-443776336","115.75","-32.06","debit","Thu","11:46:52","11","October"
"8410","authorized","1","ACC-1683215619","138.67","-34.86","SALES-POS","e3a92a7a-0c39-4461-8899-25fb8a3843c2","Barry",8156.59,2018-10-04 07:00:00,"M",38,"Ultimo","NSW",45.27,"c1731a5d1710423d8db61f8762d781fe","CUS-1604596597","151.19","-33.88","debit","Thu","11:54:41","11","October"
"8411","posted",NA,"ACC-721712940","145.09","-37.82","PAY/SALARY",NA,"Andrew",56598.9,2018-10-04 07:00:00,"M",78,NA,NA,782.42,"f3cd890aa84c45c0aae45eef5427aafa","CUS-1646183815",NA,NA,"credit","Thu","12:00:00","12","October"
"8412","posted",NA,"ACC-1279356312","144.79","-37.73","PAY/SALARY",NA,"Tyler",10854.8,2018-10-04 07:00:00,"M",44,NA,NA,2887.34,"8b43e2dd497b487c99d28383b0ababd9","CUS-1892177589",NA,NA,"credit","Thu","12:00:00","12","October"
"8413","posted",NA,"ACC-3879258709","143.83","-37.66","PHONE BANK",NA,"Natasha",202473.3,2018-10-04 07:00:00,"F",40,NA,NA,41,"1670507cab2f4eb69fc894542366457e","CUS-527400765",NA,NA,"debit","Thu","12:00:00","12","October"
"8414","posted",NA,"ACC-966140392","147.08","-37.97","PAYMENT",NA,"Joseph",7916.45,2018-10-04 07:00:00,"M",21,NA,NA,35,"f90d52ba6b944977b8e2e5234cc82b3c","CUS-537508723",NA,NA,"debit","Thu","12:00:00","12","October"
"8415","authorized","1","ACC-1598451071","153.41","-27.95","POS","29f683de-3b32-4a29-9e5b-cdfb8ef8e69d","Diana",3217.55,2018-10-04 07:00:00,"F",26,"Cannon Hill","QLD",67.12,"3541cc17b5334257b6fdaf7be7ea567d","CUS-2487424745","153.1","-27.47","debit","Thu","12:05:25","12","October"
"8416","authorized","1","ACC-2305712452","138.61","-34.89","SALES-POS","f33d4e5c-df52-4c47-8013-e8e47fe2418b","Debra",5452.07,2018-10-04 07:00:00,"F",18,"Adelaide","SA",13.24,"a2258614c78b405090ace954613d1d11","CUS-1842679196","138.6","-34.92","debit","Thu","12:22:22","12","October"
"8417","authorized","0","ACC-2901672282","255.00","-573.00","POS","5431e41f-1644-4e51-8abc-26239cb0b7c7","Daniel",8859.06,2018-10-04 07:00:00,"M",22,"Cairns City","QLD",11.23,"8b70fc838c574b3e836f6ad39faa52ac","CUS-1617121891","145.77","-16.92","debit","Thu","12:39:19","12","October"
"8418","authorized","1","ACC-1037050564","153.10","-27.66","SALES-POS","7eb82e22-2864-4224-a9d0-3a6d8d2422b4","Rhonda",4361.36,2018-10-04 07:00:00,"F",40,"Southport","QLD",16.09,"b4afc3e82c3245528fe7a9c223891bb6","CUS-1614226872","153.38","-27.96","debit","Thu","12:56:16","12","October"
"8419","posted",NA,"ACC-4274272854","145.23","-37.86","PAYMENT",NA,"Timothy",7060.62,2018-10-04 07:00:00,"M",20,NA,NA,15,"46dea03fa3de4f0f874fcbb2ebfb4e6b","CUS-2484453271",NA,NA,"debit","Thu","13:00:00","13","October"
"8420","posted",NA,"ACC-1243371644","150.90","-33.78","PAY/SALARY",NA,"Gregory",7005.72,2018-10-04 07:00:00,"M",42,NA,NA,1681.58,"db8489f99aa2460488ea7882af61c516","CUS-3904958894",NA,NA,"credit","Thu","13:00:00","13","October"
"8421","authorized","1","ACC-3536132544","144.93","-37.79","POS","a114392c-e324-4316-887b-16846facad41","Heather",7316.24,2018-10-04 07:00:00,"F",41,"Sale","VIC",17.41,"26f03a59f2bf42be9a02a523fe84da29","CUS-2348881191","147.07","-38.11","debit","Thu","13:13:55","13","October"
"8422","authorized","1","ACC-2171593283","146.94","-36.04","SALES-POS","50ff2393-0290-42f4-ba1c-06ac4be220b1","Fernando",15576.5,2018-10-04 07:00:00,"M",19,"Geelong","VIC",5.49,"7dd7b096365d4e9ebba8138d09c35357","CUS-2317998716","144.36","-38.15","debit","Thu","13:31:47","13","October"
"8423","authorized","1","ACC-1037050564","153.10","-27.66","POS","261655bd-b296-4612-9a3c-66077c818c3d","Rhonda",4340.58,2018-10-04 07:00:00,"F",40,"Port Macquarie","NSW",20.78,"52e71ff2ac9d4f148385260eafd6ddb2","CUS-1614226872","152.91","-31.43","debit","Thu","13:49:38","13","October"
"8424","posted",NA,"ACC-1349834573","145.17","-37.84","PAYMENT",NA,"Matthew",14078.66,2018-10-04 07:00:00,"M",39,NA,NA,60,"56401b7c1c144737bbd18ec5ce5e0681","CUS-1790886359",NA,NA,"debit","Thu","14:00:00","14","October"
"8425","posted",NA,"ACC-1608363396","151.22","-33.87","PAY/SALARY",NA,"Robert",8939.31,2018-10-04 07:00:00,"M",20,NA,NA,2320.3,"96b2b3f80a774b95877abb5d5684baf8","CUS-2688605418",NA,NA,"credit","Thu","14:00:00","14","October"
"8426","posted",NA,"ACC-1424176027","151.08","-33.93","PAY/SALARY",NA,"Donald",8533.91,2018-10-04 07:00:00,"M",22,NA,NA,1928.97,"fb707ad2568e46ea9a083f92972d3e72","CUS-3431016847",NA,NA,"credit","Thu","14:00:00","14","October"
"8427","authorized","1","ACC-1903037542","153.05","-27.61","POS","5431e41f-1644-4e51-8abc-26239cb0b7c7","Jeffrey",4242.02,2018-10-04 07:00:00,"M",30,"Cairns City","QLD",8.54,"ab6d21a62e774ebe8397fdc4df887538","CUS-860700529","145.77","-16.92","debit","Thu","14:03:39","14","October"
"8428","authorized","1","ACC-240804743","121.48","-30.75","POS","90f5265e-3a66-4aaf-9d27-4905ee61a158","Kenneth",18829.13,2018-10-04 07:00:00,"M",29,"Kalgoorlie","WA",25.23,"0086b5d83dff493d9f05baec79a090ac","CUS-261674136","121.48","-30.75","debit","Thu","14:12:20","14","October"
"8429","authorized","1","ACC-1903037542","153.05","-27.61","SALES-POS","dcfb6b32-dee7-4972-92ef-abc237562781","Jeffrey",4227.79,2018-10-04 07:00:00,"M",30,"Cleveland","QLD",14.23,"ce3196dbe44146bdb5212abd0e414240","CUS-860700529","153.25","-27.52","debit","Thu","14:21:02","14","October"
"8430","authorized","1","ACC-1973887809","115.78","-31.90","POS","0fe0a09e-ebe5-466c-ad0e-1836f560b9f1","Antonio",7102.1,2018-10-04 07:00:00,"M",26,"East Victoria Park","WA",19.52,"a53b3f4279484edab5fce854fe6b9986","CUS-1646621553","115.9","-31.99","debit","Thu","14:29:44","14","October"
"8431","authorized","1","ACC-1217063613","147.61","-37.82","POS","49c35605-04d0-4fec-993d-de6bce1e4871","Kimberly",4808.93,2018-10-04 07:00:00,"F",27,"Doncaster East","VIC",19.55,"427bb57b3e9a4fb1aefcdb10d4b116ce","CUS-1739931018","145.16","-37.79","debit","Thu","14:38:26","14","October"
"8432","authorized","1","ACC-1598451071","153.41","-27.95","SALES-POS","deec3013-7b5e-45b8-8ff5-b9c580651ef5","Diana",3202.19,2018-10-04 07:00:00,"F",26,"Southport","QLD",15.36,"9eac3bd388244f2f9ba6bf3a8057bf7c","CUS-2487424745","153.39","-27.97","debit","Thu","14:47:07","14","October"
"8433","authorized","1","ACC-1443681913","150.92","-33.77","SALES-POS","dbedbd4d-66c5-4869-9a78-04df37ceeef0","Ryan",4923.8,2018-10-04 07:00:00,"M",31,"North Ryde","NSW",73.31,"515fa6d4456e40a390c88370b74b0744","CUS-3129499595","151.11","-33.78","debit","Thu","14:55:49","14","October"
"8434","posted",NA,"ACC-2988263882","145.18","-37.90","PAY/SALARY",NA,"Michael",6756.84,2018-10-04 07:00:00,"M",44,NA,NA,596.33,"79a347369c0145859fdf28f797496f5d","CUS-1233833708",NA,NA,"credit","Thu","15:00:00","15","October"
"8435","posted",NA,"ACC-1890605467","143.88","-37.66","INTER BANK",NA,"Alexander",15941.57,2018-10-04 07:00:00,"M",38,NA,NA,133,"f178b7d7ebe341dc90755dab6ffc4368","CUS-1478398256",NA,NA,"debit","Thu","15:00:00","15","October"
"8436","posted",NA,"ACC-1037050564","153.10","-27.66","PAYMENT",NA,"Rhonda",4307.58,2018-10-04 07:00:00,"F",40,NA,NA,33,"98b12af4c55f43d6b9cdb38a3ed6066b","CUS-1614226872",NA,NA,"debit","Thu","15:00:00","15","October"
"8437","authorized","1","ACC-1903037542","153.05","-27.61","POS","5a99b1bd-249f-4841-a402-57bb79e5d2c1","Jeffrey",4222.18,2018-10-04 07:00:00,"M",30,"Plainland","QLD",5.61,"09f25746fdab4ab99887d272b0708ca2","CUS-860700529","152.42","-27.56","debit","Thu","15:03:25","15","October"
"8438","authorized","1","ACC-1973887809","115.78","-31.90","SALES-POS","ee098a44-5d1d-4e28-a009-462b3ee33f84","Antonio",7093.3,2018-10-04 07:00:00,"M",26,"Subiaco","WA",8.8,"6dccf077ddc24495ac83a5bd2f451ace","CUS-1646621553","115.83","-31.94","debit","Thu","15:09:59","15","October"
"8439","authorized","1","ACC-3485804958","138.52","-35.01","POS","c4ebb892-da25-40b7-80b8-482f51968b68","Jessica",25257.36,2018-10-04 07:00:00,"F",34,"East Melbourne","VIC",65.92,"71fc4792dcb649fd8f88f8f908fb47c5","CUS-1196156254","144.98","-37.82","debit","Thu","15:16:34","15","October"
"8440","authorized","0","ACC-1683215619","138.67","-34.86","POS","2ede198d-921c-42cb-a6f9-0bb9c4238654","Barry",8129.2,2018-10-04 07:00:00,"M",38,"Findon","SA",27.39,"044dd9c21a074468a3653dd27d68da53","CUS-1604596597","138.54","-34.9","debit","Thu","15:23:09","15","October"
"8441","authorized","1","ACC-211792489","138.63","-34.93","POS","03b7047b-72fa-41ba-9b20-e8c2c8312bf0","Jacqueline",3628.39,2018-10-04 07:00:00,"F",30,"Phillip","ACT",90.62,"7d83a568fef14a5a8574b17e9f3b020d","CUS-497688347","149.08","-35.35","debit","Thu","15:29:44","15","October"
"8442","authorized","1","ACC-1217063613","147.61","-37.82","SALES-POS","b500a057-1d66-4769-b99a-b45163256045","Kimberly",4768.97,2018-10-04 07:00:00,"F",27,"Fitzroy","VIC",39.96,"f0f53902bd164688a9ee64fad6bfab93","CUS-1739931018","144.98","-37.8","debit","Thu","15:36:18","15","October"
"8443","authorized","1","ACC-1973887809","115.78","-31.90","POS","a7c6ec83-1423-4978-83b4-3e3c35528bba","Antonio",7087.29,2018-10-04 07:00:00,"M",26,"Murrurundi","NSW",6.01,"160a819c252c43e5a566711e67b42cbf","CUS-1646621553","150.84","-31.76","debit","Thu","15:42:53","15","October"
"8444","authorized","1","ACC-1903037542","153.05","-27.61","POS","e29d3f0f-c26f-4c94-8646-12e43b8b6542","Jeffrey",4203.98,2018-10-04 07:00:00,"M",30,"Baulkham Hills","NSW",18.2,"f3167f9c85ac4f0eac8e1592d8cc2715","CUS-860700529","150.96","-33.73","debit","Thu","15:49:28","15","October"
"8445","authorized","1","ACC-1998563091","149.03","-35.25","SALES-POS","7fbd6363-a171-4ce6-ad92-c59fd7991396","David",17487.43,2018-10-04 07:00:00,"M",42,"Lidcombe","NSW",29.09,"079adb726bb4425aad644aa0dc9aa88f","CUS-3395687666","151.06","-33.86","debit","Thu","15:56:03","15","October"
"8446","posted",NA,"ACC-2650850707","148.16","-23.52","INTER BANK",NA,"Brian",115330.97,2018-10-04 07:00:00,"M",42,NA,NA,118,"6908aa8aa614473ab9b95d2d848b000f","CUS-2819545904",NA,NA,"debit","Thu","16:00:00","16","October"
"8447","posted",NA,"ACC-3881031190","149.19","-21.15","PAY/SALARY",NA,"Richard",8165.59,2018-10-04 07:00:00,"M",37,NA,NA,916.75,"84c207fb038f420bb96df6b0df36e02f","CUS-3201519139",NA,NA,"credit","Thu","16:00:00","16","October"
"8448","authorized","0","ACC-1037050564","153.10","-27.66","POS","4cd1f85e-c58a-4759-8d67-fd6e6339901c","Rhonda",4246.31,2018-10-04 07:00:00,"F",40,"Toombul","QLD",61.27,"cf4d1467b80b4367af94a34e05b87bbb","CUS-1614226872","153.06","-27.41","debit","Thu","16:06:33","16","October"
"8449","authorized","1","ACC-958000567","130.90","-12.37","POS","942c4adc-fc28-40ef-974e-5b8c1035b3a5","Sandra",9215.44,2018-10-04 07:00:00,"F",34,"Nightcliff","NT",26.69,"a52a577f18dd403eb061ae828dcfc711","CUS-4142663097","130.85","-12.39","debit","Thu","16:22:57","16","October"
"8450","authorized","1","ACC-3317636250","153.02","-27.66","POS","6caf69ab-48e4-4d87-9cac-55d0a6528f19","Kenneth",11842.61,2018-10-04 07:00:00,"M",35,"Mount Gravatt","QLD",12.24,"94053c2219124a97a66de61c68761d7c","CUS-2738291516","153.07","-27.53","debit","Thu","16:39:20","16","October"
"8451","authorized","1","ACC-4258502723","145.45","-37.74","POS","4ae59658-8b43-48dc-9ee2-1d2154551bb1","Kimberly",4698.99,2018-10-04 07:00:00,"F",24,"Saint Albans","VIC",15.89,"1b9b34086a79481ea25f562723e9cd49","CUS-3378712515","144.8","-37.74","debit","Thu","16:55:44","16","October"
"8452","posted",NA,"ACC-1279356312","144.79","-37.73","PAYMENT",NA,"Tyler",10839.8,2018-10-04 07:00:00,"M",44,NA,NA,15,"7e1c917a61a54ecea1dbc5debfb80eef","CUS-1892177589",NA,NA,"debit","Thu","17:00:00","17","October"
"8453","posted",NA,"ACC-240804743","121.48","-30.75","PAYMENT",NA,"Kenneth",18758.13,2018-10-04 07:00:00,"M",29,NA,NA,71,"3c702e5e340b43c0904cfcb3bed4ef07","CUS-261674136",NA,NA,"debit","Thu","17:00:00","17","October"
"8454","posted",NA,"ACC-2259139624","144.66","-37.91","PAYMENT",NA,"Cindy",17225.78,2018-10-04 07:00:00,"F",19,NA,NA,112,"e5201138bd4746548fd8ff57d4377099","CUS-3174332735",NA,NA,"debit","Thu","17:00:00","17","October"
"8455","posted",NA,"ACC-2173390920","144.71","-37.58","PAYMENT",NA,"Luis",8766.06,2018-10-04 07:00:00,"M",27,NA,NA,29,"09ad809e54ad477c982f1a7cd851083a","CUS-3180318393",NA,NA,"debit","Thu","17:00:00","17","October"
"8456","posted",NA,"ACC-154431271","153.09","-27.48","PAY/SALARY",NA,"Lori",3391.29,2018-10-04 07:00:00,"F",18,NA,NA,1537.68,"14ba76f664624bc1aacf749bc9191158","CUS-3702001629",NA,NA,"credit","Thu","17:00:00","17","October"
"8457","posted",NA,"ACC-3941181087","115.79","-31.94","PAY/SALARY",NA,"Paul",12539.58,2018-10-04 07:00:00,"M",25,NA,NA,2687.85,"405381caf3684cc6ab9abe1ed726a1c0","CUS-3989008654",NA,NA,"credit","Thu","17:00:00","17","October"
"8458","posted",NA,"ACC-958000567","130.90","-12.37","PAYMENT",NA,"Sandra",9144.84,2018-10-04 07:00:00,"F",34,NA,NA,37,"1a2a39ea4233477a96ffef49bd4b6383","CUS-4142663097",NA,NA,"debit","Thu","17:00:00","17","October"
"8459","posted",NA,"ACC-53508546","150.62","-33.76","PAY/SALARY",NA,"Kimberly",6566.87,2018-10-04 07:00:00,"F",35,NA,NA,725.32,"afa3917eacd545eeaad9d925cec54e8d","CUS-72755508",NA,NA,"credit","Thu","17:00:00","17","October"
"8460","authorized","1","ACC-1683215619","138.67","-34.86","SALES-POS","c6d9b36c-0839-448c-ba24-fc599db4dad1","Barry",8115.28,2018-10-04 07:00:00,"M",38,"Nowra","NSW",13.92,"11ba5b2a53ee4db99c4c6806157abc36","CUS-1604596597","150.6","-34.87","debit","Thu","17:08:02","17","October"
"8461","authorized","1","ACC-4258502723","145.45","-37.74","SALES-POS","812729f9-ab3a-4762-8d25-b9e678d96abc","Kimberly",4679.99,2018-10-04 07:00:00,"F",24,"Sunbury","VIC",19,"1b6f4644820549ea8ebb1eb609a3b083","CUS-3378712515","144.71","-37.58","debit","Thu","17:18:54","17","October"
"8462","authorized","1","ACC-958000567","130.90","-12.37","SALES-POS","6856ef23-bfd9-458f-9005-1acf06755d9f","Sandra",9181.84,2018-10-04 07:00:00,"F",34,"Berrimah","NT",33.6,"e1e4c63097e64f4cb9fe738b5532daa4","CUS-4142663097","130.93","-12.46","debit","Thu","17:29:46","17","October"
"8463","authorized","1","ACC-1683215619","138.67","-34.86","POS","34fc9352-07f0-4fa2-aa8d-e2265a11926e","Barry",8100.48,2018-10-04 07:00:00,"M",38,"Norwood","SA",14.8,"70f353fd31864e8d86311e1ed1cd1f58","CUS-1604596597","138.63","-34.92","debit","Thu","17:40:39","17","October"
"8464","authorized","1","ACC-3536132544","144.93","-37.79","POS","3c5b0f0a-c9a7-4728-afd2-ad2057375228","Heather",7263,2018-10-04 07:00:00,"F",41,"Mooroolbark","VIC",53.24,"61b60f44a758465899ad9fd9cd15e59d","CUS-2348881191","145.32","-37.78","debit","Thu","17:51:31","17","October"
"8465","posted",NA,"ACC-588564840","151.27","-33.76","PAYMENT",NA,"Isaiah",17458.56,2018-10-04 07:00:00,"M",23,NA,NA,41,"9582c48f32d14f6c8a89954df38e99ba","CUS-1462656821",NA,NA,"debit","Thu","18:00:00","18","October"
"8466","posted",NA,"ACC-1683215619","138.67","-34.86","PAYMENT",NA,"Barry",8051.48,2018-10-04 07:00:00,"M",38,NA,NA,49,"3910a4fb2e87487795f2b5f27205e45b","CUS-1604596597",NA,NA,"debit","Thu","18:00:00","18","October"
"8467","posted",NA,"ACC-3879258709","143.83","-37.66","PAYMENT",NA,"Natasha",202452.3,2018-10-04 07:00:00,"F",40,NA,NA,21,"ac88ec8d4a2f475db8f27525e6b3c060","CUS-527400765",NA,NA,"debit","Thu","18:00:00","18","October"
"8468","authorized","0","ACC-2890243754","153.32","-27.93","POS","bb114176-22b5-4fc2-b6cb-3878142c3e20","Joseph",4384.66,2018-10-04 07:00:00,"M",37,"Moonie","QLD",22.4,"2a60f61144394a9cb446d6803d114ce9","CUS-2695611575","150.25","-27.76","debit","Thu","18:04:59","18","October"
"8469","authorized","1","ACC-2890243754","153.32","-27.93","POS","601bc008-50c1-4dad-9ea0-5f52273a2480","Joseph",4378.61,2018-10-04 07:00:00,"M",37,"Runaway Bay","QLD",6.05,"7512970f6228446eb9fc7183c873abb7","CUS-2695611575","153.4","-27.93","debit","Thu","18:27:43","18","October"
"8470","authorized","0","ACC-1788473090","145.06","-37.95","POS","122d170d-1e43-4960-b50d-9f0488127a9f","Rachael",8380.65,2018-10-04 07:00:00,"F",21,"Knoxfield","VIC",92.86,"1dc20c1bc04f48acafd2b39a071d39c2","CUS-134193016","145.24","-37.9","debit","Thu","18:50:27","18","October"
"8471","posted",NA,"ACC-1222300524","151.23","-33.94","PAYMENT",NA,"Michael",1387.88,2018-10-04 07:00:00,"M",38,NA,NA,50,"5b5f3cba2649403dbafd1456a4eb8c15","CUS-2142601169",NA,NA,"debit","Thu","19:00:00","19","October"
"8472","posted",NA,"ACC-2014856841","144.99","-37.90","PAYMENT",NA,"Patrick",264289.11,2018-10-04 07:00:00,"M",46,NA,NA,50,"e31995bc5fc84833ba92b29f17ae699f","CUS-2370108457",NA,NA,"debit","Thu","19:00:00","19","October"
"8473","authorized","0","ACC-2305712452","138.61","-34.89","POS","61bd7354-f2de-4839-a4db-896e7edcd333","Debra",5445.67,2018-10-04 07:00:00,"F",18,"Albany","WA",6.4,"3882349c1cb6442c91ea2a5ac8b14b3f","CUS-1842679196","117.88","-35.03","debit","Thu","19:05:31","19","October"
"8474","authorized","1","ACC-3100725361","145.73","-17.03","SALES-POS","662fe7ee-874d-467f-a5b9-43821b506cca","Ronald",5732.93,2018-10-04 07:00:00,"M",25,"Parramatta Park","QLD",8.66,"43e884daf03a4ff0b013c19bfb93502f","CUS-2178051368","145.76","-16.93","debit","Thu","19:15:02","19","October"
"8475","authorized","1","ACC-4258502723","145.45","-37.74","SALES-POS","abb97822-079b-427e-b65e-80887119fb8d","Kimberly",4660,2018-10-04 07:00:00,"F",24,"Taylors Lakes","VIC",19.99,"2aa694e7308946bbb0a646cab9fc6826","CUS-3378712515","144.79","-37.71","debit","Thu","19:24:34","19","October"
"8476","authorized","1","ACC-1217063613","147.61","-37.82","SALES-POS","e1f6407e-16d6-4779-99b5-52ee31a6dad8","Kimberly",4756.99,2018-10-04 07:00:00,"F",27,"Kew","VIC",11.98,"a721b1e4ce4e46d3babd3f1b06a9fd9a","CUS-1739931018","145.04","-37.8","debit","Thu","19:34:05","19","October"
"8477","authorized","1","ACC-1516130869","130.84","-12.45","POS","4f552956-78eb-4cbf-abec-88d28a47c66d","Jessica",4909,2018-10-04 07:00:00,"F",21,"Millner","NT",15.14,"10da0a6e64fd4ebaa2e155069a429a6d","CUS-325142416","130.86","-12.39","debit","Thu","19:43:37","19","October"
"8478","authorized","1","ACC-2897221629","150.90","-34.37","SALES-POS","2cc53184-c4f2-43b9-84bd-7a6127f6a781","Scott",6510.65,2018-10-04 07:00:00,"M",23,"Blackheath","NSW",42.32,"8ed9b66f23b1452793f19c24ba43e596","CUS-511326734","150.29","-33.64","debit","Thu","19:53:08","19","October"
"8479","posted",NA,"ACC-1279356312","144.79","-37.73","PAYMENT",NA,"Tyler",10781.17,2018-10-04 07:00:00,"M",44,NA,NA,41,"9d87f3e6479c4d929aea0ce39a08c4fa","CUS-1892177589",NA,NA,"debit","Thu","20:00:00","20","October"
"8480","authorized","1","ACC-1973887809","115.78","-31.90","SALES-POS","89facb64-5037-43b8-bb7b-cd2a4eacd986","Antonio",7059.06,2018-10-04 07:00:00,"M",26,"Cannington","WA",28.23,"1e9557f02543458599a7b5ce61e2db60","CUS-1646621553","115.92","-32.01","debit","Thu","20:04:59","20","October"
"8481","authorized","1","ACC-1279356312","144.79","-37.73","SALES-POS","d61d7ca9-e029-4516-90a9-f3c5a37348f0","Tyler",10822.17,2018-10-04 07:00:00,"M",44,"Lilydale","VIC",17.63,"b24a9443347646fe8672c0d4438a7906","CUS-1892177589","145.36","-37.76","debit","Thu","20:22:51","20","October"
"8482","authorized","0","ACC-1903037542","153.05","-27.61","POS","dbd510a6-f5b9-4302-b7bb-4772565381be","Jeffrey",4183.85,2018-10-04 07:00:00,"M",30,"Meadowbrook","QLD",20.13,"421c1874ee5a48f6b09d5def6e920619","CUS-860700529","153.14","-27.67","debit","Thu","20:40:42","20","October"
"8483","authorized","0","ACC-2890243754","153.32","-27.93","SALES-POS","455658c2-aeb2-4a6d-9f7e-7b2d829a8060","Joseph",4368.83,2018-10-04 07:00:00,"M",37,"Runaway Bay","QLD",9.78,"ca7763af113f4cbfa589bc7d48b4f6c4","CUS-2695611575","153.4","-27.91","debit","Thu","20:58:34","20","October"
"8484","posted",NA,"ACC-854938045","147.63","-22.84","PHONE BANK",NA,"James",13206.81,2018-10-04 07:00:00,"M",28,NA,NA,58,"e4212afb4d5343268d250d8f95b4e48c","CUS-4023861240",NA,NA,"debit","Thu","21:00:00","21","October"
"8485","authorized","1","ACC-3100725361","145.73","-17.03","SALES-POS","c50d61f9-83b4-4b60-94c4-d6244b77345f","Ronald",5726.84,2018-10-04 07:00:00,"M",25,"Jerilderie","NSW",6.09,"ed2c1770f37d442183a8330ba390b4c4","CUS-2178051368","145.73","-35.36","debit","Thu","21:09:59","21","October"
"8486","authorized","0","ACC-1903037542","153.05","-27.61","SALES-POS","6b9bea63-44b3-4cb3-893b-704116ebce00","Jeffrey",4171.05,2018-10-04 07:00:00,"M",30,"Toowong","QLD",12.8,"a589940a3338435b84d4395ab304d67f","CUS-860700529","152.99","-27.49","debit","Thu","21:20:52","21","October"
"8487","authorized","1","ACC-2897221629","150.90","-34.37","SALES-POS","763736c6-3daa-45e0-acfb-aed69217643a","Scott",6487.61,2018-10-04 07:00:00,"M",23,"Revesby","NSW",23.04,"095245e230bc477a9ef9899c1fb26f99","CUS-511326734","151.02","-33.94","debit","Thu","21:31:44","21","October"
"8488","authorized","1","ACC-1037050564","153.10","-27.66","SALES-POS","e5a96301-17dc-403c-8833-33bb834cddae","Rhonda",4230.51,2018-10-04 07:00:00,"F",40,"Sorrento","QLD",15.8,"bb7432231a8d464ab6783721f14f1764","CUS-1614226872","153.39","-28.01","debit","Thu","21:42:36","21","October"
"8489","authorized","1","ACC-53508546","150.62","-33.76","SALES-POS","d2c28ef2-e05a-4f22-963b-f6093de9201c","Kimberly",6424.73,2018-10-04 07:00:00,"F",35,"Bella Vista","NSW",142.14,"25e203a4298e49b49ebbd7ac0b46c822","CUS-72755508","150.95","-33.74","debit","Thu","21:53:28","21","October"
"8490","posted",NA,"ACC-3741880913","150.50","-23.40","PAYMENT",NA,"Ashley",10065.02,2018-10-04 07:00:00,"F",25,NA,NA,32,"cd508cd776bf4230856aad6f67160c57","CUS-1220154422",NA,NA,"debit","Thu","22:00:00","22","October"
"8491","posted",NA,"ACC-90814749","151.68","-32.98","PAYMENT",NA,"Christopher",9432.03,2018-10-04 07:00:00,"M",35,NA,NA,36,"3ec238c177a447629719334715284bec","CUS-1896554896",NA,NA,"debit","Thu","22:00:00","22","October"
"8492","posted",NA,"ACC-2265520058","151.27","-33.85","PAYMENT",NA,"Catherine",4797.09,2018-10-04 07:00:00,"F",26,NA,NA,33,"260112acf30e4898b86d326b8ce9ae20","CUS-331942311",NA,NA,"debit","Thu","22:00:00","22","October"
"8493","authorized","1","ACC-3485804958","138.52","-35.01","SALES-POS","b2bfeb0c-0b50-493e-a1e4-bd6c571b22a6","Jessica",25222.97,2018-10-04 07:00:00,"F",34,"Melbourne","VIC",34.39,"d98088053d9040dfa2a5554eb7698643","CUS-1196156254","144.97","-37.81","debit","Thu","22:06:53","22","October"
"8494","authorized","1","ACC-1903037542","153.05","-27.61","SALES-POS","2bcf4f78-081b-4758-8c38-23c162ee36cd","Jeffrey",4155.57,2018-10-04 07:00:00,"M",30,"Alexandra Hills","QLD",15.48,"581ac29cc9ba4a6189f8ccc896307c16","CUS-860700529","153.22","-27.52","debit","Thu","22:24:08","22","October"
"8495","authorized","1","ACC-1037050564","153.10","-27.66","SALES-POS","d39f1bd2-b46c-47ac-9704-f17fc22e2e4c","Rhonda",4219.24,2018-10-04 07:00:00,"F",40,"South Brisbane","QLD",11.27,"07493d2472bd491aa7676a535814be36","CUS-1614226872","153.02","-27.48","debit","Thu","22:41:22","22","October"
"8496","authorized","0","ACC-354106658","151.04","-33.80","SALES-POS","96828216-c471-47f3-b14b-e25f78f32c79","Christine",14416.64,2018-10-04 07:00:00,"F",39,"Penshurst","NSW",33.72,"a1875742d141436eaf3b993ed8fb5a04","CUS-2376382098","151.08","-33.96","debit","Thu","22:58:37","22","October"
"8497","posted",NA,"ACC-354106658","151.04","-33.80","PAYMENT",NA,"Christine",14364.64,2018-10-04 07:00:00,"F",39,NA,NA,52,"9ae9a1ccd3f44760a4b4daffaf5e02b3","CUS-2376382098",NA,NA,"debit","Thu","23:00:00","23","October"
"8498","posted",NA,"ACC-1334819143","145.13","-37.70","INTER BANK",NA,"Christopher",63643.81,2018-10-04 07:00:00,"M",33,NA,NA,59,"2805fe9320ca437e8c2e6595aadf5c5b","CUS-3117610635",NA,NA,"debit","Thu","23:00:00","23","October"
"8499","authorized","1","ACC-1037050564","153.10","-27.66","POS","42f5fd46-be8a-4d50-8efb-4f3402ee2160","Rhonda",4169.86,2018-10-04 07:00:00,"F",40,"Toowoomba City","QLD",49.38,"a12509013e6445ac94cbb3e89516aebb","CUS-1614226872","151.96","-27.57","debit","Thu","23:12:46","23","October"
"8500","authorized","1","ACC-3827517394","151.12","-33.89","POS","5e00d5c7-4d83-4c44-8195-c338fc304edf","Craig",41516.4,2018-10-04 07:00:00,"M",28,"Surry Hills","NSW",6.95,"fe77a89ca79e493bb89b851974d48a79","CUS-2663907001","151.22","-33.88","debit","Thu","23:26:39","23","October"
"8501","authorized","0","ACC-53508546","150.62","-33.76","SALES-POS","86771e1a-dccb-4caa-9789-f93b4925ffa4","Kimberly",6407.94,2018-10-04 07:00:00,"F",35,"Blacktown","NSW",16.79,"d76a00230d3d44f3b8568b08203d7455","CUS-72755508","150.91","-33.77","debit","Thu","23:40:33","23","October"
"8502","authorized","1","ACC-2528867619","138.58","-34.96","POS","47fc49e8-5a7f-418e-8753-399439f09a57","Abigail",14708.52,2018-10-04 07:00:00,"F",40,"Fyshwick","ACT",73.53,"604d12ba718649ea88ba7afa25483058","CUS-2505971401","149.18","-35.34","debit","Thu","23:54:26","23","October"
"8503","authorized","1","ACC-2890243754","153.32","-27.93","POS","ed391d50-62cf-430b-aed5-b988f610ce4b","Joseph",4364.14,2018-10-05 07:00:00,"M",37,"Southport","QLD",4.69,"8a9f1b5371284111a3855c1dc1efee92","CUS-2695611575","153.41","-27.98","debit","Fri","00:27:16","00","October"
"8504","authorized","1","ACC-958000567","130.90","-12.37","POS","bb869fe8-5100-4936-93b3-e33b8de77413","Sandra",9112.97,2018-10-05 07:00:00,"F",34,"North Sydney","NSW",31.87,"73d5e771b91b43a99c4460d893788ecb","CUS-4142663097","151.21","-33.84","debit","Fri","01:05:57","01","October"
"8505","authorized","1","ACC-1799207998","150.68","-33.79","POS","e5a46fd4-2048-4bc9-ab60-1e7d9ce7d1c8","Susan",8047.44,2018-10-05 07:00:00,"F",20,"Brookvale","NSW",11.14,"baf09a54e692416ab1b8ccb08cd5ad8a","CUS-164374203","151.27","-33.77","debit","Fri","01:27:14","01","October"
"8506","authorized","1","ACC-4065652575","115.81","-31.82","SALES-POS","2be09a29-2f79-4cb3-9ed2-36594d0138d4","Lucas",12358.07,2018-10-05 07:00:00,"M",21,"Yarraman","NSW",47.57,"4e976ceac5704fe7920c1f9deb095a5d","CUS-1117979751","150.15","-31.67","debit","Fri","01:48:30","01","October"
"8507","posted",NA,"ACC-1349834573","145.17","-37.84","PAYMENT",NA,"Matthew",13911.66,2018-10-05 07:00:00,"M",39,NA,NA,167,"1a42aeac1d5c441a9e9b7ea055f965da","CUS-1790886359",NA,NA,"debit","Fri","02:00:00","02","October"
"8508","authorized","1","ACC-1222300524","151.23","-33.94","POS","b1a88e2a-7b07-4cb0-bc9b-547dd5d70f85","Michael",1385.49,2018-10-05 07:00:00,"M",38,"Margaret River","WA",2.39,"3f3e9acd1e764981bc6349bf7ede84e8","CUS-2142601169","115.07","-33.95","debit","Fri","02:13:31","02","October"
"8509","authorized","1","ACC-1799207998","150.68","-33.79","POS","8a73c467-e58f-4df5-812e-2e5e6fc41e23","Susan",8014.99,2018-10-05 07:00:00,"F",20,"Northmead","NSW",32.45,"34cf17849686410fa3be45c02f32fe2d","CUS-164374203","151","-33.79","debit","Fri","02:42:56","02","October"
"8510","posted",NA,"ACC-1683215619","138.67","-34.86","PAYMENT",NA,"Barry",7992.48,2018-10-05 07:00:00,"M",38,NA,NA,59,"6cbc871783ac41c19dafb8e647a9ca67","CUS-1604596597",NA,NA,"debit","Fri","03:00:00","03","October"
"8511","posted",NA,"ACC-2231965366","144.96","-37.84","PHONE BANK",NA,"Linda",19357.57,2018-10-05 07:00:00,"F",35,NA,NA,82,"0550c8737fbe4bedae218c721c2a9609","CUS-2155701614",NA,NA,"debit","Fri","03:00:00","03","October"
"8512","posted",NA,"ACC-2673069055","152.99","-27.49","PAYMENT",NA,"Richard",17221.58,2018-10-05 07:00:00,"M",24,NA,NA,43,"c8a5fd20f4ef459e922bd9bafe30c424","CUS-51506836",NA,NA,"debit","Fri","03:00:00","03","October"
"8513","authorized","1","ACC-3485804958","138.52","-35.01","POS","6714d0be-9a69-4d2c-8d45-c8fc84df9eaa","Jessica",25206.19,2018-10-05 07:00:00,"F",34,"Melbourne","VIC",16.78,"2f98210228074af6b69cef63ac66fac6","CUS-1196156254","144.97","-37.82","debit","Fri","03:52:29","03","October"
"8514","posted",NA,"ACC-1496451953","145.16","-37.84","PAYMENT",NA,"Ricky",17465.05,2018-10-05 07:00:00,"M",43,NA,NA,23,"c30878e516b8423e922b56370a026f74","CUS-3142625864",NA,NA,"debit","Fri","04:00:00","04","October"
"8515","posted",NA,"ACC-1710017148","150.82","-34.01","PAYMENT",NA,"Michelle",14615.48,2018-10-05 07:00:00,"F",19,NA,NA,40,"8638b59d372444a3a9cf37313bbc2b4d","CUS-883482547",NA,NA,"debit","Fri","04:00:00","04","October"
"8516","authorized","1","ACC-3827517394","151.12","-33.89","SALES-POS","0802ca3e-f173-4d5f-9018-a5c4989abbb8","Craig",41496.99,2018-10-05 07:00:00,"M",28,"Crows Nest","NSW",19.41,"669a72c71892407581c5e3ddaa623467","CUS-2663907001","151.2","-33.83","debit","Fri","04:18:04","04","October"
"8517","authorized","1","ACC-1222300524","151.23","-33.94","POS","ca504361-fa5f-4c0a-a6f5-800343d80b98","Michael",1368.64,2018-10-05 07:00:00,"M",38,"Brighton-Le-Sands","NSW",16.85,"d9bfd738588f41cabbd14587019bac90","CUS-2142601169","151.16","-33.96","debit","Fri","04:37:18","04","October"
"8518","authorized","1","ACC-2897221629","150.90","-34.37","SALES-POS","4d1ee286-7ec9-4820-9357-89da6d19de23","Scott",6470.79,2018-10-05 07:00:00,"M",23,"Neutral Bay","NSW",16.82,"5d71f69c752c4503b9f80a87893efd65","CUS-511326734","151.22","-33.83","debit","Fri","04:56:32","04","October"
"8519","posted",NA,"ACC-3827517394","151.12","-33.89","PAYMENT",NA,"Craig",41431.99,2018-10-05 07:00:00,"M",28,NA,NA,65,"44beadb1329f4c4dac826f8d75aff7f3","CUS-2663907001",NA,NA,"debit","Fri","05:00:00","05","October"
"8520","posted",NA,"ACC-38923874","151.27","-33.90","PAYMENT",NA,"Ryan",42324.36,2018-10-05 07:00:00,"M",38,NA,NA,71,"e74968a17c31493a8741da02898791b5","CUS-3249305314",NA,NA,"debit","Fri","05:00:00","05","October"
"8521","posted",NA,"ACC-847145727","115.90","-31.92","INTER BANK",NA,"Michael",59103.13,2018-10-05 07:00:00,"M",19,NA,NA,123,"6de182d9234d418f82c16774c5ae7179","CUS-1609060617",NA,NA,"debit","Fri","06:00:00","06","October"
"8522","posted",NA,"ACC-3941181087","115.79","-31.94","PAYMENT",NA,"Paul",12511.58,2018-10-05 07:00:00,"M",25,NA,NA,28,"5ec6ee6777c94e8396115d6fd07997c6","CUS-3989008654",NA,NA,"debit","Fri","06:00:00","06","October"
"8523","posted",NA,"ACC-1990648130","114.62","-28.80","PAYMENT",NA,"Kaitlyn",6090.92,2018-10-05 07:00:00,"F",21,NA,NA,28,"da3c0953aeda4775b513eef528820042","CUS-809013380",NA,NA,"debit","Fri","06:00:00","06","October"
"8524","authorized","0","ACC-1710017148","150.82","-34.01","SALES-POS","4f6fc082-0946-4aae-8c2b-0ab5b64b0dcf","Michelle",14582.89,2018-10-05 07:00:00,"F",19,"Jannali","NSW",32.59,"0ecd73b025e8461c9e077f54071e9e4f","CUS-883482547","151.07","-34.02","debit","Fri","06:28:34","06","October"
"8525","posted",NA,"ACC-1496451953","145.16","-37.84","PAYMENT",NA,"Ricky",17448.05,2018-10-05 07:00:00,"M",43,NA,NA,17,"bff9b21428f343cea3eb8791c0a5377f","CUS-3142625864",NA,NA,"debit","Fri","07:00:00","07","October"
"8526","authorized","0","ACC-958000567","130.90","-12.37","SALES-POS","5faaf308-69bb-422c-ad86-b0a84473e5a8","Sandra",9096.91,2018-10-05 07:00:00,"F",34,"Murarrie","QLD",16.06,"b2738388704f4551b219f405d78e7d90","CUS-4142663097","153.11","-27.46","debit","Fri","07:21:32","07","October"
"8527","authorized","0","ACC-3481401842","115.74","-31.72","SALES-POS","d75b1665-af5d-40ca-a3c1-146e3225dbab","Tiffany",6040.17,2018-10-05 07:00:00,"F",25,"Laurieton","NSW",12.79,"1e42ffd380e544a7b4ed065b6ee6700f","CUS-1669695324","152.8","-31.65","debit","Fri","07:59:59","07","October"
"8528","posted",NA,"ACC-602667573","151.23","-33.96","PAYMENT",NA,"Michael",16581.49,2018-10-05 07:00:00,"M",40,NA,NA,613,"b17184ecbf69498d8d43849fb118c94c","CUS-2031327464",NA,NA,"debit","Fri","08:00:00","08","October"
"8529","authorized","1","ACC-1799207998","150.68","-33.79","POS","afdc685e-65da-4263-b8f0-4dac0f5a8a15","Susan",8007.52,2018-10-05 07:00:00,"F",20,"Willoughby","NSW",7.47,"ff6b3cec5c734286a0eb70f4f1e5b38f","CUS-164374203","151.2","-33.81","debit","Fri","08:16:39","08","October"
"8530","authorized","1","ACC-3233697971","151.04","-33.77","SALES-POS","5cede3d3-a59b-45dc-91f5-9233b65306a1","Robin",10929.84,2018-10-05 07:00:00,"F",34,"Randwick","NSW",16.83,"638f29dffb2940f0844be0862f4b2ccc","CUS-1147642491","151.24","-33.91","debit","Fri","08:33:19","08","October"
"8531","authorized","1","ACC-1683215619","138.67","-34.86","SALES-POS","2c4cac87-8586-4eda-8b3d-fe7be164fa00","Barry",7934.5,2018-10-05 07:00:00,"M",38,"North Nowra","NSW",57.98,"95b8f2effd564c059b1121d96476a825","CUS-1604596597","150.6","-34.86","debit","Fri","08:49:59","08","October"
"8532","posted",NA,"ACC-2107684084","145.03","-37.88","PAYMENT",NA,"Richard",8661.5,2018-10-05 07:00:00,"M",22,NA,NA,95,"b9921199483543a0b0e95e891dc81078","CUS-2283904812",NA,NA,"debit","Fri","09:00:00","09","October"
"8533","posted",NA,"ACC-1443681913","150.92","-33.77","PAYMENT",NA,"Ryan",4800.8,2018-10-05 07:00:00,"M",31,NA,NA,123,"318b9816064c42cb966bc18e397c2920","CUS-3129499595",NA,NA,"debit","Fri","09:00:00","09","October"
"8534","authorized","1","ACC-958000567","130.90","-12.37","POS","1a7853e5-fc00-4c80-83cd-d2c90eed8b66","Sandra",9074.29,2018-10-05 07:00:00,"F",34,"Parap","NT",22.62,"b7d2ad2b9a6743498b396a5656855723","CUS-4142663097","130.84","-12.43","debit","Fri","09:02:22","09","October"
"8535","authorized","1","ACC-1799207998","150.68","-33.79","POS","41f7c525-4a60-4ca6-a07d-7530c8d5f43f","Susan",7982.78,2018-10-05 07:00:00,"F",20,"Cowra","NSW",24.74,"dab1aacdd190428e804dabe43b6da102","CUS-164374203","148.7","-33.84","debit","Fri","09:08:17","09","October"
"8536","authorized","0","ACC-3481401842","115.74","-31.72","POS","e2a28746-76b0-4d0c-8df9-2376ce7c6028","Tiffany",6021.59,2018-10-05 07:00:00,"F",25,"Booragoon","WA",18.58,"d75cc0409f2f48d2971da7b6da91e2ae","CUS-1669695324","115.84","-32.03","debit","Fri","09:14:12","09","October"
"8537","authorized","0","ACC-1037050564","153.10","-27.66","POS","71ade51d-d32b-4d70-8b68-599e781034f6","Rhonda",4154.11,2018-10-05 07:00:00,"F",40,"Benowa","QLD",15.75,"f857844282e1474d886d0822dbca1860","CUS-1614226872","153.39","-28.01","debit","Fri","09:20:07","09","October"
"8538","authorized","1","ACC-2897221629","150.90","-34.37","SALES-POS","fbf660a4-8d1c-4235-abb7-bf2a1501b7bc","Scott",6467.3,2018-10-05 07:00:00,"M",23,"North Sydney","NSW",3.49,"5526615555894ca78fadd4f1dea3ee9d","CUS-511326734","151.2","-33.84","debit","Fri","09:26:02","09","October"
"8539","authorized","1","ACC-2776252858","144.95","-37.76","POS","2bdbc3a1-f120-4a70-879f-f4817a8a72fb","Kristin",7144.64,2018-10-05 07:00:00,"F",43,"Oakleigh","VIC",28.35,"b6df96593b2b41d29bb6119e2c2dc005","CUS-4123612273","145.09","-37.89","debit","Fri","09:31:57","09","October"
"8540","authorized","1","ACC-1710017148","150.82","-34.01","SALES-POS","9833296d-81dd-4baa-bc6c-8c9151e644bf","Michelle",14566.35,2018-10-05 07:00:00,"F",19,"Alexandria","NSW",16.54,"9d1d38a5578c48b5b9f6c0078624c444","CUS-883482547","151.2","-33.91","debit","Fri","09:37:52","09","October"
"8541","authorized","1","ACC-4065652575","115.81","-31.82","POS","ca12b1d8-8b87-43ab-a009-8dcc2f3407e7","Lucas",12333.17,2018-10-05 07:00:00,"M",21,"Beldon","WA",24.9,"0f42598a72e64d9b9fc04f89a9bdf377","CUS-1117979751","115.75","-31.78","debit","Fri","09:43:47","09","October"
"8542","authorized","1","ACC-958000567","130.90","-12.37","SALES-POS","358e6a17-3f2d-4023-803d-b63b201c583e","Sandra",9060.32,2018-10-05 07:00:00,"F",34,"Eaton","NT",13.97,"c6268072ed764d0b89e23806277d20fd","CUS-4142663097","130.88","-12.41","debit","Fri","09:49:42","09","October"
"8543","authorized","0","ACC-2776252858","144.95","-37.76","SALES-POS","42786090-6d1c-49fc-aad2-ddd82c1075a6","Kristin",7110.27,2018-10-05 07:00:00,"F",43,"Windsor","VIC",34.37,"910761accddc4dee9c0352f454992948","CUS-4123612273","144.99","-37.86","debit","Fri","09:55:37","09","October"
"8544","posted",NA,"ACC-1334819143","145.13","-37.70","PAYMENT",NA,"Christopher",63593.81,2018-10-05 07:00:00,"M",33,NA,NA,50,"9165e4e611f74ad99b74af45308cecc7","CUS-3117610635",NA,NA,"debit","Fri","10:00:00","10","October"
"8545","authorized","1","ACC-3481401842","115.74","-31.72","POS","4fe3642e-1e41-409c-80f7-444a531ba62f","Tiffany",6013.61,2018-10-05 07:00:00,"F",25,"Nullarbor","SA",7.98,"9582848128af45d08715fc503e0ed5f9","CUS-1669695324","129.96","-31.57","debit","Fri","10:03:07","10","October"
"8546","authorized","1","ACC-2897221629","150.90","-34.37","SALES-POS","5cf2d58b-6d30-4194-b1fc-f329ebb45283","Scott",6462.43,2018-10-05 07:00:00,"M",23,"Sydney","NSW",4.87,"5ead3a11dff847f2b682a62d7e1e01b6","CUS-511326734","150.86","-33.9","debit","Fri","10:15:10","10","October"
"8547","authorized","1","ACC-1279356312","144.79","-37.73","SALES-POS","00a628aa-244d-4ab3-add4-95202d76fd98","Tyler",10768.38,2018-10-05 07:00:00,"M",44,"Eltham","VIC",12.79,"b9b4ef040e7c4095ace209d380ca10e2","CUS-1892177589","145.14","-37.72","debit","Fri","10:27:13","10","October"
"8548","authorized","1","ACC-3879258709","143.83","-37.66","POS","4e4301ac-7690-491a-ab3a-035b3b2854cd","Natasha",202413.72,2018-10-05 07:00:00,"F",40,"Greensborough","VIC",38.58,"c60b07bb68da4c979d42f31713501c5d","CUS-527400765","145.11","-37.7","debit","Fri","10:39:16","10","October"
"8549","authorized","1","ACC-3481401842","115.74","-31.72","SALES-POS","79ef2a69-e119-4d7b-a33c-7099f65c8c5d","Tiffany",5946.97,2018-10-05 07:00:00,"F",25,"Wangara","WA",66.64,"6b3bcd482f5b41cfbc103c67d2a1cb0a","CUS-1669695324","115.82","-31.79","debit","Fri","10:51:19","10","October"
"8550","posted",NA,"ACC-1788473090","145.06","-37.95","INTER BANK",NA,"Rachael",8304.61,2018-10-05 07:00:00,"F",21,NA,NA,66,"2022968dbcb64652858b97ac29cb9892","CUS-134193016",NA,NA,"debit","Fri","11:00:00","11","October"
"8551","posted",NA,"ACC-847145727","115.90","-31.92","PAYMENT",NA,"Michael",58994.13,2018-10-05 07:00:00,"M",19,NA,NA,109,"e97f3ce7537f4fa09dc240882e846596","CUS-1609060617",NA,NA,"debit","Fri","11:00:00","11","October"
"8552","posted",NA,"ACC-3536132544","144.93","-37.79","PAYMENT",NA,"Heather",7230,2018-10-05 07:00:00,"F",41,NA,NA,33,"16aa0de4bb074912974c929e615816f0","CUS-2348881191",NA,NA,"debit","Fri","11:00:00","11","October"
"8553","posted",NA,"ACC-414431115","142.77","-37.06","INTER BANK",NA,"Amy",4425.52,2018-10-05 07:00:00,"F",43,NA,NA,18,"d12f982d64e24f799356fa40cbc390e7","CUS-2599279756",NA,NA,"debit","Fri","11:00:00","11","October"
"8554","posted",NA,"ACC-38923874","151.27","-33.90","PAY/SALARY",NA,"Ryan",44205.31,2018-10-05 07:00:00,"M",38,NA,NA,1880.95,"6f09a343bbba4f2a9293de748ad7ce93","CUS-3249305314",NA,NA,"credit","Fri","11:00:00","11","October"
"8555","authorized","1","ACC-1890605467","143.88","-37.66","POS","4009eacb-a18b-477b-b4e5-bc4eb97fcbe2","Alexander",15876.13,2018-10-05 07:00:00,"M",38,"Narbethong","VIC",65.44,"3dfa7f861678420d800f6df55f8bf655","CUS-1478398256","145.64","-37.57","debit","Fri","11:02:06","11","October"
"8556","authorized","1","ACC-1683215619","138.67","-34.86","SALES-POS","a5d60ea9-6fbc-4dd2-b106-9c14dd48aca2","Barry",7914.46,2018-10-05 07:00:00,"M",38,"Kilkenny","SA",20.04,"6e3eba748f30437e80edeb24933b0378","CUS-1604596597","138.55","-34.87","debit","Fri","11:09:37","11","October"
"8557","authorized","1","ACC-1598451071","153.41","-27.95","SALES-POS","8ef27717-927e-4c96-ac19-e804a24c8126","Diana",3191.89,2018-10-05 07:00:00,"F",26,"Chatswood","NSW",10.3,"682ea61011834b3fb07133a704afe7f1","CUS-2487424745","151.18","-33.8","debit","Fri","11:17:08","11","October"
"8558","authorized","1","ACC-1683215619","138.67","-34.86","SALES-POS","cb30f6ec-72d1-41f9-bac8-5fe28a48f093","Barry",7891.42,2018-10-05 07:00:00,"M",38,"Yass","NSW",23.04,"d8920cdfa3f34433b7dec97586ab8544","CUS-1604596597","148.91","-34.83","debit","Fri","11:24:39","11","October"
"8559","authorized","0","ACC-1598451071","153.41","-27.95","POS","455658c2-aeb2-4a6d-9f7e-7b2d829a8060","Diana",3181.91,2018-10-05 07:00:00,"F",26,"Runaway Bay","QLD",9.98,"cc1e9a01f6a74ad1bb2546cd07a4c33b","CUS-2487424745","153.4","-27.91","debit","Fri","11:32:10","11","October"
"8560","authorized","1","ACC-574997646","150.79","-33.64","SALES-POS","98b89c23-91c6-4ea2-a8ac-1279f3f378a7","Mackenzie",3414.71,2018-10-05 07:00:00,"F",18,"Arncliffe","NSW",34.01,"44fbedbea22c4d1f970c8c984276d7b2","CUS-586638664","151.14","-33.94","debit","Fri","11:39:41","11","October"
"8561","authorized","1","ACC-2528867619","138.58","-34.96","SALES-POS","60e25947-c418-4213-afd2-e6c00ebf6a87","Abigail",14682.89,2018-10-05 07:00:00,"F",40,"Centennial Park","WA",25.63,"3f1566915b4a47f4a5ae67655ee865ee","CUS-2505971401","117.89","-35.02","debit","Fri","11:47:13","11","October"
"8562","authorized","1","ACC-1788473090","145.06","-37.95","SALES-POS","92a76cac-8074-46d1-b774-5f365d0d7aa0","Rachael",8370.61,2018-10-05 07:00:00,"F",21,"Mount Gambier","SA",10.04,"47a74e9f5d9849928ace390f63528e13","CUS-134193016","140.77","-37.81","debit","Fri","11:54:44","11","October"
"8563","posted",NA,"ACC-3485804958","138.52","-35.01","PAYMENT",NA,"Jessica",25190.19,2018-10-05 07:00:00,"F",34,NA,NA,16,"6e79242893c44386b0a4f7c1c7dd5b7a","CUS-1196156254",NA,NA,"debit","Fri","12:00:00","12","October"
"8564","posted",NA,"ACC-3689607373","115.79","-31.79","PAY/SALARY",NA,"Virginia",7952.89,2018-10-05 07:00:00,"F",20,NA,NA,1138.79,"6d4f8c218ba647a68bc3d883263317ab","CUS-127297539",NA,NA,"credit","Fri","12:00:00","12","October"
"8565","posted",NA,"ACC-2890243754","153.32","-27.93","PAY/SALARY",NA,"Joseph",5281.59,2018-10-05 07:00:00,"M",37,NA,NA,917.45,"f06098e9568143c5977a0a94383136a8","CUS-2695611575",NA,NA,"credit","Fri","12:00:00","12","October"
"8566","authorized","0","ACC-1037050564","153.10","-27.66","POS","bc980229-9bf9-4031-92c3-e56462c56891","Rhonda",4143.66,2018-10-05 07:00:00,"F",40,"Southport","QLD",10.45,"b7c609c38f0d4141b1995153c759ab86","CUS-1614226872","153.42","-27.97","debit","Fri","12:04:59","12","October"
"8567","authorized","1","ACC-1037050564","153.10","-27.66","SALES-POS","221043ab-2f9d-4c48-bac1-d38d48ca9432","Rhonda",4109.55,2018-10-05 07:00:00,"F",40,"Coorparoo","QLD",34.11,"acf0750dcddb427196f0ee7b8f4dec4d","CUS-1614226872","153.06","-27.51","debit","Fri","12:21:39","12","October"
"8568","authorized","1","ACC-1222300524","151.23","-33.94","POS","e7176f10-4bb2-453e-85c6-3aebd8fb7408","Michael",1347.86,2018-10-05 07:00:00,"M",38,"Blacktown","NSW",20.78,"109ed7a9508c47aa83355c8324acaa47","CUS-2142601169","150.9","-33.77","debit","Fri","12:38:19","12","October"
"8569","authorized","1","ACC-1037050564","153.10","-27.66","SALES-POS","b6845148-ff2f-48c3-99bf-c87ba19f297a","Rhonda",4090.76,2018-10-05 07:00:00,"F",40,"East Brisbane","QLD",18.79,"70b0410539a14d0293ea84f760d1e413","CUS-1614226872","153.04","-27.48","debit","Fri","12:54:59","12","October"
"8570","posted",NA,"ACC-1199531521","116.02","-31.87","PAYMENT",NA,"Billy",14124.94,2018-10-05 07:00:00,"M",52,NA,NA,129,"1709a194495f4b299fb45c6962f8bad0","CUS-134833760",NA,NA,"debit","Fri","13:00:00","13","October"
"8571","posted",NA,"ACC-559365433","147.31","-42.88","PAY/SALARY",NA,"Mary",3997.67,2018-10-05 07:00:00,"F",64,NA,NA,576,"2a418362e77a44f9af2611f0676e83b3","CUS-1654129794",NA,NA,"credit","Fri","13:00:00","13","October"
"8572","posted",NA,"ACC-3481401842","115.74","-31.72","PAY/SALARY",NA,"Tiffany",7172.3,2018-10-05 07:00:00,"F",25,NA,NA,1225.33,"05b464e7ed4a4690a126bca138fe2877","CUS-1669695324",NA,NA,"credit","Fri","13:00:00","13","October"
"8573","posted",NA,"ACC-2528867619","138.58","-34.96","PAY/SALARY",NA,"Abigail",16629.46,2018-10-05 07:00:00,"F",40,NA,NA,1946.57,"ec9bc910d4c5430cbdd75d9f8095e836","CUS-2505971401",NA,NA,"credit","Fri","13:00:00","13","October"
"8574","posted",NA,"ACC-1516130869","130.84","-12.45","PAYMENT",NA,"Jessica",4880,2018-10-05 07:00:00,"F",21,NA,NA,29,"00caf17000a04b11ad9124348f0e4700","CUS-325142416",NA,NA,"debit","Fri","13:00:00","13","October"
"8575","authorized","0","ACC-958000567","130.90","-12.37","POS","5f45caa4-a7f0-4fe9-9745-0b0c7e45fe5a","Sandra",9039.79,2018-10-05 07:00:00,"F",34,"Coolalinga","NT",20.53,"b970b96b42a34c1795015b7f18bdd11a","CUS-4142663097","131.04","-12.52","debit","Fri","13:12:16","13","October"
"8576","authorized","1","ACC-3879258709","143.83","-37.66","SALES-POS","7793a019-24d9-4ccd-a30c-dbd7755c0b65","Natasha",202395.6,2018-10-05 07:00:00,"F",40,"Kew","VIC",18.12,"60648c9261174eb5b41f7090712ff0e0","CUS-527400765","145.03","-37.81","debit","Fri","13:29:49","13","October"
"8577","authorized","1","ACC-1710017148","150.82","-34.01","POS","428bea06-acf2-4fdf-b7d0-2f7ee36f3251","Michelle",14543.43,2018-10-05 07:00:00,"F",19,"Dapto","NSW",22.92,"4740b8b0fab747669d020a5d25c493ca","CUS-883482547","150.79","-34.5","debit","Fri","13:47:22","13","October"
"8578","posted",NA,"ACC-1344825761","151.09","-33.91","PAYMENT",NA,"Sarah",20290.96,2018-10-05 07:00:00,"F",46,NA,NA,22,"6ad86e6104794ca2978dd061a35dfd10","CUS-1499065773",NA,NA,"debit","Fri","14:00:00","14","October"
"8579","posted",NA,"ACC-1523339231","115.83","-31.90","PAYMENT",NA,"Tim",68915.87,2018-10-05 07:00:00,"M",40,NA,NA,40,"04932cd535174f7781b4522e7e9d6c6f","CUS-1816693151",NA,NA,"debit","Fri","14:00:00","14","October"
"8580","posted",NA,"ACC-574997646","150.79","-33.64","PAY/SALARY",NA,"Mackenzie",5367,2018-10-05 07:00:00,"F",18,NA,NA,1952.29,"60af7365d05b47f9b1da2302c48c9270","CUS-586638664",NA,NA,"credit","Fri","14:00:00","14","October"
"8581","authorized","1","ACC-1598451071","153.41","-27.95","POS","8a0e9a21-4360-4421-8aac-9af5114c9cda","Diana",3175.28,2018-10-05 07:00:00,"F",26,"Robina","QLD",6.63,"15584dadee0848dfa0047fcb33fae515","CUS-2487424745","153.39","-28.08","debit","Fri","14:02:22","14","October"
"8582","authorized","1","ACC-1903037542","153.05","-27.61","SALES-POS","e4bc12e1-0e87-439e-bc3b-961a06af1371","Jeffrey",4136.81,2018-10-05 07:00:00,"M",30,"South Yarra","VIC",18.76,"a1a29cbff52340b8bf54d7c372b383ba","CUS-860700529","145","-37.84","debit","Fri","14:10:50","14","October"
"8583","authorized","1","ACC-1222300524","151.23","-33.94","SALES-POS","ecc0b9d5-ce2a-4eec-8507-13f65df181da","Michael",1334.15,2018-10-05 07:00:00,"M",38,"Campsie","NSW",13.71,"a8324da9135e47409298e4cde1d83805","CUS-2142601169","151.1","-33.91","debit","Fri","14:19:19","14","October"
"8584","authorized","1","ACC-3233697971","151.04","-33.77","SALES-POS","79fa6665-968c-46c0-9079-770be6070182","Robin",10892.91,2018-10-05 07:00:00,"F",34,"Earlwood","NSW",36.93,"8e8d8ac619d849c3a0597b8e1d392470","CUS-1147642491","151.12","-33.93","debit","Fri","14:27:47","14","October"
"8585","authorized","1","ACC-3879258709","143.83","-37.66","POS","c150a727-80a9-4b0c-9ac8-8787431c38ba","Natasha",202355.51,2018-10-05 07:00:00,"F",40,"Epping","VIC",40.09,"b2822e3cc7744f4a98d66661a2b61625","CUS-527400765","145.01","-37.62","debit","Fri","14:36:16","14","October"
"8586","authorized","0","ACC-2528867619","138.58","-34.96","POS","9d51aada-0f7e-4664-aa5d-6119a888f759","Abigail",16518.12,2018-10-05 07:00:00,"F",40,"Sydney","NSW",111.34,"be240e100d5449bfa12ad07cb1688dbd","CUS-2505971401","151.21","-33.87","debit","Fri","14:44:44","14","October"
"8587","authorized","1","ACC-1890605467","143.88","-37.66","POS","c146edca-f223-4efc-89d0-770cc0d934ae","Alexander",15817.89,2018-10-05 07:00:00,"M",38,"Roxburgh Park","VIC",58.24,"9d7d91883c1c4e269cf71f2921d390f8","CUS-1478398256","144.93","-37.64","debit","Fri","14:53:13","14","October"
"8588","posted",NA,"ACC-1890605467","143.88","-37.66","PAY/SALARY",NA,"Alexander",19467.4,2018-10-05 07:00:00,"M",38,NA,NA,3649.51,"acae45de6c9242c5a178239d7ef01c63","CUS-1478398256",NA,NA,"credit","Fri","15:00:00","15","October"
"8589","posted",NA,"ACC-90814749","151.68","-32.98","PAY/SALARY",NA,"Christopher",11740.7,2018-10-05 07:00:00,"M",35,NA,NA,2308.67,"1611bb06585b4918892e226f80a2ba18","CUS-1896554896",NA,NA,"credit","Fri","15:00:00","15","October"
"8590","authorized","1","ACC-3536132544","144.93","-37.79","POS","538ea8d2-0c4d-481e-a027-b017f13ea4b4","Heather",7170.95,2018-10-05 07:00:00,"F",41,"Bulleen","VIC",59.05,"877b837ea61f4ce59cf33e97ebf9e102","CUS-2348881191","145.08","-37.76","debit","Fri","15:01:40","15","October"
"8591","authorized","0","ACC-2890243754","153.32","-27.93","SALES-POS","a58f7cad-e91b-4f3f-8709-79b3e1237698","Joseph",5253.63,2018-10-05 07:00:00,"M",37,"Toowong","QLD",27.96,"290b8964c88c46328020e864b5d84aac","CUS-2695611575","152.99","-27.48","debit","Fri","15:10:05","15","October"
"8592","authorized","1","ACC-1222300524","151.23","-33.94","POS","f7643a90-424d-46ec-97ee-320406f77268","Michael",1327.33,2018-10-05 07:00:00,"M",38,"Springwood","NSW",6.82,"d7ea34ced504497c9fde177c7bc8e45d","CUS-2142601169","150.56","-33.7","debit","Fri","15:18:29","15","October"
"8593","authorized","1","ACC-182446574","116.06","-32.00","POS","8f9e406e-0213-4137-bd13-25c663ce966c","Tonya",7685.64,2018-10-05 07:00:00,"F",27,"Karrinyup","WA",8.95,"2cc7a099cecf45cb952abecbed4350b7","CUS-3026014945","115.78","-31.88","debit","Fri","15:26:53","15","October"
"8594","authorized","1","ACC-1222300524","151.23","-33.94","POS","87b6a0b0-8b78-4e4c-b9d8-17a5e8956c0b","Michael",1297.91,2018-10-05 07:00:00,"M",38,"Parramatta","NSW",29.42,"2ff44bb91eb64f13ac34ba7e94c424c0","CUS-2142601169","151","-33.81","debit","Fri","15:35:17","15","October"
"8595","authorized","1","ACC-1334819143","145.13","-37.70","SALES-POS","ed8dc00e-8676-4e69-b0d9-d07a57cb57db","Christopher",63556.54,2018-10-05 07:00:00,"M",33,"Mount Gambier","SA",37.27,"80d32f34df214851a7c09dc5d4a3bd87","CUS-3117610635","140.78","-37.83","debit","Fri","15:43:41","15","October"
"8596","authorized","1","ACC-1598451071","153.41","-27.95","SALES-POS","ab37d27d-07d0-4376-b9fa-8e1a33bb3986","Diana",3161,2018-10-05 07:00:00,"F",26,"Currumbin Waters","QLD",14.28,"30c948fc60764a3ea84a2046a7f52917","CUS-2487424745","153.47","-28.15","debit","Fri","15:52:06","15","October"
"8597","posted",NA,"ACC-80388494","144.97","-37.42","PAY/SALARY",NA,"Dustin",7530.55,2018-10-05 07:00:00,"M",28,NA,NA,1916.51,"6f8f9c1d34ec4e25accc4821c0cc8292","CUS-1140341822",NA,NA,"credit","Fri","16:00:00","16","October"
"8598","posted",NA,"ACC-602667573","151.23","-33.96","PAYMENT",NA,"Michael",16540.49,2018-10-05 07:00:00,"M",40,NA,NA,41,"3841b18dcc9146c0bcb3d91169b83039","CUS-2031327464",NA,NA,"debit","Fri","16:00:00","16","October"
"8599","posted",NA,"ACC-964839203","146.92","-36.07","PAY/SALARY",NA,"Michael",38970.35,2018-10-05 07:00:00,"M",21,NA,NA,1560.2,"8ebe440fe8da436fa614396187bcd1e9","CUS-2059096722",NA,NA,"credit","Fri","16:00:00","16","October"
"8600","posted",NA,"ACC-3827517394","151.12","-33.89","PAYMENT",NA,"Craig",41388.99,2018-10-05 07:00:00,"M",28,NA,NA,43,"8c1df2a8adf54ec9b5ba61882f557a44","CUS-2663907001",NA,NA,"debit","Fri","16:00:00","16","October"
"8601","posted",NA,"ACC-2153562714","116.00","-31.88","PAYMENT",NA,"Linda",6711.92,2018-10-05 07:00:00,"F",24,NA,NA,27,"085c2d31573b4c6d9a3da032133e8f34","CUS-423725039",NA,NA,"debit","Fri","16:00:00","16","October"
"8602","authorized","1","ACC-80388494","144.97","-37.42","POS","03a3ec31-b8b8-411a-b814-77ef8f4bfd33","Dustin",5614.04,2018-10-05 07:00:00,"M",28,"Surry Hills","NSW",12.77,"1ee945ed39074942a211a5aa62e14ac4","CUS-1140341822","151.21","-33.89","debit","Fri","16:00:59","16","October"
"8603","authorized","1","ACC-1598451071","153.41","-27.95","SALES-POS","3ae539ca-2824-413c-b978-e87360b047ea","Diana",3155.2,2018-10-05 07:00:00,"F",26,"Runaway Bay","QLD",5.8,"bdc88e80db4047aaa97fec78f86f002d","CUS-2487424745","153.4","-27.91","debit","Fri","16:17:22","16","October"
"8604","authorized","1","ACC-2890243754","153.32","-27.93","POS","aef30de1-c67e-4ab7-8577-2931a4bf3c7e","Joseph",5241.18,2018-10-05 07:00:00,"M",37,"Yowah","QLD",12.45,"77901c3afc534dc388dce7aa70da6efc","CUS-2695611575","144.64","-27.97","debit","Fri","16:33:46","16","October"
"8605","authorized","1","ACC-2249586092","115.98","-32.07","SALES-POS","7d4ab535-cd61-47b7-88d6-cbf9102c2487","Edward",9920,2018-10-05 07:00:00,"M",19,"Ceduna","SA",190.82,"50b8901bf3cc4d549cf93fbf8386af60","CUS-443776336","133.67","-32.12","debit","Fri","16:50:09","16","October"
"8606","posted",NA,"ACC-1344825761","151.09","-33.91","PAY/SALARY",NA,"Sarah",22761.41,2018-10-05 07:00:00,"F",46,NA,NA,2470.45,"8ab1241b36214742bf6b93a54bd1e053","CUS-1499065773",NA,NA,"credit","Fri","17:00:00","17","October"
"8607","posted",NA,"ACC-2270192619","138.56","-35.27","PAY/SALARY",NA,"Darren",14448.78,2018-10-05 07:00:00,"M",20,NA,NA,3026.95,"812d58434d704041aa033b5ae904efe9","CUS-2110742437",NA,NA,"credit","Fri","17:00:00","17","October"
"8608","posted",NA,"ACC-2270192619","138.56","-35.27","PAY/SALARY",NA,"Darren",17475.73,2018-10-05 07:00:00,"M",20,NA,NA,3026.95,"efbc0cb742af4879a122c99ae728354b","CUS-2110742437",NA,NA,"credit","Fri","17:00:00","17","October"
"8609","posted",NA,"ACC-2014856841","144.99","-37.90","PAY/SALARY",NA,"Patrick",266469.07,2018-10-05 07:00:00,"M",46,NA,NA,2179.96,"f703bd6205a34886aee4108ff7bbc252","CUS-2370108457",NA,NA,"credit","Fri","17:00:00","17","October"
"8610","posted",NA,"ACC-3317636250","153.02","-27.66","PAY/SALARY",NA,"Kenneth",14387.37,2018-10-05 07:00:00,"M",35,NA,NA,2544.76,"041c7cb256e940198cf22626ffaaea71","CUS-2738291516",NA,NA,"credit","Fri","17:00:00","17","October"
"8611","authorized","0","ACC-1222300524","151.23","-33.94","SALES-POS","2d6a19c0-bc02-44a9-9014-aaf637d16225","Michael",1290.56,2018-10-05 07:00:00,"M",38,"Manly","NSW",7.35,"3eb0fe0377e544fb88014f40384e3830","CUS-2142601169","151.29","-33.8","debit","Fri","17:03:57","17","October"
"8612","authorized","1","ACC-3879258709","143.83","-37.66","POS","e1597598-44ba-4a5e-bc10-06df1e3e113a","Natasha",202300.92,2018-10-05 07:00:00,"F",40,"Lalor","VIC",54.59,"cbc01c94c9e84d6bb023aeec2ff6b7d1","CUS-527400765","145.04","-37.67","debit","Fri","17:13:51","17","October"
"8613","authorized","1","ACC-2673069055","152.99","-27.49","POS","d5291717-d6fe-438f-be37-7bc8a98d06c4","Richard",17209.45,2018-10-05 07:00:00,"M",24,"Beenleigh","QLD",12.13,"1034f69cf93c4fd385201825e3e90b86","CUS-51506836","153.2","-27.72","debit","Fri","17:23:45","17","October"
"8614","authorized","1","ACC-1683215619","138.67","-34.86","POS","9b95dc5c-5087-4222-a1b0-f3895eb102af","Barry",7867.27,2018-10-05 07:00:00,"M",38,"West Lakes Shore","SA",24.15,"a78a0d7f6b434982aa1811a3c39a2ec2","CUS-1604596597","138.49","-34.87","debit","Fri","17:33:39","17","October"
"8615","authorized","1","ACC-2171593283","146.94","-36.04","POS","8e83c95f-f8d1-44c1-8cc1-a06fc34b5482","Fernando",15559.97,2018-10-05 07:00:00,"M",19,"Annerley","QLD",16.53,"8cdc8763ed9743d7a8b25c2ac07757ca","CUS-2317998716","153.03","-27.5","debit","Fri","17:43:33","17","October"
"8616","authorized","0","ACC-1334819143","145.13","-37.70","SALES-POS","f7f17c87-2a50-4edc-8151-7a14ccebe561","Christopher",63548.45,2018-10-05 07:00:00,"M",33,"Melbourne","VIC",8.09,"443df5c698ed47cc8d7eec30842145e3","CUS-3117610635","144.96","-37.82","debit","Fri","17:53:27","17","October"
"8617","posted",NA,"ACC-1788473090","145.06","-37.95","INTER BANK",NA,"Rachael",8271.61,2018-10-05 07:00:00,"F",21,NA,NA,33,"bb6031fc576042a88f9154513a01746d","CUS-134193016",NA,NA,"debit","Fri","18:00:00","18","October"
"8618","posted",NA,"ACC-3541460373","145.00","-37.83","PAYMENT",NA,"Jeffrey",3560.18,2018-10-05 07:00:00,"M",24,NA,NA,53,"b2a9496d678a4e879f8f2d1b173aefcb","CUS-1433879684",NA,NA,"debit","Fri","18:00:00","18","October"
"8619","posted",NA,"ACC-1217063613","147.61","-37.82","PAYMENT",NA,"Kimberly",4591.99,2018-10-05 07:00:00,"F",27,NA,NA,165,"be827c5c573442d19e8559f54f17aba2","CUS-1739931018",NA,NA,"debit","Fri","18:00:00","18","October"
"8620","posted",NA,"ACC-1652235822","144.89","-37.81","PAYMENT",NA,"Renee",20180.15,2018-10-05 07:00:00,"F",38,NA,NA,66,"4514c45348d046658a085f6095903651","CUS-2206365095",NA,NA,"debit","Fri","18:00:00","18","October"
"8621","posted",NA,"ACC-2265520058","151.27","-33.85","PAYMENT",NA,"Catherine",4705.09,2018-10-05 07:00:00,"F",26,NA,NA,92,"e8302494eda046d2871a384defc54235","CUS-331942311",NA,NA,"debit","Fri","18:00:00","18","October"
"8622","posted",NA,"ACC-2776252858","144.95","-37.76","PAYMENT",NA,"Kristin",6986.27,2018-10-05 07:00:00,"F",43,NA,NA,124,"d25b8b7d371e43f3afd56074fad364b4","CUS-4123612273",NA,NA,"debit","Fri","18:00:00","18","October"
"8623","authorized","0","ACC-1598451071","153.41","-27.95","SALES-POS","a8d5f0de-0033-4b3a-9668-26f6ad774dc3","Diana",3152.07,2018-10-05 07:00:00,"F",26,"Southport","QLD",3.13,"09f246164172448ea238e119dfe1bea4","CUS-2487424745","153.41","-27.97","debit","Fri","18:07:14","18","October"
"8624","authorized","1","ACC-2528867619","138.58","-34.96","SALES-POS","c0b0ca9e-ba47-4673-b8b2-ee44da6967f0","Abigail",16423.36,2018-10-05 07:00:00,"F",40,"Goodwood","SA",94.76,"794e68afd46949979eb91e55eb84f521","CUS-2505971401","138.6","-34.95","debit","Fri","18:28:30","18","October"
"8625","authorized","0","ACC-1222300524","151.23","-33.94","POS","3153c43b-b27d-4a61-b92c-e3f233564081","Michael",1283.3,2018-10-05 07:00:00,"M",38,"Coogee","NSW",7.26,"e90a4e43475c4def8535253fff785837","CUS-2142601169","151.26","-33.92","debit","Fri","18:49:47","18","October"
"8626","posted",NA,"ACC-3485804958","138.52","-35.01","PAYMENT",NA,"Jessica",25127.19,2018-10-05 07:00:00,"F",34,NA,NA,63,"772356e481e44f90be1fe49810d9333b","CUS-1196156254",NA,NA,"debit","Fri","19:00:00","19","October"
"8627","posted",NA,"ACC-3689607373","115.79","-31.79","INTER BANK",NA,"Virginia",7897.89,2018-10-05 07:00:00,"F",20,NA,NA,55,"a1f91b5ce9f745aabd5aa4f6c9b166a6","CUS-127297539",NA,NA,"debit","Fri","19:00:00","19","October"
"8628","posted",NA,"ACC-2171593283","146.94","-36.04","PAYMENT",NA,"Fernando",15519.97,2018-10-05 07:00:00,"M",19,NA,NA,40,"3e5a176ca8654f958c49a133e2d389a9","CUS-2317998716",NA,NA,"debit","Fri","19:00:00","19","October"
"8629","posted",NA,"ACC-1438600314","138.69","-34.84","PAYMENT",NA,"Maria",4010.74,2018-10-05 07:00:00,"F",35,NA,NA,45,"8571bf07e58a469787e5c168cef23bd0","CUS-2650223890",NA,NA,"debit","Fri","19:00:00","19","October"
"8630","authorized","1","ACC-3317636250","153.02","-27.66","SALES-POS","6d400acf-6aa9-404f-9cf0-f932559d0c38","Kenneth",14372.86,2018-10-05 07:00:00,"M",35,"Pimpama","QLD",14.51,"e5d8a13f8c9247f69ba3d8960cca46cd","CUS-2738291516","153.32","-27.82","debit","Fri","19:05:08","19","October"
"8631","authorized","1","ACC-1334819143","145.13","-37.70","POS","1238eee5-7e56-43ac-9d44-b62038c95642","Christopher",63538.55,2018-10-05 07:00:00,"M",33,"Fairfield","VIC",9.9,"ad4a9b1f157140a3b9ba2f2c0558705a","CUS-3117610635","145.03","-37.78","debit","Fri","19:15:02","19","October"
"8632","authorized","1","ACC-1037050564","153.10","-27.66","POS","0dbb8b48-1058-4d39-b314-2ea00046a2ac","Rhonda",4053.8,2018-10-05 07:00:00,"F",40,"North Maclean","QLD",36.96,"dfc9257835104dcea3875cb5f2ca2fff","CUS-1614226872","153.01","-27.78","debit","Fri","19:24:57","19","October"
"8633","authorized","1","ACC-1598451071","153.41","-27.95","POS","856fe4d1-b371-4111-845d-fde8f27a048f","Diana",3132.18,2018-10-05 07:00:00,"F",26,"Pacific Pines","QLD",19.89,"22862e9cf5574cd4b6c89390f75a407b","CUS-2487424745","153.32","-27.93","debit","Fri","19:34:51","19","October"
"8634","authorized","1","ACC-1598451071","153.41","-27.95","SALES-POS","6c7151d0-dfe2-42d7-88fc-9504ca6390cd","Diana",3093.24,2018-10-05 07:00:00,"F",26,"Sydney","NSW",38.94,"3a75121ddf7d47dca9c2501069b3236e","CUS-2487424745","151.21","-33.87","debit","Fri","19:44:45","19","October"
"8635","authorized","1","ACC-1222300524","151.23","-33.94","SALES-POS","e9074350-40c1-46e0-9acd-57f458e461d6","Michael",1254.02,2018-10-05 07:00:00,"M",38,"Casula","NSW",29.28,"ad479be2940541e1984918d287fe70a5","CUS-2142601169","150.89","-33.96","debit","Fri","19:54:39","19","October"
"8636","posted",NA,"ACC-37709441","153.41","-28.01","PAYMENT",NA,"Charles",17112.54,2018-10-05 07:00:00,"M",18,NA,NA,27,"74310dfc29a5463196216e1b43b805ab","CUS-3336454548",NA,NA,"debit","Fri","20:00:00","20","October"
"8637","authorized","1","ACC-3541460373","145.00","-37.83","SALES-POS","999074c6-a0c7-4578-bbb3-556bf4e8b4d3","Jeffrey",3550.23,2018-10-05 07:00:00,"M",24,"South Wharf","VIC",9.95,"dc3ee38d8ed24daa80f1c10526f6f891","CUS-1433879684","144.95","-37.83","debit","Fri","20:04:25","20","October"
"8638","authorized","1","ACC-80388494","144.97","-37.42","SALES-POS","fc133bc5-2c4a-4261-ba1e-6c6339a8363f","Dustin",7503.62,2018-10-05 07:00:00,"M",28,"Sydney","NSW",26.93,"7515607a3fbb454bb20e0eed03186ba6","CUS-1140341822","151.21","-33.87","debit","Fri","20:14:02","20","October"
"8639","authorized","1","ACC-1037050564","153.10","-27.66","SALES-POS","c28390c0-0ae3-4f8e-9c5b-f6f4ff2d87d0","Rhonda",3955.93,2018-10-05 07:00:00,"F",40,"Broadbeach Waters","QLD",97.87,"b1d8ead7f9d44ffc9335a02b01acfc00","CUS-1614226872","153.43","-28.04","debit","Fri","20:23:39","20","October"
"8640","authorized","0","ACC-1598451071","153.41","-27.95","POS","3276a7a6-7fba-4312-a45d-5f2d27f6a55f","Diana",3083.42,2018-10-05 07:00:00,"F",26,"Southport","QLD",9.82,"f469531bc0904105b240e7ef93af0c7f","CUS-2487424745","153.41","-27.98","debit","Fri","20:33:16","20","October"
"8641","authorized","1","ACC-1652235822","144.89","-37.81","POS","c794e437-402d-4f03-ba26-c4d705c498ca","Renee",20163.54,2018-10-05 07:00:00,"F",38,"Wheelers Hill","VIC",16.61,"2a5d4d42f8b848b8beb0eedbd34c7188","CUS-2206365095","145.19","-37.91","debit","Fri","20:42:53","20","October"
"8642","authorized","1","ACC-3317636250","153.02","-27.66","SALES-POS","1b9a5c03-02c3-4604-8e87-89aa4f4c2322","Kenneth",14350.99,2018-10-05 07:00:00,"M",35,"North Sydney","NSW",21.87,"1d4741a6f94d45d8b5d6c9a924fbda1a","CUS-2738291516","151.21","-33.84","debit","Fri","20:52:29","20","October"
"8643","posted",NA,"ACC-3689607373","115.79","-31.79","PAYMENT",NA,"Virginia",7828.89,2018-10-05 07:00:00,"F",20,NA,NA,69,"96eb80512faa4351ae1f7d8aa2aa7a93","CUS-127297539",NA,NA,"debit","Fri","21:00:00","21","October"
"8644","posted",NA,"ACC-721712940","145.09","-37.82","PAYMENT",NA,"Andrew",56560.9,2018-10-05 07:00:00,"M",78,NA,NA,38,"1d0f6b398ba84e9c9a7892e4150d7c44","CUS-1646183815",NA,NA,"debit","Fri","21:00:00","21","October"
"8645","posted",NA,"ACC-2681137560","151.11","-33.99","PAYMENT",NA,"Nathaniel",8907.76,2018-10-05 07:00:00,"M",31,NA,NA,29,"c88aa8b603aa482abd77a332bb6a50c2","CUS-2083971310",NA,NA,"debit","Fri","21:00:00","21","October"
"8646","posted",NA,"ACC-2171593283","146.94","-36.04","PAYMENT",NA,"Fernando",15469.97,2018-10-05 07:00:00,"M",19,NA,NA,50,"f80d8f680a38413bbdd59e20f9042ad6","CUS-2317998716",NA,NA,"debit","Fri","21:00:00","21","October"
"8647","posted",NA,"ACC-1903037542","153.05","-27.61","PAYMENT",NA,"Jeffrey",4099.11,2018-10-05 07:00:00,"M",30,NA,NA,23,"1a7521dd1bad472fb2b215f73b70af9d","CUS-860700529",NA,NA,"debit","Fri","21:00:00","21","October"
"8648","authorized","1","ACC-3021093232","149.83","-29.47","POS","79f70d82-40bc-4e16-a74d-f2545bb6f3dd","Melissa",9075.23,2018-10-05 07:00:00,"F",30,"Narrabri","NSW",28.16,"7d24bb0e00014aa890729630ea3e1614","CUS-55310383","149.76","-30.35","debit","Fri","21:01:23","21","October"
"8649","authorized","0","ACC-2305712452","138.61","-34.89","POS","fec61b5d-c9b6-4b36-8c12-1e0f021cc218","Debra",5424.15,2018-10-05 07:00:00,"F",18,"Brighton","SA",21.52,"5a7ea42e13e3451e9d539e4bbc8eee59","CUS-1842679196","138.52","-35.02","debit","Fri","21:07:40","21","October"
"8650","authorized","0","ACC-1516130869","130.84","-12.45","SALES-POS","a6709743-af53-4d35-a5ae-d529b9ad399d","Jessica",4868.91,2018-10-05 07:00:00,"F",21,"Sydney","NSW",11.09,"7c977fd85a5c4f2182cf77f0b87e766a","CUS-325142416","151.21","-33.86","debit","Fri","21:13:57","21","October"
"8651","authorized","1","ACC-3233697971","151.04","-33.77","SALES-POS","0369675e-6828-4093-8032-d46879121dd9","Robin",10861.89,2018-10-05 07:00:00,"F",34,"Bankstown","NSW",31.02,"945b154408df4e85a606fe56999e2b84","CUS-1147642491","151.03","-33.91","debit","Fri","21:20:15","21","October"
"8652","authorized","1","ACC-1973887809","115.78","-31.90","POS","637958b7-c372-4c38-a893-c9717e4a6ac5","Antonio",7016.83,2018-10-05 07:00:00,"M",26,"Warwick","WA",42.23,"4646beb3740946a582ffdff7a24aae7f","CUS-1646621553","115.81","-31.84","debit","Fri","21:26:32","21","October"
"8653","authorized","0","ACC-3100725361","145.73","-17.03","SALES-POS","99530045-46bc-48b3-a938-24aa02cecdf7","Ronald",5718.96,2018-10-05 07:00:00,"M",25,"Cooee","TAS",7.88,"88df4ffe48414fdd846a4893d07022e0","CUS-2178051368","145.87","-41.04","debit","Fri","21:32:49","21","October"
"8654","authorized","1","ACC-1598451071","153.41","-27.95","SALES-POS","263d626e-f62f-47bb-bfad-93ef4a1ee630","Diana",3077.68,2018-10-05 07:00:00,"F",26,"Pacific Pines","QLD",5.74,"0fc7e1b2974e4fc599beb12d7dd9da4d","CUS-2487424745","153.32","-27.93","debit","Fri","21:39:07","21","October"
"8655","authorized","1","ACC-2528867619","138.58","-34.96","SALES-POS","ab523591-340e-4293-ae1e-da2cb9d08dd4","Abigail",16391.85,2018-10-05 07:00:00,"F",40,"Mira Mar","WA",31.51,"7b23aff5e56048a8abcf65b171eb33bd","CUS-2505971401","117.89","-35.02","debit","Fri","21:45:24","21","October"
"8656","authorized","1","ACC-1903037542","153.05","-27.61","SALES-POS","33c7954d-0719-426a-8321-ca6dc2512629","Jeffrey",4122.11,2018-10-05 07:00:00,"M",30,"Mount Ommaney","QLD",14.7,"89872dd7c0fa475f8e83e554b3b2fc9d","CUS-860700529","152.94","-27.55","debit","Fri","21:51:41","21","October"
"8657","authorized","0","ACC-958000567","130.90","-12.37","POS","a0fdbc59-e005-456a-afbc-ac7bc6311338","Sandra",9020.95,2018-10-05 07:00:00,"F",34,"Tiwi","NT",18.84,"b47538b5289c4cb68b7a7612104bc174","CUS-4142663097","130.88","-12.36","debit","Fri","21:57:59","21","October"
"8658","authorized","1","ACC-1683215619","138.67","-34.86","SALES-POS","b1cc2115-d9a8-4c20-817a-283686f33205","Barry",7847.68,2018-10-05 07:00:00,"M",38,"Port Adelaide","SA",19.59,"f7546077ce064d1c88b1d592d554c020","CUS-1604596597","138.5","-34.85","debit","Fri","22:06:28","22","October"
"8659","authorized","1","ACC-3317636250","153.02","-27.66","POS","fbad67d5-cb18-44a8-8307-b2f18cb8a4db","Kenneth",14327,2018-10-05 07:00:00,"M",35,"Springfield Lakes","QLD",23.99,"a61155ffec874777b33496aa547ba08e","CUS-2738291516","152.92","-27.67","debit","Fri","22:15:59","22","October"
"8660","authorized","0","ACC-80388494","144.97","-37.42","POS","29f447d7-4a2c-48d3-84f8-e3db118fc62c","Dustin",7484.68,2018-10-05 07:00:00,"M",28,"Melbourne","VIC",18.94,"85ff236dd6394edcad72c061b9fee4a1","CUS-1140341822","144.96","-37.82","debit","Fri","22:25:31","22","October"
"8661","authorized","1","ACC-854938045","147.63","-22.84","POS","4019f5b1-a868-40f1-81d8-941cb97eacba","James",13175.58,2018-10-05 07:00:00,"M",28,"Richmond","VIC",31.23,"3691dac5a3a0423294e2392fc28b7142","CUS-4023861240","145","-37.83","debit","Fri","22:35:02","22","October"
"8662","authorized","1","ACC-3541460373","145.00","-37.83","POS","c2ff94fb-ce84-4514-b0fb-d04873357bce","Jeffrey",3513.6,2018-10-05 07:00:00,"M",24,"Mitcham","VIC",36.63,"043cd1d631314851b158f4a64f7c2951","CUS-1433879684","145.2","-37.82","debit","Fri","22:44:34","22","October"
"8663","authorized","1","ACC-2528867619","138.58","-34.96","SALES-POS","a6b022e8-823c-41bc-bcf5-e8a5c682a50b","Abigail",16383.14,2018-10-05 07:00:00,"F",40,"Griffith","ACT",8.71,"de190bde7ccb427da758ced811dead3d","CUS-2505971401","149.14","-35.32","debit","Fri","22:54:05","22","October"
"8664","posted",NA,"ACC-3541460373","145.00","-37.83","PAYMENT",NA,"Jeffrey",3472.6,2018-10-05 07:00:00,"M",24,NA,NA,41,"5588eee6786d48c0b008c3e442f85580","CUS-1433879684",NA,NA,"debit","Fri","23:00:00","23","October"
"8665","posted",NA,"ACC-3827517394","151.12","-33.89","PAYMENT",NA,"Craig",41308.99,2018-10-05 07:00:00,"M",28,NA,NA,80,"97549f99d2104d15bde7235a114316c6","CUS-2663907001",NA,NA,"debit","Fri","23:00:00","23","October"
"8666","authorized","1","ACC-1334819143","145.13","-37.70","POS","3c2b94f9-75a0-45bd-b2aa-c20ace65c325","Christopher",63515.69,2018-10-05 07:00:00,"M",33,"Dandenong","VIC",22.86,"ebb420f001464e27a496ca50a5c76888","CUS-3117610635","145.22","-37.97","debit","Fri","23:05:03","23","October"
"8667","authorized","1","ACC-2673069055","152.99","-27.49","SALES-POS","5f4a814a-7e39-42da-9f2b-8bd8ec4a8368","Richard",17184.21,2018-10-05 07:00:00,"M",24,"Harlaxton","QLD",25.24,"ccf80bd5fa8c415a989bbc28cc451003","CUS-51506836","151.95","-27.54","debit","Fri","23:18:23","23","October"
"8668","authorized","1","ACC-1598451071","153.41","-27.95","POS","202ea166-bafd-4b33-bdfc-1222faad3b29","Diana",3066.55,2018-10-05 07:00:00,"F",26,"Browns Plains","QLD",11.13,"cda1dfed40e74c08916331eace205067","CUS-2487424745","153.04","-27.66","debit","Fri","23:31:43","23","October"
"8669","authorized","1","ACC-3317636250","153.02","-27.66","POS","76021e87-8da7-42a0-aa26-6d44e380df28","Kenneth",14311.74,2018-10-05 07:00:00,"M",35,"Fortitude Valley","QLD",15.26,"629931af890d434aa3dd799b7968e0d7","CUS-2738291516","153.03","-27.46","debit","Fri","23:45:03","23","October"
"8670","authorized","1","ACC-2528867619","138.58","-34.96","SALES-POS","abf31fa7-2b8d-421b-85ca-1c81a4a04b64","Abigail",16362.61,2018-10-05 07:00:00,"F",40,"Sydney","NSW",20.53,"9f14c33c82204db181f3effd176625fb","CUS-2505971401","151.2","-33.87","debit","Fri","23:58:23","23","October"
"8671","authorized","0","ACC-182446574","116.06","-32.00","POS","cb66f9bd-3d5a-4d4c-8ef0-62d9cf973723","Tonya",7617.37,2018-10-06 07:00:00,"F",27,"Morley","WA",68.27,"009d8e6d221e46a9a7b677fe9e38275d","CUS-3026014945","115.9","-31.9","debit","Sat","00:54:59","00","October"
"8672","authorized","1","ACC-1037050564","153.10","-27.66","POS","ef56b5c0-4462-478d-a9d8-a4b4a1cffbc1","Rhonda",3935.48,2018-10-06 07:00:00,"F",40,"Brisbane City","QLD",20.45,"683657699ffd4d0dbb32c387350b8108","CUS-1614226872","153.03","-27.47","debit","Sat","01:15:19","01","October"
"8673","authorized","0","ACC-3233697971","151.04","-33.77","SALES-POS","8561280d-ea30-4616-8403-83f1fc217f88","Robin",10850.75,2018-10-06 07:00:00,"F",34,"Sydney","NSW",11.14,"de4703d3560f45c1bd0aff9065cfe1f6","CUS-1147642491","151.21","-33.87","debit","Sat","01:31:59","01","October"
"8674","authorized","0","ACC-2249586092","115.98","-32.07","SALES-POS","0ef8a903-b583-41c2-953e-746aefc07cda","Edward",9881.46,2018-10-06 07:00:00,"M",19,"Perth","WA",38.54,"bc81063d5aa94f5d84f154bdb13547ea","CUS-443776336","115.86","-31.95","debit","Sat","01:48:39","01","October"
"8675","posted",NA,"ACC-3481401842","115.74","-31.72","PAYMENT",NA,"Tiffany",7146.3,2018-10-06 07:00:00,"F",25,NA,NA,26,"eda553cd2771444ba1b1cbc1255511db","CUS-1669695324",NA,NA,"debit","Sat","02:00:00","02","October"
"8676","posted",NA,"ACC-1523339231","115.83","-31.90","PAYMENT",NA,"Tim",68732.87,2018-10-06 07:00:00,"M",40,NA,NA,183,"d003e7dcbf6847c7bf513c9cab19ebeb","CUS-1816693151",NA,NA,"debit","Sat","02:00:00","02","October"
"8677","posted",NA,"ACC-38923874","151.27","-33.90","PAYMENT",NA,"Ryan",44020.31,2018-10-06 07:00:00,"M",38,NA,NA,185,"c5d752b0307c458c8d14813aa9414bee","CUS-3249305314",NA,NA,"debit","Sat","02:00:00","02","October"
"8678","authorized","0","ACC-854938045","147.63","-22.84","SALES-POS","ed5f83fa-595e-4198-a9d6-939e591b7271","James",13130.3,2018-10-06 07:00:00,"M",28,"Mulgrave","VIC",45.28,"91c9977b1be643f5b385df8ab74c0880","CUS-4023861240","145.15","-37.93","debit","Sat","02:08:53","02","October"
"8679","authorized","0","ACC-2988263882","145.18","-37.90","POS","5d427229-a4bd-403f-8b33-e283e439b73f","Michael",6728.06,2018-10-06 07:00:00,"M",44,"Seddon","VIC",28.78,"b8b83a4e502c4fad9788abc3bdc7c9e7","CUS-1233833708","144.89","-37.81","debit","Sat","02:36:39","02","October"
"8680","authorized","1","ACC-2681137560","151.11","-33.99","POS","e7bf1c3f-19c1-4bf8-87c3-53e4bb09742d","Nathaniel",8886.45,2018-10-06 07:00:00,"M",31,"Collaroy Plateau","NSW",21.31,"73dee3418a73423fb6cde00a4ed4d755","CUS-2083971310","151.29","-33.73","debit","Sat","03:06:39","03","October"
"8681","authorized","1","ACC-1037050564","153.10","-27.66","POS","944375b1-299b-4ea7-b0db-445c19046930","Rhonda",3906.9,2018-10-06 07:00:00,"F",40,"Toowoomba","QLD",28.58,"3403c714678e493780c2639dad283c38","CUS-1614226872","151.98","-27.57","debit","Sat","03:48:19","03","October"
"8682","posted",NA,"ACC-2920611728","144.96","-37.76","PAYMENT",NA,"Tyler",8322.68,2018-10-06 07:00:00,"M",69,NA,NA,70,"60b205552e1c4c7e918926e1671a7912","CUS-1388323263",NA,NA,"debit","Sat","04:00:00","04","October"
"8683","posted",NA,"ACC-602667573","151.23","-33.96","PAYMENT",NA,"Michael",16351.49,2018-10-06 07:00:00,"M",40,NA,NA,189,"06a516e43a00431e910c942a8478a4ec","CUS-2031327464",NA,NA,"debit","Sat","04:00:00","04","October"
"8684","posted",NA,"ACC-964839203","146.92","-36.07","PAYMENT",NA,"Michael",38942.35,2018-10-06 07:00:00,"M",21,NA,NA,28,"428f0bef53d94acabaf719701e3ef209","CUS-2059096722",NA,NA,"debit","Sat","04:00:00","04","October"
"8685","authorized","0","ACC-2673069055","152.99","-27.49","SALES-POS","beedd5f7-1c68-42f7-9b18-1363b6a893fd","Richard",17171.47,2018-10-06 07:00:00,"M",24,"Loganholme","QLD",12.74,"6d4abc17b5cf4de2976ded5a7cbd9305","CUS-51506836","153.17","-27.66","debit","Sat","04:13:50","04","October"
"8686","authorized","1","ACC-3100725361","145.73","-17.03","SALES-POS","eb1a69e3-7c1a-40ca-8e3c-c85364f2c17e","Ronald",5695.75,2018-10-06 07:00:00,"M",25,"Inverloch","VIC",23.21,"f737d0fa8c2a46b49fdc1c748bfafb3a","CUS-2178051368","145.73","-38.63","debit","Sat","04:33:04","04","October"
"8687","authorized","1","ACC-1243371644","150.90","-33.78","SALES-POS","31d951c9-8a38-4573-8029-ed99335d8a50","Gregory",6982.32,2018-10-06 07:00:00,"M",42,"Ryde","NSW",23.4,"1347e6491037458093539496bf06a73f","CUS-3904958894","151.11","-33.81","debit","Sat","04:52:18","04","October"
"8688","posted",NA,"ACC-2681137560","151.11","-33.99","PAYMENT",NA,"Nathaniel",8860.45,2018-10-06 07:00:00,"M",31,NA,NA,26,"92a03233bbb74ef6b6adda751920e7eb","CUS-2083971310",NA,NA,"debit","Sat","05:00:00","05","October"
"8689","posted",NA,"ACC-1652235822","144.89","-37.81","PAYMENT",NA,"Renee",20118.54,2018-10-06 07:00:00,"F",38,NA,NA,45,"213f2e8300a44fbdad8b7596300f8674","CUS-2206365095",NA,NA,"debit","Sat","05:00:00","05","October"
"8690","posted",NA,"ACC-1650504218","145.01","-37.93","PAYMENT",NA,"Marissa",14073.4,2018-10-06 07:00:00,"F",23,NA,NA,43,"d666aac5b9364138913523a5c5a6fc48","CUS-2500783281",NA,NA,"debit","Sat","05:00:00","05","October"
"8691","posted",NA,"ACC-4281711154","144.98","-37.84","PAYMENT",NA,"Eric",40602.2,2018-10-06 07:00:00,"M",42,NA,NA,37,"9fb4b3ba9e474ae88e159b5675ae4c74","CUS-3151318058",NA,NA,"debit","Sat","05:00:00","05","October"
"8692","authorized","1","ACC-1279356312","144.79","-37.73","POS","0c040de5-2fa1-4e87-bfc9-dd43b7ed29df","Tyler",10756.54,2018-10-06 07:00:00,"M",44,"Hamilton","VIC",11.84,"e3fd465e53204dd8ad826143efb869d6","CUS-1892177589","142.02","-37.74","debit","Sat","06:23:04","06","October"
"8693","authorized","1","ACC-1349834573","145.17","-37.84","SALES-POS","e073b046-7632-4b69-a46b-681be6baa67c","Matthew",13861.53,2018-10-06 07:00:00,"M",39,"Brookvale","NSW",50.13,"eca8ade7fd1948209f5c0d9bb8463d12","CUS-1790886359","151.26","-33.77","debit","Sat","07:20:47","07","October"
"8694","authorized","1","ACC-1222300524","151.23","-33.94","SALES-POS","6ad3211d-0c5e-46a7-b768-a094d85fe5cf","Michael",1235.97,2018-10-06 07:00:00,"M",38,"Punchbowl","NSW",18.05,"f26ef936f7f74e66bd43106b37489e72","CUS-2142601169","151.06","-33.93","debit","Sat","08:00:23","08","October"
"8695","authorized","1","ACC-1037050564","153.10","-27.66","POS","6f138cb0-4469-42fc-aa96-ae277bce8f77","Rhonda",3893.64,2018-10-06 07:00:00,"F",40,"Burleigh Waters","QLD",13.26,"b3ab69ce37d141b59aded37d28b31e09","CUS-1614226872","153.42","-28.1","debit","Sat","08:19:36","08","October"
"8696","authorized","1","ACC-154431271","153.09","-27.48","SALES-POS","367204e2-4925-459b-aab1-9bc7807abfb5","Lori",3383.03,2018-10-06 07:00:00,"F",18,"Richlands","QLD",8.26,"b0ddd19fde2a4f91a8894e9c6ba09880","CUS-3702001629","152.96","-27.6","debit","Sat","08:38:50","08","October"
"8697","authorized","1","ACC-154431271","153.09","-27.48","SALES-POS","e3e28ad9-50a4-4a33-b675-bb611d49b517","Lori",3341.36,2018-10-06 07:00:00,"F",18,"Kalbarri","WA",41.67,"5dfcebbeb2904c6880f5bda2876c8ccd","CUS-3702001629","114.17","-27.7","debit","Sat","08:58:04","08","October"
"8698","authorized","1","ACC-2249586092","115.98","-32.07","POS","7c0ed0d1-0976-4859-9793-49e2083165a5","Edward",9822.56,2018-10-06 07:00:00,"M",19,"Broken Hill","NSW",58.9,"35f18c4dfb4441a2b9f4a2361db66e7c","CUS-443776336","141.47","-31.95","debit","Sat","09:10:27","09","October"
"8699","authorized","0","ACC-1598451071","153.41","-27.95","POS","a9d186de-f30b-43b1-af96-2cf6e5ed7b66","Diana",3061.97,2018-10-06 07:00:00,"F",26,"Palm Beach","QLD",4.58,"fb59dd906e084bad94670b0e4a9e719e","CUS-2487424745","153.47","-28.12","debit","Sat","09:22:05","09","October"
"8700","authorized","1","ACC-966140392","147.08","-37.97","POS","37604217-ac5b-4e40-a085-42ee3d7a123e","Joseph",7880.51,2018-10-06 07:00:00,"M",21,"Brunswick","VIC",35.94,"390a1f7a11954d2981d6d9dd2ff2ee0c","CUS-537508723","144.96","-37.78","debit","Sat","09:33:43","09","October"
"8701","authorized","1","ACC-4258502723","145.45","-37.74","SALES-POS","026ec7ae-946f-415e-9642-76d60d3d85d0","Kimberly",4607.15,2018-10-06 07:00:00,"F",24,"Atherton","QLD",52.85,"68999826b1b44794a7c2fee6fd07369e","CUS-3378712515","145.47","-17.27","debit","Sat","09:45:20","09","October"
"8702","authorized","1","ACC-1890605467","143.88","-37.66","SALES-POS","ec986b61-74bd-48d1-be51-3748899591fe","Alexander",19408.5,2018-10-06 07:00:00,"M",38,"Craigieburn","VIC",58.9,"ea610437b2aa401abdf4bbcdf853cb08","CUS-1478398256","144.94","-37.6","debit","Sat","09:56:58","09","October"
"8703","posted",NA,"ACC-574997646","150.79","-33.64","PAYMENT",NA,"Mackenzie",5322,2018-10-06 07:00:00,"F",18,NA,NA,45,"dcf2ab1783424442841760fbb8be737e","CUS-586638664",NA,NA,"debit","Sat","10:00:00","10","October"
"8704","authorized","1","ACC-1349834573","145.17","-37.84","SALES-POS","d7234bbe-5603-4f17-80f3-8c9b88035a3c","Matthew",13853.01,2018-10-06 07:00:00,"M",39,"Docklands","VIC",8.52,"e638f6689ab14c85a215c9d8f76dc18d","CUS-1790886359","144.95","-37.82","debit","Sat","10:09:51","10","October"
"8705","authorized","1","ACC-1598451071","153.41","-27.95","SALES-POS","b871810d-2737-45c0-8c1a-34dee0368cd3","Diana",3046.15,2018-10-06 07:00:00,"F",26,"Miami","QLD",15.82,"23d5a009fc624cbf9a4edbcaa044ce52","CUS-2487424745","153.45","-28.07","debit","Sat","10:23:11","10","October"
"8706","authorized","0","ACC-1222300524","151.23","-33.94","POS","f6fe96a8-b6c9-403c-b187-708a20528584","Michael",673.21,2018-10-06 07:00:00,"M",38,"Punchbowl","NSW",562.76,"0f7c6beb52bd495eacf1df88eb793732","CUS-2142601169","151.06","-33.94","debit","Sat","10:36:31","10","October"
"8707","authorized","1","ACC-1973887809","115.78","-31.90","SALES-POS","9eead900-f871-4ecc-b545-9dd53a807abb","Antonio",6997.68,2018-10-06 07:00:00,"M",26,"Mount Lawley","WA",19.15,"1d2fe7c053724c1096768a19b5b7e68b","CUS-1646621553","115.87","-31.93","debit","Sat","10:49:51","10","October"
"8708","posted",NA,"ACC-2681137560","151.11","-33.99","PAYMENT",NA,"Nathaniel",8843.45,2018-10-06 07:00:00,"M",31,NA,NA,17,"62d75fa793c74577bc8a46ef35f49236","CUS-2083971310",NA,NA,"debit","Sat","11:00:00","11","October"
"8709","authorized","1","ACC-1598451071","153.41","-27.95","POS","4345dbd1-dfa8-4466-892a-4136a5ae08a2","Diana",3033.96,2018-10-06 07:00:00,"F",26,"Labrador","QLD",12.19,"f953e12fecf14e2dab7bf425b5ba9843","CUS-2487424745","153.41","-27.94","debit","Sat","11:01:46","11","October"
"8710","authorized","1","ACC-4258502723","145.45","-37.74","POS","c853cedf-5ab2-4252-a20f-51b76de236e6","Kimberly",4597.44,2018-10-06 07:00:00,"F",24,"Melton","VIC",9.71,"4f0094b2f1374a1f8dcf63de9057ef75","CUS-3378712515","144.6","-37.69","debit","Sat","11:09:11","11","October"
"8711","authorized","1","ACC-1443681913","150.92","-33.77","SALES-POS","4a17692a-cce0-4bcb-986c-a8e8976b00ab","Ryan",4780.55,2018-10-06 07:00:00,"M",31,"Lawson","NSW",20.25,"2edf70583f974f259726b1bb54e9cef8","CUS-3129499595","150.43","-33.72","debit","Sat","11:16:35","11","October"
"8712","authorized","1","ACC-1523339231","115.83","-31.90","POS","74986e8f-58e8-4dc2-8d45-d79f5b63ba27","Tim",68664.45,2018-10-06 07:00:00,"M",40,"East Perth","WA",68.42,"fb7cee7e78b04fdb9d550b8cc5e1827c","CUS-1816693151","115.87","-31.95","debit","Sat","11:23:59","11","October"
"8713","authorized","0","ACC-3021093232","149.83","-29.47","SALES-POS","810744c3-c292-4d3c-b9ee-1ee0305c7950","Melissa",9051.1,2018-10-06 07:00:00,"F",30,"Goulburn","NSW",24.13,"c2863506a000418d8dc74f77cabdb498","CUS-55310383","149.74","-34.72","debit","Sat","11:31:24","11","October"
"8714","authorized","0","ACC-1243371644","150.90","-33.78","POS","00efbb20-4fc0-4823-843a-05624e37ec5b","Gregory",6564.24,2018-10-06 07:00:00,"M",42,"Mount Druitt","NSW",418.08,"2c3c31d9735344288237ec4e33065354","CUS-3904958894","150.82","-33.77","debit","Sat","11:38:48","11","October"
"8715","authorized","1","ACC-2988263882","145.18","-37.90","POS","a827fd32-6bb6-4b26-a85f-976e84c03373","Michael",6701.95,2018-10-06 07:00:00,"M",44,"Watsonia","VIC",26.11,"a34bde7b63b74671a133c5af01caec1e","CUS-1233833708","145.08","-37.71","debit","Sat","11:46:13","11","October"
"8716","authorized","1","ACC-2673069055","152.99","-27.49","SALES-POS","51c48fe8-7f8d-4b1d-9c51-a76202af058f","Richard",17130.83,2018-10-06 07:00:00,"M",24,"Toowoomba City","QLD",40.64,"f7dc00036fb440749701e3b7859d1751","CUS-51506836","151.95","-27.56","debit","Sat","11:53:37","11","October"
"8717","posted",NA,"ACC-588564840","151.27","-33.76","PAYMENT",NA,"Isaiah",17357.56,2018-10-06 07:00:00,"M",23,NA,NA,101,"8b36b9080af94ffa8ee7a540189fa8c7","CUS-1462656821",NA,NA,"debit","Sat","12:00:00","12","October"
"8718","posted",NA,"ACC-1998563091","149.03","-35.25","PAYMENT",NA,"David",17442.43,2018-10-06 07:00:00,"M",42,NA,NA,45,"544e87c5f6c545ec9467339e710cee00","CUS-3395687666",NA,NA,"debit","Sat","12:00:00","12","October"
"8719","authorized","0","ACC-1243371644","150.90","-33.78","SALES-POS","6102e64f-516d-4b51-bc28-87dbfe089f5c","Gregory",6536.2,2018-10-06 07:00:00,"M",42,"Southbank","VIC",28.04,"2d7b5da674ef44f1b69f1adaad68a68d","CUS-3904958894","144.97","-37.83","debit","Sat","12:02:22","12","October"
"8720","authorized","1","ACC-1443681913","150.92","-33.77","POS","18c8ce9c-128f-42ba-a8dd-a4f7c57ca18f","Ryan",4761.24,2018-10-06 07:00:00,"M",31,"Saint Ives","NSW",19.31,"de76694b3338472a8e25f67b6d61c182","CUS-3129499595","151.16","-33.73","debit","Sat","12:19:19","12","October"
"8721","authorized","0","ACC-2249586092","115.98","-32.07","SALES-POS","6819a43a-7439-4c9d-9178-347066d0eaf7","Edward",9813.17,2018-10-06 07:00:00,"M",19,"Inglewood","WA",9.39,"64e2ef6e899d49ccb9f25559914cdf6a","CUS-443776336","115.89","-31.92","debit","Sat","12:36:16","12","October"
"8722","authorized","0","ACC-3481401842","115.74","-31.72","SALES-POS","18457d6a-d736-4eb3-885d-d34f13ffcad3","Tiffany",7132.55,2018-10-06 07:00:00,"F",25,"Joondalup","WA",13.75,"7293712634754581bf38e870ffc8d8d4","CUS-1669695324","115.77","-31.74","debit","Sat","12:53:13","12","October"
"8723","posted",NA,"ACC-90814749","151.68","-32.98","INTER BANK",NA,"Christopher",11696.7,2018-10-06 07:00:00,"M",35,NA,NA,44,"a67ad8f1e7a745929b2a3200896bfe04","CUS-1896554896",NA,NA,"debit","Sat","13:00:00","13","October"
"8724","authorized","1","ACC-966140392","147.08","-37.97","SALES-POS","237b667f-5419-4bf8-b4ab-8eaeaef27bbb","Joseph",7860.21,2018-10-06 07:00:00,"M",21,"Springvale","VIC",20.3,"67192d49ab8647f3941105a451605392","CUS-537508723","145.15","-37.95","debit","Sat","13:10:42","13","October"
"8725","authorized","1","ACC-4258502723","145.45","-37.74","SALES-POS","d7dd53db-f124-4583-84e7-6ed8d1193a10","Kimberly",4580.16,2018-10-06 07:00:00,"F",24,"Mount Gambier","SA",17.28,"38b8f08186024251aaf35dae65d00a07","CUS-3378712515","140.79","-37.81","debit","Sat","13:28:34","13","October"
"8726","authorized","1","ACC-1243371644","150.90","-33.78","POS","f6e25247-a91e-40ef-9bf2-46a0b2bce7d2","Gregory",6528.66,2018-10-06 07:00:00,"M",42,"Llandilo","NSW",7.54,"d0277ec9994f42c592e1504499f5b622","CUS-3904958894","150.75","-33.71","debit","Sat","13:46:25","13","October"
"8727","posted",NA,"ACC-37709441","153.41","-28.01","INTER BANK",NA,"Charles",17067.54,2018-10-06 07:00:00,"M",18,NA,NA,45,"fc484102d7154c4188f3752a249466da","CUS-3336454548",NA,NA,"debit","Sat","14:00:00","14","October"
"8728","authorized","1","ACC-154431271","153.09","-27.48","POS","56c12657-9a47-4bec-8e3e-fdef6095f510","Lori",3317.87,2018-10-06 07:00:00,"F",18,"Lowood","QLD",23.49,"c1fb18b9bf3b407099509984acc77ccd","CUS-3702001629","152.58","-27.46","debit","Sat","14:01:59","14","October"
"8729","authorized","0","ACC-154431271","153.09","-27.48","POS","07030b6d-76a0-4fa5-a868-178e8edaaef5","Lori",3295.87,2018-10-06 07:00:00,"F",18,"Geebung","QLD",22,"e8440a43335145adade857cced58cadf","CUS-3702001629","153.04","-27.37","debit","Sat","14:10:14","14","October"
"8730","authorized","1","ACC-2673069055","152.99","-27.49","SALES-POS","105dadbb-cfaa-4e9d-a7e3-2466be9f3fcd","Richard",17110.22,2018-10-06 07:00:00,"M",24,"Kenmore","QLD",20.61,"a44f83a2cd094d54b74bcf70305fbe25","CUS-51506836","152.95","-27.51","debit","Sat","14:18:30","14","October"
"8731","authorized","0","ACC-4258502723","145.45","-37.74","SALES-POS","10def92b-faf5-4491-a6d6-bf291413107d","Kimberly",4567.15,2018-10-06 07:00:00,"F",24,"Malvern","VIC",13.01,"1008acf46e754a37ad4a2f4e0cb7e33e","CUS-3378712515","145.04","-37.85","debit","Sat","14:26:46","14","October"
"8732","authorized","1","ACC-1222300524","151.23","-33.94","POS","2fe4b555-6114-420d-92ac-1b9ab3294c8e","Michael",659.02,2018-10-06 07:00:00,"M",38,"Liverpool","NSW",14.19,"9e35ce296b014f7da33347a0f3217e4b","CUS-2142601169","150.92","-33.91","debit","Sat","14:35:02","14","October"
"8733","authorized","1","ACC-2673069055","152.99","-27.49","SALES-POS","323277c2-a17f-4c88-97a5-5c120e3e07fd","Richard",17089.22,2018-10-06 07:00:00,"M",24,"Arana Hills","QLD",21,"3d537b64388d4243956058531571977b","CUS-51506836","152.96","-27.4","debit","Sat","14:43:18","14","October"
"8734","authorized","1","ACC-1652235822","144.89","-37.81","POS","e78a0aea-594b-4fba-959b-0d3a64870e40","Renee",20106.53,2018-10-06 07:00:00,"F",38,"Elwood","VIC",12.01,"58715f8109fa4c33b377756c1e0927bb","CUS-2206365095","144.99","-37.89","debit","Sat","14:51:34","14","October"
"8735","authorized","1","ACC-3481401842","115.74","-31.72","SALES-POS","79ef2a69-e119-4d7b-a33c-7099f65c8c5d","Tiffany",7066.11,2018-10-06 07:00:00,"F",25,"Wangara","WA",66.44,"e21d84cbf77742e1a9e607deca3a0ddb","CUS-1669695324","115.82","-31.79","debit","Sat","14:59:50","14","October"
"8736","posted",NA,"ACC-3481401842","115.74","-31.72","PAYMENT",NA,"Tiffany",6906.11,2018-10-06 07:00:00,"F",25,NA,NA,160,"33f85704dd5c4b00b69ec424d6a08129","CUS-1669695324",NA,NA,"debit","Sat","15:00:00","15","October"
"8737","authorized","1","ACC-182446574","116.06","-32.00","POS","65c70256-9c0c-46f7-aba1-5065fbcc350a","Tonya",7600.48,2018-10-06 07:00:00,"F",27,"Claremont","WA",16.89,"63e524f794b44cbbab9411fa3a0caf61","CUS-3026014945","115.78","-31.98","debit","Sat","15:11:08","15","October"
"8738","authorized","0","ACC-2776252858","144.95","-37.76","SALES-POS","7941c931-b86c-420b-b820-9ebf0c4effb9","Kristin",6978.33,2018-10-06 07:00:00,"F",43,"Collingwood","VIC",7.94,"1a6c6eb644f84bcc90c9eec5b75dfe48","CUS-4123612273","144.98","-37.81","debit","Sat","15:22:29","15","October"
"8739","authorized","1","ACC-1443681913","150.92","-33.77","SALES-POS","cf5c7992-56f1-470d-a133-7dcd5471e798","Ryan",4731.54,2018-10-06 07:00:00,"M",31,"Casula","NSW",29.7,"b25eed9d57b94c59bea6d1063e3f9381","CUS-3129499595","150.89","-33.96","debit","Sat","15:33:51","15","October"
"8740","authorized","1","ACC-2673069055","152.99","-27.49","POS","04c60c34-c302-4a70-83a7-cf3a70d8a106","Richard",15946.97,2018-10-06 07:00:00,"M",24,"Mount Gravatt","QLD",1142.25,"c1c6cf3a95ae48a6b512a1f646b40b15","CUS-51506836","153.07","-27.53","debit","Sat","15:45:13","15","October"
"8741","authorized","1","ACC-1056639002","145.03","-37.91","POS","f586891e-8bf9-4bbc-bb15-90d8c0738204","Michael",50486.29,2018-10-06 07:00:00,"M",22,"Southbank","VIC",17.42,"fad4eec612404275b2196a5acf1966c3","CUS-3462882033","144.97","-37.82","debit","Sat","15:56:35","15","October"
"8742","posted",NA,"ACC-2920611728","144.96","-37.76","PAYMENT",NA,"Tyler",8305.68,2018-10-06 07:00:00,"M",69,NA,NA,17,"ca7a6173eccf453f8e10d73525036397","CUS-1388323263",NA,NA,"debit","Sat","16:00:00","16","October"
"8743","posted",NA,"ACC-37709441","153.41","-28.01","PHONE BANK",NA,"Charles",17046.54,2018-10-06 07:00:00,"M",18,NA,NA,21,"7c88dd4e1cc747c0aac2cc5921a79dad","CUS-3336454548",NA,NA,"debit","Sat","16:00:00","16","October"
"8744","authorized","0","ACC-966140392","147.08","-37.97","SALES-POS","6e268cb4-abc2-41b1-9f90-beac7955627f","Joseph",7853,2018-10-06 07:00:00,"M",21,"Hawthorn","VIC",7.21,"3fd660516f6b4e45aba845cb5e0e1c04","CUS-537508723","145.04","-37.82","debit","Sat","16:12:04","16","October"
"8745","authorized","1","ACC-2673069055","152.99","-27.49","SALES-POS","8fa7c1a9-28e3-4b02-92ef-58510a010425","Richard",15862.15,2018-10-06 07:00:00,"M",24,"Fortitude Valley","QLD",84.82,"546257e7215c4402b5896e62d7ce7225","CUS-51506836","153.04","-27.46","debit","Sat","16:29:18","16","October"
"8746","authorized","1","ACC-1243371644","150.90","-33.78","SALES-POS","78fdf0b7-9078-4e78-b39f-9f2094e7a714","Gregory",6519.53,2018-10-06 07:00:00,"M",42,"Forestville","NSW",9.13,"0b722f5c338e443c9aa6345a1e725ab1","CUS-3904958894","151.21","-33.76","debit","Sat","16:46:33","16","October"
"8747","posted",NA,"ACC-3827517394","151.12","-33.89","PAYMENT",NA,"Craig",41180.99,2018-10-06 07:00:00,"M",28,NA,NA,128,"291056ba17f9450d945f8a8d40cc8139","CUS-2663907001",NA,NA,"debit","Sat","17:00:00","17","October"
"8748","posted",NA,"ACC-854938045","147.63","-22.84","PAYMENT",NA,"James",13081.3,2018-10-06 07:00:00,"M",28,NA,NA,49,"b1e23a17c18c4354bbea5b72a492ef18","CUS-4023861240",NA,NA,"debit","Sat","17:00:00","17","October"
"8749","authorized","1","ACC-1334819143","145.13","-37.70","SALES-POS","253ccdff-41c7-47cd-8bb6-8032f6098b18","Christopher",63506.78,2018-10-06 07:00:00,"M",33,"Boxhill","VIC",8.91,"413ce4047e8e41fb9bdf5484e98ac847","CUS-3117610635","145.12","-37.82","debit","Sat","17:02:25","17","October"
"8750","authorized","1","ACC-3536132544","144.93","-37.79","SALES-POS","66d798ac-f635-4c07-869d-95376ec05761","Heather",7156.16,2018-10-06 07:00:00,"F",41,"Clayton","VIC",14.79,"0372ea89bda24c82b7f0bd3e61989148","CUS-2348881191","145.15","-37.91","debit","Sat","17:13:24","17","October"
"8751","authorized","1","ACC-1334819143","145.13","-37.70","POS","e170b598-8961-4c29-9ee1-d9a98196801c","Christopher",63447.92,2018-10-06 07:00:00,"M",33,"Mount Gambier","SA",58.86,"bd3ff76526464c3daf2c436831a7893c","CUS-3117610635","140.78","-37.83","debit","Sat","17:24:23","17","October"
"8752","authorized","1","ACC-1973887809","115.78","-31.90","POS","037df7f6-f9a6-43d9-ac0b-2708f6bc712f","Antonio",6974.61,2018-10-06 07:00:00,"M",26,"Morley","WA",23.07,"1b0ccc9806084aa18927866fe3b764f7","CUS-1646621553","115.9","-31.89","debit","Sat","17:35:23","17","October"
"8753","authorized","0","ACC-2776252858","144.95","-37.76","SALES-POS","489d0f87-45fe-4b48-9899-d85d30d621f5","Kristin",6959.19,2018-10-06 07:00:00,"F",43,"Maribyrnong","VIC",19.14,"8fb3cecd618f4849aeff43401f42dc17","CUS-4123612273","144.89","-37.77","debit","Sat","17:46:22","17","October"
"8754","authorized","1","ACC-1598451071","153.41","-27.95","POS","6e73598f-dae0-4131-b907-9e07fed4fc58","Diana",3018.49,2018-10-06 07:00:00,"F",26,"Southport","QLD",15.47,"3e2d7eb880b6452295153a034291f13d","CUS-2487424745","153.38","-27.96","debit","Sat","17:57:21","17","October"
"8755","posted",NA,"ACC-958000567","130.90","-12.37","PAYMENT",NA,"Sandra",9003.95,2018-10-06 07:00:00,"F",34,NA,NA,17,"da03243e13b54ae883a55fca227e5c75","CUS-4142663097",NA,NA,"debit","Sat","18:00:00","18","October"
"8756","authorized","0","ACC-3233697971","151.04","-33.77","SALES-POS","b2813c25-0d20-4081-8d84-e7cb91fa8ef8","Robin",10826.36,2018-10-06 07:00:00,"F",34,"Tempe","NSW",24.39,"c659a2cfac01486aaea3876d8cabac4f","CUS-1147642491","151.17","-33.92","debit","Sat","18:17:16","18","October"
"8757","authorized","1","ACC-3481401842","115.74","-31.72","SALES-POS","2be09a29-2f79-4cb3-9ed2-36594d0138d4","Tiffany",6857.72,2018-10-06 07:00:00,"F",25,"Yarraman","NSW",48.39,"0e16731e6e524977b93371e7405665f5","CUS-1669695324","150.15","-31.67","debit","Sat","18:39:59","18","October"
"8758","authorized","1","ACC-4065652575","115.81","-31.82","SALES-POS","21b00470-af61-44be-b19b-395cd00536df","Lucas",12273.33,2018-10-06 07:00:00,"M",21,"Canning Vale","WA",59.84,"4659c4e4a0aa4c4a98ffe3c1af9b90dc","CUS-1117979751","115.91","-32.06","debit","Sat","19:01:21","19","October"
"8759","authorized","1","ACC-966140392","147.08","-37.97","SALES-POS","ae5f353c-afd0-4ed5-a4e3-d8b5bf48b5ec","Joseph",7805.56,2018-10-06 07:00:00,"M",21,"Adelaide","SA",47.44,"8aff2caf568b4277a6b8edfba04c05d2","CUS-537508723","138.6","-34.92","debit","Sat","19:12:43","19","October"
"8760","authorized","1","ACC-3741880913","150.50","-23.40","POS","5dff36d2-8931-400a-ab57-8ec3a5e2879c","Ashley",10035.34,2018-10-06 07:00:00,"F",25,"Alpine","NSW",29.68,"587833c2448541468da927b564f1d38a","CUS-1220154422","150.52","-34.41","debit","Sat","19:24:05","19","October"
"8761","authorized","1","ACC-240804743","121.48","-30.75","POS","f4c25daa-db9b-4373-9d40-645cd4654f40","Kenneth",18737.22,2018-10-06 07:00:00,"M",29,"Chippendale","NSW",20.91,"05fd5a64f34141a888185f4d6bbb187a","CUS-261674136","151.2","-33.89","debit","Sat","19:35:27","19","October"
"8762","authorized","0","ACC-1424176027","151.08","-33.93","SALES-POS","d45734b6-bb82-4a47-af48-848ca00f786c","Donald",8523.8,2018-10-06 07:00:00,"M",22,"Werrington County","NSW",10.11,"367715be154a4ef59de3bf54f5ecca7b","CUS-3431016847","150.74","-33.75","debit","Sat","19:46:49","19","October"
"8763","authorized","1","ACC-1334819143","145.13","-37.70","SALES-POS","93663348-7244-4899-8da2-bf9bf9948b55","Christopher",63417.66,2018-10-06 07:00:00,"M",33,"Elsternwick","VIC",30.26,"10c0248b06b8471fad8ce5a4c75d8776","CUS-3117610635","145","-37.88","debit","Sat","19:58:10","19","October"
"8764","posted",NA,"ACC-4258502723","145.45","-37.74","INTER BANK",NA,"Kimberly",4539.15,2018-10-06 07:00:00,"F",24,NA,NA,28,"d04b9f0d2cb645179db2ae17e149dde9","CUS-3378712515",NA,NA,"debit","Sat","20:00:00","20","October"
"8765","authorized","1","ACC-2988263882","145.18","-37.90","POS","f384be2a-f321-478b-bf51-e55a6b1446f7","Michael",6684.48,2018-10-06 07:00:00,"M",44,"Melbourne Airport","VIC",17.47,"e5f6a9098b0843658dc610a2a0d06abf","CUS-1233833708","144.84","-37.67","debit","Sat","20:06:13","20","October"
"8766","authorized","1","ACC-1683215619","138.67","-34.86","SALES-POS","a18e3adf-6e64-4d48-b236-5f5f58f0d3df","Barry",7826.38,2018-10-06 07:00:00,"M",38,"Holt","ACT",21.3,"bf2d40162b594fbab3735d6d37fd43f1","CUS-1604596597","149.02","-35.22","debit","Sat","20:13:37","20","October"
"8767","authorized","1","ACC-1243371644","150.90","-33.78","POS","382b8363-606d-40ae-a8b7-afac9e5d1559","Gregory",6495.1,2018-10-06 07:00:00,"M",42,"The Rocks","NSW",24.43,"5c08a5c5d87645f284683a2cbc7817a5","CUS-3904958894","151.21","-33.86","debit","Sat","20:21:02","20","October"
"8768","authorized","1","ACC-2988263882","145.18","-37.90","POS","14bd3444-8b8e-4a12-a834-04bf3f8808a1","Michael",6668.41,2018-10-06 07:00:00,"M",44,"Coburg","VIC",16.07,"8e430f52dc1c435ea9c53ef0b90dc84d","CUS-1233833708","144.97","-37.74","debit","Sat","20:28:26","20","October"
"8769","authorized","1","ACC-3771436525","145.04","-37.92","POS","feb0c3e2-c8ca-450f-9b7f-3dc378fbd34f","Derek",5066.44,2018-10-06 07:00:00,"M",20,"Rowville","VIC",11.54,"6bcb401500754c3d8aed43fc78e75164","CUS-3325710106","145.25","-37.93","debit","Sat","20:35:51","20","October"
"8770","authorized","1","ACC-1652235822","144.89","-37.81","SALES-POS","906a8374-5221-4585-ae63-f1717fe54c33","Renee",20090.6,2018-10-06 07:00:00,"F",38,"Maribyrnong","VIC",15.93,"6baacaeb524741d68a7cc0ff58643bdd","CUS-2206365095","144.89","-37.77","debit","Sat","20:43:15","20","October"
"8771","authorized","1","ACC-1652235822","144.89","-37.81","SALES-POS","75e600e1-bf94-47c6-923a-e1c97021bf8f","Renee",20060.18,2018-10-06 07:00:00,"F",38,"Nunawading","VIC",30.42,"3a3e523c2aa94f149c2e02dbd4599858","CUS-2206365095","145.17","-37.82","debit","Sat","20:50:39","20","October"
"8772","authorized","1","ACC-1598451071","153.41","-27.95","SALES-POS","bdca0bc4-7fae-4885-9ff0-378d0ed01674","Diana",3007.39,2018-10-06 07:00:00,"F",26,"Robina","QLD",11.1,"d882861e2fcc40588b7be5e15d58578c","CUS-2487424745","153.39","-28.07","debit","Sat","20:58:04","20","October"
"8773","posted",NA,"ACC-1344825761","151.09","-33.91","PAYMENT",NA,"Sarah",22733.41,2018-10-06 07:00:00,"F",46,NA,NA,28,"428530d59d8b4b86aed0855d2e8dff09","CUS-1499065773",NA,NA,"debit","Sat","21:00:00","21","October"
"8774","authorized","1","ACC-1349834573","145.17","-37.84","POS","d45df1bd-91b3-4a90-be55-8068f8b92bca","Matthew",13823.05,2018-10-06 07:00:00,"M",39,"Altona North","VIC",29.96,"1d5e76d3f208443088e5d7a2e3783648","CUS-1790886359","144.86","-37.84","debit","Sat","21:03:36","21","October"
"8775","authorized","1","ACC-2988263882","145.18","-37.90","POS","541ca120-5600-48cd-adca-3e638d2baffb","Michael",6636.26,2018-10-06 07:00:00,"M",44,"Southport","QLD",32.15,"b3c274977a4d4d2f90c19896a70614aa","CUS-1233833708","153.41","-27.97","debit","Sat","21:08:29","21","October"
"8776","authorized","0","ACC-3233697971","151.04","-33.77","POS","efc08534-0d8d-4bf0-b4fc-4362fb67b93d","Robin",10784.66,2018-10-06 07:00:00,"F",34,"Vasse","WA",41.7,"7412718951ef4ff6b265b9dee76187f4","CUS-1147642491","115.25","-33.68","debit","Sat","21:13:21","21","October"
"8777","authorized","0","ACC-854938045","147.63","-22.84","POS","331ab704-9468-460b-b677-4c170a3cc5b9","James",13060.16,2018-10-06 07:00:00,"M",28,"Tieri","QLD",21.14,"fce396d4ce7841aba61270bf9e2e55a1","CUS-4023861240","148.34","-23.04","debit","Sat","21:18:14","21","October"
"8778","authorized","0","ACC-182446574","116.06","-32.00","POS","b59f20e4-9e0d-4b4a-b3ae-094a6235ffe4","Tonya",7593.65,2018-10-06 07:00:00,"F",27,"Subiaco","WA",6.83,"750ba1d2228247a7a1306ee02675e6e3","CUS-3026014945","115.83","-31.95","debit","Sat","21:23:07","21","October"
"8779","authorized","1","ACC-3771436525","145.04","-37.92","SALES-POS","fcb5fe43-6f63-4dd6-a526-5e2bcab67da2","Derek",5060.46,2018-10-06 07:00:00,"M",20,"Melbourne","VIC",5.98,"f744e5df43ad4923b686d5bc736e2a06","CUS-3325710106","144.96","-37.82","debit","Sat","21:27:59","21","October"
"8780","authorized","1","ACC-3541460373","145.00","-37.83","POS","32aac8ce-69eb-407d-bbbc-cb40571549f8","Jeffrey",3428.77,2018-10-06 07:00:00,"M",24,"North Sydney","NSW",43.83,"265e7f6dc66e46b2934244bbb6d27e2b","CUS-1433879684","151.21","-33.84","debit","Sat","21:32:52","21","October"
"8781","authorized","1","ACC-1037050564","153.10","-27.66","SALES-POS","fa9e019d-037f-4d0e-8c55-29383b059b1f","Rhonda",3835.57,2018-10-06 07:00:00,"F",40,"Ashmore","QLD",58.07,"c43801428e33451290e370ec0fdfe3a3","CUS-1614226872","153.38","-27.98","debit","Sat","21:37:45","21","October"
"8782","authorized","1","ACC-154431271","153.09","-27.48","POS","16f87b35-bf91-4632-83c5-b4d9041c7cbe","Lori",3282.51,2018-10-06 07:00:00,"F",18,"Wilsonton Heights","QLD",13.36,"f6e79151fcf04241969eff7bde2be007","CUS-3702001629","151.93","-27.53","debit","Sat","21:42:38","21","October"
"8783","authorized","1","ACC-3481401842","115.74","-31.72","SALES-POS","258425db-044e-4e77-b6a5-c6a060c50d1f","Tiffany",6830.77,2018-10-06 07:00:00,"F",25,"South Perth","WA",26.95,"600168c1838a4e7fb61c4bebc142368e","CUS-1669695324","115.85","-31.97","debit","Sat","21:47:30","21","October"
"8784","authorized","1","ACC-847145727","115.90","-31.92","SALES-POS","58cd3120-ac03-4968-9c6d-0f3523469769","Michael",58940.84,2018-10-06 07:00:00,"M",19,"Old Bar","NSW",53.29,"61ac5c82855e4302a1195cc6c6d2ab4b","CUS-1609060617","152.58","-31.97","debit","Sat","21:52:23","21","October"
"8785","authorized","1","ACC-1890605467","143.88","-37.66","POS","d981a2bd-207c-45ec-b921-1d0d68fa4aa2","Alexander",19379.72,2018-10-06 07:00:00,"M",38,"Fitzroy North","VIC",28.78,"8508bfb708ad4e4bb67bc3524e58d3cc","CUS-1478398256","144.98","-37.78","debit","Sat","21:57:16","21","October"
"8786","posted",NA,"ACC-1799207998","150.68","-33.79","PAYMENT",NA,"Susan",7952.78,2018-10-06 07:00:00,"F",20,NA,NA,30,"243cb4bbc6864e72baff8aa161299431","CUS-164374203",NA,NA,"debit","Sat","22:00:00","22","October"
"8787","posted",NA,"ACC-38923874","151.27","-33.90","PAYMENT",NA,"Ryan",43886.31,2018-10-06 07:00:00,"M",38,NA,NA,134,"470ccdcf92dc460eb0bf4e49dbc27832","CUS-3249305314",NA,NA,"debit","Sat","22:00:00","22","October"
"8788","authorized","0","ACC-182446574","116.06","-32.00","SALES-POS","bedfaec0-2483-449c-9d0f-b8492469a4a2","Tonya",7580.07,2018-10-06 07:00:00,"F",27,"Taree","NSW",13.58,"c57610c4b7ea4775a0db96bad9472aec","CUS-3026014945","152.46","-31.91","debit","Sat","22:03:55","22","October"
"8789","authorized","1","ACC-1443681913","150.92","-33.77","POS","0b9370d0-c8d1-406d-8915-640ff9115c7c","Ryan",4696.59,2018-10-06 07:00:00,"M",31,"Lane Cove","NSW",34.95,"732a7a38a9304d8eb46e628953da8fb1","CUS-3129499595","151.17","-33.81","debit","Sat","22:12:51","22","October"
"8790","authorized","1","ACC-1608363396","151.22","-33.87","POS","5f030ee3-7d34-41d2-bbc9-8e7d72861aeb","Robert",8908.03,2018-10-06 07:00:00,"M",20,"Marrickville","NSW",31.28,"733206f10caa40d6bde3c6e3b519dfbd","CUS-2688605418","151.17","-33.91","debit","Sat","22:21:47","22","October"
"8791","authorized","1","ACC-1222300524","151.23","-33.94","POS","018eeae6-d3d9-4c1c-b74c-cf436ae9fb58","Michael",653.87,2018-10-06 07:00:00,"M",38,"Seven Hills","NSW",5.15,"c31f887186874ba7bb9013aac196f1bd","CUS-2142601169","150.94","-33.77","debit","Sat","22:30:42","22","October"
"8792","authorized","0","ACC-3481401842","115.74","-31.72","POS","deb7ade5-9552-4ab1-abff-a0ba6721bb15","Tiffany",6795.63,2018-10-06 07:00:00,"F",25,"Gilgandra","NSW",35.14,"c8d202839ab245d195a75efad965f926","CUS-1669695324","148.67","-31.71","debit","Sat","22:39:38","22","October"
"8793","authorized","1","ACC-1222300524","151.23","-33.94","SALES-POS","e9c95a83-b406-414e-b447-0ec282d38faf","Michael",644.75,2018-10-06 07:00:00,"M",38,"Margaret River","WA",9.12,"47299db04c55462d8273903b208f4602","CUS-2142601169","115.07","-33.95","debit","Sat","22:48:34","22","October"
"8794","authorized","0","ACC-1973887809","115.78","-31.90","POS","1442095a-d3ee-4536-9d80-2ddc67f4836a","Antonio",6946.4,2018-10-06 07:00:00,"M",26,"Bassendean","WA",28.21,"63bfa5ffb20f443daa2420f8033b2d6f","CUS-1646621553","115.95","-31.91","debit","Sat","22:57:29","22","October"
"8795","posted",NA,"ACC-2014856841","144.99","-37.90","PAYMENT",NA,"Patrick",266426.07,2018-10-06 07:00:00,"M",46,NA,NA,43,"ca66dd0491874fbcac7fb3f46cdcd7b1","CUS-2370108457",NA,NA,"debit","Sat","23:00:00","23","October"
"8796","posted",NA,"ACC-3954677887","115.72","-32.28","PAYMENT",NA,"Ruth",6260.07,2018-10-06 07:00:00,"F",47,NA,NA,24,"f0776aca2ebc4b23be771df1525a34f1","CUS-3716701010",NA,NA,"debit","Sat","23:00:00","23","October"
"8797","authorized","1","ACC-847145727","115.90","-31.92","POS","fc01efdd-0bf4-4b5d-aa1b-c48ce9bed120","Michael",58858.76,2018-10-06 07:00:00,"M",19,"Sydney","NSW",82.08,"d65a0b627c8a4a8f9cd4e9a54bef969c","CUS-1609060617","151.21","-33.87","debit","Sat","23:09:28","23","October"
"8798","authorized","1","ACC-240804743","121.48","-30.75","SALES-POS","e28c426d-cbef-4e2d-aa06-1ba0b6b1902f","Kenneth",18720.31,2018-10-06 07:00:00,"M",29,"Boggabri","NSW",16.91,"8c43cfde1d2d43458537ca22a37a97a6","CUS-261674136","150.04","-30.7","debit","Sat","23:22:37","23","October"
"8799","authorized","1","ACC-847145727","115.90","-31.92","SALES-POS","667ea255-c7b0-439a-bc9b-0e10b7bcaf33","Michael",58814.87,2018-10-06 07:00:00,"M",19,"Canning Vale","WA",43.89,"6ce0187250af4ca9887dae1974e28d18","CUS-1609060617","115.91","-32.09","debit","Sat","23:35:47","23","October"
"8800","authorized","1","ACC-2901672282","255.00","-573.00","SALES-POS","7dd64d5b-fe30-4a81-be18-03b2cf47faf1","Daniel",8822.25,2018-10-06 07:00:00,"M",22,"Fortitude Valley","QLD",36.81,"4768fb082c6446309183b9b20568c3fc","CUS-1617121891","153.03","-27.45","debit","Sat","23:48:56","23","October"
"8801","authorized","1","ACC-1037050564","153.10","-27.66","POS","258f989d-1dc6-4455-ba67-56409320899e","Rhonda",3791.95,2018-10-07 07:00:00,"F",40,"Indooroopilly","QLD",43.62,"e0895c55a93a4862b243b81a240f5cc8","CUS-1614226872","152.97","-27.5","debit","Sun","00:10:39","00","October"
"8802","authorized","1","ACC-3536132544","144.93","-37.79","POS","6adc87d5-fc3e-4d9c-9532-e9ba8f1f092f","Heather",7088.63,2018-10-07 07:00:00,"F",41,"Northcote","VIC",67.53,"621767c23269412bacb800db0b7b1d67","CUS-2348881191","145","-37.78","debit","Sun","01:07:01","01","October"
"8803","authorized","1","ACC-2920611728","144.96","-37.76","SALES-POS","8ec59b50-d959-4dfe-af86-b05c501de93c","Tyler",8260.14,2018-10-07 07:00:00,"M",69,"Brighton","VIC",45.54,"b793e101a12146bcab3d4a5f86df8261","CUS-1388323263","144.99","-37.91","debit","Sun","01:34:03","01","October"
"8804","posted",NA,"ACC-2107684084","145.03","-37.88","PAYMENT",NA,"Richard",8636.5,2018-10-07 07:00:00,"M",22,NA,NA,25,"e72d7b037274417ca75c5184fbd03a78","CUS-2283904812",NA,NA,"debit","Sun","02:00:00","02","October"
"8805","posted",NA,"ACC-1903037542","153.05","-27.61","PHONE BANK",NA,"Jeffrey",3965.11,2018-10-07 07:00:00,"M",30,NA,NA,134,"f95d91a539864400b9db4f923b2ca445","CUS-860700529",NA,NA,"debit","Sun","02:00:00","02","October"
"8806","authorized","0","ACC-966140392","147.08","-37.97","SALES-POS","b20acad9-d213-4bb0-805b-f5ad645de4c0","Joseph",7792.67,2018-10-07 07:00:00,"M",21,"Hampton","VIC",12.89,"c2e2c64fb69a4e208519d332a55f54f8","CUS-537508723","145","-37.94","debit","Sun","02:01:59","02","October"
"8807","authorized","1","ACC-2673069055","152.99","-27.49","POS","55460e3b-6ab0-4986-bbf4-8077f7e34891","Richard",15840.91,2018-10-07 07:00:00,"M",24,"Tingalpa","QLD",21.24,"f9a0a8aa35b540dc871c6ea036e9edac","CUS-51506836","153.13","-27.47","debit","Sun","02:51:59","02","October"
"8808","posted",NA,"ACC-1056639002","145.03","-37.91","INTER BANK",NA,"Michael",50450.29,2018-10-07 07:00:00,"M",22,NA,NA,36,"9cdd780551b74a56a386e2a2b4de89d5","CUS-3462882033",NA,NA,"debit","Sun","03:00:00","03","October"
"8809","authorized","1","ACC-3536132544","144.93","-37.79","SALES-POS","677acb2f-cfde-4b59-9ae3-08fb21bb393c","Heather",7061.68,2018-10-07 07:00:00,"F",41,"Melbourne","VIC",26.95,"8fd3272fa54e4a6e8621fd37e3612ec7","CUS-2348881191","144.96","-37.82","debit","Sun","03:55:59","03","October"
"8810","posted",NA,"ACC-4258502723","145.45","-37.74","PAYMENT",NA,"Kimberly",4501.15,2018-10-07 07:00:00,"F",24,NA,NA,38,"f3d05b77ff0b4049bf5b9bcc851230e4","CUS-3378712515",NA,NA,"debit","Sun","04:00:00","04","October"
"8811","authorized","1","ACC-1973887809","115.78","-31.90","POS","faf8ddf3-25d6-4ee2-9254-158c65a13232","Antonio",6890.51,2018-10-07 07:00:00,"M",26,"Mirrabooka","WA",55.89,"26e4edf8b692446e8086490f89eefc56","CUS-1646621553","115.86","-31.87","debit","Sun","04:42:43","04","October"
"8812","posted",NA,"ACC-3485804958","138.52","-35.01","PAYMENT",NA,"Jessica",25096.19,2018-10-07 07:00:00,"F",34,NA,NA,31,"27c557e6882d4f3a9c5b53c8870fe50d","CUS-1196156254",NA,NA,"debit","Sun","05:00:00","05","October"
"8813","posted",NA,"ACC-559365433","147.31","-42.88","PAYMENT",NA,"Mary",3967.67,2018-10-07 07:00:00,"F",64,NA,NA,30,"f5e2b48a835d47c789a4b1d0e9698689","CUS-1654129794",NA,NA,"debit","Sun","05:00:00","05","October"
"8814","posted",NA,"ACC-1523339231","115.83","-31.90","INTER BANK",NA,"Tim",68625.45,2018-10-07 07:00:00,"M",40,NA,NA,39,"38d344a0472f43798d236cf239954868","CUS-1816693151",NA,NA,"debit","Sun","06:00:00","06","October"
"8815","authorized","1","ACC-182446574","116.06","-32.00","SALES-POS","7233a229-a9c0-41a4-b5a3-efa04a2bc9a9","Tonya",7357.75,2018-10-07 07:00:00,"F",27,"Morley","WA",222.32,"c0cd55a4711444358d0029efee6fa581","CUS-3026014945","115.9","-31.9","debit","Sun","06:47:29","06","October"
"8816","posted",NA,"ACC-3771436525","145.04","-37.92","PAYMENT",NA,"Derek",5011.46,2018-10-07 07:00:00,"M",20,NA,NA,49,"d9cfa58f93e64baf80159a2d120d14e1","CUS-3325710106",NA,NA,"debit","Sun","07:00:00","07","October"
"8817","authorized","0","ACC-4258502723","145.45","-37.74","SALES-POS","89e8dca7-8fee-4613-87a5-1f1d71432d75","Kimberly",4472.48,2018-10-07 07:00:00,"F",24,"Hoppers Crossing","VIC",28.67,"54712d524c204ebcb29bcfd6e9ef8042","CUS-3378712515","144.71","-37.85","debit","Sun","07:49:59","07","October"
"8818","posted",NA,"ACC-2107684084","145.03","-37.88","INTER BANK",NA,"Richard",8603.5,2018-10-07 07:00:00,"M",22,NA,NA,33,"1684fd675aec4f0aaefeeccd534c4b19","CUS-2283904812",NA,NA,"debit","Sun","08:00:00","08","October"
"8819","authorized","1","ACC-1037050564","153.10","-27.66","SALES-POS","e1318054-6edd-4607-b008-22200e86a315","Rhonda",3764.27,2018-10-07 07:00:00,"F",40,"Sydney","NSW",27.68,"26158f5a8c9243cb8efe48873f39f0bf","CUS-1614226872","151.21","-33.87","debit","Sun","08:22:09","08","October"
"8820","authorized","1","ACC-1598451071","153.41","-27.95","POS","be3cc0f8-6a5e-4729-b286-c3f653b80d41","Diana",2993.17,2018-10-07 07:00:00,"F",26,"Biggera Waters","QLD",14.22,"24f456712a4049708ad651d9c7927ffa","CUS-2487424745","153.39","-27.93","debit","Sun","08:49:11","08","October"
"8821","posted",NA,"ACC-1710017148","150.82","-34.01","PAYMENT",NA,"Michelle",14343.43,2018-10-07 07:00:00,"F",19,NA,NA,200,"10b85f0e08fd4dffafb96fc26f63882b","CUS-883482547",NA,NA,"debit","Sun","09:00:00","09","October"
"8822","authorized","1","ACC-2901672282","255.00","-573.00","POS","0b8fab23-d4fd-45e7-acac-555c96e0b1c7","Daniel",8667.69,2018-10-07 07:00:00,"M",22,"Sydney","NSW",154.56,"5590969f45d7449b824bd14610788653","CUS-1617121891","151.2","-33.87","debit","Sun","09:07:13","09","October"
"8823","authorized","1","ACC-1243371644","150.90","-33.78","SALES-POS","7dee69cf-5736-4247-bccb-f9a0892ae760","Gregory",6007.78,2018-10-07 07:00:00,"M",42,"Keilor Park","VIC",487.32,"c76c62beabcf42808c5a3a8d4e1fffa8","CUS-3904958894","144.85","-37.72","debit","Sun","09:19:16","09","October"
"8824","authorized","0","ACC-559365433","147.31","-42.88","POS","da19f684-7a12-43ab-a840-a9737edb3784","Mary",3956.1,2018-10-07 07:00:00,"F",64,"Rokeby","TAS",11.57,"c3d9ccd709a748d7b340bba786ba8863","CUS-1654129794","147.43","-42.9","debit","Sun","09:31:19","09","October"
"8825","authorized","1","ACC-1243371644","150.90","-33.78","POS","d9a00493-da23-4d6f-99ae-12323cc1ea52","Gregory",5986.23,2018-10-07 07:00:00,"M",42,"Busselton","WA",21.55,"df9ce7b94bb04a589c2473706d68d0fe","CUS-3904958894","115.33","-33.64","debit","Sun","09:43:22","09","October"
"8826","authorized","1","ACC-2673069055","152.99","-27.49","POS","4c71f1fb-c2fc-433b-a67c-59a60b308f28","Richard",15835.04,2018-10-07 07:00:00,"M",24,"Upper Mount Gravatt","QLD",5.87,"d1639482f42444f38856bcff5e921078","CUS-51506836","153.08","-27.56","debit","Sun","09:55:25","09","October"
"8827","posted",NA,"ACC-964839203","146.92","-36.07","PAYMENT",NA,"Michael",38900.35,2018-10-07 07:00:00,"M",21,NA,NA,42,"7bee386a2fbe4d658c003dbb835b095d","CUS-2059096722",NA,NA,"debit","Sun","10:00:00","10","October"
"8828","authorized","1","ACC-1598451071","153.41","-27.95","SALES-POS","6d5123a4-2e72-4fd3-9892-1b84bcd5e084","Diana",2984.62,2018-10-07 07:00:00,"F",26,"Benowa","QLD",8.55,"c74350c3e6704328aaa03894ae4e21c2","CUS-2487424745","153.4","-28.01","debit","Sun","10:05:50","10","October"
"8829","authorized","1","ACC-1598451071","153.41","-27.95","SALES-POS","364eb330-c807-4890-9217-c8ed76bfdea9","Diana",2952.98,2018-10-07 07:00:00,"F",26,"Sydney","NSW",31.64,"1a266e64523040898e27e5ea1956ece5","CUS-2487424745","151.21","-33.87","debit","Sun","10:15:16","10","October"
"8830","authorized","1","ACC-2673069055","152.99","-27.49","SALES-POS","52fbd408-cc03-440b-80cd-cb859ad092a3","Richard",15776.24,2018-10-07 07:00:00,"M",24,"Port Melbourne","VIC",58.8,"4337ae2817ba409a90a93154eef05c7c","CUS-51506836","144.91","-37.82","debit","Sun","10:24:43","10","October"
"8831","authorized","1","ACC-2305712452","138.61","-34.89","SALES-POS","4fb0f897-887a-48f7-957c-879282c43406","Debra",5412.97,2018-10-07 07:00:00,"F",18,"Adelaide","SA",11.18,"62493a3ccf694495b9688201d0df776e","CUS-1842679196","138.61","-34.92","debit","Sun","10:34:09","10","October"
"8832","authorized","0","ACC-1598451071","153.41","-27.95","SALES-POS","28b25291-6a46-4cb5-b5d2-265e43fa995f","Diana",2942.1,2018-10-07 07:00:00,"F",26,"Ashmore","QLD",10.88,"29cebce07d7e44778b01ebee43e33e46","CUS-2487424745","153.38","-28","debit","Sun","10:43:35","10","October"
"8833","authorized","1","ACC-854938045","147.63","-22.84","POS","71a62c87-49db-403c-9a83-546bbd4b4f5d","James",13042.56,2018-10-07 07:00:00,"M",28,"Ocean Grange","VIC",17.6,"e0aec0a50bc84d0b82b9e9ea31292721","CUS-4023861240","147.69","-38","debit","Sun","10:53:01","10","October"
"8834","posted",NA,"ACC-3827517394","151.12","-33.89","PAYMENT",NA,"Craig",41152.99,2018-10-07 07:00:00,"M",28,NA,NA,28,"8068aa1433d045619174b1397ce72571","CUS-2663907001",NA,NA,"debit","Sun","11:00:00","11","October"
"8835","posted",NA,"ACC-1496451953","145.16","-37.84","INTER BANK",NA,"Ricky",17417.05,2018-10-07 07:00:00,"M",43,NA,NA,31,"b5c09e388b2e4a3eb3198fac471cf4ba","CUS-3142625864",NA,NA,"debit","Sun","11:00:00","11","October"
"8836","posted",NA,"ACC-2615038700","145.35","-38.03","INTER BANK",NA,"Emily",32129.78,2018-10-07 07:00:00,"F",43,NA,NA,38,"9b2df198605f4bf782c716d233bd312c","CUS-3255104878",NA,NA,"debit","Sun","11:00:00","11","October"
"8837","posted",NA,"ACC-854938045","147.63","-22.84","PAYMENT",NA,"James",13008.56,2018-10-07 07:00:00,"M",28,NA,NA,34,"0721b3d2c3af455ca34f5b37efa64c74","CUS-4023861240",NA,NA,"debit","Sun","11:00:00","11","October"
"8838","authorized","1","ACC-3084464802","145.15","-37.76","SALES-POS","c93d3a14-a29c-4fde-b1df-93b331a66ffc","Susan",9711.65,2018-10-07 07:00:00,"F",19,"Chatswood","NSW",60.84,"b0b9eecf89484d5d899dfe1089744fd2","CUS-1928710999","151.18","-33.8","debit","Sun","11:02:47","11","October"
"8839","authorized","1","ACC-559365433","147.31","-42.88","POS","8ff166b5-9ccb-40cf-a1b0-e9928bf92127","Mary",3940.94,2018-10-07 07:00:00,"F",64,"Saint Kilda West","VIC",15.16,"02729a53617d48728b512a4de88034ce","CUS-1654129794","144.98","-37.86","debit","Sun","11:13:32","11","October"
"8840","authorized","1","ACC-1973887809","115.78","-31.90","SALES-POS","e238d83f-8459-452a-9872-e0233836a820","Antonio",6868.34,2018-10-07 07:00:00,"M",26,"Bicton","WA",22.17,"bfdc966a77c644ae96305b7962bc1ad9","CUS-1646621553","115.79","-32.03","debit","Sun","11:24:18","11","October"
"8841","authorized","1","ACC-2270192619","138.56","-35.27","SALES-POS","5c1311c7-4a3c-4b97-af22-e8479cc3b5fe","Darren",17457.39,2018-10-07 07:00:00,"M",20,"Adelaide","SA",18.34,"489aa7f2648a40e1a515ce6fafb92333","CUS-2110742437","138.59","-34.92","debit","Sun","11:35:03","11","October"
"8842","authorized","1","ACC-1652235822","144.89","-37.81","SALES-POS","d49c7364-41a4-4a48-be59-a2034aa21419","Renee",20040.8,2018-10-07 07:00:00,"F",38,"Hoppers Crossing","VIC",19.38,"b860ec5b904b444a9a5fab49db16ddf5","CUS-2206365095","144.68","-37.88","debit","Sun","11:45:48","11","October"
"8843","authorized","1","ACC-211792489","138.63","-34.93","POS","55a38a05-9140-42d3-a85d-21c1fc71f89b","Jacqueline",3484.54,2018-10-07 07:00:00,"F",30,"Forrest","ACT",143.85,"ad00bb5069a043ef855e0daf5ef65fef","CUS-497688347","149.13","-35.31","debit","Sun","11:56:33","11","October"
"8844","posted",NA,"ACC-2249586092","115.98","-32.07","PAYMENT",NA,"Edward",9776.17,2018-10-07 07:00:00,"M",19,NA,NA,37,"f8db556e90ed452696f7d59ba1fd0ef9","CUS-443776336",NA,NA,"debit","Sun","12:00:00","12","October"
"8845","authorized","1","ACC-240804743","121.48","-30.75","SALES-POS","bd7c8ead-26c3-4eda-a06e-136afa82dd1a","Kenneth",18701.14,2018-10-07 07:00:00,"M",29,"Boulder","WA",19.17,"a3515b68ca3a4a8dbe9353f16a656171","CUS-261674136","121.49","-30.78","debit","Sun","12:12:49","12","October"
"8846","authorized","1","ACC-3879258709","143.83","-37.66","SALES-POS","b0299acf-7955-4b74-b24b-05fe5c2f65f8","Natasha",202270.07,2018-10-07 07:00:00,"F",40,"Craigieburn","VIC",30.85,"fbfb939ec36a42ae8690922841af999e","CUS-527400765","144.94","-37.6","debit","Sun","12:31:41","12","October"
"8847","authorized","1","ACC-1037050564","153.10","-27.66","SALES-POS","ace23a98-572b-490c-a151-2bd1105db8ef","Rhonda",3749.19,2018-10-07 07:00:00,"F",40,"Toowoomba","QLD",15.08,"77764b83f6b347bdb4247c50b50ce003","CUS-1614226872","151.95","-27.57","debit","Sun","12:50:33","12","October"
"8848","authorized","0","ACC-3084464802","145.15","-37.76","POS","272d32b1-9a29-4015-8a33-88bdd81da0d4","Susan",9694.3,2018-10-07 07:00:00,"F",19,"Box Hill","VIC",17.35,"bad5915a49f741ec8389a2f82affa71d","CUS-1928710999","145.12","-37.82","debit","Sun","13:09:59","13","October"
"8849","authorized","1","ACC-2171593283","146.94","-36.04","SALES-POS","939bffd8-e25b-48c5-b847-c0533eb188a3","Fernando",15419.01,2018-10-07 07:00:00,"M",19,"Sydney","NSW",50.96,"59b7e9fe0b6741728138dc0aff42e7b2","CUS-2317998716","151.21","-33.87","debit","Sun","13:29:59","13","October"
"8850","authorized","1","ACC-854938045","147.63","-22.84","SALES-POS","3b9f2a58-76ae-4e0d-a8e3-f68d6152c856","James",12969.42,2018-10-07 07:00:00,"M",28,"Airport West","VIC",39.14,"707d6a182133493494b46ef5a2a0083b","CUS-4023861240","144.89","-37.71","debit","Sun","13:49:59","13","October"
"8851","posted",NA,"ACC-3100725361","145.73","-17.03","PAYMENT",NA,"Ronald",5596.75,2018-10-07 07:00:00,"M",25,NA,NA,99,"f237642edabc44b793c6d0aac85a9e78","CUS-2178051368",NA,NA,"debit","Sun","14:00:00","14","October"
"8852","posted",NA,"ACC-37709441","153.41","-28.01","INTER BANK",NA,"Charles",17006.54,2018-10-07 07:00:00,"M",18,NA,NA,40,"3295554b700c40cab90284352f5ce7c7","CUS-3336454548",NA,NA,"debit","Sun","14:00:00","14","October"
"8853","authorized","0","ACC-1973887809","115.78","-31.90","POS","09458570-2ece-42b9-9ba6-8ef01f52fed1","Antonio",6827.69,2018-10-07 07:00:00,"M",26,"Butler","WA",40.65,"9d44fd6decc74ddb9bc7aaae744df197","CUS-1646621553","115.69","-31.64","debit","Sun","14:06:14","14","October"
"8854","authorized","1","ACC-1788473090","145.06","-37.95","SALES-POS","d0e302c4-e0c6-40ff-8038-62ec4ecf97ae","Rachael",8234.72,2018-10-07 07:00:00,"F",21,"Vermont","VIC",36.89,"9c9d242ac6f64b87887d703c9432e130","CUS-134193016","145.19","-37.84","debit","Sun","14:18:44","14","October"
"8855","authorized","1","ACC-3481401842","115.74","-31.72","POS","50f0c409-1887-4c6a-9739-463c06b290bf","Tiffany",6775.48,2018-10-07 07:00:00,"F",25,"Beeliar","WA",20.15,"1a04a4e0d6874bd39e7743b4c4fbc5a3","CUS-1669695324","115.8","-32.13","debit","Sun","14:31:14","14","October"
"8856","authorized","1","ACC-3084464802","145.15","-37.76","SALES-POS","62765de5-9981-4223-b2d2-1587786e999e","Susan",9614.65,2018-10-07 07:00:00,"F",19,"Chirnside Park","VIC",79.65,"265180a4b05c402c964820a1c53295f8","CUS-1928710999","145.31","-37.76","debit","Sun","14:43:44","14","October"
"8857","authorized","1","ACC-1788473090","145.06","-37.95","POS","909424d1-936e-4438-b877-b1ffad297e22","Rachael",7989.21,2018-10-07 07:00:00,"F",21,"Ivanhoe","VIC",245.51,"6faf45f10ef54254acd6302aaf261c4e","CUS-134193016","145.04","-37.77","debit","Sun","14:56:14","14","October"
"8858","authorized","1","ACC-3481401842","115.74","-31.72","SALES-POS","428f9cbe-9d7a-41b8-af5b-a9fa0cf63866","Tiffany",6757.81,2018-10-07 07:00:00,"F",25,"Coorabie","SA",17.67,"b4014d3d4aba4a8cbe2b5fd834d1542c","CUS-1669695324","132.23","-31.79","debit","Sun","15:09:43","15","October"
"8859","authorized","1","ACC-1424176027","151.08","-33.93","POS","0fadddf3-a178-4d76-8d7a-f4352b2434a2","Donald",8512.23,2018-10-07 07:00:00,"M",22,"Clovelly","NSW",11.57,"c5a2ac87461c4375acb195dea0ade303","CUS-3431016847","151.26","-33.91","debit","Sun","15:23:36","15","October"
"8860","authorized","1","ACC-4065652575","115.81","-31.82","POS","5593fb21-bd5a-439a-af57-128149494da1","Lucas",12263.74,2018-10-07 07:00:00,"M",21,"Leederville","WA",9.59,"b8eec0caefa845ddbb94b843a89ef699","CUS-1117979751","115.84","-31.94","debit","Sun","15:37:29","15","October"
"8861","authorized","0","ACC-1598451071","153.41","-27.95","POS","f5484a1d-7098-4279-892c-ef3d6630672e","Diana",2932.11,2018-10-07 07:00:00,"F",26,"Miami","QLD",9.99,"6c3322651c6745e8b48a30ee9955a31b","CUS-2487424745","153.44","-28.07","debit","Sun","15:51:23","15","October"
"8862","authorized","1","ACC-4258502723","145.45","-37.74","SALES-POS","37d0b3ce-d6e4-4b10-9a06-045f795b1a6b","Kimberly",4457.73,2018-10-07 07:00:00,"F",24,"Kew","VIC",14.75,"c43216c832d0415ab23adfd8c099d39d","CUS-3378712515","145.03","-37.81","debit","Sun","16:07:45","16","October"
"8863","authorized","1","ACC-1608363396","151.22","-33.87","SALES-POS","12cd51f7-6cfb-487d-8c67-1c55a3ca3e39","Robert",8827.73,2018-10-07 07:00:00,"M",20,"Beverly Hills","NSW",80.3,"832b66c04a3947bf840727ced5299912","CUS-2688605418","151.08","-33.95","debit","Sun","16:28:09","16","October"
"8864","authorized","1","ACC-1890605467","143.88","-37.66","SALES-POS","41c75d6c-ef5d-4ee6-a172-d4c491308800","Alexander",19277.66,2018-10-07 07:00:00,"M",38,"Ringwood","VIC",102.06,"bd3774c3e8e14bbf843baba629325c8f","CUS-1478398256","145.23","-37.81","debit","Sun","16:48:34","16","October"
"8865","posted",NA,"ACC-819621312","145.04","-37.85","PAYMENT",NA,"Michele",7817.43,2018-10-07 07:00:00,"F",30,NA,NA,154,"2f5973b501894799b03d3ff6f24da6dd","CUS-1271030853",NA,NA,"debit","Sun","17:00:00","17","October"
"8866","posted",NA,"ACC-211792489","138.63","-34.93","PAYMENT",NA,"Jacqueline",3462.54,2018-10-07 07:00:00,"F",30,NA,NA,22,"a002394fa6e141a28344f2d29fb15fb4","CUS-497688347",NA,NA,"debit","Sun","17:00:00","17","October"
"8867","authorized","1","ACC-1598451071","153.41","-27.95","POS","91e04e5f-d1fc-4e7a-80d8-b85f6145d42c","Diana",2921.91,2018-10-07 07:00:00,"F",26,"Coolangatta","QLD",10.2,"58f3f30ce876454991468c9aeb3e1279","CUS-2487424745","153.51","-28.17","debit","Sun","17:07:51","17","October"
"8868","authorized","0","ACC-1243371644","150.90","-33.78","SALES-POS","f702da3a-8d3d-4878-a2bf-085dd402f5f2","Gregory",5968.97,2018-10-07 07:00:00,"M",42,"Esperance","WA",17.26,"1909045664cc44b19fb66b21250d1e61","CUS-3904958894","121.89","-33.86","debit","Sun","17:25:42","17","October"
"8869","authorized","1","ACC-2673069055","152.99","-27.49","SALES-POS","bcc8035c-6300-4953-b19d-ca2ec063162b","Richard",15699.85,2018-10-07 07:00:00,"M",24,"South Melbourne","VIC",76.39,"98ea3292f6164cfe92ec75f4691896c6","CUS-51506836","144.96","-37.84","debit","Sun","17:43:34","17","October"
"8870","posted",NA,"ACC-2681137560","151.11","-33.99","PAYMENT",NA,"Nathaniel",8798.45,2018-10-07 07:00:00,"M",31,NA,NA,45,"ad6af5bf34af4088a9bb3d4ed1b29f23","CUS-2083971310",NA,NA,"debit","Sun","18:00:00","18","October"
"8871","authorized","1","ACC-1973887809","115.78","-31.90","POS","47e6975f-47eb-434d-b295-610454035b07","Antonio",6808.07,2018-10-07 07:00:00,"M",26,"Currambine","WA",19.62,"33147f3e31fe45da898c879faf2cf9e4","CUS-1646621553","115.74","-31.74","debit","Sun","18:02:06","18","October"
"8872","authorized","0","ACC-2897221629","150.90","-34.37","SALES-POS","f4cfc3c1-9926-47ad-b094-d912f325ae3f","Scott",6401.26,2018-10-07 07:00:00,"M",23,"Sydney","NSW",61.17,"a83609468c9a4742b7392c229994d7db","CUS-511326734","151.21","-33.87","debit","Sun","18:28:25","18","October"
"8873","authorized","0","ACC-1222300524","151.23","-33.94","POS","77911254-b808-4b74-abeb-64c39634f202","Michael",622.53,2018-10-07 07:00:00,"M",38,"Alexandria","NSW",22.22,"622b7ac047f84a20b1c8dd32099641e0","CUS-2142601169","151.19","-33.9","debit","Sun","18:54:44","18","October"
"8874","posted",NA,"ACC-1650504218","145.01","-37.93","PAYMENT",NA,"Marissa",14055.4,2018-10-07 07:00:00,"F",23,NA,NA,18,"da5d0c8b33e744ee9bdc16aceb9137b9","CUS-2500783281",NA,NA,"debit","Sun","19:00:00","19","October"
"8875","posted",NA,"ACC-37709441","153.41","-28.01","INTER BANK",NA,"Charles",16979.54,2018-10-07 07:00:00,"M",18,NA,NA,27,"c7524bf33e134a498599dc2593bbf767","CUS-3336454548",NA,NA,"debit","Sun","19:00:00","19","October"
"8876","authorized","1","ACC-3084464802","145.15","-37.76","POS","99aeb1f4-0368-4238-820f-eb95e49b128c","Susan",9583.07,2018-10-07 07:00:00,"F",19,"Chelsea","VIC",31.58,"124c4890546d4fd6bf44a16cd9ad662a","CUS-1928710999","145.12","-38.06","debit","Sun","19:15:05","19","October"
"8877","authorized","1","ACC-3541460373","145.00","-37.83","POS","d3097fc5-77e4-413b-a35b-5e6dabda03a8","Jeffrey",3407.94,2018-10-07 07:00:00,"M",24,"Box Hill","VIC",20.83,"81cc623505604637ade2ef2c1bed049f","CUS-1433879684","145.12","-37.82","debit","Sun","19:33:57","19","October"
"8878","authorized","1","ACC-4065652575","115.81","-31.82","SALES-POS","8b1e8c4a-2d48-41a3-bb53-31bc3f255f99","Lucas",12245.96,2018-10-07 07:00:00,"M",21,"Joondalup","WA",17.78,"01dc61efb2424fd9b385f1b936611784","CUS-1117979751","115.77","-31.74","debit","Sun","19:52:49","19","October"
"8879","posted",NA,"ACC-240804743","121.48","-30.75","PAYMENT",NA,"Kenneth",18653.14,2018-10-07 07:00:00,"M",29,NA,NA,48,"a0f6dc390cce4cf892d39a303926615e","CUS-261674136",NA,NA,"debit","Sun","20:00:00","20","October"
"8880","posted",NA,"ACC-2897221629","150.90","-34.37","PAYMENT",NA,"Scott",6359.26,2018-10-07 07:00:00,"M",23,NA,NA,42,"ccc79bbf90104ff188130fc00622a9ee","CUS-511326734",NA,NA,"debit","Sun","20:00:00","20","October"
"8881","authorized","1","ACC-3481401842","115.74","-31.72","SALES-POS","e251231c-4d2b-4fc7-92c4-6c9ece3b0df4","Tiffany",6748.31,2018-10-07 07:00:00,"F",25,"Claremont","WA",9.5,"3f654e46b8994d5fb4831d0ca09a82a2","CUS-1669695324","115.78","-31.98","debit","Sun","20:05:47","20","October"
"8882","authorized","0","ACC-3481401842","115.74","-31.72","POS","cab9d51e-784c-4de4-a48e-c366e9a0ba86","Tiffany",6738.54,2018-10-07 07:00:00,"F",25,"Northam","WA",9.77,"878567a4a3684d39b1d21ed4ea41d8b2","CUS-1669695324","116.68","-31.65","debit","Sun","20:15:08","20","October"
"8883","authorized","0","ACC-2970114956","144.89","-37.69","SALES-POS","e8d3e859-db04-4b1b-9e7c-0ae39f23ca67","Robert",10278.29,2018-10-07 07:00:00,"M",26,"Doncaster East","VIC",27.93,"e8087495bca9448ab9aab33ae75f6014","CUS-880898248","145.16","-37.78","debit","Sun","20:24:29","20","October"
"8884","authorized","1","ACC-182446574","116.06","-32.00","SALES-POS","46081d22-7d66-4666-8994-0a9082c0a5cb","Tonya",7336.33,2018-10-07 07:00:00,"F",27,"Eden Hill","WA",21.42,"885f6a996f194660a9ff2b05245b341a","CUS-3026014945","115.95","-31.89","debit","Sun","20:33:49","20","October"
"8885","authorized","1","ACC-1598451071","153.41","-27.95","POS","a25aef15-f416-416f-9713-b0dd3326c03d","Diana",2913.68,2018-10-07 07:00:00,"F",26,"Broadbeach","QLD",8.23,"e779023964d343a4997f394f45d252c7","CUS-2487424745","153.43","-28.04","debit","Sun","20:43:10","20","October"
"8886","authorized","1","ACC-354106658","151.04","-33.80","POS","c906b450-c9bc-4dd4-9539-ef5c86f6481b","Christine",14245.19,2018-10-07 07:00:00,"F",39,"Alexandria","NSW",119.45,"339de160fb7640f3892715852e44221f","CUS-2376382098","151.2","-33.91","debit","Sun","20:52:31","20","October"
"8887","posted",NA,"ACC-3326339947","151.18","-33.80","PHONE BANK",NA,"Eric",10190.85,2018-10-07 07:00:00,"M",22,NA,NA,158,"24b63207ccc047599dae8f71fcd6758f","CUS-326006476",NA,NA,"debit","Sun","21:00:00","21","October"
"8888","posted",NA,"ACC-154431271","153.09","-27.48","PAYMENT",NA,"Lori",3232.51,2018-10-07 07:00:00,"F",18,NA,NA,50,"98dcbf5e14dc434ca738e2d569ecaeff","CUS-3702001629",NA,NA,"debit","Sun","21:00:00","21","October"
"8889","authorized","1","ACC-3100725361","145.73","-17.03","SALES-POS","b8649567-81b9-465e-938b-393ddd20104d","Ronald",5570.74,2018-10-07 07:00:00,"M",25,"Upper Burnie","TAS",26.01,"e93b057387ef4d70b2dfaed9a7e8115f","CUS-2178051368","145.9","-41.07","debit","Sun","21:01:16","21","October"
"8890","authorized","1","ACC-354106658","151.04","-33.80","SALES-POS","f70b258d-5e34-4611-b108-63f3abc50635","Christine",14224.64,2018-10-07 07:00:00,"F",39,"Lakemba","NSW",20.55,"a958cfe5a60e4c9caa624b407081e69e","CUS-2376382098","151.08","-33.92","debit","Sun","21:07:38","21","October"
"8891","authorized","1","ACC-182446574","116.06","-32.00","POS","0c9fc6af-908c-43c9-9fbf-fc6cfb927cb7","Tonya",7312.24,2018-10-07 07:00:00,"F",27,"Osborne Park","WA",24.09,"13a968bc5c4b47ffa69ebfc021a1c7ce","CUS-3026014945","115.81","-31.9","debit","Sun","21:14:00","21","October"
"8892","authorized","1","ACC-1037050564","153.10","-27.66","SALES-POS","ccb8058d-99a8-42df-b040-431fd1283b1a","Rhonda",3736.56,2018-10-07 07:00:00,"F",40,"Aspley","QLD",12.63,"64fc1e9cebee46e694df13e79c22514a","CUS-1614226872","153.01","-27.36","debit","Sun","21:20:22","21","October"
"8893","authorized","1","ACC-3485804958","138.52","-35.01","POS","9d8cbcd5-8f3a-42b6-b4c0-a978a0dd0daa","Jessica",25090.59,2018-10-07 07:00:00,"F",34,"Murray Bridge","SA",5.6,"d15ad25bf9204ed685bd88686d1d9dd3","CUS-1196156254","139.27","-35.12","debit","Sun","21:33:07","21","October"
"8894","authorized","1","ACC-2970114956","144.89","-37.69","POS","b89d48ff-342d-4d4b-80ed-eaa740240f1e","Robert",10264.99,2018-10-07 07:00:00,"M",26,"Abbotsford","VIC",13.3,"72ae2e973514405cbe4782bdb8401c83","CUS-880898248","145","-37.8","debit","Sun","21:39:29","21","October"
"8895","authorized","1","ACC-3481401842","115.74","-31.72","SALES-POS","6794750f-0e22-47dc-919d-15fbd624bf41","Tiffany",6680.01,2018-10-07 07:00:00,"F",25,"Duncraig","WA",58.53,"c78b305a9096443cbeeb0d94666305f7","CUS-1669695324","115.77","-31.83","debit","Sun","21:45:51","21","October"
"8896","authorized","1","ACC-1037050564","153.10","-27.66","SALES-POS","a1360283-370b-4de2-9c27-8c3452f7e4af","Rhonda",3700.94,2018-10-07 07:00:00,"F",40,"Melbourne","VIC",35.62,"ac728d2d65424a47ac39493616e647b2","CUS-1614226872","144.97","-37.82","debit","Sun","21:52:13","21","October"
"8897","authorized","1","ACC-4065652575","115.81","-31.82","POS","ba2377f8-064d-4ef8-914b-8dd05d28047d","Lucas",12225.6,2018-10-07 07:00:00,"M",21,"O'connor","WA",20.36,"93c527a1611e48eb89a676cfdc04b125","CUS-1117979751","115.8","-32.06","debit","Sun","21:58:35","21","October"
"8898","posted",NA,"ACC-602667573","151.23","-33.96","PAYMENT",NA,"Michael",16326.49,2018-10-07 07:00:00,"M",40,NA,NA,25,"80715eba0e774adaa54b6c842c0fc495","CUS-2031327464",NA,NA,"debit","Sun","22:00:00","22","October"
"8899","posted",NA,"ACC-964839203","146.92","-36.07","PAYMENT",NA,"Michael",38765.35,2018-10-07 07:00:00,"M",21,NA,NA,135,"90b3348a00cb4b23b223ba1ff6878de3","CUS-2059096722",NA,NA,"debit","Sun","22:00:00","22","October"
"8900","authorized","1","ACC-2897221629","150.90","-34.37","SALES-POS","a15feb7d-10d1-48a3-a771-6a20d69dc640","Scott",6353.39,2018-10-07 07:00:00,"M",23,"Sydney","NSW",5.87,"3255310bcfa94c0aa985bb2803b7900d","CUS-511326734","151.21","-33.87","debit","Sun","22:09:44","22","October"
"8901","authorized","1","ACC-38923874","151.27","-33.90","SALES-POS","f4cfc3c1-9926-47ad-b094-d912f325ae3f","Ryan",43764.72,2018-10-07 07:00:00,"M",38,"Sydney","NSW",121.59,"4e2fdf2938484c0ca1ba151c32198f03","CUS-3249305314","151.21","-33.87","debit","Sun","22:22:14","22","October"
"8902","authorized","1","ACC-1598451071","153.41","-27.95","POS","45355f04-c1e4-41ca-93fd-a0e715b6e7f2","Diana",2904.06,2018-10-07 07:00:00,"F",26,"Helensvale","QLD",9.62,"ae34a8d5b39749cc841196d689f01c0b","CUS-2487424745","153.34","-27.93","debit","Sun","22:34:44","22","October"
"8903","authorized","1","ACC-3485804958","138.52","-35.01","SALES-POS","9b9d1085-87e7-4d4b-99ab-b7156c690019","Jessica",25067.43,2018-10-07 07:00:00,"F",34,"Deakin","ACT",23.16,"64dc5d60fa1e466bacca993ee6e638a2","CUS-1196156254","149.11","-35.31","debit","Sun","22:47:14","22","October"
"8904","authorized","1","ACC-4274272854","145.23","-37.86","POS","a6a83743-35c0-4c9f-ac48-79c27c11ccc4","Timothy",6997.37,2018-10-07 07:00:00,"M",20,"Mont Albert","VIC",63.25,"7a2dd5bab13344f1bd7b54e0d42a4fa8","CUS-2484453271","145.11","-37.82","debit","Sun","22:59:44","22","October"
"8905","authorized","0","ACC-1243371644","150.90","-33.78","SALES-POS","af074c2f-0f00-4fd6-8bae-9431f12f099a","Gregory",5943.02,2018-10-07 07:00:00,"M",42,"Lane Cove","NSW",25.95,"4bed8d7da1bb476796a4b15b8b778890","CUS-3904958894","151.16","-33.81","debit","Sun","23:32:39","23","October"
"8906","authorized","1","ACC-1598451071","153.41","-27.95","SALES-POS","03a40eb3-377c-4693-9202-6f237e87f1f2","Diana",2871.29,2018-10-08 07:00:00,"F",26,"Baulkham Hills","NSW",32.77,"db61748bfac14a7da4c88654e9a3ae40","CUS-2487424745","150.97","-33.73","debit","Mon","00:25:42","00","October"
"8907","authorized","0","ACC-182446574","116.06","-32.00","SALES-POS","35f860db-ab81-4d83-827f-216d5eb95ce7","Tonya",7288.97,2018-10-08 07:00:00,"F",27,"Yokine","WA",23.27,"e6bff0d7c81f458d8f4c98cb7b995f81","CUS-3026014945","115.85","-31.9","debit","Mon","01:36:11","01","October"
"8908","posted",NA,"ACC-1349834573","145.17","-37.84","INTER BANK",NA,"Matthew",13790.05,2018-10-08 07:00:00,"M",39,NA,NA,33,"32adefd820b1434d8bf89d1c15b2b1dc","CUS-1790886359",NA,NA,"debit","Mon","03:00:00","03","October"
"8909","posted",NA,"ACC-3084464802","145.15","-37.76","INTER BANK",NA,"Susan",9559.07,2018-10-08 07:00:00,"F",19,NA,NA,24,"2a31bf99378541af8b1d5bdbb823500f","CUS-1928710999",NA,NA,"debit","Mon","03:00:00","03","October"
"8910","posted",NA,"ACC-819621312","145.04","-37.85","PAYMENT",NA,"Michele",7751.43,2018-10-08 07:00:00,"F",30,NA,NA,66,"f125408378f4452ba0b294a3d743bc4a","CUS-1271030853",NA,NA,"debit","Mon","04:00:00","04","October"
"8911","posted",NA,"ACC-154431271","153.09","-27.48","INTER BANK",NA,"Lori",2349.51,2018-10-08 07:00:00,"F",18,NA,NA,883,"14405c77d8184ac285425f5038ee8905","CUS-3702001629",NA,NA,"debit","Mon","04:00:00","04","October"
"8912","posted",NA,"ACC-2107684084","145.03","-37.88","PAYMENT",NA,"Richard",8569.5,2018-10-08 07:00:00,"M",22,NA,NA,34,"df9efe709c7144a2b5479f08084e3fb4","CUS-2283904812",NA,NA,"debit","Mon","05:00:00","05","October"
"8913","posted",NA,"ACC-1279356312","144.79","-37.73","PAYMENT",NA,"Tyler",10600.54,2018-10-08 07:00:00,"M",44,NA,NA,156,"d66350a85cb34821b3db1577d0717177","CUS-1892177589",NA,NA,"debit","Mon","06:00:00","06","October"
"8914","posted",NA,"ACC-1438600314","138.69","-34.84","PAYMENT",NA,"Maria",3975.74,2018-10-08 07:00:00,"F",35,NA,NA,35,"fba9ef9b85174497965ed2e074d81e06","CUS-2650223890",NA,NA,"debit","Mon","06:00:00","06","October"
"8915","authorized","0","ACC-1037050564","153.10","-27.66","SALES-POS","7163ba4e-86e2-4146-b5e1-033b0a1d43d2","Rhonda",3653.68,2018-10-08 07:00:00,"F",40,"Melbourne","VIC",47.26,"2698adbacf984dacae24a1a26b11338a","CUS-1614226872","144.98","-37.84","debit","Mon","06:26:39","06","October"
"8916","posted",NA,"ACC-1890605467","143.88","-37.66","PAYMENT",NA,"Alexander",19094.66,2018-10-08 07:00:00,"M",38,NA,NA,183,"2148a353833342689bf770277759f770","CUS-1478398256",NA,NA,"debit","Mon","08:00:00","08","October"
"8917","posted",NA,"ACC-3879258709","143.83","-37.66","INTER BANK",NA,"Natasha",202219.07,2018-10-08 07:00:00,"F",40,NA,NA,51,"16e88911fb744955bc8783efc64201bc","CUS-527400765",NA,NA,"debit","Mon","08:00:00","08","October"
"8918","authorized","1","ACC-1199531521","116.02","-31.87","POS","6afc3c05-aea8-4472-a7a4-e3ecc2eef67d","Billy",14110.02,2018-10-08 07:00:00,"M",52,"Fremantle","WA",14.92,"12ffbf983aeb41149328720763731911","CUS-134833760","115.75","-32.05","debit","Mon","08:09:35","08","October"
"8919","authorized","1","ACC-2970114956","144.89","-37.69","POS","eaf9bdd3-ba78-4b02-a87e-900f05e20fc9","Robert",10213.48,2018-10-08 07:00:00,"M",26,"Coburg","VIC",51.51,"bf634c94cc974ee7ab6099f632914b61","CUS-880898248","144.96","-37.73","debit","Mon","08:29:35","08","October"
"8920","authorized","1","ACC-1598451071","153.41","-27.95","POS","1b5cc322-e87a-465f-9bb0-f40b432d5ae9","Diana",2837.35,2018-10-08 07:00:00,"F",26,"Oxenford","QLD",33.94,"61296ff34cf04c219065d91ca419581a","CUS-2487424745","153.31","-27.89","debit","Mon","08:49:35","08","October"
"8921","posted",NA,"ACC-958000567","130.90","-12.37","PAYMENT",NA,"Sandra",8869.95,2018-10-08 07:00:00,"F",34,NA,NA,134,"4d949b5165d34cb29c1bb6b73a77c4c1","CUS-4142663097",NA,NA,"debit","Mon","09:00:00","09","October"
"8922","posted",NA,"ACC-2673069055","152.99","-27.49","INTER BANK",NA,"Richard",15660.85,2018-10-08 07:00:00,"M",24,NA,NA,39,"9d782849ec3c490c938e8a7efd225ebc","CUS-51506836",NA,NA,"debit","Mon","09:00:00","09","October"
"8923","authorized","0","ACC-1243371644","150.90","-33.78","SALES-POS","71749ed5-03ca-4ae1-8df0-d05ceb90689d","Gregory",5925.21,2018-10-08 07:00:00,"M",42,"Shellharbour","NSW",17.81,"9a6054bd86a743188b209f9057d0ad47","CUS-3904958894","150.84","-34.56","debit","Mon","09:04:08","09","October"
"8924","authorized","0","ACC-4258502723","145.45","-37.74","SALES-POS","2201f92d-9a1e-4efd-a3b9-3e6ed73d8629","Kimberly",4449.75,2018-10-08 07:00:00,"F",24,"Melbourne","VIC",7.98,"2931defe49714605a7ee9ab9dbaacf49","CUS-3378712515","144.88","-37.68","debit","Mon","09:12:45","09","October"
"8925","authorized","1","ACC-1222300524","151.23","-33.94","POS","bdcf9ea0-9997-4409-b44f-a05b96fb41d8","Michael",612.55,2018-10-08 07:00:00,"M",38,"Melbourne","VIC",9.98,"61812beb78bd4d8fa4fad3018384f20b","CUS-2142601169","144.98","-37.85","debit","Mon","09:21:22","09","October"
"8926","authorized","1","ACC-4258502723","145.45","-37.74","POS","219c6173-ff08-468a-9403-4f1286b33145","Kimberly",4445.27,2018-10-08 07:00:00,"F",24,"Niddrie","VIC",4.48,"d84b0dc26e534e278edf502a2f4d890e","CUS-3378712515","144.89","-37.74","debit","Mon","09:29:59","09","October"
"8927","authorized","1","ACC-1199531521","116.02","-31.87","SALES-POS","904d5817-ae65-464d-bb02-8e0e474cc69d","Billy",14076.85,2018-10-08 07:00:00,"M",52,"Gwelup","WA",33.17,"11661f54940c4ee296ce5a989a7aadb7","CUS-134833760","115.8","-31.88","debit","Mon","09:38:37","09","October"
"8928","authorized","1","ACC-966140392","147.08","-37.97","SALES-POS","1ab16d9d-9d56-4e7f-8357-e056ab821766","Joseph",7769.31,2018-10-08 07:00:00,"M",21,"Tecoma","VIC",23.36,"695f14d921af47e2909e3d428322ef10","CUS-537508723","145.34","-37.91","debit","Mon","09:47:14","09","October"
"8929","authorized","0","ACC-4258502723","145.45","-37.74","POS","864d9103-1806-4a26-be3b-cf4c2c4d29ab","Kimberly",4433.02,2018-10-08 07:00:00,"F",24,"Melbourne","VIC",12.25,"1410695f113f4227893eccc86421f2ec","CUS-3378712515","144.97","-37.81","debit","Mon","09:55:51","09","October"
"8930","authorized","0","ACC-1973887809","115.78","-31.90","SALES-POS","5b425234-17d9-480c-8f4e-fdef1c476ab8","Antonio",6797.6,2018-10-08 07:00:00,"M",26,"Hillarys","WA",10.47,"8fcec5a89a9b48e49416f2134f71646b","CUS-1646621553","115.75","-31.8","debit","Mon","10:06:07","10","October"
"8931","authorized","1","ACC-854938045","147.63","-22.84","SALES-POS","8f2350e9-a4f9-4dc5-8e87-0560594ea2a4","James",12935.06,2018-10-08 07:00:00,"M",28,"Dunalley","TAS",34.36,"0c8b91d306fb45ef9df095df74cc3d4a","CUS-4023861240","147.8","-42.89","debit","Mon","10:17:52","10","October"
"8932","authorized","0","ACC-1598451071","153.41","-27.95","SALES-POS","058d38eb-48c8-4da5-966f-ec68b8d2ea76","Diana",2832.65,2018-10-08 07:00:00,"F",26,"Brisbane City","QLD",4.7,"fce3432e80e0470284950599d502d759","CUS-2487424745","153.03","-27.47","debit","Mon","10:29:38","10","October"
"8933","authorized","1","ACC-3481401842","115.74","-31.72","POS","99086730-8a30-4de8-8e8b-fed09c6e75fb","Tiffany",6648.04,2018-10-08 07:00:00,"F",25,"East Perth","WA",31.97,"7da58199efed4580916db2c3d402f1b9","CUS-1669695324","115.87","-31.95","debit","Mon","10:41:24","10","October"
"8934","authorized","1","ACC-1598451071","153.41","-27.95","POS","bb114176-22b5-4fc2-b6cb-3878142c3e20","Diana",2809.81,2018-10-08 07:00:00,"F",26,"Moonie","QLD",22.84,"917c4ad4b3eb40dc878ca544a3a2352c","CUS-2487424745","150.25","-27.76","debit","Mon","10:53:10","10","October"
"8935","posted",NA,"ACC-3233697971","151.04","-33.77","PAY/SALARY",NA,"Robin",12496.05,2018-10-08 07:00:00,"F",34,NA,NA,1711.39,"f50d7834ee00499cb256ce657233e708","CUS-1147642491",NA,NA,"credit","Mon","11:00:00","11","October"
"8936","posted",NA,"ACC-3233697971","151.04","-33.77","PAYMENT",NA,"Robin",12450.05,2018-10-08 07:00:00,"F",34,NA,NA,46,"d577c9e3dbad4579a084b7c4b1a1ca22","CUS-1147642491",NA,NA,"debit","Mon","11:00:00","11","October"
"8937","posted",NA,"ACC-847145727","115.90","-31.92","PAYMENT",NA,"Michael",58777.87,2018-10-08 07:00:00,"M",19,NA,NA,37,"1c3a192e06364ffa93784828e1b11527","CUS-1609060617",NA,NA,"debit","Mon","11:00:00","11","October"
"8938","posted",NA,"ACC-1037050564","153.10","-27.66","PAY/SALARY",NA,"Rhonda",4545.77,2018-10-08 07:00:00,"F",40,NA,NA,892.09,"cbd08944c11c413ea210dcca994274e9","CUS-1614226872",NA,NA,"credit","Mon","11:00:00","11","October"
"8939","posted",NA,"ACC-38923874","151.27","-33.90","PAYMENT",NA,"Ryan",43722.72,2018-10-08 07:00:00,"M",38,NA,NA,42,"b4189383fe124325bec534a1fd9a8fe5","CUS-3249305314",NA,NA,"debit","Mon","11:00:00","11","October"
"8940","posted",NA,"ACC-2265520058","151.27","-33.85","PAY/SALARY",NA,"Catherine",6548.23,2018-10-08 07:00:00,"F",26,NA,NA,1843.14,"6494bb95d4264711b3f866af7326e127","CUS-331942311",NA,NA,"credit","Mon","11:00:00","11","October"
"8941","authorized","1","ACC-1598451071","153.41","-27.95","SALES-POS","eb7d3e54-cae7-4635-a2db-5f548bb25550","Diana",2803.22,2018-10-08 07:00:00,"F",26,"Miami","QLD",6.59,"fa88b90c469145ebb80739ecbb1863ac","CUS-2487424745","153.44","-28.07","debit","Mon","11:09:59","11","October"
"8942","authorized","1","ACC-1243371644","150.90","-33.78","POS","09bb1daa-5222-4fd4-9dca-4ea49837c35f","Gregory",5728.76,2018-10-08 07:00:00,"M",42,"Chatswood","NSW",196.45,"6c5de2d50ce54a499f64f0abebe743b9","CUS-3904958894","151.18","-33.8","debit","Mon","11:33:48","11","October"
"8943","authorized","0","ACC-1598451071","153.41","-27.95","POS","5eb77ade-5cba-40c1-95db-bdaea1dcfa5b","Diana",1351.01,2018-10-08 07:00:00,"F",26,"Broadbeach","QLD",1452.21,"d8496fdd9df54528b16ee3c1c4eb4641","CUS-2487424745","153.43","-28.03","debit","Mon","11:57:37","11","October"
"8944","posted",NA,"ACC-2901672282","255.00","-573.00","PAYMENT",NA,"Daniel",8561.69,2018-10-08 07:00:00,"M",22,NA,NA,106,"07998e74cb684d78bab6533870f0516b","CUS-1617121891",NA,NA,"debit","Mon","12:00:00","12","October"
"8945","posted",NA,"ACC-4274272854","145.23","-37.86","PAY/SALARY",NA,"Timothy",8638.2,2018-10-08 07:00:00,"M",20,NA,NA,1640.83,"936b71941a8a421a9df82847183a0386","CUS-2484453271",NA,NA,"credit","Mon","12:00:00","12","October"
"8946","posted",NA,"ACC-1438600314","138.69","-34.84","PAY/SALARY",NA,"Maria",4838.69,2018-10-08 07:00:00,"F",35,NA,NA,862.95,"db19e1f049e04253a894d74c8eedbeb4","CUS-2650223890",NA,NA,"credit","Mon","12:00:00","12","October"
"8947","posted",NA,"ACC-4258502723","145.45","-37.74","PAYMENT",NA,"Kimberly",4358.02,2018-10-08 07:00:00,"F",24,NA,NA,75,"e425bc4cc36448bd930b0f89ce6e2319","CUS-3378712515",NA,NA,"debit","Mon","12:00:00","12","October"
"8948","authorized","1","ACC-1973887809","115.78","-31.90","SALES-POS","c7e94263-6f0c-463e-bbbc-ccc1d1251034","Antonio",6773.96,2018-10-08 07:00:00,"M",26,"Perth","WA",23.64,"a08feae7f8e946968fbd556493acda69","CUS-1646621553","115.82","-31.98","debit","Mon","12:21:25","12","October"
"8949","authorized","1","ACC-4059612845","130.98","-12.49","POS","abe51cc4-14e1-4655-b0ea-8dd27efdc316","Jonathan",59119.92,2018-10-08 07:00:00,"M",38,"Collingwood","VIC",55.47,"bf5a8753c9424163ae90d70408d90f6c","CUS-495599312","144.99","-37.8","debit","Mon","12:45:14","12","October"
"8950","posted",NA,"ACC-2681137560","151.11","-33.99","PAY/SALARY",NA,"Nathaniel",11684.97,2018-10-08 07:00:00,"M",31,NA,NA,2886.52,"077f7883618c47d59f7b7d63b309ac74","CUS-2083971310",NA,NA,"credit","Mon","13:00:00","13","October"
"8951","posted",NA,"ACC-1496451953","145.16","-37.84","PAY/SALARY",NA,"Ricky",20005.06,2018-10-08 07:00:00,"M",43,NA,NA,2588.01,"0ed12db8c72b470fbfb5406e10bb353a","CUS-3142625864",NA,NA,"credit","Mon","13:00:00","13","October"
"8952","posted",NA,"ACC-2173390920","144.71","-37.58","PAY/SALARY",NA,"Luis",10162.29,2018-10-08 07:00:00,"M",27,NA,NA,1396.23,"fc274f9ad16444deadc54586d564704f","CUS-3180318393",NA,NA,"credit","Mon","13:00:00","13","October"
"8953","posted",NA,"ACC-2615038700","145.35","-38.03","PAY/SALARY",NA,"Emily",32794.21,2018-10-08 07:00:00,"F",43,NA,NA,664.43,"769ade911c5647919f5f105406b44332","CUS-3255104878",NA,NA,"credit","Mon","13:00:00","13","October"
"8954","posted",NA,"ACC-4258502723","145.45","-37.74","PAY/SALARY",NA,"Kimberly",5301.6,2018-10-08 07:00:00,"F",24,NA,NA,1059.84,"629e6fc418f8435db21bb2749a698d40","CUS-3378712515",NA,NA,"credit","Mon","13:00:00","13","October"
"8955","posted",NA,"ACC-2249586092","115.98","-32.07","PAY/SALARY",NA,"Edward",10766.72,2018-10-08 07:00:00,"M",19,NA,NA,990.55,"10d115954b2e411bbcfeb5d0fc38b009","CUS-443776336",NA,NA,"credit","Mon","13:00:00","13","October"
"8956","authorized","1","ACC-2897221629","150.90","-34.37","SALES-POS","b890d24c-7dfc-404e-877f-b38dc3c444c0","Scott",6340.95,2018-10-08 07:00:00,"M",23,"Saint Ives","NSW",12.44,"141ce5bccef3445a939298b8e6b31519","CUS-511326734","151.16","-33.73","debit","Mon","13:09:16","13","October"
"8957","authorized","1","ACC-4258502723","145.45","-37.74","SALES-POS","e7bf57d9-9eeb-41b4-886e-efb676a5bd80","Kimberly",4241.76,2018-10-08 07:00:00,"F",24,"Port Douglas","QLD",116.26,"b1e504ecf44840abb3a48b4ab8510f00","CUS-3378712515","145.46","-16.48","debit","Mon","13:33:39","13","October"
"8958","authorized","1","ACC-182446574","116.06","-32.00","POS","3814a278-6030-4aa6-8ec7-b1ccfb8ccced","Tonya",7274.85,2018-10-08 07:00:00,"F",27,"Spearwood","WA",14.12,"1e472cb3621a48ff8e1560ea0b03a177","CUS-3026014945","115.78","-32.1","debit","Mon","13:58:02","13","October"
"8959","posted",NA,"ACC-4065652575","115.81","-31.82","PAYMENT",NA,"Lucas",12185.6,2018-10-08 07:00:00,"M",21,NA,NA,40,"ec624afad13f414691960bcbf67fd321","CUS-1117979751",NA,NA,"debit","Mon","14:00:00","14","October"
"8960","posted",NA,"ACC-602667573","151.23","-33.96","PAY/SALARY",NA,"Michael",18606.85,2018-10-08 07:00:00,"M",40,NA,NA,2280.36,"11ac6e0110734f40bcb03ba1c747924e","CUS-2031327464",NA,NA,"credit","Mon","14:00:00","14","October"
"8961","posted",NA,"ACC-3827517394","151.12","-33.89","PAYMENT",NA,"Craig",41132.99,2018-10-08 07:00:00,"M",28,NA,NA,20,"448512e3afbb4c959cca7d457f1d5647","CUS-2663907001",NA,NA,"debit","Mon","14:00:00","14","October"
"8962","posted",NA,"ACC-3021093232","149.83","-29.47","PAY/SALARY",NA,"Melissa",10687.82,2018-10-08 07:00:00,"F",30,NA,NA,1636.72,"72f77f04c4b048598e5007760a49e25a","CUS-55310383",NA,NA,"credit","Mon","14:00:00","14","October"
"8963","authorized","1","ACC-1222300524","151.23","-33.94","POS","bea54ad1-8c10-4b04-a57f-9309f92c8093","Michael",589.52,2018-10-08 07:00:00,"M",38,"Parramatta","NSW",23.03,"86d24e76c83448bb855bbd7fe8539d34","CUS-2142601169","151","-33.81","debit","Mon","14:23:35","14","October"
"8964","authorized","0","ACC-3485804958","138.52","-35.01","SALES-POS","5a3c0cad-eb95-43f2-9d62-c55f9d325ce9","Jessica",25054.61,2018-10-08 07:00:00,"F",34,"North Wagga Wagga","NSW",12.82,"f8c61a44a6a3473bb71ec79537d1db20","CUS-1196156254","147.38","-35.1","debit","Mon","14:49:13","14","October"
"8965","posted",NA,"ACC-819621312","145.04","-37.85","INTER BANK",NA,"Michele",7696.43,2018-10-08 07:00:00,"F",30,NA,NA,55,"de7703ac8a6b4ceda4518f335770db50","CUS-1271030853",NA,NA,"debit","Mon","15:00:00","15","October"
"8966","posted",NA,"ACC-1650504218","145.01","-37.93","PAYMENT",NA,"Marissa",14033.4,2018-10-08 07:00:00,"F",23,NA,NA,22,"e0d243c456864ee38b4bcb428db61ca5","CUS-2500783281",NA,NA,"debit","Mon","15:00:00","15","October"
"8967","authorized","1","ACC-1598451071","153.41","-27.95","SALES-POS","aa2ab9e7-d798-4888-aa95-1d925dc470b9","Diana",1339.35,2018-10-08 07:00:00,"F",26,"Arundel","QLD",11.66,"fbf6e70f086c4ff7a1f8cc84a6cad553","CUS-2487424745","153.35","-27.95","debit","Mon","15:15:15","15","October"
"8968","authorized","1","ACC-966140392","147.08","-37.97","SALES-POS","853f8f58-3ee4-4939-b473-e1027e041466","Joseph",7753.04,2018-10-08 07:00:00,"M",21,"Ascot Vale","VIC",16.27,"f19bf2f5de5a45adb84570229d12441f","CUS-537508723","144.92","-37.77","debit","Mon","15:41:34","15","October"
"8969","authorized","1","ACC-182446574","116.06","-32.00","SALES-POS","77d64894-f8f6-4d4d-b250-b87c82b01194","Tonya",7256.09,2018-10-08 07:00:00,"F",27,"Fremantle","WA",18.76,"c6206e60f933487fbce5ac92471e3f0f","CUS-3026014945","115.75","-32.05","debit","Mon","16:08:49","16","October"
"8970","authorized","0","ACC-182446574","116.06","-32.00","SALES-POS","c70b0732-6b39-496e-b4fb-182eb04b74aa","Tonya",7246.76,2018-10-08 07:00:00,"F",27,"Innaloo","WA",9.33,"bf7b8f5ea4b64501935380f512776cd6","CUS-3026014945","115.8","-31.9","debit","Mon","16:38:14","16","October"
"8971","posted",NA,"ACC-847145727","115.90","-31.92","PAY/SALARY",NA,"Michael",61632.61,2018-10-08 07:00:00,"M",19,NA,NA,2854.74,"e0d16e74c9ed4e0fb8dcebf370e6e52d","CUS-1609060617",NA,NA,"credit","Mon","17:00:00","17","October"
"8972","posted",NA,"ACC-3084464802","145.15","-37.76","PAYMENT",NA,"Susan",9502.38,2018-10-08 07:00:00,"F",19,NA,NA,36,"c9990532ae834d96be8288ade026f85e","CUS-1928710999",NA,NA,"debit","Mon","17:00:00","17","October"
"8973","posted",NA,"ACC-3827517394","151.12","-33.89","PAY/SALARY",NA,"Craig",45187.76,2018-10-08 07:00:00,"M",28,NA,NA,4054.77,"fa56b9c4c89640c4a4b49cea6692be83","CUS-2663907001",NA,NA,"credit","Mon","17:00:00","17","October"
"8974","posted",NA,"ACC-3827517394","151.12","-33.89","PAYMENT",NA,"Craig",45029.76,2018-10-08 07:00:00,"M",28,NA,NA,158,"13c74a2c8fb441d78e55930e8125a124","CUS-2663907001",NA,NA,"debit","Mon","17:00:00","17","October"
"8975","posted",NA,"ACC-4258502723","145.45","-37.74","PAYMENT",NA,"Kimberly",5248.6,2018-10-08 07:00:00,"F",24,NA,NA,53,"5fce306e44b845b9beeff5f96538e819","CUS-3378712515",NA,NA,"debit","Mon","17:00:00","17","October"
"8976","authorized","1","ACC-1598451071","153.41","-27.95","SALES-POS","f07102f0-6b90-4650-8ba0-ec34cc2c69b6","Diana",1319.15,2018-10-08 07:00:00,"F",26,"Indooroopilly","QLD",20.2,"3df1d76273d045faaf3d69284e8525c8","CUS-2487424745","152.97","-27.5","debit","Mon","17:08:23","17","October"
"8977","authorized","1","ACC-3084464802","145.15","-37.76","POS","37fe8e9e-8581-4972-9348-26f890f02bee","Susan",9538.38,2018-10-08 07:00:00,"F",19,"Ripponlea","VIC",20.69,"73177a35fcab457ebea827fb9c20cffc","CUS-1928710999","145","-37.88","debit","Mon","17:40:38","17","October"
"8978","authorized","1","ACC-1424176027","151.08","-33.93","POS","52be1d52-533e-45ec-8f27-7721f9535c87","Donald",8472.56,2018-10-08 07:00:00,"M",22,"Green Valley","NSW",39.67,"c1dff3c710f44e36bf81d201aed9101a","CUS-3431016847","150.87","-33.91","debit","Mon","18:13:47","18","October"
"8979","authorized","1","ACC-1243371644","150.90","-33.78","SALES-POS","e5a46fd4-2048-4bc9-ab60-1e7d9ce7d1c8","Gregory",5716.74,2018-10-08 07:00:00,"M",42,"Brookvale","NSW",12.02,"6aaf2251bc804ebd9df05b9bc01ff283","CUS-3904958894","151.27","-33.77","debit","Mon","18:48:16","18","October"
"8980","posted",NA,"ACC-37709441","153.41","-28.01","PAYMENT",NA,"Charles",16924.54,2018-10-08 07:00:00,"M",18,NA,NA,55,"83e05bd7202b4d5caed0858ecd92a886","CUS-3336454548",NA,NA,"debit","Mon","19:00:00","19","October"
"8981","authorized","1","ACC-966140392","147.08","-37.97","SALES-POS","726163b3-2537-4e5f-a06d-021292b02d1c","Joseph",7743.54,2018-10-08 07:00:00,"M",21,"Melbourne","VIC",9.5,"ec748c71a0844e2f8fea0825fcc82af8","CUS-537508723","144.97","-37.81","debit","Mon","19:25:23","19","October"
"8982","posted",NA,"ACC-2920611728","144.96","-37.76","PAYMENT",NA,"Tyler",8196.14,2018-10-08 07:00:00,"M",69,NA,NA,64,"5ef04aabfb5a404f8836e27b25e3791b","CUS-1388323263",NA,NA,"debit","Mon","20:00:00","20","October"
"8983","posted",NA,"ACC-2650850707","148.16","-23.52","PAYMENT",NA,"Brian",115297.97,2018-10-08 07:00:00,"M",42,NA,NA,33,"01bfc177e4c8411c9e0df7e336257840","CUS-2819545904",NA,NA,"debit","Mon","20:00:00","20","October"
"8984","posted",NA,"ACC-3326339947","151.18","-33.80","PAYMENT",NA,"Eric",10117.85,2018-10-08 07:00:00,"M",22,NA,NA,73,"25bfb9e6fcff496fb9ba3e36fcee40ee","CUS-326006476",NA,NA,"debit","Mon","20:00:00","20","October"
"8985","posted",NA,"ACC-154431271","153.09","-27.48","PAYMENT",NA,"Lori",2288.51,2018-10-08 07:00:00,"F",18,NA,NA,61,"d4a0848139b6452da9f5df2500f1ce32","CUS-3702001629",NA,NA,"debit","Mon","20:00:00","20","October"
"8986","authorized","1","ACC-182446574","116.06","-32.00","SALES-POS","04492b94-5be6-42f0-a8fa-93bc4c0f0e56","Tonya",7236.13,2018-10-08 07:00:00,"F",27,"Success","WA",10.63,"497027f11af34b14b047d5b3f263206f","CUS-3026014945","115.86","-32.13","debit","Mon","20:01:38","20","October"
"8987","authorized","0","ACC-3541460373","145.00","-37.83","SALES-POS","5f6c94bc-0ebe-4837-89f3-9bf9b4ce4438","Jeffrey",3395.92,2018-10-08 07:00:00,"M",24,"Doncaster","VIC",12.02,"d2833a0d1b734e02a4b2f5a50de28100","CUS-1433879684","145.13","-37.78","debit","Mon","20:18:01","20","October"
"8988","authorized","0","ACC-1243371644","150.90","-33.78","POS","45cfa91f-fbef-4168-93b9-b31432f44de6","Gregory",5700.8,2018-10-08 07:00:00,"M",42,"Wentworthville","NSW",15.94,"2dcbf24f29e547cb92540432fa4627e9","CUS-3904958894","150.97","-33.81","debit","Mon","20:34:25","20","October"
"8989","authorized","1","ACC-3771436525","145.04","-37.92","POS","a071fbe0-788d-46dc-a3a2-71ee19e8670a","Derek",5002.2,2018-10-08 07:00:00,"M",20,"Ascot Vale","VIC",9.26,"4533a2ec3ca94be79bfafca0c80e0b49","CUS-3325710106","144.92","-37.77","debit","Mon","20:50:49","20","October"
"8990","authorized","0","ACC-966140392","147.08","-37.97","SALES-POS","0c8856c2-d9ba-4ae4-8e61-c824f3d0025b","Joseph",7732.99,2018-10-08 07:00:00,"M",21,"Breakwater","VIC",10.55,"15e8602b8edb4c999996daaa0f430858","CUS-537508723","144.37","-38.19","debit","Mon","21:05:38","21","October"
"8991","authorized","1","ACC-964839203","146.92","-36.07","SALES-POS","9a10665e-b61b-4130-8951-b4db2a38edcd","Michael",38753.62,2018-10-08 07:00:00,"M",21,"Ascot Vale","VIC",11.73,"5c42aa2654bf4ccc9c49dea503f14743","CUS-2059096722","144.92","-37.78","debit","Mon","21:18:27","21","October"
"8992","authorized","0","ACC-3536132544","144.93","-37.79","SALES-POS","bcc8035c-6300-4953-b19d-ca2ec063162b","Heather",6931.92,2018-10-08 07:00:00,"F",41,"South Melbourne","VIC",129.76,"f24e797d628c47f6950160f2d4281017","CUS-2348881191","144.96","-37.84","debit","Mon","21:31:16","21","October"
"8993","authorized","1","ACC-4258502723","145.45","-37.74","POS","eb8be374-b244-43da-a09d-00c8e59df64d","Kimberly",5238.21,2018-10-08 07:00:00,"F",24,"Blackburn South","VIC",10.39,"62aa238eaa52480d9ed4c04c7bc511de","CUS-3378712515","145.15","-37.83","debit","Mon","21:44:06","21","October"
"8994","authorized","0","ACC-1598451071","153.41","-27.95","POS","907956c3-283d-4f7e-80f9-d944b5735c30","Diana",1293.97,2018-10-08 07:00:00,"F",26,"Regents Park","NSW",25.18,"0cfe7ca14f6c457eb4e990270953717f","CUS-2487424745","151.02","-33.88","debit","Mon","21:56:55","21","October"
"8995","posted",NA,"ACC-2249586092","115.98","-32.07","PAYMENT",NA,"Edward",10735.72,2018-10-08 07:00:00,"M",19,NA,NA,31,"98bf01d46fb34c43ad4db4a32d8cbf92","CUS-443776336",NA,NA,"debit","Mon","22:00:00","22","October"
"8996","authorized","1","ACC-3771436525","145.04","-37.92","SALES-POS","a4f2e1b9-aebb-46b8-af8c-063aaf19b013","Derek",4990.11,2018-10-08 07:00:00,"M",20,"Balaclava","VIC",12.09,"5f6b7f4e9db64c4d9fe0cfab13cb12da","CUS-3325710106","144.99","-37.87","debit","Mon","22:16:10","22","October"
"8997","authorized","1","ACC-2673069055","152.99","-27.49","SALES-POS","870eac62-f333-4db6-9c4d-97d6fc06af9c","Richard",15639.67,2018-10-08 07:00:00,"M",24,"Kin Kin","QLD",21.18,"214b408cd77140e590713959212f2e01","CUS-51506836","152.88","-26.26","debit","Mon","22:37:26","22","October"
"8998","authorized","1","ACC-3541460373","145.00","-37.83","SALES-POS","f19f2a55-5bc6-4f5b-9c7a-48cdd07f6a44","Jeffrey",3371.57,2018-10-08 07:00:00,"M",24,"Hoppers Crossing","VIC",24.35,"13c1979efee94176abc0b600cad75f8d","CUS-1433879684","144.68","-37.88","debit","Mon","22:58:43","22","October"
"8999","posted",NA,"ACC-1217063613","147.61","-37.82","INTER BANK",NA,"Kimberly",4571.99,2018-10-08 07:00:00,"F",27,NA,NA,20,"4f6df7712e764ea89950d87079646ac7","CUS-1739931018",NA,NA,"debit","Mon","23:00:00","23","October"
"9000","posted",NA,"ACC-2970114956","144.89","-37.69","PAYMENT",NA,"Robert",10152.48,2018-10-08 07:00:00,"M",26,NA,NA,61,"f9cc4a91a1c946ea988bbc1bca79b3da","CUS-880898248",NA,NA,"debit","Mon","23:00:00","23","October"
"9001","authorized","1","ACC-3771436525","145.04","-37.92","POS","04ffe970-f440-4f47-bdd5-ba5ffe56db6b","Derek",4960.33,2018-10-09 07:00:00,"M",20,"Bairnsdale","VIC",29.78,"22f3af6043cb497e9ea8c5a414e750a1","CUS-3325710106","147.63","-37.83","debit","Tue","00:21:14","00","October"
"9002","authorized","0","ACC-1243371644","150.90","-33.78","POS","0d40d160-af20-47eb-a715-c90935884964","Gregory",5623.07,2018-10-09 07:00:00,"M",42,"Brighton-Le-Sands","NSW",77.73,"3dc27324f8254382a5bc5bd4d000b7b8","CUS-3904958894","151.15","-33.96","debit","Tue","01:16:31","01","October"
"9003","authorized","1","ACC-3771436525","145.04","-37.92","SALES-POS","49c35605-04d0-4fec-993d-de6bce1e4871","Derek",4934.74,2018-10-09 07:00:00,"M",20,"Doncaster East","VIC",25.59,"242490f39eb24e49b65edfaef9c12373","CUS-3325710106","145.16","-37.79","debit","Tue","01:59:59","01","October"
"9004","posted",NA,"ACC-1598451071","153.41","-27.95","INTER BANK",NA,"Diana",1273.97,2018-10-09 07:00:00,"F",26,NA,NA,20,"9a813ce7b04743e19fb7d7d8105e62d6","CUS-2487424745",NA,NA,"debit","Tue","02:00:00","02","October"
"9005","posted",NA,"ACC-1998563091","149.03","-35.25","INTER BANK",NA,"David",17283.43,2018-10-09 07:00:00,"M",42,NA,NA,159,"e89a56fe7afc452c87a0bb905a3695fe","CUS-3395687666",NA,NA,"debit","Tue","02:00:00","02","October"
"9006","posted",NA,"ACC-1243371644","150.90","-33.78","PAYMENT",NA,"Gregory",5532.07,2018-10-09 07:00:00,"M",42,NA,NA,91,"9fe13753c9864a7bb42bf3b3faab8604","CUS-3904958894",NA,NA,"debit","Tue","02:00:00","02","October"
"9007","posted",NA,"ACC-2231965366","144.96","-37.84","INTER BANK",NA,"Linda",19340.57,2018-10-09 07:00:00,"F",35,NA,NA,17,"0ace783fcda747519e70b00316af222d","CUS-2155701614",NA,NA,"debit","Tue","03:00:00","03","October"
"9008","posted",NA,"ACC-2528867619","138.58","-34.96","INTER BANK",NA,"Abigail",16286.61,2018-10-09 07:00:00,"F",40,NA,NA,76,"060e9b32043d42698b4d265ba13923d8","CUS-2505971401",NA,NA,"debit","Tue","03:00:00","03","October"
"9009","posted",NA,"ACC-240804743","121.48","-30.75","PHONE BANK",NA,"Kenneth",18610.14,2018-10-09 07:00:00,"M",29,NA,NA,43,"5b88ce9cc99b4e509b3d8658cf89c1fa","CUS-261674136",NA,NA,"debit","Tue","03:00:00","03","October"
"9010","posted",NA,"ACC-1788473090","145.06","-37.95","INTER BANK",NA,"Rachael",7969.21,2018-10-09 07:00:00,"F",21,NA,NA,20,"8ddac35d2d81443f827bd7dc7275ed2f","CUS-134193016",NA,NA,"debit","Tue","04:00:00","04","October"
"9011","posted",NA,"ACC-3827517394","151.12","-33.89","PAYMENT",NA,"Craig",44999.76,2018-10-09 07:00:00,"M",28,NA,NA,30,"8881e6ea428847d7a6f88eaae2c6818d","CUS-2663907001",NA,NA,"debit","Tue","04:00:00","04","October"
"9012","authorized","1","ACC-1598451071","153.41","-27.95","SALES-POS","b390bd6b-9e19-4a2d-8282-e81dcd657032","Diana",1257.37,2018-10-09 07:00:00,"F",26,"Nerang","QLD",16.6,"4ffddca3cc3c410f851177cb6adc0904","CUS-2487424745","153.34","-28.01","debit","Tue","04:46:39","04","October"
"9013","posted",NA,"ACC-1890605467","143.88","-37.66","INTER BANK",NA,"Alexander",19052.66,2018-10-09 07:00:00,"M",38,NA,NA,42,"ac5dafb58c9d4fd99a4853c0eb66691a","CUS-1478398256",NA,NA,"debit","Tue","05:00:00","05","October"
"9014","posted",NA,"ACC-958000567","130.90","-12.37","PAYMENT",NA,"Sandra",8849.95,2018-10-09 07:00:00,"F",34,NA,NA,20,"cd075f8a774449f593a0dbaab565db7f","CUS-4142663097",NA,NA,"debit","Tue","05:00:00","05","October"
"9015","posted",NA,"ACC-354106658","151.04","-33.80","PAYMENT",NA,"Christine",14203.64,2018-10-09 07:00:00,"F",39,NA,NA,21,"82288f75f02f4725b156592d0cae5ed7","CUS-2376382098",NA,NA,"debit","Tue","06:00:00","06","October"
"9016","posted",NA,"ACC-2270192619","138.56","-35.27","PAYMENT",NA,"Darren",17418.39,2018-10-09 07:00:00,"M",20,NA,NA,39,"7bf6d7c0b7604d0c9f8f0685ef3f79c6","CUS-2110742437",NA,NA,"debit","Tue","07:00:00","07","October"
"9017","posted",NA,"ACC-4274272854","145.23","-37.86","PAYMENT",NA,"Timothy",8604.2,2018-10-09 07:00:00,"M",20,NA,NA,34,"329dac9097d4489493b0dfb097dacea1","CUS-2484453271",NA,NA,"debit","Tue","07:00:00","07","October"
"9018","posted",NA,"ACC-1598451071","153.41","-27.95","PAYMENT",NA,"Diana",1221.37,2018-10-09 07:00:00,"F",26,NA,NA,36,"92afe49581e643ce9ad86c9b8d00386d","CUS-2487424745",NA,NA,"debit","Tue","07:00:00","07","October"
"9019","authorized","1","ACC-2673069055","152.99","-27.49","POS","22e0b7e5-bd9f-45c6-a7ad-6f3db34ed52b","Richard",15614.19,2018-10-09 07:00:00,"M",24,"Capalaba","QLD",25.48,"db4b578231e04b4c807d08d4e4054544","CUS-51506836","153.2","-27.55","debit","Tue","07:27:08","07","October"
"9020","posted",NA,"ACC-2231965366","144.96","-37.84","PAYMENT",NA,"Linda",19304.57,2018-10-09 07:00:00,"F",35,NA,NA,36,"392b3d97d16344ab9246efe9d83a465e","CUS-2155701614",NA,NA,"debit","Tue","08:00:00","08","October"
"9021","authorized","1","ACC-854938045","147.63","-22.84","SALES-POS","38c1492f-bb0b-4735-9cf5-55c96f75311e","James",12923.3,2018-10-09 07:00:00,"M",28,"Newman","WA",11.76,"4cc7cf946b154fad8218ede14c3fe5d7","CUS-4023861240","119.99","-22.91","debit","Tue","08:10:11","08","October"
"9022","authorized","1","ACC-182446574","116.06","-32.00","POS","98cf449f-37ff-4b94-84e6-52e6b0d31d25","Tonya",7154.82,2018-10-09 07:00:00,"F",27,"Midland","WA",81.31,"e3db4eb301354b66a99e446b898c5ccd","CUS-3026014945","116.02","-31.89","debit","Tue","08:29:03","08","October"
"9023","authorized","1","ACC-2970114956","144.89","-37.69","SALES-POS","603c0f89-3378-4f11-8418-4b65c1321390","Robert",10144.54,2018-10-09 07:00:00,"M",26,"Footscray","VIC",7.94,"a3bc78f4fee248ca8fbe059e6f171861","CUS-880898248","144.9","-37.8","debit","Tue","08:47:55","08","October"
"9024","posted",NA,"ACC-3827517394","151.12","-33.89","INTER BANK",NA,"Craig",44970.76,2018-10-09 07:00:00,"M",28,NA,NA,29,"1d0f5ab1423d42fa900485ee721a4b2c","CUS-2663907001",NA,NA,"debit","Tue","09:00:00","09","October"
"9025","posted",NA,"ACC-2265520058","151.27","-33.85","PAYMENT",NA,"Catherine",6458.23,2018-10-09 07:00:00,"F",26,NA,NA,90,"81e788bb484d4f18b3aa11d358a60eca","CUS-331942311",NA,NA,"debit","Tue","09:00:00","09","October"
"9026","posted",NA,"ACC-1710017148","150.82","-34.01","PAYMENT",NA,"Michelle",14229.45,2018-10-09 07:00:00,"F",19,NA,NA,54,"556fcc9942f94178b0641824e18e1989","CUS-883482547",NA,NA,"debit","Tue","09:00:00","09","October"
"9027","authorized","1","ACC-1334819143","145.13","-37.70","SALES-POS","b952dc05-e859-4ade-b09f-1a138db6d88b","Christopher",63355.51,2018-10-09 07:00:00,"M",33,"Strathmore","VIC",62.15,"755fc527f78a412fad35ece6007af789","CUS-3117610635","144.9","-37.73","debit","Tue","09:03:03","09","October"
"9028","authorized","1","ACC-2970114956","144.89","-37.69","SALES-POS","ecfa48c1-8eb4-4066-a210-777d0b41c414","Robert",10110.94,2018-10-09 07:00:00,"M",26,"Ashburton","VIC",33.6,"b7b606f7eafa42918877d1d277a7cda0","CUS-880898248","145.09","-37.87","debit","Tue","09:11:31","09","October"
"9029","authorized","1","ACC-847145727","115.90","-31.92","SALES-POS","2ae365f3-25c8-4c87-8d16-065834f2f69d","Michael",61622.37,2018-10-09 07:00:00,"M",19,"Subiaco","WA",10.24,"0ee10d2e326143fb98dbca8cdfa42801","CUS-1609060617","115.83","-31.94","debit","Tue","09:19:59","09","October"
"9030","authorized","1","ACC-2890243754","153.32","-27.93","POS","f66c8a8b-04da-4908-afbf-6a5fe6c5c6d2","Joseph",5222.92,2018-10-09 07:00:00,"M",37,"Paradise Point","QLD",18.26,"4647f62a3fd648b78b67a9af83ea1ae4","CUS-2695611575","153.39","-27.89","debit","Tue","09:28:28","09","October"
"9031","authorized","0","ACC-4258502723","145.45","-37.74","POS","0f9c8b05-4aaf-4114-bb61-9837dc31e971","Kimberly",5219.86,2018-10-09 07:00:00,"F",24,"Airport West","VIC",18.35,"6fadb08f759f4fa09417c40c3c1ac3b8","CUS-3378712515","144.89","-37.71","debit","Tue","09:36:56","09","October"
"9032","authorized","1","ACC-1710017148","150.82","-34.01","POS","3df82b4a-7300-4ebe-9660-0d810bb28410","Michelle",14283.45,2018-10-09 07:00:00,"F",19,"Frenchs Forest","NSW",59.98,"a5502bbb79d448a39cbbb25e7d5ea675","CUS-883482547","151.24","-33.75","debit","Tue","09:45:25","09","October"
"9033","authorized","1","ACC-2988263882","145.18","-37.90","SALES-POS","66905292-e14e-484f-97c0-1e8c41ed1ede","Michael",6623.2,2018-10-09 07:00:00,"M",44,"Melbourne","VIC",13.06,"3f2ee8a4ac7f45628c33e9539aaf21f5","CUS-1233833708","144.96","-37.81","debit","Tue","09:53:53","09","October"
"9034","posted",NA,"ACC-1334819143","145.13","-37.70","PAYMENT",NA,"Christopher",63243.51,2018-10-09 07:00:00,"M",33,NA,NA,112,"3f0f11ef5f194e3c969f164dcf175692","CUS-3117610635",NA,NA,"debit","Tue","10:00:00","10","October"
"9035","authorized","1","ACC-3771436525","145.04","-37.92","POS","45216199-f3a3-450b-ae2e-177f0d09a5c5","Derek",4901.61,2018-10-09 07:00:00,"M",20,"Flemington","VIC",33.13,"518c5d9b320744a28761b34923cd306a","CUS-3325710106","144.93","-37.79","debit","Tue","10:05:57","10","October"
"9036","authorized","1","ACC-3485804958","138.52","-35.01","POS","00dd8b3e-72dc-4965-b8e3-9acf0289405d","Jessica",25038.61,2018-10-09 07:00:00,"F",34,"Albany","WA",16,"c9d8dc0a1212412cbba28e886a7596b5","CUS-1196156254","117.88","-35.02","debit","Tue","10:27:14","10","October"
"9037","authorized","0","ACC-3771436525","145.04","-37.92","SALES-POS","c22d6980-a3dd-4518-9658-3f1e3313102c","Derek",4881.41,2018-10-09 07:00:00,"M",20,"Bentleigh East","VIC",20.2,"5485b2fdde9a4904ac93cf1cdbd230cf","CUS-3325710106","145.06","-37.92","debit","Tue","10:48:30","10","October"
"9038","posted",NA,"ACC-2231965366","144.96","-37.84","PAYMENT",NA,"Linda",19259.57,2018-10-09 07:00:00,"F",35,NA,NA,45,"e67c0aedbf7b46bea2cb49b8a702037f","CUS-2155701614",NA,NA,"debit","Tue","11:00:00","11","October"
"9039","authorized","1","ACC-1334819143","145.13","-37.70","POS","1a642b2b-4105-4b4f-8d30-3ec8171706a5","Christopher",63210.95,2018-10-09 07:00:00,"M",33,"West Footscray","VIC",32.56,"fed6b21b4fda40a8a855d1ce28e3a282","CUS-3117610635","144.88","-37.8","debit","Tue","11:04:04","11","October"
"9040","authorized","1","ACC-2988263882","145.18","-37.90","SALES-POS","aedfddb2-b3b2-46bc-a2be-22b6733fe7b8","Michael",6508.71,2018-10-09 07:00:00,"M",44,"Sunshine North","VIC",114.49,"fe2d526ca59f48f9a90da9b74bec712a","CUS-1233833708","144.82","-37.77","debit","Tue","11:12:55","11","October"
"9041","authorized","1","ACC-1683215619","138.67","-34.86","SALES-POS","a0c40ba9-0cc6-49b1-8bdf-743091136426","Barry",7803.42,2018-10-09 07:00:00,"M",38,"Albany","WA",22.96,"70600538e71c495193d6d37be03a7a9b","CUS-1604596597","117.88","-35.03","debit","Tue","11:21:46","11","October"
"9042","authorized","1","ACC-1243371644","150.90","-33.78","SALES-POS","d7715663-39b1-405a-8a79-d76feaa1f5ca","Gregory",5501.12,2018-10-09 07:00:00,"M",42,"Katoomba","NSW",30.95,"189c886953d54b948b6a1dd1f131c8f4","CUS-3904958894","150.32","-33.71","debit","Tue","11:30:37","11","October"
"9043","authorized","1","ACC-574997646","150.79","-33.64","POS","80e35799-67a3-4502-93c1-7c06fe7bf2aa","Mackenzie",5304.39,2018-10-09 07:00:00,"F",18,"Cherrybrook","NSW",17.61,"0cbf677c69b74e4f89cd46723406e104","CUS-586638664","151.05","-33.72","debit","Tue","11:39:28","11","October"
"9044","authorized","1","ACC-3541460373","145.00","-37.83","POS","9bf1a1f0-92a2-4492-ab6d-e541bee98d43","Jeffrey",3348.51,2018-10-09 07:00:00,"M",24,"Ringwood","VIC",23.06,"192b814f3c794a20ab070c51b207643c","CUS-1433879684","145.23","-37.81","debit","Tue","11:48:19","11","October"
"9045","authorized","1","ACC-3485804958","138.52","-35.01","POS","3e111141-2bd3-4035-b228-64c2e2092109","Jessica",25025.65,2018-10-09 07:00:00,"F",34,"Albany","WA",12.96,"5ddd96e025a0402db0e9380888306683","CUS-1196156254","117.88","-35.02","debit","Tue","11:57:10","11","October"
"9046","posted",NA,"ACC-2231965366","144.96","-37.84","PAY/SALARY",NA,"Linda",21702.81,2018-10-09 07:00:00,"F",35,NA,NA,2443.24,"c214c8b6717b48efa5c1b0dc7957accb","CUS-2155701614",NA,NA,"credit","Tue","12:00:00","12","October"
"9047","posted",NA,"ACC-3827517394","151.12","-33.89","PAYMENT",NA,"Craig",44822.76,2018-10-09 07:00:00,"M",28,NA,NA,148,"d8acaa70ac7f4c568d5d8ae1965647ba","CUS-2663907001",NA,NA,"debit","Tue","12:00:00","12","October"
"9048","posted",NA,"ACC-3317636250","153.02","-27.66","INTER BANK",NA,"Kenneth",14238.74,2018-10-09 07:00:00,"M",35,NA,NA,73,"7980a841c25e43d1a9d9c5ec49c38569","CUS-2738291516",NA,NA,"debit","Tue","12:00:00","12","October"
"9049","posted",NA,"ACC-1334819143","145.13","-37.70","PAY/SALARY",NA,"Christopher",65929.46,2018-10-09 07:00:00,"M",33,NA,NA,2718.51,"f94aa50746204f5188227c3faa63e79d","CUS-3117610635",NA,NA,"credit","Tue","12:00:00","12","October"
"9050","authorized","1","ACC-2681137560","151.11","-33.99","POS","51f6a542-c40d-4474-9ef3-f9fb37327f3a","Nathaniel",11463.83,2018-10-09 07:00:00,"M",31,"Crows Nest","NSW",221.14,"2c3243798816434e85ee241aaf57b31d","CUS-2083971310","151.2","-33.83","debit","Tue","12:14:46","12","October"
"9051","authorized","1","ACC-1222300524","151.23","-33.94","POS","ba206cd5-781c-43b7-aace-f65100831212","Michael",565.53,2018-10-09 07:00:00,"M",38,"Casula","NSW",23.99,"9a05c4869dfd4082aee026010cb77a8e","CUS-2142601169","150.91","-33.95","debit","Tue","12:36:31","12","October"
"9052","authorized","1","ACC-4258502723","145.45","-37.74","SALES-POS","74abca52-02e5-4f70-ab6a-205cf19e5003","Kimberly",5204.64,2018-10-09 07:00:00,"F",24,"Glenroy","VIC",15.22,"172f5a5b32ce45cdbe8dc472fc400ae3","CUS-3378712515","144.92","-37.71","debit","Tue","12:58:15","12","October"
"9053","posted",NA,"ACC-1443681913","150.92","-33.77","PAY/SALARY",NA,"Ryan",5692.83,2018-10-09 07:00:00,"M",31,NA,NA,996.24,"dd256c388b264e38b06459f2c26da955","CUS-3129499595",NA,NA,"credit","Tue","13:00:00","13","October"
"9054","posted",NA,"ACC-1998563091","149.03","-35.25","PAY/SALARY",NA,"David",19041.24,2018-10-09 07:00:00,"M",42,NA,NA,1757.81,"bc2a49c97206465fa31ce8619457ab49","CUS-3395687666",NA,NA,"credit","Tue","13:00:00","13","October"
"9055","authorized","1","ACC-1222300524","151.23","-33.94","POS","e449ea4c-04e0-4958-bcd1-6a5d531f8e8c","Michael",559.1,2018-10-09 07:00:00,"M",38,"Alexandria","NSW",6.43,"2ac50172d2404024887d8cdb63bd3abb","CUS-2142601169","151.2","-33.92","debit","Tue","13:20:26","13","October"
"9056","authorized","0","ACC-1349834573","145.17","-37.84","POS","79e87fa1-250c-4eef-bef1-d13650738394","Matthew",13762.52,2018-10-09 07:00:00,"M",39,"Rockbank","VIC",27.53,"7586fae3e8444f00b1d7fed0d3a82ce1","CUS-1790886359","144.63","-37.71","debit","Tue","13:42:39","13","October"
"9057","posted",NA,"ACC-3485804958","138.52","-35.01","PAYMENT",NA,"Jessica",24972.1,2018-10-09 07:00:00,"F",34,NA,NA,39,"6e289cb6b0ee4d6095d0f940097fc2fe","CUS-1196156254",NA,NA,"debit","Tue","14:00:00","14","October"
"9058","posted",NA,"ACC-2305712452","138.61","-34.89","PAY/SALARY",NA,"Debra",6174.3,2018-10-09 07:00:00,"F",18,NA,NA,761.33,"fd8c7cd3dca14d44857f6b96cb832d6b","CUS-1842679196",NA,NA,"credit","Tue","14:00:00","14","October"
"9059","posted",NA,"ACC-2674800293","144.96","-37.69","PAYMENT",NA,"Elizabeth",28534.21,2018-10-09 07:00:00,"F",50,NA,NA,171,"ea14e0f716f64bd188daaed4540689d6","CUS-2977593493",NA,NA,"debit","Tue","14:00:00","14","October"
"9060","posted",NA,"ACC-2173390920","144.71","-37.58","PAYMENT",NA,"Luis",10134.29,2018-10-09 07:00:00,"M",27,NA,NA,28,"d69fc28812d64d708e17286fff13f336","CUS-3180318393",NA,NA,"debit","Tue","14:00:00","14","October"
"9061","posted",NA,"ACC-1990648130","114.62","-28.80","PAY/SALARY",NA,"Kaitlyn",7127.99,2018-10-09 07:00:00,"F",21,NA,NA,1037.07,"f37fbb68bddf4cf3b847cebdcd210388","CUS-809013380",NA,NA,"credit","Tue","14:00:00","14","October"
"9062","authorized","0","ACC-3100725361","145.73","-17.03","SALES-POS","0cd4b13e-0508-4cd6-8b65-20955b51e629","Ronald",5558.7,2018-10-09 07:00:00,"M",25,"Melbourne","VIC",12.04,"79508a251b5043479e86fb1a70421a7a","CUS-2178051368","144.98","-37.83","debit","Tue","14:03:14","14","October"
"9063","authorized","1","ACC-2681137560","151.11","-33.99","POS","78f073e0-be8f-490e-bce4-62b2dfbff291","Nathaniel",11452.8,2018-10-09 07:00:00,"M",31,"Kadina","SA",11.03,"a842130e90564de6a0e389edec4e100f","CUS-2083971310","137.72","-33.96","debit","Tue","14:17:56","14","October"
"9064","authorized","0","ACC-182446574","116.06","-32.00","POS","c4c92c60-380c-45de-a8b6-12c6e6a97c59","Tonya",7127.05,2018-10-09 07:00:00,"F",27,"Bellevue","WA",27.77,"ba3706416fed4353bc0242206f34e03f","CUS-3026014945","116.02","-31.9","debit","Tue","14:32:38","14","October"
"9065","authorized","1","ACC-3485804958","138.52","-35.01","POS","d425e815-9a0a-4a4a-b9b7-9394dc05f22c","Jessica",25011.1,2018-10-09 07:00:00,"F",34,"Albany","WA",14.55,"cb2829df239a41a9bb243c4cb427e3e0","CUS-1196156254","117.88","-35.03","debit","Tue","14:47:21","14","October"
"9066","posted",NA,"ACC-3481401842","115.74","-31.72","PAYMENT",NA,"Tiffany",6616.04,2018-10-09 07:00:00,"F",25,NA,NA,32,"346f5324e15d4406980c7bae0ff0a233","CUS-1669695324",NA,NA,"debit","Tue","15:00:00","15","October"
"9067","posted",NA,"ACC-2615038700","145.35","-38.03","PAYMENT",NA,"Emily",32693.21,2018-10-09 07:00:00,"F",43,NA,NA,101,"0237ddf8d38a43d39c15ae5b4f624426","CUS-3255104878",NA,NA,"debit","Tue","15:00:00","15","October"
"9068","authorized","1","ACC-1683215619","138.67","-34.86","POS","480fbc21-d150-4332-b961-22590e70de9b","Barry",7784.85,2018-10-09 07:00:00,"M",38,"Bomaderry","NSW",18.57,"cd4e2314bcc84b789eb7d5095d344a6c","CUS-1604596597","150.6","-34.84","debit","Tue","15:01:49","15","October"
"9069","authorized","1","ACC-3879258709","143.83","-37.66","SALES-POS","b695aa53-1443-4029-8404-f93e5b381d72","Natasha",202191.53,2018-10-09 07:00:00,"F",40,"Craigieburn","VIC",27.54,"309a60a9dbd248b981193764b03f95c5","CUS-527400765","144.94","-37.6","debit","Tue","15:14:48","15","October"
"9070","authorized","1","ACC-1710017148","150.82","-34.01","SALES-POS","40bcf29f-51ae-48b0-9c99-aadccc325e10","Michelle",14193.74,2018-10-09 07:00:00,"F",19,"Bondi Junction","NSW",35.71,"0c75bea1a9b24793bfa3e0c721059393","CUS-883482547","151.25","-33.9","debit","Tue","15:27:47","15","October"
"9071","authorized","0","ACC-4059612845","130.98","-12.49","SALES-POS","ea70ee79-20a2-4171-93eb-55a3908253d4","Jonathan",59038.93,2018-10-09 07:00:00,"M",38,"Burleigh Heads","QLD",80.99,"1c318526d52b4d858f588e2e9c82df08","CUS-495599312","153.42","-28.1","debit","Tue","15:40:46","15","October"
"9072","authorized","1","ACC-3536132544","144.93","-37.79","POS","916b2544-6af9-4b19-85f6-d478891dde86","Heather",6871.66,2018-10-09 07:00:00,"F",41,"Eltham","VIC",60.26,"e461dfadccb94277848179f25af530e8","CUS-2348881191","145.15","-37.71","debit","Tue","15:53:45","15","October"
"9073","posted",NA,"ACC-2828321672","153.03","-27.51","PAY/SALARY",NA,"Stephanie",6864.62,2018-10-09 07:00:00,"F",53,NA,NA,970.47,"8e0fb2a9850a4ed884b4ccd5a3873693","CUS-1005756958",NA,NA,"credit","Tue","16:00:00","16","October"
"9074","posted",NA,"ACC-1598451071","153.41","-27.95","INTER BANK",NA,"Diana",1129.37,2018-10-09 07:00:00,"F",26,NA,NA,92,"76b5e71d9b034944b627e36879440714","CUS-2487424745",NA,NA,"debit","Tue","16:00:00","16","October"
"9075","posted",NA,"ACC-3941181087","115.79","-31.94","PAYMENT",NA,"Paul",12465.58,2018-10-09 07:00:00,"M",25,NA,NA,46,"6b59945f8bfd4a0f9045287a41856a57","CUS-3989008654",NA,NA,"debit","Tue","16:00:00","16","October"
"9076","authorized","1","ACC-3485804958","138.52","-35.01","SALES-POS","d5e0135b-d063-45f0-9696-81ece6091c26","Jessica",24949.88,2018-10-09 07:00:00,"F",34,"Mount Clarence","WA",22.22,"85590e7b0b504118929bffd624144299","CUS-1196156254","117.91","-35.03","debit","Tue","16:12:05","16","October"
"9077","authorized","1","ACC-602667573","151.23","-33.96","POS","b9f56be0-1eda-448d-b3a3-d2cbfa2eed03","Michael",18591.53,2018-10-09 07:00:00,"M",40,"Campsie","NSW",15.32,"780f97c4181640d8852e3e3183012704","CUS-2031327464","151.1","-33.91","debit","Tue","16:35:20","16","October"
"9078","authorized","1","ACC-1334819143","145.13","-37.70","SALES-POS","e4bc12e1-0e87-439e-bc3b-961a06af1371","Christopher",65901.31,2018-10-09 07:00:00,"M",33,"South Yarra","VIC",28.15,"563cb70fd1ba482cb3013f67262d5f39","CUS-3117610635","145","-37.84","debit","Tue","16:58:36","16","October"
"9079","posted",NA,"ACC-1279356312","144.79","-37.73","PAYMENT",NA,"Tyler",10573.54,2018-10-09 07:00:00,"M",44,NA,NA,27,"6a81dfd0d1814931b266a7b0a4482ce8","CUS-1892177589",NA,NA,"debit","Tue","17:00:00","17","October"
"9080","posted",NA,"ACC-1222300524","151.23","-33.94","PAY/SALARY",NA,"Michael",1561.23,2018-10-09 07:00:00,"M",38,NA,NA,1002.13,"02fbb74ca47541ac859702f3c8d6d3f8","CUS-2142601169",NA,NA,"credit","Tue","17:00:00","17","October"
"9081","posted",NA,"ACC-1652235822","144.89","-37.81","PAY/SALARY",NA,"Renee",21581.92,2018-10-09 07:00:00,"F",38,NA,NA,1541.12,"b489e3b8a4fc4311a72cfdce0eb186f4","CUS-2206365095",NA,NA,"credit","Tue","17:00:00","17","October"
"9082","posted",NA,"ACC-3771436525","145.04","-37.92","PAY/SALARY",NA,"Derek",5981.11,2018-10-09 07:00:00,"M",20,NA,NA,1099.7,"f9a764d322e840d8b69965710039c439","CUS-3325710106",NA,NA,"credit","Tue","17:00:00","17","October"
"9083","posted",NA,"ACC-3954677887","115.72","-32.28","PAY/SALARY",NA,"Ruth",7532.54,2018-10-09 07:00:00,"F",47,NA,NA,1272.47,"337ddca27d254d9087993e674bcea6ae","CUS-3716701010",NA,NA,"credit","Tue","17:00:00","17","October"
"9084","posted",NA,"ACC-1243371644","150.90","-33.78","INTER BANK",NA,"Gregory",5481.12,2018-10-09 07:00:00,"M",42,NA,NA,20,"95bb7fe8cb7043b78c4a0e05dee1e15b","CUS-3904958894",NA,NA,"debit","Tue","17:00:00","17","October"
"9085","posted",NA,"ACC-2897221629","150.90","-34.37","PAY/SALARY",NA,"Scott",7323.66,2018-10-09 07:00:00,"M",23,NA,NA,982.71,"f6e456a1247f404bbf4734e1a433ef15","CUS-511326734",NA,NA,"credit","Tue","17:00:00","17","October"
"9086","posted",NA,"ACC-53508546","150.62","-33.76","PAYMENT",NA,"Kimberly",5227.94,2018-10-09 07:00:00,"F",35,NA,NA,1180,"47985dc1cd6d476d9d2f137c10a81afd","CUS-72755508",NA,NA,"debit","Tue","17:00:00","17","October"
"9087","authorized","1","ACC-3689607373","115.79","-31.79","POS","1ddf7d5d-8a4c-480d-8068-95659f2c9580","Virginia",7811.75,2018-10-09 07:00:00,"F",20,"Warwick","WA",17.14,"281a591d85104fceacb3b4d5ae224297","CUS-127297539","115.81","-31.84","debit","Tue","17:17:44","17","October"
"9088","authorized","1","ACC-2249586092","115.98","-32.07","SALES-POS","7ea4144d-c0c4-41c3-91a6-b4eb02051a2a","Edward",10712.54,2018-10-09 07:00:00,"M",19,"Bibra Lake","WA",23.18,"171b0f39b93a44998427804811e4df11","CUS-443776336","115.8","-32.1","debit","Tue","17:36:36","17","October"
"9089","authorized","1","ACC-3879258709","143.83","-37.66","SALES-POS","d582810b-04c5-4fec-9016-ab0ee3c27e01","Natasha",202153.32,2018-10-09 07:00:00,"F",40,"Tarneit","VIC",38.21,"a526af8eea06438b8e751b5ac94fcf90","CUS-527400765","144.69","-37.84","debit","Tue","17:55:28","17","October"
"9090","posted",NA,"ACC-1344825761","151.09","-33.91","PAYMENT",NA,"Sarah",22688.41,2018-10-09 07:00:00,"F",46,NA,NA,45,"231477c92f7e4d0a98ca1cc24ce43ae1","CUS-1499065773",NA,NA,"debit","Tue","18:00:00","18","October"
"9091","posted",NA,"ACC-38923874","151.27","-33.90","INTER BANK",NA,"Ryan",43693.72,2018-10-09 07:00:00,"M",38,NA,NA,29,"8caed2ad6f6f4d33a0024b686efb0a8d","CUS-3249305314",NA,NA,"debit","Tue","18:00:00","18","October"
"9092","posted",NA,"ACC-3879258709","143.83","-37.66","PAYMENT",NA,"Natasha",202124.32,2018-10-09 07:00:00,"F",40,NA,NA,29,"b6aa82bbbc0948f181154d4e74e430c7","CUS-527400765",NA,NA,"debit","Tue","18:00:00","18","October"
"9093","authorized","1","ACC-2673069055","152.99","-27.49","POS","165ae310-aa9e-43b6-b875-f996db6586bd","Richard",15580.63,2018-10-09 07:00:00,"M",24,"Brisbane City","QLD",33.56,"feca4eaa555246ca9bb3ccb2537cae50","CUS-51506836","153.03","-27.47","debit","Tue","18:24:30","18","October"
"9094","authorized","0","ACC-2153562714","116.00","-31.88","POS","4bf96cad-fb6e-481b-b093-5b37aeb3a6d2","Linda",6684.55,2018-10-09 07:00:00,"F",24,"Mount Hawthorn","WA",27.37,"0496ad208f304bef9b61c65d4ae30bd3","CUS-423725039","115.84","-31.92","debit","Tue","18:56:46","18","October"
"9095","posted",NA,"ACC-1799207998","150.68","-33.79","INTER BANK",NA,"Susan",7837.78,2018-10-09 07:00:00,"F",20,NA,NA,115,"4191f19a32aa40d382c8ca912b20f594","CUS-164374203",NA,NA,"debit","Tue","19:00:00","19","October"
"9096","authorized","1","ACC-2249586092","115.98","-32.07","SALES-POS","95acff5e-45de-453d-9fa3-fd055412b58c","Edward",10651.37,2018-10-09 07:00:00,"M",19,"Mirrabooka","WA",61.17,"6264d24f63484275984417393a3367bc","CUS-443776336","115.86","-31.87","debit","Tue","19:17:59","19","October"
"9097","authorized","1","ACC-1598451071","153.41","-27.95","POS","780c3e1e-47b6-49d3-a59f-6c86b4d1c924","Diana",1115.85,2018-10-09 07:00:00,"F",26,"Ormeau","QLD",13.52,"681c05e1b6574a65815364dd7c024e9f","CUS-2487424745","153.25","-27.76","debit","Tue","19:37:59","19","October"
"9098","authorized","1","ACC-1334819143","145.13","-37.70","POS","a1dbeae7-c107-43c9-8d39-b7011109179d","Christopher",65886.48,2018-10-09 07:00:00,"M",33,"Wantirna South","VIC",14.83,"68f68a1b99134e9daea558d2bf49d695","CUS-3117610635","145.24","-37.87","debit","Tue","19:57:59","19","October"
"9099","posted",NA,"ACC-1199531521","116.02","-31.87","PAYMENT",NA,"Billy",14056.85,2018-10-09 07:00:00,"M",52,NA,NA,20,"b443a31544664ac2926151e82a57a270","CUS-134833760",NA,NA,"debit","Tue","20:00:00","20","October"
"9100","posted",NA,"ACC-1349834573","145.17","-37.84","PAYMENT",NA,"Matthew",13728.52,2018-10-09 07:00:00,"M",39,NA,NA,34,"5942ca4016634bd7b307565dbd21b191","CUS-1790886359",NA,NA,"debit","Tue","20:00:00","20","October"
"9101","authorized","1","ACC-182446574","116.06","-32.00","POS","c779eef1-9c7e-4b3d-beab-34c4c44add73","Tonya",7121.06,2018-10-09 07:00:00,"F",27,"Fremantle","WA",5.99,"e5eb5887d00349f8a0257ed76ac1b203","CUS-3026014945","115.75","-32.05","debit","Tue","20:21:57","20","October"
"9102","authorized","1","ACC-1710017148","150.82","-34.01","POS","4a343ec1-48cf-499e-99bf-6cbe7db9c538","Michelle",14169.36,2018-10-09 07:00:00,"F",19,"Dee Why","NSW",24.38,"9df5483bdf7e46198dd6462efc3e8d5d","CUS-883482547","151.28","-33.76","debit","Tue","20:46:20","20","October"
"9103","posted",NA,"ACC-1523339231","115.83","-31.90","INTER BANK",NA,"Tim",68537.45,2018-10-09 07:00:00,"M",40,NA,NA,88,"059b2107f4034b7584f0a0704ce2fac8","CUS-1816693151",NA,NA,"debit","Tue","21:00:00","21","October"
"9104","authorized","0","ACC-966140392","147.08","-37.97","SALES-POS","19e5d2d7-988b-44ff-a1b0-7523717189c3","Joseph",7648.94,2018-10-09 07:00:00,"M",21,"Sydney","NSW",84.05,"eb1041d28fe44141bb4e29ad7d118cd6","CUS-537508723","151.21","-33.87","debit","Tue","21:09:09","21","October"
"9105","authorized","1","ACC-3485804958","138.52","-35.01","SALES-POS","0bb9a68e-ba79-4ca9-adea-b92d1768eb5e","Jessica",24826.18,2018-10-09 07:00:00,"F",34,"Perth","WA",123.7,"ad087949f0ce4d92a7a04a1d87ef58a0","CUS-1196156254","115.86","-31.95","debit","Tue","21:29:59","21","October"
"9106","authorized","1","ACC-3317636250","153.02","-27.66","POS","f51fc2a7-0502-4454-b619-e1ff20a862f6","Kenneth",14212.33,2018-10-09 07:00:00,"M",35,"Ringwood","QLD",26.41,"2eabe1ebe44447f0bbbf78ebd062c01b","CUS-2738291516","152.23","-27.52","debit","Tue","21:50:49","21","October"
"9107","posted",NA,"ACC-1279356312","144.79","-37.73","PAYMENT",NA,"Tyler",10414.54,2018-10-09 07:00:00,"M",44,NA,NA,159,"193f4650be7f47c18d23c881340ea078","CUS-1892177589",NA,NA,"debit","Tue","22:00:00","22","October"
"9108","posted",NA,"ACC-2650850707","148.16","-23.52","PAYMENT",NA,"Brian",115110.97,2018-10-09 07:00:00,"M",42,NA,NA,187,"a96e999b595849868f8edee19cc7358c","CUS-2819545904",NA,NA,"debit","Tue","22:00:00","22","October"
"9109","authorized","1","ACC-3536132544","144.93","-37.79","SALES-POS","6f6529ab-ec81-49a1-bcb9-fd4462368270","Heather",6843.8,2018-10-09 07:00:00,"F",41,"Mount Waverley","VIC",27.86,"cdcfa53c13a848ef9573d5c678799466","CUS-2348881191","145.14","-37.89","debit","Tue","22:23:19","22","October"
"9110","posted",NA,"ACC-2901672282","255.00","-573.00","PAYMENT",NA,"Daniel",8521.69,2018-10-09 07:00:00,"M",22,NA,NA,40,"a5675c87b38f464b9f3a2a04cc4ea5a7","CUS-1617121891",NA,NA,"debit","Tue","23:00:00","23","October"
"9111","authorized","1","ACC-2890243754","153.32","-27.93","SALES-POS","85ce7f6f-63f0-4a59-8e8b-b0353ee225a7","Joseph",5215.37,2018-10-09 07:00:00,"M",37,"Biggera Waters","QLD",7.55,"2b0cadc8060e41e5b35d65a1a5a71757","CUS-2695611575","153.39","-27.93","debit","Tue","23:03:14","23","October"
"9112","authorized","0","ACC-182446574","116.06","-32.00","POS","29d4f89d-e0bc-4ade-bdcc-a8f66b912e8b","Tonya",7106.8,2018-10-09 07:00:00,"F",27,"Southern River","WA",14.26,"f5259d0fabaf4cf888cd77fbeb46a766","CUS-3026014945","115.95","-32.1","debit","Tue","23:30:16","23","October"
"9113","authorized","1","ACC-53508546","150.62","-33.76","POS","51f03efa-4903-425b-b27e-c7ecfbc7789d","Kimberly",5194.25,2018-10-09 07:00:00,"F",35,"Parramatta","NSW",33.69,"31fc6972ee56401282a82d9308a87f70","CUS-72755508","151.02","-33.81","debit","Tue","23:57:17","23","October"
"9114","authorized","1","ACC-2970114956","144.89","-37.69","SALES-POS","c43b9034-b67b-41f8-b5eb-b019056a3387","Robert",10099.71,2018-10-10 07:00:00,"M",26,"Alexandria","NSW",11.23,"447ace23b7b548a99498c36f37171ad2","CUS-880898248","151.2","-33.92","debit","Wed","01:11:59","01","October"
"9115","authorized","1","ACC-3689607373","115.79","-31.79","SALES-POS","2524fe8b-0b41-460d-b7d6-77fdba54657d","Virginia",7745.8,2018-10-10 07:00:00,"F",20,"Clontarf","NSW",65.95,"16dcf20171f944438423e8ecd8778a5f","CUS-127297539","151.26","-33.81","debit","Wed","01:34:13","01","October"
"9116","authorized","1","ACC-3317636250","153.02","-27.66","SALES-POS","2c1b1acc-257c-436a-91a5-030203816469","Kenneth",14180.09,2018-10-10 07:00:00,"M",35,"Toowoomba City","QLD",32.24,"9065efab3abb4869be55477d2f0f009f","CUS-2738291516","151.95","-27.56","debit","Wed","01:56:26","01","October"
"9117","posted",NA,"ACC-4059612845","130.98","-12.49","PAYMENT",NA,"Jonathan",58961.93,2018-10-10 07:00:00,"M",38,NA,NA,77,"0e59c039ddf045188de07b534d82f880","CUS-495599312",NA,NA,"debit","Wed","02:00:00","02","October"
"9118","authorized","1","ACC-1523339231","115.83","-31.90","SALES-POS","0bee35e7-b6d4-44ea-a9d7-c025acdc3d0e","Tim",68484.19,2018-10-10 07:00:00,"M",40,"Sorrento","WA",53.26,"904c0fb500e44792860f8ca9e2fe7206","CUS-1816693151","115.76","-31.82","debit","Wed","02:29:59","02","October"
"9119","posted",NA,"ACC-3485804958","138.52","-35.01","INTER BANK",NA,"Jessica",24657.18,2018-10-10 07:00:00,"F",34,NA,NA,169,"1435f9cbb6b44f868d201c9bf17663ec","CUS-1196156254",NA,NA,"debit","Wed","03:00:00","03","October"
"9120","authorized","1","ACC-1652235822","144.89","-37.81","POS","25d49778-24b9-43de-9e83-e86795d3d2fe","Renee",21557.95,2018-10-10 07:00:00,"F",38,"Hamilton","VIC",23.97,"d67d0cb82451448894c82aa024753986","CUS-2206365095","142.03","-37.74","debit","Wed","04:02:46","04","October"
"9121","authorized","1","ACC-3536132544","144.93","-37.79","SALES-POS","bb518a7e-78c0-49df-89c7-1901da66f246","Heather",6820.66,2018-10-10 07:00:00,"F",41,"Lyndhurst","VIC",23.14,"4cb7e1edf6ce4214adf8898ce51590a5","CUS-2348881191","145.25","-38.08","debit","Wed","04:30:33","04","October"
"9122","authorized","1","ACC-1903037542","153.05","-27.61","POS","b755a38f-b8d8-48a4-800a-63db88276e34","Jeffrey",3914.55,2018-10-10 07:00:00,"M",30,"Oodnadatta","SA",50.56,"5f849ec26ee4456d8aa89c5326e1e4ac","CUS-860700529","135.45","-27.55","debit","Wed","04:58:19","04","October"
"9123","posted",NA,"ACC-602667573","151.23","-33.96","INTER BANK",NA,"Michael",18570.53,2018-10-10 07:00:00,"M",40,NA,NA,21,"25142842173e4c9ba97c191e11056de5","CUS-2031327464",NA,NA,"debit","Wed","06:00:00","06","October"
"9124","posted",NA,"ACC-2171593283","146.94","-36.04","PAYMENT",NA,"Fernando",15392.01,2018-10-10 07:00:00,"M",19,NA,NA,27,"ca3272e36beb4a7da45cb6f2ee7820a7","CUS-2317998716",NA,NA,"debit","Wed","06:00:00","06","October"
"9125","posted",NA,"ACC-2776252858","144.95","-37.76","PAYMENT",NA,"Kristin",6930.19,2018-10-10 07:00:00,"F",43,NA,NA,29,"71d90b1147fb4a6bb70c22adcbe9cd7e","CUS-4123612273",NA,NA,"debit","Wed","06:00:00","06","October"
"9126","posted",NA,"ACC-588564840","151.27","-33.76","INTER BANK",NA,"Isaiah",17332.56,2018-10-10 07:00:00,"M",23,NA,NA,25,"059d3271adf14cdc897554fe149ad2b0","CUS-1462656821",NA,NA,"debit","Wed","07:00:00","07","October"
"9127","posted",NA,"ACC-1496451953","145.16","-37.84","INTER BANK",NA,"Ricky",19966.06,2018-10-10 07:00:00,"M",43,NA,NA,39,"27d10745fcb345309c3c8224639c27eb","CUS-3142625864",NA,NA,"debit","Wed","07:00:00","07","October"
"9128","authorized","0","ACC-1652235822","144.89","-37.81","POS","c6717cc7-5c1e-4779-b147-d59ecd7f3827","Renee",21523.89,2018-10-10 07:00:00,"F",38,"Parramatta","NSW",34.06,"7ef33100b01c49919e30b7017827f2c3","CUS-2206365095","151","-33.82","debit","Wed","07:18:10","07","October"
"9129","posted",NA,"ACC-2014856841","144.99","-37.90","INTER BANK",NA,"Patrick",266404.07,2018-10-10 07:00:00,"M",46,NA,NA,22,"6c73733a41f64a6ea930990e165b249d","CUS-2370108457",NA,NA,"debit","Wed","08:00:00","08","October"
"9130","posted",NA,"ACC-4163822186","149.03","-34.97","PAYMENT",NA,"Karen",9619.64,2018-10-10 07:00:00,"F",26,NA,NA,55,"4ab953f8cc804e38957404714cb41c92","CUS-2630892467",NA,NA,"debit","Wed","08:00:00","08","October"
"9131","posted",NA,"ACC-3954677887","115.72","-32.28","PAYMENT",NA,"Ruth",7474.54,2018-10-10 07:00:00,"F",47,NA,NA,58,"476835fe0c1f4aa29c3c19c5221a18f9","CUS-3716701010",NA,NA,"debit","Wed","08:00:00","08","October"
"9132","authorized","1","ACC-211792489","138.63","-34.93","SALES-POS","bb18a07f-b0de-41d8-87ae-eb8c318b9b63","Jacqueline",3431.01,2018-10-10 07:00:00,"F",30,"Willunga","SA",31.53,"bb19219970ab453dab1c7e62f8f2c9d7","CUS-497688347","138.56","-35.27","debit","Wed","08:00:42","08","October"
"9133","authorized","0","ACC-1652235822","144.89","-37.81","POS","407c1edf-c8f6-455c-a492-99ba6940488f","Renee",21515.61,2018-10-10 07:00:00,"F",38,"Ringwood","VIC",8.28,"00e964c8513d49b2b2dc785541912863","CUS-2206365095","145.23","-37.81","debit","Wed","08:09:28","08","October"
"9134","authorized","1","ACC-3481401842","115.74","-31.72","SALES-POS","bbec92e9-8f51-413f-a4b5-431f3b34d391","Tiffany",6589.32,2018-10-10 07:00:00,"F",25,"Warwick","WA",26.72,"167bf102b4e146a1aa7b328df6a94600","CUS-1669695324","115.81","-31.84","debit","Wed","08:18:14","08","October"
"9135","authorized","1","ACC-3481401842","115.74","-31.72","SALES-POS","5c7cd84e-2d88-4be4-9f99-f7e4bcbf92e6","Tiffany",6565.02,2018-10-10 07:00:00,"F",25,"Attadale","WA",24.3,"792c18bfe7f74d35bbf0c68a6038cca9","CUS-1669695324","115.8","-32.03","debit","Wed","08:27:01","08","October"
"9136","authorized","1","ACC-574997646","150.79","-33.64","SALES-POS","c41218ee-e1e9-4da6-9e8c-c4e6c27f3bdd","Mackenzie",5290.87,2018-10-10 07:00:00,"F",18,"Busselton","WA",13.52,"42cc0314941442fd86870b827123ced2","CUS-586638664","115.34","-33.65","debit","Wed","08:35:47","08","October"
"9137","authorized","1","ACC-1890605467","143.88","-37.66","SALES-POS","b6db740d-3adc-420c-9efc-96e0bd670fc4","Alexander",19033.85,2018-10-10 07:00:00,"M",38,"Melbourne","VIC",18.81,"2dc107d86a3a4d74aa2aee92837a3da6","CUS-1478398256","144.97","-37.81","debit","Wed","08:44:33","08","October"
"9138","authorized","1","ACC-3481401842","115.74","-31.72","POS","67465c3b-c1f2-4d55-b37e-c2a0081ab212","Tiffany",6550.49,2018-10-10 07:00:00,"F",25,"Morley","WA",14.53,"aab192ec5397413897be664feb123d29","CUS-1669695324","115.9","-31.9","debit","Wed","08:53:19","08","October"
"9139","posted",NA,"ACC-354106658","151.04","-33.80","INTER BANK",NA,"Christine",14178.64,2018-10-10 07:00:00,"F",39,NA,NA,25,"0037395f47aa45c6a432c906abe64934","CUS-2376382098",NA,NA,"debit","Wed","09:00:00","09","October"
"9140","posted",NA,"ACC-1443681913","150.92","-33.77","PAYMENT",NA,"Ryan",5656.83,2018-10-10 07:00:00,"M",31,NA,NA,36,"48540a6cb409463b8d7f05ebd6d0c651","CUS-3129499595",NA,NA,"debit","Wed","09:00:00","09","October"
"9141","authorized","1","ACC-602667573","151.23","-33.96","SALES-POS","e118860c-9ef3-491e-87f4-1d38bada2366","Michael",18563.21,2018-10-10 07:00:00,"M",40,"Wetherill Park","NSW",7.32,"b7bf4c54286a4d5cbe5ee2e6a6c4d405","CUS-2031327464","150.92","-33.84","debit","Wed","09:01:04","09","October"
"9142","authorized","1","ACC-2897221629","150.90","-34.37","SALES-POS","308ac76c-03d3-4de8-b593-4eec154824c3","Scott",7317.62,2018-10-10 07:00:00,"M",23,"Belmore","NSW",6.04,"da8c78d93e51426cbcfd9921a42baa3f","CUS-511326734","151.09","-33.92","debit","Wed","09:05:32","09","October"
"9143","authorized","0","ACC-602667573","151.23","-33.96","SALES-POS","af1b174c-7267-4868-81a4-97e9c3340a11","Michael",18549.74,2018-10-10 07:00:00,"M",40,"North Sydney","NSW",13.47,"31a476c8db7b430fa20137f0af64e1e6","CUS-2031327464","151.21","-33.84","debit","Wed","09:09:59","09","October"
"9144","authorized","0","ACC-3100725361","145.73","-17.03","SALES-POS","4a96e67d-db1c-4a08-a9f4-1e4610bb7727","Ronald",5548.93,2018-10-10 07:00:00,"M",25,"Cairns City","QLD",9.77,"e2ef669444b243f59497652b24b4da3d","CUS-2178051368","145.78","-16.92","debit","Wed","09:14:27","09","October"
"9145","authorized","1","ACC-1652235822","144.89","-37.81","POS","b2a83cf4-8216-4f61-a9a1-537cf234f93a","Renee",21482.69,2018-10-10 07:00:00,"F",38,"Keysborough","VIC",32.92,"b9c19d2e62134e29a7abe182c05bd30a","CUS-2206365095","145.17","-37.99","debit","Wed","09:18:55","09","October"
"9146","authorized","1","ACC-3827517394","151.12","-33.89","SALES-POS","142d45ab-8d51-47d2-87ad-cb2bbf7e23fc","Craig",44802.16,2018-10-10 07:00:00,"M",28,"Margaret River","WA",20.6,"9bffb153e62345859fbeeaabf52fe058","CUS-2663907001","115.07","-33.95","debit","Wed","09:23:23","09","October"
"9147","authorized","1","ACC-1598451071","153.41","-27.95","POS","3647e656-341b-4fc7-b46e-d4b5fd2c93d4","Diana",1052.85,2018-10-10 07:00:00,"F",26,"Alexandria","NSW",63,"35ea1b0dd0804a1b89aa0f1967a4eb12","CUS-2487424745","151.2","-33.9","debit","Wed","09:27:51","09","October"
"9148","authorized","0","ACC-3481401842","115.74","-31.72","POS","afa8342a-5a71-4aee-a32b-e4904ae91f44","Tiffany",6527.22,2018-10-10 07:00:00,"F",25,"Morley","WA",23.27,"059e85f529cc42afaa521158c0b64cbd","CUS-1669695324","115.9","-31.9","debit","Wed","09:32:19","09","October"
"9149","authorized","1","ACC-3485804958","138.52","-35.01","SALES-POS","158e9021-caa1-45ce-ab1e-5e5ec4605eba","Jessica",24650.85,2018-10-10 07:00:00,"F",34,"Port Adelaide","SA",6.33,"a0464832665a46ff98ddb414fcef3f5e","CUS-1196156254","138.5","-34.85","debit","Wed","09:36:47","09","October"
"9150","authorized","1","ACC-602667573","151.23","-33.96","SALES-POS","3075b265-3b29-4d54-a38e-c379113f73bf","Michael",18382.53,2018-10-10 07:00:00,"M",40,"Balingup","WA",167.21,"6cf658be75cd47b9a8fa8dccd7cf9763","CUS-2031327464","115.97","-33.79","debit","Wed","09:41:14","09","October"
"9151","authorized","1","ACC-2673069055","152.99","-27.49","SALES-POS","1c3901a3-31c3-4bd4-b15c-5538a75ee589","Richard",15554.72,2018-10-10 07:00:00,"M",24,"Regents Park","QLD",25.91,"52b24667659949008c41a4aa083c9cf9","CUS-51506836","153.03","-27.67","debit","Wed","09:45:42","09","October"
"9152","authorized","1","ACC-53508546","150.62","-33.76","SALES-POS","e9d93864-dff9-4a9f-b327-8d03f64591e2","Kimberly",5170.93,2018-10-10 07:00:00,"F",35,"Chatswood","NSW",23.32,"54f21ccd953b4dbab311e89381e0499f","CUS-72755508","151.18","-33.8","debit","Wed","09:50:10","09","October"
"9153","authorized","1","ACC-602667573","151.23","-33.96","SALES-POS","527f86cc-7ecb-467a-9cfd-744ad2456954","Michael",18360.44,2018-10-10 07:00:00,"M",40,"North Ryde","NSW",22.09,"709e1d05db5b4dcea810b187033cb434","CUS-2031327464","151.12","-33.78","debit","Wed","09:54:38","09","October"
"9154","authorized","1","ACC-1523339231","115.83","-31.90","POS","1f67fe13-88de-4730-a94c-3ccd989930a2","Tim",68391.33,2018-10-10 07:00:00,"M",40,"Melbourne","VIC",92.86,"aa3d56ebacd04a38b2106bb0f018f773","CUS-1816693151","144.97","-37.81","debit","Wed","09:59:06","09","October"
"9155","posted",NA,"ACC-1037050564","153.10","-27.66","PAYMENT",NA,"Rhonda",4513.77,2018-10-10 07:00:00,"F",40,NA,NA,32,"e0cbe4c516a242da972efd5a9e3a19e4","CUS-1614226872",NA,NA,"debit","Wed","10:00:00","10","October"
"9156","posted",NA,"ACC-1799207998","150.68","-33.79","INTER BANK",NA,"Susan",7798.78,2018-10-10 07:00:00,"F",20,NA,NA,39,"90e603d007d4434da331d4a3d234863f","CUS-164374203",NA,NA,"debit","Wed","10:00:00","10","October"
"9157","posted",NA,"ACC-2107684084","145.03","-37.88","PAYMENT",NA,"Richard",8535.5,2018-10-10 07:00:00,"M",22,NA,NA,34,"e4ae1f6e86b441d89033871607140937","CUS-2283904812",NA,NA,"debit","Wed","10:00:00","10","October"
"9158","posted",NA,"ACC-2528867619","138.58","-34.96","PAYMENT",NA,"Abigail",16206.61,2018-10-10 07:00:00,"F",40,NA,NA,80,"8bafcb6d45f3464e84753fe7c869947a","CUS-2505971401",NA,NA,"debit","Wed","10:00:00","10","October"
"9159","posted",NA,"ACC-2173390920","144.71","-37.58","PAYMENT",NA,"Luis",10105.29,2018-10-10 07:00:00,"M",27,NA,NA,29,"7933e62bc8b54dc2a9c1d6994883e66c","CUS-3180318393",NA,NA,"debit","Wed","10:00:00","10","October"
"9160","posted",NA,"ACC-966140392","147.08","-37.97","PAYMENT",NA,"Joseph",7618.94,2018-10-10 07:00:00,"M",21,NA,NA,30,"e319b11eb0184d0ab380a8af5b2c082a","CUS-537508723",NA,NA,"debit","Wed","10:00:00","10","October"
"9161","authorized","1","ACC-1683215619","138.67","-34.86","POS","5da9f113-d911-4709-b6a3-5ff1fbb0c7be","Barry",7771.47,2018-10-10 07:00:00,"M",38,"Bomaderry","NSW",13.38,"5823edc32ae1497cbcdd6ada3e8bd88f","CUS-1604596597","150.61","-34.85","debit","Wed","10:18:10","10","October"
"9162","authorized","1","ACC-1279356312","144.79","-37.73","SALES-POS","42e419ec-36e1-4d12-9030-6b17ea707739","Tyler",10390.27,2018-10-10 07:00:00,"M",44,"Malvern","VIC",24.27,"86ffdd54bc854b49a8ff7552e40cb96d","CUS-1892177589","145.03","-37.85","debit","Wed","10:40:54","10","October"
"9163","posted",NA,"ACC-588564840","151.27","-33.76","PAY/SALARY",NA,"Isaiah",21236.51,2018-10-10 07:00:00,"M",23,NA,NA,3903.95,"0726e97b3df44344b4b7d0f762d7801a","CUS-1462656821",NA,NA,"credit","Wed","11:00:00","11","October"
"9164","authorized","0","ACC-3827517394","151.12","-33.89","POS","176a01ec-0cd5-4763-88e5-563d120ed7ad","Craig",44763.25,2018-10-10 07:00:00,"M",28,"Brisbane City","QLD",38.91,"bb837bb14c8042d4ab0a36c6b4731806","CUS-2663907001","153.02","-27.47","debit","Wed","11:01:00","11","October"
"9165","authorized","1","ACC-854938045","147.63","-22.84","POS","5db857fb-118c-4757-ab48-337ea3710e01","James",12911.42,2018-10-10 07:00:00,"M",28,"Wagga Wagga","NSW",11.88,"a0624de7f1bf44d5812239eeb91c4846","CUS-4023861240","147.42","-35.12","debit","Wed","11:07:20","11","October"
"9166","authorized","1","ACC-3827517394","151.12","-33.89","POS","40ad329f-8756-4c30-97dd-6520bcae8a9b","Craig",44748.6,2018-10-10 07:00:00,"M",28,"Liverpool","NSW",14.65,"e987cf45de4b430b8f27b15d6b374f36","CUS-2663907001","150.92","-33.91","debit","Wed","11:13:40","11","October"
"9167","authorized","1","ACC-1683215619","138.67","-34.86","POS","7ed7f9e4-5e2b-40bd-b81c-4e0acd6546bc","Barry",7717.37,2018-10-10 07:00:00,"M",38,"Yass","NSW",54.1,"b8325f8741e049a99045300e97d4d286","CUS-1604596597","148.91","-34.83","debit","Wed","11:19:59","11","October"
"9168","authorized","1","ACC-4274272854","145.23","-37.86","POS","fe235033-df5c-4703-ac2e-474efd1acb4d","Timothy",8587.03,2018-10-10 07:00:00,"M",20,"Haymarket","NSW",17.17,"f3cb80e87d4e4dcd848e331f319b828e","CUS-2484453271","151.21","-33.88","debit","Wed","11:26:19","11","October"
"9169","authorized","1","ACC-3100725361","145.73","-17.03","SALES-POS","95d58f16-a978-4a77-8227-f719712da960","Ronald",5539.22,2018-10-10 07:00:00,"M",25,"Wynyard","TAS",9.71,"5b700492b5294f898433163ff50601ab","CUS-2178051368","145.72","-41","debit","Wed","11:32:39","11","October"
"9170","authorized","1","ACC-1334819143","145.13","-37.70","POS","0e976dfc-9444-4756-930f-164e5d5aaa21","Christopher",65879.98,2018-10-10 07:00:00,"M",33,"Hawthorn East","VIC",6.5,"d0c554ee737a41628b3e0ae3d29c7d7c","CUS-3117610635","145.05","-37.85","debit","Wed","11:38:59","11","October"
"9171","authorized","1","ACC-354106658","151.04","-33.80","POS","f4de8077-1282-4a9d-89ec-faf918885e57","Christine",14168.51,2018-10-10 07:00:00,"F",39,"Kogarah","NSW",10.13,"47a5efc2847c4400acfc65a0c4c04ae7","CUS-2376382098","151.13","-33.96","debit","Wed","11:45:18","11","October"
"9172","authorized","1","ACC-3741880913","150.50","-23.40","POS","5dff36d2-8931-400a-ab57-8ec3a5e2879c","Ashley",10004.81,2018-10-10 07:00:00,"F",25,"Alpine","NSW",30.53,"6c2ee5e7f5164e59b4a6534cfd9c1fcf","CUS-1220154422","150.52","-34.41","debit","Wed","11:51:38","11","October"
"9173","authorized","1","ACC-1710017148","150.82","-34.01","SALES-POS","ed323d3e-dff0-434d-be5b-b04855e3d9e9","Michelle",14162.09,2018-10-10 07:00:00,"F",19,"Bankstown","NSW",7.27,"a3ee4f3b31cc4b81b7d4a250d3b2d424","CUS-883482547","151.03","-33.92","debit","Wed","11:57:58","11","October"
"9174","posted",NA,"ACC-1650504218","145.01","-37.93","PAY/SALARY",NA,"Marissa",15659.88,2018-10-10 07:00:00,"F",23,NA,NA,1626.48,"54ebf76d9c1c45428d1acb84166cd9db","CUS-2500783281",NA,NA,"credit","Wed","12:00:00","12","October"
"9175","posted",NA,"ACC-4163822186","149.03","-34.97","PAYMENT",NA,"Karen",9573.64,2018-10-10 07:00:00,"F",26,NA,NA,46,"f80c328d863d4c2d9122e8ae4fbf61ea","CUS-2630892467",NA,NA,"debit","Wed","12:00:00","12","October"
"9176","posted",NA,"ACC-182446574","116.06","-32.00","INTER BANK",NA,"Tonya",7049.8,2018-10-10 07:00:00,"F",27,NA,NA,57,"194909ac871e40b4b1a45bbb104a8e9d","CUS-3026014945",NA,NA,"debit","Wed","12:00:00","12","October"
"9177","posted",NA,"ACC-3326339947","151.18","-33.80","PAY/SALARY",NA,"Eric",11101.21,2018-10-10 07:00:00,"M",22,NA,NA,983.36,"704716a0ce0d41b9bd7699d9ff095a04","CUS-326006476",NA,NA,"credit","Wed","12:00:00","12","October"
"9178","authorized","1","ACC-1683215619","138.67","-34.86","SALES-POS","913faf44-1f19-4b6d-a688-734c39e2ad49","Barry",7620.7,2018-10-10 07:00:00,"M",38,"Melbourne","VIC",96.67,"443ff333be474d25bfbf2d8a330d9714","CUS-1604596597","144.97","-37.81","debit","Wed","12:13:04","12","October"
"9179","authorized","1","ACC-1890605467","143.88","-37.66","SALES-POS","d2152b22-0e11-4f3c-ac81-4d2051b6d0f2","Alexander",18875.98,2018-10-10 07:00:00,"M",38,"Armidale","NSW",157.87,"8ca7ecc79cc54f6e94718f0c73046370","CUS-1478398256","151.64","-30.49","debit","Wed","12:32:18","12","October"
"9180","authorized","0","ACC-1973887809","115.78","-31.90","POS","b1c36e87-8132-4601-975b-df9c7e3b01b5","Antonio",6746.7,2018-10-10 07:00:00,"M",26,"Rockingham","WA",27.26,"1831170078294e7e8ddc9e2f0a76bb46","CUS-1646621553","115.73","-32.28","debit","Wed","12:51:32","12","October"
"9181","posted",NA,"ACC-3541460373","145.00","-37.83","PAY/SALARY",NA,"Jeffrey",4756.59,2018-10-10 07:00:00,"M",24,NA,NA,1408.08,"aa21062a1680434fb85d92395ef69f1e","CUS-1433879684",NA,NA,"credit","Wed","13:00:00","13","October"
"9182","posted",NA,"ACC-3100725361","145.73","-17.03","INTER BANK",NA,"Ronald",5513.22,2018-10-10 07:00:00,"M",25,NA,NA,26,"ec757a6f8d754e73b9d9f6f77c95724f","CUS-2178051368",NA,NA,"debit","Wed","13:00:00","13","October"
"9183","posted",NA,"ACC-3100725361","145.73","-17.03","INTER BANK",NA,"Ronald",5352.22,2018-10-10 07:00:00,"M",25,NA,NA,161,"828c0c95ca4c41f1bbee0caff9a7f2ca","CUS-2178051368",NA,NA,"debit","Wed","13:00:00","13","October"
"9184","posted",NA,"ACC-2776252858","144.95","-37.76","PAY/SALARY",NA,"Kristin",7998.23,2018-10-10 07:00:00,"F",43,NA,NA,1068.04,"9e0ddb91deb2424cb54b15042d238bc7","CUS-4123612273",NA,NA,"credit","Wed","13:00:00","13","October"
"9185","authorized","1","ACC-1349834573","145.17","-37.84","SALES-POS","842e1017-9030-4f9f-b812-27af4298b2fe","Matthew",13671.35,2018-10-10 07:00:00,"M",39,"Chelsea","VIC",57.17,"4042182882b342a0ad56e695c96b7306","CUS-1790886359","145.12","-38.05","debit","Wed","13:10:46","13","October"
"9186","authorized","1","ACC-4258502723","145.45","-37.74","POS","f3b432d7-4224-4216-9f69-972559838cba","Kimberly",5150.13,2018-10-10 07:00:00,"F",24,"Sydney","NSW",54.51,"303c3177783e474cbd591a69f8540d0e","CUS-3378712515","151.21","-33.87","debit","Wed","13:29:59","13","October"
"9187","authorized","1","ACC-1710017148","150.82","-34.01","SALES-POS","b9510d80-80d9-4fe5-b712-523881bfff75","Michelle",14145.75,2018-10-10 07:00:00,"F",19,"Busselton","WA",16.34,"586aa692fae54af4b897d55c99460de3","CUS-883482547","115.34","-33.65","debit","Wed","13:49:13","13","October"
"9188","posted",NA,"ACC-1598451071","153.41","-27.95","PAY/SALARY",NA,"Diana",2066.52,2018-10-10 07:00:00,"F",26,NA,NA,1013.67,"c1ef680b82284ffeaaca45173d15ce4b","CUS-2487424745",NA,NA,"credit","Wed","14:00:00","14","October"
"9189","posted",NA,"ACC-240804743","121.48","-30.75","PAYMENT",NA,"Kenneth",18554.14,2018-10-10 07:00:00,"M",29,NA,NA,56,"1484982a8430469e8c3b5f0c0b0730f2","CUS-261674136",NA,NA,"debit","Wed","14:00:00","14","October"
"9190","posted",NA,"ACC-1443681913","150.92","-33.77","PAYMENT",NA,"Ryan",5582.83,2018-10-10 07:00:00,"M",31,NA,NA,74,"7675f55ca6d2470380bebff67d8f539e","CUS-3129499595",NA,NA,"debit","Wed","14:00:00","14","October"
"9191","authorized","1","ACC-1349834573","145.17","-37.84","SALES-POS","bf381ec0-df2c-4703-98d5-4436b2133ff6","Matthew",13641.95,2018-10-10 07:00:00,"M",39,"Elsternwick","VIC",29.4,"8e7072b777c14701b20348ec47cd6725","CUS-1790886359","145","-37.88","debit","Wed","14:04:18","14","October"
"9192","authorized","1","ACC-2970114956","144.89","-37.69","SALES-POS","2df71d90-3c5f-425f-81e0-b73057ae0be2","Robert",10080.67,2018-10-10 07:00:00,"M",26,"Flemington","VIC",19.04,"ab48b92916b74bc78c1a32ecfb1d7a5d","CUS-880898248","144.93","-37.79","debit","Wed","14:14:07","14","October"
"9193","authorized","1","ACC-1710017148","150.82","-34.01","POS","02d8f097-abb7-4545-8ffd-a0090fece10c","Michelle",14105.88,2018-10-10 07:00:00,"F",19,"Cabramatta West","NSW",39.87,"e4c851c484af44099c5885e2a1df02b5","CUS-883482547","150.91","-33.89","debit","Wed","14:23:55","14","October"
"9194","authorized","1","ACC-182446574","116.06","-32.00","SALES-POS","ac4ad64c-e8b5-4a7d-9b7d-7fff2ae86718","Tonya",7030.44,2018-10-10 07:00:00,"F",27,"Cannington","WA",19.36,"6b40a297412a453e8a066acde526ee56","CUS-3026014945","115.94","-32.02","debit","Wed","14:33:43","14","October"
"9195","authorized","1","ACC-3084464802","145.15","-37.76","POS","e47ba9b4-955d-49f3-b977-dc2977348d17","Susan",9494.79,2018-10-10 07:00:00,"F",19,"Melbourne","VIC",7.59,"3bb581288b824009a37db164f005e42f","CUS-1928710999","144.96","-37.81","debit","Wed","14:43:31","14","October"
"9196","authorized","1","ACC-3317636250","153.02","-27.66","POS","9a78829c-237b-4dd5-ae08-a75eb4095c7a","Kenneth",14131.45,2018-10-10 07:00:00,"M",35,"Ormeau","QLD",48.64,"9bc793a5c02d492eb1d711621d17b68c","CUS-2738291516","153.25","-27.79","debit","Wed","14:53:19","14","October"
"9197","posted",NA,"ACC-2305712452","138.61","-34.89","PAYMENT",NA,"Debra",6138.3,2018-10-10 07:00:00,"F",18,NA,NA,36,"d38d88baeda14a5eaf8a18021df19382","CUS-1842679196",NA,NA,"debit","Wed","15:00:00","15","October"
"9198","posted",NA,"ACC-38923874","151.27","-33.90","PAYMENT",NA,"Ryan",43658.72,2018-10-10 07:00:00,"M",38,NA,NA,35,"8baea1bc4cea4f389ed8ef81e6067ff9","CUS-3249305314",NA,NA,"debit","Wed","15:00:00","15","October"
"9199","authorized","1","ACC-3741880913","150.50","-23.40","POS","5dff36d2-8931-400a-ab57-8ec3a5e2879c","Ashley",9973.58,2018-10-10 07:00:00,"F",25,"Alpine","NSW",31.23,"07fdc8bc2c8c484c979cc2c118cec8a6","CUS-1220154422","150.52","-34.41","debit","Wed","15:01:59","15","October"
"9200","authorized","1","ACC-1683215619","138.67","-34.86","SALES-POS","541d1597-0657-48b1-95e4-340c4ba64956","Barry",7582.1,2018-10-10 07:00:00,"M",38,"Nowra","NSW",38.6,"8c6b71f20f4c4701a83fa4dc99888a27","CUS-1604596597","150.6","-34.87","debit","Wed","15:08:14","15","October"
"9201","authorized","1","ACC-3485804958","138.52","-35.01","SALES-POS","ad7ccfd9-0fb2-47bb-905f-6e1d97945c8c","Jessica",24625.37,2018-10-10 07:00:00,"F",34,"South Nowra","NSW",25.48,"a201085db7ed4064a24827d3011885f9","CUS-1196156254","150.6","-34.91","debit","Wed","15:14:29","15","October"
"9202","authorized","1","ACC-3084464802","145.15","-37.76","SALES-POS","0a947b4c-ec71-4a34-8f6b-c58b01104ee3","Susan",9480.38,2018-10-10 07:00:00,"F",19,"Chirnside Park","VIC",14.41,"6b608310dcb84589b379524ba5efd963","CUS-1928710999","145.31","-37.76","debit","Wed","15:20:44","15","October"
"9203","authorized","0","ACC-2988263882","145.18","-37.90","SALES-POS","073485ff-1c68-4d35-9961-7e4b026df860","Michael",6375.07,2018-10-10 07:00:00,"M",44,"Melbourne","VIC",133.64,"4a9c3e5b49754a47b98f8f3a5905b4fc","CUS-1233833708","144.97","-37.81","debit","Wed","15:26:59","15","October"
"9204","authorized","1","ACC-1710017148","150.82","-34.01","POS","922e5cd4-6a92-4398-9af8-88226fbae3c6","Michelle",14007.06,2018-10-10 07:00:00,"F",19,"Riverwood","NSW",98.82,"b11ba3c4f45a438ba19c58ff0e2b7789","CUS-883482547","151.06","-33.94","debit","Wed","15:33:14","15","October"
"9205","authorized","1","ACC-240804743","121.48","-30.75","SALES-POS","41aa5103-841a-4f87-8cd2-577fe3e2b269","Kenneth",18536.02,2018-10-10 07:00:00,"M",29,"Loganholme","QLD",18.12,"cb1faf868dbc4b95a0425c10c3bcdf32","CUS-261674136","152.87","-30.8","debit","Wed","15:39:29","15","October"
"9206","authorized","1","ACC-1598451071","153.41","-27.95","SALES-POS","1f03f1d0-3cac-42e7-b949-4efab26faebd","Diana",2059.52,2018-10-10 07:00:00,"F",26,"Bondi Junction","NSW",7,"475f4d7ed322414eb8666da466201c58","CUS-2487424745","151.25","-33.89","debit","Wed","15:45:44","15","October"
"9207","authorized","1","ACC-1598451071","153.41","-27.95","SALES-POS","9ebd2935-4904-4580-9d45-1c8122e30afc","Diana",2014.41,2018-10-10 07:00:00,"F",26,"Pimpama","QLD",45.11,"ed44d6bcaa864a658320d093a4f7fd2f","CUS-2487424745","153.32","-27.82","debit","Wed","15:51:59","15","October"
"9208","authorized","1","ACC-2171593283","146.94","-36.04","POS","ced48b22-c1bd-4e46-a5f9-2c38832081df","Fernando",15368.34,2018-10-10 07:00:00,"M",19,"Essendon","VIC",23.67,"8edb1cafdb9b4877a2deda3cde0ea84b","CUS-2317998716","144.91","-37.75","debit","Wed","15:58:14","15","October"
"9209","posted",NA,"ACC-4065652575","115.81","-31.82","PAYMENT",NA,"Lucas",12130.6,2018-10-10 07:00:00,"M",21,NA,NA,55,"24a0c8a26e9d47928bd31458fc4be284","CUS-1117979751",NA,NA,"debit","Wed","16:00:00","16","October"
"9210","posted",NA,"ACC-3485804958","138.52","-35.01","PAY/SALARY",NA,"Jessica",28529.1,2018-10-10 07:00:00,"F",34,NA,NA,3903.73,"649c5de3b5f64814a52257a55a29e431","CUS-1196156254",NA,NA,"credit","Wed","16:00:00","16","October"
"9211","posted",NA,"ACC-1799207998","150.68","-33.79","PAYMENT",NA,"Susan",7763.78,2018-10-10 07:00:00,"F",20,NA,NA,35,"84db4e93b3194bbebfdd55b1e156dfcd","CUS-164374203",NA,NA,"debit","Wed","16:00:00","16","October"
"9212","posted",NA,"ACC-1973887809","115.78","-31.90","PAY/SALARY",NA,"Antonio",7845.61,2018-10-10 07:00:00,"M",26,NA,NA,1098.91,"d8c7fe5f4eed4f9fac483acde6252ffe","CUS-1646621553",NA,NA,"credit","Wed","16:00:00","16","October"
"9213","posted",NA,"ACC-4059612845","130.98","-12.49","PAY/SALARY",NA,"Jonathan",61609.31,2018-10-10 07:00:00,"M",38,NA,NA,2647.38,"9ce710fb2f2442d2beab4c3df090e4e7","CUS-495599312",NA,NA,"credit","Wed","16:00:00","16","October"
"9214","authorized","1","ACC-1334819143","145.13","-37.70","POS","fcdd5fd9-fa81-42f7-b047-c13f013267a8","Christopher",65871.56,2018-10-10 07:00:00,"M",33,"Windsor","VIC",8.42,"b9cdb5bb33c149f69b727cc026798698","CUS-3117610635","144.99","-37.85","debit","Wed","16:13:05","16","October"
"9215","authorized","1","ACC-3100725361","145.73","-17.03","SALES-POS","57c15e44-3bc5-4104-9470-f692191dbb74","Ronald",5343.53,2018-10-10 07:00:00,"M",25,"Dampier Peninsula","WA",8.69,"23b3eec7e9734b2e9376371bb1509314","CUS-2178051368","122.67","-16.98","debit","Wed","16:31:16","16","October"
"9216","authorized","1","ACC-1652235822","144.89","-37.81","SALES-POS","5cf787f7-83e4-4354-bae2-05be0334d290","Renee",21428.28,2018-10-10 07:00:00,"F",38,"Eagle Farm","QLD",54.41,"6bed8b0a3f344dfcbbe560f40f38f865","CUS-2206365095","153.08","-27.41","debit","Wed","16:49:27","16","October"
"9217","posted",NA,"ACC-819621312","145.04","-37.85","PAY/SALARY",NA,"Michele",8854.58,2018-10-10 07:00:00,"F",30,NA,NA,1158.15,"dcaaafbf9d504ecc8fde825534fd8693","CUS-1271030853",NA,NA,"credit","Wed","17:00:00","17","October"
"9218","posted",NA,"ACC-2920611728","144.96","-37.76","PAY/SALARY",NA,"Tyler",9239.26,2018-10-10 07:00:00,"M",69,NA,NA,1043.12,"51411bf845ad4487ad0a76bb4cb63b98","CUS-1388323263",NA,NA,"credit","Wed","17:00:00","17","October"
"9219","posted",NA,"ACC-2901672282","255.00","-573.00","PAYMENT",NA,"Daniel",8488.69,2018-10-10 07:00:00,"M",22,NA,NA,33,"ff7884a9b0444d5ea9e708411ef43ccc","CUS-1617121891",NA,NA,"debit","Wed","17:00:00","17","October"
"9220","posted",NA,"ACC-1799207998","150.68","-33.79","PAY/SALARY",NA,"Susan",9159.27,2018-10-10 07:00:00,"F",20,NA,NA,1395.49,"76afccbefe694bed94c08665d28b6559","CUS-164374203",NA,NA,"credit","Wed","17:00:00","17","October"
"9221","posted",NA,"ACC-1349834573","145.17","-37.84","PAY/SALARY",NA,"Matthew",16713.09,2018-10-10 07:00:00,"M",39,NA,NA,3071.14,"f214a29341414877ae792feb2e36c1f6","CUS-1790886359",NA,NA,"credit","Wed","17:00:00","17","October"
"9222","posted",NA,"ACC-4163822186","149.03","-34.97","PAYMENT",NA,"Karen",9523.64,2018-10-10 07:00:00,"F",26,NA,NA,50,"ffe5494dac1f473d8d23c22b01d74914","CUS-2630892467",NA,NA,"debit","Wed","17:00:00","17","October"
"9223","authorized","1","ACC-1598451071","153.41","-27.95","POS","d47db140-7774-46b6-ba4c-6d9444291422","Diana",2001.01,2018-10-10 07:00:00,"F",26,"Varsity Lakes","QLD",13.4,"263b5ca2c55e496890d5a7cb5f5586ed","CUS-2487424745","153.42","-28.09","debit","Wed","17:05:27","17","October"
"9224","authorized","0","ACC-2305712452","138.61","-34.89","POS","b4fa5883-2b2f-4fdc-be9c-356e59123095","Debra",6111.28,2018-10-10 07:00:00,"F",18,"Adelaide","SA",27.02,"3e01e090cb6541a48aaeaf172635993b","CUS-1842679196","138.59","-34.93","debit","Wed","17:18:26","17","October"
"9225","authorized","1","ACC-1683215619","138.67","-34.86","POS","26f1b7d4-64fb-4c25-8734-47f7409fa7c1","Barry",7559.24,2018-10-10 07:00:00,"M",38,"Bomaderry","NSW",22.86,"6e7ce0d413004a21bb96bb984a48438c","CUS-1604596597","150.6","-34.84","debit","Wed","17:31:25","17","October"
"9226","authorized","0","ACC-1598451071","153.41","-27.95","POS","2e4529be-02ba-44b9-b740-b3914eb04c0a","Diana",1988.62,2018-10-10 07:00:00,"F",26,"Goonellabah","NSW",12.39,"6ec1a73238494eecbf16bd7a7728e291","CUS-2487424745","153.33","-28.82","debit","Wed","17:44:24","17","October"
"9227","authorized","1","ACC-1222300524","151.23","-33.94","POS","4199792e-da85-4e56-b456-c9e06e96e52c","Michael",1529.91,2018-10-10 07:00:00,"M",38,"Randwick","NSW",31.32,"ec3b1a7bab7b435ca11976093d70bef0","CUS-2142601169","151.24","-33.92","debit","Wed","17:57:24","17","October"
"9228","posted",NA,"ACC-1973887809","115.78","-31.90","PAYMENT",NA,"Antonio",7646.61,2018-10-10 07:00:00,"M",26,NA,NA,199,"0776ec5925cc4b53a657db4ddaafca33","CUS-1646621553",NA,NA,"debit","Wed","18:00:00","18","October"
"9229","posted",NA,"ACC-2153562714","116.00","-31.88","PAYMENT",NA,"Linda",6638.55,2018-10-10 07:00:00,"F",24,NA,NA,46,"ef22276a11fe45e5ab463577f1aa4b9d","CUS-423725039",NA,NA,"debit","Wed","18:00:00","18","October"
"9230","authorized","1","ACC-182446574","116.06","-32.00","SALES-POS","1fd58be1-408c-4a0c-b1b3-37d048014cea","Tonya",7024.28,2018-10-10 07:00:00,"F",27,"Claremont","WA",6.16,"5dcbdbef043a41a7a62587682cd075e3","CUS-3026014945","115.78","-31.97","debit","Wed","18:22:51","18","October"
"9231","authorized","1","ACC-2890243754","153.32","-27.93","SALES-POS","a1a75f24-d1a2-49dd-b984-6a743ea8cafe","Joseph",5202.15,2018-10-10 07:00:00,"M",37,"Kenmore","QLD",13.22,"e8fade9f5d2a4f0a8b5c47e6ad757476","CUS-2695611575","152.94","-27.51","debit","Wed","18:51:25","18","October"
"9232","posted",NA,"ACC-1349834573","145.17","-37.84","PAYMENT",NA,"Matthew",16665.09,2018-10-10 07:00:00,"M",39,NA,NA,48,"c5153274a8314afe9a74284ad49f7b1d","CUS-1790886359",NA,NA,"debit","Wed","19:00:00","19","October"
"9233","authorized","1","ACC-1037050564","153.10","-27.66","POS","ebb3087a-75c4-4dea-8354-9be1c746d6cb","Rhonda",4498.5,2018-10-10 07:00:00,"F",40,"Pilton","QLD",15.27,"fc575a198c034c218ad8f9ffe235502e","CUS-1614226872","152.02","-27.89","debit","Wed","19:10:26","19","October"
"9234","authorized","1","ACC-1598451071","153.41","-27.95","SALES-POS","f61cd5c3-8983-4a81-a810-c028066d83ab","Diana",1980.05,2018-10-10 07:00:00,"F",26,"Broadbeach Waters","QLD",8.57,"54bf36adf28a48798768de0d1940ae1a","CUS-2487424745","153.43","-28.04","debit","Wed","19:25:22","19","October"
"9235","authorized","1","ACC-1037050564","153.10","-27.66","POS","bbfd6dd5-1ec7-45b7-96bb-3c1461ebb146","Rhonda",4465.87,2018-10-10 07:00:00,"F",40,"Redland Bay","QLD",32.63,"dee3ebff5edd4cc4a7599ac44a2b95b5","CUS-1614226872","153.3","-27.61","debit","Wed","19:40:17","19","October"
"9236","authorized","0","ACC-182446574","116.06","-32.00","POS","cf06d446-80d2-48c4-9406-aed3eeb8147e","Tonya",6979.48,2018-10-10 07:00:00,"F",27,"South Perth","WA",44.8,"efd71295ab25480b80e5873df832c866","CUS-3026014945","115.87","-31.98","debit","Wed","19:55:13","19","October"
"9237","posted",NA,"ACC-2171593283","146.94","-36.04","PAYMENT",NA,"Fernando",15351.34,2018-10-10 07:00:00,"M",19,NA,NA,17,"36aac4d189b14f58a217dfa72f2b1521","CUS-2317998716",NA,NA,"debit","Wed","20:00:00","20","October"
"9238","posted",NA,"ACC-1650504218","145.01","-37.93","PAYMENT",NA,"Marissa",15626.88,2018-10-10 07:00:00,"F",23,NA,NA,33,"5dde5d833f314aedb12b4e4672d546f2","CUS-2500783281",NA,NA,"debit","Wed","20:00:00","20","October"
"9239","posted",NA,"ACC-182446574","116.06","-32.00","INTER BANK",NA,"Tonya",6946.48,2018-10-10 07:00:00,"F",27,NA,NA,33,"802d56c6decb4887aeae410ca22c7149","CUS-3026014945",NA,NA,"debit","Wed","20:00:00","20","October"
"9240","posted",NA,"ACC-4281711154","144.98","-37.84","PHONE BANK",NA,"Eric",40566.2,2018-10-10 07:00:00,"M",42,NA,NA,36,"9429d2670f47403ab129906581242381","CUS-3151318058",NA,NA,"debit","Wed","20:00:00","20","October"
"9241","posted",NA,"ACC-854938045","147.63","-22.84","PAYMENT",NA,"James",12805.42,2018-10-10 07:00:00,"M",28,NA,NA,106,"01f743471dba426ebd96cfccf1581cc2","CUS-4023861240",NA,NA,"debit","Wed","20:00:00","20","October"
"9242","authorized","1","ACC-1037050564","153.10","-27.66","SALES-POS","ae0edeea-e833-42a8-92c1-c25e1513be47","Rhonda",4415.79,2018-10-10 07:00:00,"F",40,"Underwood","QLD",50.08,"5165ae34482c49a299fc7e125f5226ac","CUS-1614226872","153.11","-27.62","debit","Wed","20:17:53","20","October"
"9243","authorized","1","ACC-3485804958","138.52","-35.01","SALES-POS","3bd1ce17-8073-4bfd-bd80-3aefe676638e","Jessica",28521.37,2018-10-10 07:00:00,"F",34,"Adelaide","SA",7.73,"d614f637303b4e7092851c821b9ba489","CUS-1196156254","138.6","-34.93","debit","Wed","20:44:12","20","October"
"9244","posted",NA,"ACC-3536132544","144.93","-37.79","INTER BANK",NA,"Heather",6777.66,2018-10-10 07:00:00,"F",41,NA,NA,43,"cdb1bf1790f7489089bb000129dcee7e","CUS-2348881191",NA,NA,"debit","Wed","21:00:00","21","October"
"9245","posted",NA,"ACC-2173390920","144.71","-37.58","PHONE BANK",NA,"Luis",10038.29,2018-10-10 07:00:00,"M",27,NA,NA,67,"c99194b61f384c40a10634255d27db52","CUS-3180318393",NA,NA,"debit","Wed","21:00:00","21","October"
"9246","authorized","1","ACC-1222300524","151.23","-33.94","SALES-POS","dd23bec4-0f94-4936-957a-3b2960a40df3","Michael",1511.29,2018-10-10 07:00:00,"M",38,"Homebush West","NSW",18.62,"c5f2d0aec9244b509ebaddd869731cc2","CUS-2142601169","151.07","-33.87","debit","Wed","21:04:59","21","October"
"9247","authorized","1","ACC-3689607373","115.79","-31.79","POS","4ebc6c77-466d-4bc1-84cb-79098be0f2df","Virginia",7738.07,2018-10-10 07:00:00,"F",20,"Palm Beach","QLD",7.73,"60221ec427ea4af0be3d4a87f6d2a63e","CUS-127297539","153.47","-28.12","debit","Wed","21:17:29","21","October"
"9248","authorized","0","ACC-4059612845","130.98","-12.49","SALES-POS","c9744c93-e984-40f0-82b4-aa09b945fe50","Jonathan",61575.47,2018-10-10 07:00:00,"M",38,"Wollongong","NSW",33.84,"f450d62de9f74788a7fb78bc8db01e60","CUS-495599312","150.89","-34.43","debit","Wed","21:29:59","21","October"
"9249","authorized","1","ACC-1222300524","151.23","-33.94","SALES-POS","52be1d52-533e-45ec-8f27-7721f9535c87","Michael",1474.61,2018-10-10 07:00:00,"M",38,"Green Valley","NSW",36.68,"c6a1a9aa752b4a89b767e40662c578a9","CUS-2142601169","150.87","-33.91","debit","Wed","21:42:29","21","October"
"9250","authorized","1","ACC-211792489","138.63","-34.93","POS","0a66c544-54bd-4142-bf95-a92e5210a8ec","Jacqueline",3386.46,2018-10-10 07:00:00,"F",30,"Wagga Wagga","NSW",44.55,"9c9b55ceceb54c27a730766d0b6d1397","CUS-497688347","147.37","-35.11","debit","Wed","21:54:59","21","October"
"9251","posted",NA,"ACC-1710017148","150.82","-34.01","PAYMENT",NA,"Michelle",13974.06,2018-10-10 07:00:00,"F",19,NA,NA,33,"5ea799ced8984800b518ca3d90abeaab","CUS-883482547",NA,NA,"debit","Wed","22:00:00","22","October"
"9252","authorized","1","ACC-2970114956","144.89","-37.69","SALES-POS","5fc47620-fbc3-4d50-9514-a5678962d2f2","Robert",10076.24,2018-10-10 07:00:00,"M",26,"Richmond","VIC",4.43,"155d652bdf5241fc86feda5bd1d9b512","CUS-880898248","144.99","-37.82","debit","Wed","22:18:10","22","October"
"9253","authorized","1","ACC-1279356312","144.79","-37.73","POS","42b308f7-2613-46b6-a56b-67d15b4c0394","Tyler",10369.28,2018-10-10 07:00:00,"M",44,"Saint Helena","VIC",20.99,"26a04f81040c4b0e93b9eec3968b955c","CUS-1892177589","145.14","-37.68","debit","Wed","22:48:29","22","October"
"9254","posted",NA,"ACC-1973887809","115.78","-31.90","PAYMENT",NA,"Antonio",7617.61,2018-10-10 07:00:00,"M",26,NA,NA,29,"d87f316755554b2d816e7195538d3e15","CUS-1646621553",NA,NA,"debit","Wed","23:00:00","23","October"
"9255","posted",NA,"ACC-1349834573","145.17","-37.84","PAYMENT",NA,"Matthew",16633.09,2018-10-10 07:00:00,"M",39,NA,NA,32,"7ccb19091f9f40f692166bdd7a1d30d3","CUS-1790886359",NA,NA,"debit","Wed","23:00:00","23","October"
"9256","posted",NA,"ACC-240804743","121.48","-30.75","PAYMENT",NA,"Kenneth",18497.02,2018-10-10 07:00:00,"M",29,NA,NA,39,"4c749e5c674543429ecd37441f41240b","CUS-261674136",NA,NA,"debit","Wed","23:00:00","23","October"
"9257","authorized","1","ACC-3100725361","145.73","-17.03","SALES-POS","f1741d09-69b2-4f5f-b1bd-6282476ef072","Ronald",5327.13,2018-10-10 07:00:00,"M",25,"Mareeba","QLD",16.4,"54c7f107e7b64e0084173a8d9a235151","CUS-2178051368","145.43","-17.01","debit","Wed","23:13:46","23","October"
"9258","authorized","0","ACC-1279356312","144.79","-37.73","SALES-POS","eb76067a-41f4-4b70-bd2f-e5cc22e09c45","Tyler",10315.83,2018-10-10 07:00:00,"M",44,"Ringwood","VIC",53.45,"a912534cf7274d89ad77ada765e70a77","CUS-1892177589","145.23","-37.82","debit","Wed","23:35:59","23","October"
"9259","authorized","1","ACC-2528867619","138.58","-34.96","POS","8cd6d3cc-f9f5-42e6-baab-b9028bd89959","Abigail",16168.78,2018-10-10 07:00:00,"F",40,"Adelaide","SA",37.83,"f6ea524f43a54c15a2d320f5515a0453","CUS-2505971401","138.6","-34.93","debit","Wed","23:58:13","23","October"
"9260","authorized","1","ACC-3689607373","115.79","-31.79","SALES-POS","5f2f5ead-9477-4615-8996-f8b1ad78f208","Virginia",7706.83,2018-10-11 07:00:00,"F",20,"Clarkson","WA",31.24,"dbdaefa4f5004a6dbd749945815b9f7f","CUS-127297539","115.72","-31.69","debit","Thu","00:43:48","00","October"
"9261","authorized","1","ACC-1222300524","151.23","-33.94","POS","b3a5109d-7d66-4526-bd50-389ddd02c27f","Michael",1458.64,2018-10-11 07:00:00,"M",38,"Chipping Norton","NSW",15.97,"3a438225136846b8954915b4ecf407f7","CUS-2142601169","150.95","-33.93","debit","Thu","01:18:19","01","October"
"9262","authorized","1","ACC-80388494","144.97","-37.42","POS","37cd09c5-f238-4d32-8a60-03755b38b744","Dustin",7475.69,2018-10-11 07:00:00,"M",28,"Mansfield","QLD",8.99,"fec30f03eeab451ca9fe166c0f983b2b","CUS-1140341822","153.1","-27.53","debit","Thu","01:46:06","01","October"
"9263","posted",NA,"ACC-1496451953","145.16","-37.84","INTER BANK",NA,"Ricky",19950.06,2018-10-11 07:00:00,"M",43,NA,NA,16,"5635cb0f1cc645d3b52aeb701554d787","CUS-3142625864",NA,NA,"debit","Thu","02:00:00","02","October"
"9264","posted",NA,"ACC-37709441","153.41","-28.01","PAYMENT",NA,"Charles",16738.54,2018-10-11 07:00:00,"M",18,NA,NA,186,"2544c9572c824dd5966d43b30528a6f3","CUS-3336454548",NA,NA,"debit","Thu","02:00:00","02","October"
"9265","authorized","1","ACC-3689607373","115.79","-31.79","SALES-POS","ce6148ec-ffad-4b3a-b54c-497e5e41006c","Virginia",7688.14,2018-10-11 07:00:00,"F",20,"Kardinya","WA",18.69,"9f71735be174402098c0d88bf8673806","CUS-127297539","115.82","-32.07","debit","Thu","02:49:59","02","October"
"9266","posted",NA,"ACC-1523339231","115.83","-31.90","PAYMENT",NA,"Tim",68344.33,2018-10-11 07:00:00,"M",40,NA,NA,47,"42bef8def1614cb591a68ea27922d8e9","CUS-1816693151",NA,NA,"debit","Thu","03:00:00","03","October"
"9267","posted",NA,"ACC-2890243754","153.32","-27.93","PAYMENT",NA,"Joseph",5150.15,2018-10-11 07:00:00,"M",37,NA,NA,52,"5b8d866b68f94e46ab59cc1edff8248f","CUS-2695611575",NA,NA,"debit","Thu","03:00:00","03","October"
"9268","posted",NA,"ACC-2270192619","138.56","-35.27","PAYMENT",NA,"Darren",17379.39,2018-10-11 07:00:00,"M",20,NA,NA,39,"0937234cd3fa4cec93603fadd5cf1dd4","CUS-2110742437",NA,NA,"debit","Thu","04:00:00","04","October"
"9269","posted",NA,"ACC-3536132544","144.93","-37.79","PAYMENT",NA,"Heather",6755.66,2018-10-11 07:00:00,"F",41,NA,NA,22,"5beb6e656b114e6da48907233e78498c","CUS-2348881191",NA,NA,"debit","Thu","04:00:00","04","October"
"9270","posted",NA,"ACC-2265520058","151.27","-33.85","PAYMENT",NA,"Catherine",6355.23,2018-10-11 07:00:00,"F",26,NA,NA,103,"38bbaba1cb0e4095b7ffcc2ceb7a625a","CUS-331942311",NA,NA,"debit","Thu","04:00:00","04","October"
"9271","authorized","1","ACC-2897221629","150.90","-34.37","POS","b45868cb-4890-4e2f-a8a1-0a8990f2cbab","Scott",7013.84,2018-10-11 07:00:00,"M",23,"Adelaide","SA",303.78,"0528fb217faa493e965c72b7ee20a749","CUS-511326734","138.6","-34.93","debit","Thu","04:24:22","04","October"
"9272","authorized","1","ACC-1516130869","130.84","-12.45","POS","ff7652a0-7d92-41bf-afbc-0f1bb6c5cde2","Jessica",4856.8,2018-10-11 07:00:00,"F",21,"Bakewell","NT",12.11,"18b5d8214b6e4a55b111bd19c343845c","CUS-325142416","130.99","-12.5","debit","Thu","04:55:37","04","October"
"9273","posted",NA,"ACC-2171593283","146.94","-36.04","PAYMENT",NA,"Fernando",15318.34,2018-10-11 07:00:00,"M",19,NA,NA,33,"12cfb775b8db41ad83e5493bf1590b9d","CUS-2317998716",NA,NA,"debit","Thu","05:00:00","05","October"
"9274","posted",NA,"ACC-2890243754","153.32","-27.93","PAYMENT",NA,"Joseph",5132.15,2018-10-11 07:00:00,"M",37,NA,NA,18,"0497e04ccf0b4ce5a2946fadc3640793","CUS-2695611575",NA,NA,"debit","Thu","05:00:00","05","October"
"9275","posted",NA,"ACC-1443681913","150.92","-33.77","PAYMENT",NA,"Ryan",5455.83,2018-10-11 07:00:00,"M",31,NA,NA,127,"8db322c9a16842b2ad51ef94850fa97a","CUS-3129499595",NA,NA,"debit","Thu","05:00:00","05","October"
"9276","posted",NA,"ACC-3481401842","115.74","-31.72","PAYMENT",NA,"Tiffany",6481.22,2018-10-11 07:00:00,"F",25,NA,NA,46,"56a85475dd2949eebe22feda494a86ec","CUS-1669695324",NA,NA,"debit","Thu","06:00:00","06","October"
"9277","posted",NA,"ACC-211792489","138.63","-34.93","PAYMENT",NA,"Jacqueline",3339.46,2018-10-11 07:00:00,"F",30,NA,NA,47,"4ed558d6d34e4f4d8d21358dee938bb8","CUS-497688347",NA,NA,"debit","Thu","06:00:00","06","October"
"9278","posted",NA,"ACC-3741880913","150.50","-23.40","PAYMENT",NA,"Ashley",9842.58,2018-10-11 07:00:00,"F",25,NA,NA,131,"a9bc883d5430460b98dd4f6c522c42d7","CUS-1220154422",NA,NA,"debit","Thu","07:00:00","07","October"
"9279","posted",NA,"ACC-2231965366","144.96","-37.84","PAYMENT",NA,"Linda",21669.81,2018-10-11 07:00:00,"F",35,NA,NA,33,"580866f138a44fafba74bd307b9e9699","CUS-2155701614",NA,NA,"debit","Thu","07:00:00","07","October"
"9280","posted",NA,"ACC-2231965366","144.96","-37.84","PAYMENT",NA,"Linda",21503.81,2018-10-11 07:00:00,"F",35,NA,NA,166,"0cdd72c6678c4bffb4ab5b25c60dd202","CUS-2155701614",NA,NA,"debit","Thu","07:00:00","07","October"
"9281","posted",NA,"ACC-2259139624","144.66","-37.91","INTER BANK",NA,"Cindy",17203.78,2018-10-11 07:00:00,"F",19,NA,NA,22,"b0bca50b3aa14c69b2143bf139a34172","CUS-3174332735",NA,NA,"debit","Thu","07:00:00","07","October"
"9282","authorized","0","ACC-2890243754","153.32","-27.93","SALES-POS","c89acc7e-694c-4a77-8483-6f84b17988ca","Joseph",5121.05,2018-10-11 07:00:00,"M",37,"Southport","QLD",11.1,"9ea6a55e26274a4a88908f50b7207c1f","CUS-2695611575","153.41","-27.97","debit","Thu","07:05:35","07","October"
"9283","authorized","0","ACC-958000567","130.90","-12.37","SALES-POS","876775f5-2f53-4f93-bf37-799b9ad4ec85","Sandra",8822.52,2018-10-11 07:00:00,"F",34,"Darwin City","NT",27.43,"8f632f45086d47918703de4ee94ed18a","CUS-4142663097","130.84","-12.47","debit","Thu","07:45:35","07","October"
"9284","posted",NA,"ACC-2776252858","144.95","-37.76","PAYMENT",NA,"Kristin",7955.23,2018-10-11 07:00:00,"F",43,NA,NA,43,"f6f38f5f068d4bfd8736f3c9a8ff663a","CUS-4123612273",NA,NA,"debit","Thu","08:00:00","08","October"
"9285","authorized","1","ACC-240804743","121.48","-30.75","POS","e28c426d-cbef-4e2d-aa06-1ba0b6b1902f","Kenneth",18479.3,2018-10-11 07:00:00,"M",29,"Boggabri","NSW",17.72,"8b428b0eccc940ae9836a5a7815ab034","CUS-261674136","150.04","-30.7","debit","Thu","08:04:26","08","October"
"9286","authorized","0","ACC-1222300524","151.23","-33.94","POS","ce553c72-ed0c-4e30-b730-164b6af76520","Michael",1453.24,2018-10-11 07:00:00,"M",38,"Blacktown","NSW",5.4,"5e5c82bc32e24a3bba8957418d4ac0c0","CUS-2142601169","150.91","-33.77","debit","Thu","08:11:23","08","October"
"9287","authorized","1","ACC-1222300524","151.23","-33.94","POS","f6a67a8d-ad19-4e99-b4ce-6166942bb92f","Michael",1442.57,2018-10-11 07:00:00,"M",38,"Milperra","NSW",10.67,"c71f7374021944758ad018a30fd7da01","CUS-2142601169","150.99","-33.93","debit","Thu","08:18:19","08","October"
"9288","authorized","0","ACC-1683215619","138.67","-34.86","SALES-POS","a7362ad4-39ad-40ed-a2c8-646ae8b1568d","Barry",7463.78,2018-10-11 07:00:00,"M",38,"South Melbourne","VIC",95.46,"588838e679234280ba16c9da9b84208c","CUS-1604596597","144.95","-37.83","debit","Thu","08:25:16","08","October"
"9289","authorized","1","ACC-2988263882","145.18","-37.90","POS","36f05897-b5aa-47c2-bd53-55d9a45885da","Michael",6333.91,2018-10-11 07:00:00,"M",44,"Vermont South","VIC",41.16,"b0d5b6791c2e49fb8486ccc3645b5d77","CUS-1233833708","145.2","-37.86","debit","Thu","08:32:13","08","October"
"9290","authorized","0","ACC-2970114956","144.89","-37.69","SALES-POS","56615985-6856-4d24-a3f7-74a975f58cb6","Robert",10069.37,2018-10-11 07:00:00,"M",26,"Melbourne","VIC",6.87,"06b69b41fbec45cc94f5f9005275ce1c","CUS-880898248","144.97","-37.81","debit","Thu","08:39:09","08","October"
"9291","authorized","1","ACC-2890243754","153.32","-27.93","SALES-POS","273866a4-7edc-4109-b713-5ce0db2c0bd7","Joseph",5113.21,2018-10-11 07:00:00,"M",37,"Ormeau","QLD",7.84,"6b14c6a43e7442e9b137b8694cacddad","CUS-2695611575","153.26","-27.79","debit","Thu","08:46:06","08","October"
"9292","authorized","1","ACC-559365433","147.31","-42.88","SALES-POS","8618d753-bada-4c3f-98b9-5c1bcf17b682","Mary",3882.04,2018-10-11 07:00:00,"F",64,"Dowsing Point","TAS",58.9,"4ba8f0b4c11c425aaa75e78c00031729","CUS-1654129794","147.3","-42.82","debit","Thu","08:53:03","08","October"
"9293","authorized","0","ACC-3485804958","138.52","-35.01","SALES-POS","4d4e80af-5875-433e-aae3-dddbcbb731fb","Jessica",28515.28,2018-10-11 07:00:00,"F",34,"Firle","SA",6.09,"bb8ecef7fef0418ebdc10c86a2939977","CUS-1196156254","138.66","-34.91","debit","Thu","08:59:59","08","October"
"9294","posted",NA,"ACC-3485804958","138.52","-35.01","PAYMENT",NA,"Jessica",28488.28,2018-10-11 07:00:00,"F",34,NA,NA,27,"bb1445d8a6ac40f8bad1e8874877d4c1","CUS-1196156254",NA,NA,"debit","Thu","09:00:00","09","October"
"9295","posted",NA,"ACC-819621312","145.04","-37.85","PAYMENT",NA,"Michele",8733.77,2018-10-11 07:00:00,"F",30,NA,NA,109,"08fd002bfc9f41cf94db575cd75ccb6d","CUS-1271030853",NA,NA,"debit","Thu","09:00:00","09","October"
"9296","posted",NA,"ACC-1516130869","130.84","-12.45","INTER BANK",NA,"Jessica",4817.8,2018-10-11 07:00:00,"F",21,NA,NA,39,"ca9ace4a4f62409db415f1a9c4d6755d","CUS-325142416",NA,NA,"debit","Thu","09:00:00","09","October"
"9297","authorized","1","ACC-1710017148","150.82","-34.01","SALES-POS","ebb9d59d-d959-4bd7-a773-92e9250c5be4","Michelle",13919.67,2018-10-11 07:00:00,"F",19,"Neutral Bay","NSW",54.39,"46c72c726de44379b71a685016fdebfc","CUS-883482547","151.22","-33.83","debit","Thu","09:04:35","09","October"
"9298","authorized","1","ACC-1710017148","150.82","-34.01","POS","5fe95a04-b9de-4e74-a4f3-bdddc4715670","Michelle",13883.32,2018-10-11 07:00:00,"F",19,"Lidcombe","NSW",36.35,"1b34c17a25f44517b8a582cef90d5267","CUS-883482547","151.05","-33.85","debit","Thu","09:09:10","09","October"
"9299","authorized","0","ACC-1598451071","153.41","-27.95","POS","254d64cc-70b8-4909-adc9-08b7affe878b","Diana",1972.99,2018-10-11 07:00:00,"F",26,"Reedy Creek","QLD",7.06,"29e6b547799840f2b00f1a3cf74b7c37","CUS-2487424745","153.39","-28.09","debit","Thu","09:13:45","09","October"
"9300","authorized","0","ACC-1598451071","153.41","-27.95","SALES-POS","da2ae6ff-10d4-422f-aa22-2cddefe0b45e","Diana",1905.5,2018-10-11 07:00:00,"F",26,"Ballina","NSW",67.49,"4beaa83575954b0c9a9ca41112a2382f","CUS-2487424745","153.56","-28.86","debit","Thu","09:18:20","09","October"
"9301","authorized","0","ACC-3689607373","115.79","-31.79","SALES-POS","79d69c85-2e85-45fc-a4ae-537ec4b232bc","Virginia",6756.45,2018-10-11 07:00:00,"F",20,"Pantapin","WA",931.69,"c03c284a17ce4bab9513675c3ed79e48","CUS-127297539","117.67","-32.03","debit","Thu","09:22:56","09","October"
"9302","authorized","1","ACC-2890243754","153.32","-27.93","POS","968510cf-be75-4610-92d4-413496947bda","Joseph",5106.77,2018-10-11 07:00:00,"M",37,"Helensvale","QLD",6.44,"01756b3e5eb24e2ab321585d7bf9d430","CUS-2695611575","153.34","-27.93","debit","Thu","09:27:31","09","October"
"9303","authorized","1","ACC-2265520058","151.27","-33.85","POS","7e7ef94c-c33b-4a59-83b1-94e320c23baf","Catherine",6318.02,2018-10-11 07:00:00,"F",26,"Harris Park","NSW",37.21,"e01f8d27cb734cd48b01799ab1d3534c","CUS-331942311","151.01","-33.82","debit","Thu","09:32:06","09","October"
"9304","authorized","1","ACC-819621312","145.04","-37.85","SALES-POS","55fa9dc2-3d4c-4a1d-b1b4-f0121496b4e4","Michele",8842.77,2018-10-11 07:00:00,"F",30,"Tarneit","VIC",11.81,"2334114356864cba8298ce5f8f8ec481","CUS-1271030853","144.67","-37.84","debit","Thu","09:36:41","09","October"
"9305","authorized","1","ACC-559365433","147.31","-42.88","POS","e1cfa151-fce0-4857-846f-47585b5d804f","Mary",3866.1,2018-10-11 07:00:00,"F",64,"Coburg","VIC",15.94,"7fe07e61858445eba2a7d4ab67c167b8","CUS-1654129794","144.96","-37.74","debit","Thu","09:41:17","09","October"
"9306","authorized","0","ACC-4258502723","145.45","-37.74","POS","d8111957-c4a7-4485-b966-1d343291d1d4","Kimberly",5136.67,2018-10-11 07:00:00,"F",24,"Roxburgh Park","VIC",13.46,"a51b8a992b6a4a97af40819017aaa90d","CUS-3378712515","144.92","-37.63","debit","Thu","09:45:52","09","October"
"9307","authorized","1","ACC-2305712452","138.61","-34.89","POS","202453f5-0691-418b-9164-0ccab8209fe3","Debra",6022.99,2018-10-11 07:00:00,"F",18,"Strathpine","QLD",88.29,"52b0671095764373a909c3f0993984f2","CUS-1842679196","152.99","-27.31","debit","Thu","09:50:27","09","October"
"9308","authorized","1","ACC-1903037542","153.05","-27.61","POS","84d91937-8b3e-4a73-8294-6a0a8198b4c5","Jeffrey",3890.71,2018-10-11 07:00:00,"M",30,"Fig Tree Pocket","QLD",23.84,"b0b90ce755bc4f3da69e21d7324547a0","CUS-860700529","152.97","-27.53","debit","Thu","09:55:02","09","October"
"9309","authorized","1","ACC-3481401842","115.74","-31.72","POS","c550ff25-3982-4a9a-8483-db35590de548","Tiffany",6458.2,2018-10-11 07:00:00,"F",25,"Myalup","WA",23.02,"288e3efdcca6449ba92ac34d489ac168","CUS-1669695324","115.73","-33.03","debit","Thu","09:59:37","09","October"
"9310","authorized","0","ACC-2970114956","144.89","-37.69","SALES-POS","238774cb-e57c-4054-815a-be7606a52038","Robert",10057.12,2018-10-11 07:00:00,"M",26,"Mount Gambier","SA",12.25,"8a47da05d4be4b42813a2dd6b931cc24","CUS-880898248","140.78","-37.83","debit","Thu","10:22:59","10","October"
"9311","authorized","1","ACC-90814749","151.68","-32.98","POS","3b4cef6e-7b92-41cb-92cb-2602d25486b6","Christopher",11660.65,2018-10-11 07:00:00,"M",35,"Hawthorn","VIC",36.05,"7ece4d68c61141909b2b144da6aa8b7a","CUS-1896554896","145.03","-37.82","debit","Thu","10:47:59","10","October"
"9312","posted",NA,"ACC-3541460373","145.00","-37.83","PAYMENT",NA,"Jeffrey",4715.59,2018-10-11 07:00:00,"M",24,NA,NA,41,"939aef5e481e4296b1608b5b46c833e6","CUS-1433879684",NA,NA,"debit","Thu","11:00:00","11","October"
"9313","posted",NA,"ACC-4163822186","149.03","-34.97","PAY/SALARY",NA,"Karen",10444.35,2018-10-11 07:00:00,"F",26,NA,NA,920.71,"f6f1dbcc6a86472798765c9dbb0b1034","CUS-2630892467",NA,NA,"credit","Thu","11:00:00","11","October"
"9314","posted",NA,"ACC-1608363396","151.22","-33.87","INTER BANK",NA,"Robert",8803.73,2018-10-11 07:00:00,"M",20,NA,NA,24,"caccc8f422cb4661bd15a916693d43f0","CUS-2688605418",NA,NA,"debit","Thu","11:00:00","11","October"
"9315","posted",NA,"ACC-3954677887","115.72","-32.28","PAYMENT",NA,"Ruth",7428.54,2018-10-11 07:00:00,"F",47,NA,NA,46,"c0d539ba64154cd5bf9bd971a08891b7","CUS-3716701010",NA,NA,"debit","Thu","11:00:00","11","October"
"9316","authorized","1","ACC-80388494","144.97","-37.42","SALES-POS","f16b9716-836a-4185-9229-d2e8ca38d2a3","Dustin",7463.93,2018-10-11 07:00:00,"M",28,"Saint Kilda","VIC",11.76,"070d8dd6e739440a89f6542cebced55b","CUS-1140341822","144.98","-37.86","debit","Thu","11:05:05","11","October"
"9317","authorized","1","ACC-958000567","130.90","-12.37","POS","cd98e1d5-4138-4f47-9045-4de8919aed99","Sandra",8768.16,2018-10-11 07:00:00,"F",34,"Berrimah","NT",54.36,"37c845721fb94c749058ae961e3f76a1","CUS-4142663097","130.92","-12.44","debit","Thu","11:14:54","11","October"
"9318","authorized","1","ACC-2153562714","116.00","-31.88","SALES-POS","cc545834-17b0-4013-aa87-1c6ff2e12f5f","Linda",6630.87,2018-10-11 07:00:00,"F",24,"Waterford","WA",7.68,"515e9b1edf7b465bba2de6a54c7e6954","CUS-423725039","115.89","-32.01","debit","Thu","11:24:42","11","October"
"9319","authorized","1","ACC-4274272854","145.23","-37.86","POS","4b10a1e0-19aa-4845-8716-6146d0be3a29","Timothy",8574.83,2018-10-11 07:00:00,"M",20,"Fawkner","VIC",12.2,"54945eb9fe004f42a341147bab51a8a4","CUS-2484453271","144.96","-37.7","debit","Thu","11:34:30","11","October"
"9320","authorized","1","ACC-1903037542","153.05","-27.61","SALES-POS","c9461443-0ddb-4ba3-868f-d780db2c8f88","Jeffrey",3885.51,2018-10-11 07:00:00,"M",30,"Mount Warren Park","QLD",5.2,"0ee17ae0e42647b987f2ec04cb5b02e9","CUS-860700529","153.21","-27.73","debit","Thu","11:44:18","11","October"
"9321","authorized","1","ACC-574997646","150.79","-33.64","POS","5a3c3a04-69ec-4c07-beb1-64e96cd3bceb","Mackenzie",5268.47,2018-10-11 07:00:00,"F",18,"Busselton","WA",22.4,"ca319f20f35a4001b8080a5a387638fc","CUS-586638664","115.36","-33.66","debit","Thu","11:54:07","11","October"
"9322","posted",NA,"ACC-721712940","145.09","-37.82","PAY/SALARY",NA,"Andrew",57343.32,2018-10-11 07:00:00,"M",78,NA,NA,782.42,"29e61a67f1d945f9bf63a7366dac5172","CUS-1646183815",NA,NA,"credit","Thu","12:00:00","12","October"
"9323","posted",NA,"ACC-1998563091","149.03","-35.25","PAYMENT",NA,"David",18925.24,2018-10-11 07:00:00,"M",42,NA,NA,116,"b0bdbc4e7d4d4f3181afdc2bfe6b6c1e","CUS-3395687666",NA,NA,"debit","Thu","12:00:00","12","October"
"9324","posted",NA,"ACC-3879258709","143.83","-37.66","PHONE BANK",NA,"Natasha",202083.32,2018-10-11 07:00:00,"F",40,NA,NA,41,"89d1262bbec7478d8764a72757777ec0","CUS-527400765",NA,NA,"debit","Thu","12:00:00","12","October"
"9325","posted",NA,"ACC-966140392","147.08","-37.97","PAYMENT",NA,"Joseph",7583.94,2018-10-11 07:00:00,"M",21,NA,NA,35,"9f079ee9e21c41c88680725a8c988955","CUS-537508723",NA,NA,"debit","Thu","12:00:00","12","October"
"9326","authorized","1","ACC-4258502723","145.45","-37.74","SALES-POS","7770e116-8b4a-4d48-b0f5-7a6399958848","Kimberly",5122.49,2018-10-11 07:00:00,"F",24,"Melton","VIC",14.18,"dfa272cc57334c7ca87f61a258cb5b90","CUS-3378712515","144.58","-37.68","debit","Thu","12:07:50","12","October"
"9327","authorized","1","ACC-3689607373","115.79","-31.79","SALES-POS","f588b74d-c336-4f3a-931b-1c67eb0abb1f","Virginia",6694.78,2018-10-11 07:00:00,"F",20,"Melbourne","VIC",61.67,"ab99d0ddac6d44a89dd2dd2049c9ed1c","CUS-127297539","144.96","-37.82","debit","Thu","12:27:27","12","October"
"9328","authorized","1","ACC-2265520058","151.27","-33.85","POS","35683434-cb66-4544-b8e8-6ca8372e6e3f","Catherine",6285.12,2018-10-11 07:00:00,"F",26,"Canley Vale","NSW",32.9,"414b5cb597e840a1996facafa18662de","CUS-331942311","150.94","-33.89","debit","Thu","12:47:03","12","October"
"9329","posted",NA,"ACC-1349834573","145.17","-37.84","PAYMENT",NA,"Matthew",16483.09,2018-10-11 07:00:00,"M",39,NA,NA,150,"2fca039b70574ff8a1b9a3ddaa1dcff7","CUS-1790886359",NA,NA,"debit","Thu","13:00:00","13","October"
"9330","posted",NA,"ACC-2107684084","145.03","-37.88","PAY/SALARY",NA,"Richard",10754.23,2018-10-11 07:00:00,"M",22,NA,NA,2218.73,"44b121a09772458f918aa31b217ef3f6","CUS-2283904812",NA,NA,"credit","Thu","13:00:00","13","October"
"9331","posted",NA,"ACC-4274272854","145.23","-37.86","PAYMENT",NA,"Timothy",8559.83,2018-10-11 07:00:00,"M",20,NA,NA,15,"0f60643035ce438f872e7d30acb6ac17","CUS-2484453271",NA,NA,"debit","Thu","13:00:00","13","October"
"9332","authorized","1","ACC-90814749","151.68","-32.98","SALES-POS","9aa64420-35ca-4e9f-b4c1-da5ab79e4894","Christopher",11621.98,2018-10-11 07:00:00,"M",35,"Armidale","NSW",38.67,"b0315d69acba497a8338f36c00e0a562","CUS-1896554896","151.67","-30.51","debit","Thu","13:06:56","13","October"
"9333","authorized","0","ACC-3536132544","144.93","-37.79","POS","c77582df-30ab-41aa-a723-bac5ec5ad037","Heather",6723.96,2018-10-11 07:00:00,"F",41,"Wantirna South","VIC",31.7,"af722fadc3394b1c9429517ec5712cf8","CUS-2348881191","145.22","-37.88","debit","Thu","13:27:20","13","October"
"9334","authorized","1","ACC-2528867619","138.58","-34.96","SALES-POS","444355ca-d388-42e1-9f8a-edc07068bf57","Abigail",16074.74,2018-10-11 07:00:00,"F",40,"Adelaide Airport","SA",94.04,"7924368dd1694c628df36f64e3e710f3","CUS-2505971401","138.52","-34.95","debit","Thu","13:47:45","13","October"
"9335","posted",NA,"ACC-1349834573","145.17","-37.84","PAYMENT",NA,"Matthew",16423.09,2018-10-11 07:00:00,"M",39,NA,NA,60,"9a895362a0fd4e60b2921e79e60f44be","CUS-1790886359",NA,NA,"debit","Thu","14:00:00","14","October"
"9336","posted",NA,"ACC-1903037542","153.05","-27.61","PAY/SALARY",NA,"Jeffrey",5694.13,2018-10-11 07:00:00,"M",30,NA,NA,1808.62,"e62e1637cbdf4804af4059d1948f06e1","CUS-860700529",NA,NA,"credit","Thu","14:00:00","14","October"
"9337","authorized","1","ACC-4274272854","145.23","-37.86","SALES-POS","aa6ae610-6f14-481e-9318-edaa7b6f8990","Timothy",8543.24,2018-10-11 07:00:00,"M",20,"Calder Park","VIC",16.59,"f136d92b571e4c66a63250b981f33242","CUS-2484453271","144.75","-37.67","debit","Thu","14:03:59","14","October"
"9338","authorized","1","ACC-1334819143","145.13","-37.70","SALES-POS","061ffafb-8781-4844-9286-541ba757e9cc","Christopher",65845.02,2018-10-11 07:00:00,"M",33,"Melbourne","VIC",26.54,"5d46c53833764f34985b6ddbb7a254d1","CUS-3117610635","144.97","-37.81","debit","Thu","14:13:59","14","October"
"9339","authorized","1","ACC-3879258709","143.83","-37.66","POS","3eab8fdf-9c9c-4ca7-bebe-d5df55fedbab","Natasha",202065.72,2018-10-11 07:00:00,"F",40,"Greenvale","VIC",17.6,"db5f8d52ae2748a697d7fd2f4a28a5e3","CUS-527400765","144.88","-37.66","debit","Thu","14:23:59","14","October"
"9340","authorized","1","ACC-854938045","147.63","-22.84","SALES-POS","617a670e-a706-400a-bbfa-09858d56a871","James",12748.84,2018-10-11 07:00:00,"M",28,"Sippy Downs","QLD",56.58,"410d0e9e29aa4ea4a86d38d6ce97de74","CUS-4023861240","153.06","-26.72","debit","Thu","14:33:59","14","October"
"9341","authorized","1","ACC-958000567","130.90","-12.37","SALES-POS","3669658d-5250-4451-af85-70723de3794f","Sandra",8753.23,2018-10-11 07:00:00,"F",34,"Karama","NT",14.93,"df48408f571f47fda10c1109f091dde7","CUS-4142663097","130.91","-12.4","debit","Thu","14:43:59","14","October"
"9342","authorized","0","ACC-2897221629","150.90","-34.37","POS","292e93da-32c9-4ff5-99d8-ece20e035015","Scott",7003.12,2018-10-11 07:00:00,"M",23,"Sydney","NSW",10.72,"8b563dd86278405cad1deec6a4f1d0e4","CUS-511326734","151.2","-33.87","debit","Thu","14:53:59","14","October"
"9343","posted",NA,"ACC-2988263882","145.18","-37.90","PAY/SALARY",NA,"Michael",6930.24,2018-10-11 07:00:00,"M",44,NA,NA,596.33,"9067b27279bb4077b62ec788a785c9bf","CUS-1233833708",NA,NA,"credit","Thu","15:00:00","15","October"
"9344","posted",NA,"ACC-1037050564","153.10","-27.66","PAYMENT",NA,"Rhonda",4382.79,2018-10-11 07:00:00,"F",40,NA,NA,33,"4100f5ab6df04539bea264d699e96079","CUS-1614226872",NA,NA,"debit","Thu","15:00:00","15","October"
"9345","posted",NA,"ACC-2681137560","151.11","-33.99","PAYMENT",NA,"Nathaniel",11314.8,2018-10-11 07:00:00,"M",31,NA,NA,138,"e90a8b81b1f54d10b0856b1136eeaff4","CUS-2083971310",NA,NA,"debit","Thu","15:00:00","15","October"
"9346","posted",NA,"ACC-2970114956","144.89","-37.69","PAY/SALARY",NA,"Robert",11491.1,2018-10-11 07:00:00,"M",26,NA,NA,1433.98,"dcbed64edf4e43dea7f453f511e2b3ad","CUS-880898248",NA,NA,"credit","Thu","15:00:00","15","October"
"9347","authorized","1","ACC-1799207998","150.68","-33.79","SALES-POS","5024d6e4-302c-40df-aa6b-8906910ba0db","Susan",9148.18,2018-10-11 07:00:00,"F",20,"Manly","NSW",11.09,"e896a0f555b84ab1910ad64e481f76c5","CUS-164374203","151.29","-33.8","debit","Thu","15:02:55","15","October"
"9348","authorized","0","ACC-958000567","130.90","-12.37","POS","4af9af34-b5de-4063-bd48-664840bbaea2","Sandra",8711.86,2018-10-11 07:00:00,"F",34,"Holtze","NT",41.37,"3a51fddd93a849f9a3bfa628ef3d1dc7","CUS-4142663097","130.97","-12.45","debit","Thu","15:10:13","15","October"
"9349","authorized","1","ACC-958000567","130.90","-12.37","POS","dabb2aa4-31fa-4f27-9ed9-ca87e5966428","Sandra",8703.42,2018-10-11 07:00:00,"F",34,"Darwin City","NT",8.44,"b9fdfdc1940e46ff81b0f1f5c06ff0ff","CUS-4142663097","130.84","-12.46","debit","Thu","15:17:31","15","October"
"9350","authorized","1","ACC-2305712452","138.61","-34.89","POS","bb52b1f0-8c01-4b32-b372-466aa3538d2a","Debra",6016.08,2018-10-11 07:00:00,"F",18,"Enfield","SA",6.91,"b2128a5a8c584cbd8030eb4d5301c108","CUS-1842679196","138.6","-34.86","debit","Thu","15:24:49","15","October"
"9351","authorized","1","ACC-1279356312","144.79","-37.73","SALES-POS","32aa73dc-b7c2-4161-b14d-6271b96ce792","Tyler",10307.63,2018-10-11 07:00:00,"M",44,"Ringwood","VIC",8.2,"a7ea3d5154904c4592e1a2ba0d1b4995","CUS-1892177589","145.23","-37.81","debit","Thu","15:32:07","15","October"
"9352","authorized","1","ACC-4065652575","115.81","-31.82","SALES-POS","6c84c219-96ea-4c6f-9de5-0a28bcaec62f","Lucas",12108.31,2018-10-11 07:00:00,"M",21,"Rainbow Flat","NSW",22.29,"7bd8ede5e5f64abcb830f75046ea6cef","CUS-1117979751","152.47","-32.01","debit","Thu","15:39:24","15","October"
"9353","authorized","1","ACC-2673069055","152.99","-27.49","SALES-POS","6a5cfd5a-8ae2-432f-a9f3-01a36b12db62","Richard",15549.01,2018-10-11 07:00:00,"M",24,"Milton","QLD",5.71,"a69b13a920eb46baabeb735476b41b59","CUS-51506836","153.01","-27.46","debit","Thu","15:46:42","15","October"
"9354","authorized","1","ACC-1334819143","145.13","-37.70","POS","0bc72e38-dadd-4fac-8814-7cb964246beb","Christopher",65817.12,2018-10-11 07:00:00,"M",33,"Laverton North","VIC",27.9,"8cf2860e30834e979d7cc75cdc14d1e0","CUS-3117610635","144.78","-37.84","debit","Thu","15:54:00","15","October"
"9355","posted",NA,"ACC-414431115","142.77","-37.06","PAY/SALARY",NA,"Amy",6055.88,2018-10-11 07:00:00,"F",43,NA,NA,1630.36,"355681842092470a8501e35b3fffaf1a","CUS-2599279756",NA,NA,"credit","Thu","16:00:00","16","October"
"9356","posted",NA,"ACC-3881031190","149.19","-21.15","PAY/SALARY",NA,"Richard",9082.34,2018-10-11 07:00:00,"M",37,NA,NA,916.75,"3c36e7394919424f80fe0e4b83c9dff8","CUS-3201519139",NA,NA,"credit","Thu","16:00:00","16","October"
"9357","authorized","1","ACC-3689607373","115.79","-31.79","POS","ff61dd5e-938a-4acb-a1fd-03d1d2fbba4e","Virginia",6607.85,2018-10-11 07:00:00,"F",20,"Sydney","NSW",86.93,"61544eed53314ae080a8ee598ebebaab","CUS-127297539","151.21","-33.87","debit","Thu","16:03:16","16","October"
"9358","authorized","0","ACC-240804743","121.48","-30.75","POS","e28c426d-cbef-4e2d-aa06-1ba0b6b1902f","Kenneth",18461.29,2018-10-11 07:00:00,"M",29,"Boggabri","NSW",18.01,"0cd0d8c965114c5fbbea63b8a2298eb8","CUS-261674136","150.04","-30.7","debit","Thu","16:21:27","16","October"
"9359","authorized","0","ACC-854938045","147.63","-22.84","SALES-POS","84a5be12-07d2-4de0-a371-978a8544e6b0","James",12732.62,2018-10-11 07:00:00,"M",28,"Oakleigh","VIC",16.22,"fb3c293bf6e24f0a8a0ff6da41c9af40","CUS-4023861240","145.08","-37.91","debit","Thu","16:39:38","16","October"
"9360","authorized","0","ACC-154431271","153.09","-27.48","SALES-POS","f5fa9c86-add9-4210-a1bf-9331522d6b4d","Lori",2276.44,2018-10-11 07:00:00,"F",18,"Ormiston","QLD",12.07,"ad56c20dc7464217b93a82c8b40b4a43","CUS-3702001629","153.25","-27.52","debit","Thu","16:57:49","16","October"
"9361","posted",NA,"ACC-1279356312","144.79","-37.73","PAYMENT",NA,"Tyler",10277.97,2018-10-11 07:00:00,"M",44,NA,NA,15,"e916c24a0a354415b164f7743cbb0b39","CUS-1892177589",NA,NA,"debit","Thu","17:00:00","17","October"
"9362","posted",NA,"ACC-2173390920","144.71","-37.58","PAYMENT",NA,"Luis",10009.29,2018-10-11 07:00:00,"M",27,NA,NA,29,"bd0a3b39c2c14e02a36a52edffc77550","CUS-3180318393",NA,NA,"debit","Thu","17:00:00","17","October"
"9363","posted",NA,"ACC-1056639002","145.03","-37.91","PAY/SALARY",NA,"Michael",53645.3,2018-10-11 07:00:00,"M",22,NA,NA,3195.01,"dda41bbd09824a74a90137d3db9f0965","CUS-3462882033",NA,NA,"credit","Thu","17:00:00","17","October"
"9364","posted",NA,"ACC-958000567","130.90","-12.37","PAYMENT",NA,"Sandra",8666.42,2018-10-11 07:00:00,"F",34,NA,NA,37,"95e5de586cca45de8fbbfe6f683a0e97","CUS-4142663097",NA,NA,"debit","Thu","17:00:00","17","October"
"9365","posted",NA,"ACC-53508546","150.62","-33.76","PAY/SALARY",NA,"Kimberly",5896.25,2018-10-11 07:00:00,"F",35,NA,NA,725.32,"c0e996c64b6647cb9e363f58c07e6175","CUS-72755508",NA,NA,"credit","Thu","17:00:00","17","October"
"9366","authorized","1","ACC-2528867619","138.58","-34.96","POS","18ebf93d-50cc-43d6-8830-a5798e69949e","Abigail",16052.84,2018-10-11 07:00:00,"F",40,"Oaklands Park","SA",21.9,"36015bc465e5431882ac63d29afcc9f4","CUS-2505971401","138.55","-35.02","debit","Thu","17:11:34","17","October"
"9367","authorized","1","ACC-3021093232","149.83","-29.47","POS","0df261db-a2db-4152-b84a-db84131db852","Melissa",10652.9,2018-10-11 07:00:00,"F",30,"Yamba","NSW",34.92,"96ec226274734e1e9a4b253f319a83cb","CUS-55310383","153.33","-29.43","debit","Thu","17:24:44","17","October"
"9368","authorized","1","ACC-1279356312","144.79","-37.73","POS","6e2724e1-7d5c-40d4-b13c-f9bfb34532e7","Tyler",10292.97,2018-10-11 07:00:00,"M",44,"Bundoora","VIC",14.66,"95ef11475f7d470da0386028ce8be8ad","CUS-1892177589","145.07","-37.68","debit","Thu","17:37:53","17","October"
"9369","authorized","1","ACC-80388494","144.97","-37.42","SALES-POS","c32f30a1-cc6f-4946-8fc8-c8b65c98c013","Dustin",7436.94,2018-10-11 07:00:00,"M",28,"Doncaster East","VIC",26.99,"1e1b94f159484ba1962fe72671b0eb07","CUS-1140341822","145.17","-37.79","debit","Thu","17:51:03","17","October"
"9370","posted",NA,"ACC-588564840","151.27","-33.76","PAYMENT",NA,"Isaiah",21195.51,2018-10-11 07:00:00,"M",23,NA,NA,41,"f16538b32bf644f98671218ef0607a5e","CUS-1462656821",NA,NA,"debit","Thu","18:00:00","18","October"
"9371","posted",NA,"ACC-1683215619","138.67","-34.86","PAYMENT",NA,"Barry",7382.9,2018-10-11 07:00:00,"M",38,NA,NA,49,"ea40531b9efa4e878d28449500cc0bee","CUS-1604596597",NA,NA,"debit","Thu","18:00:00","18","October"
"9372","posted",NA,"ACC-3879258709","143.83","-37.66","PAYMENT",NA,"Natasha",202044.72,2018-10-11 07:00:00,"F",40,NA,NA,21,"8f1fbb789abe4735950029fdf5e8e738","CUS-527400765",NA,NA,"debit","Thu","18:00:00","18","October"
"9373","authorized","1","ACC-1334819143","145.13","-37.70","POS","46971495-3cda-4d23-9cc5-a62df31880a5","Christopher",65778.02,2018-10-11 07:00:00,"M",33,"Parkdale","VIC",39.1,"7959889272424bb8928bf00c82fe1650","CUS-3117610635","145.08","-37.99","debit","Thu","18:07:59","18","October"
"9374","authorized","0","ACC-3084464802","145.15","-37.76","SALES-POS","f06dad7b-f633-4609-95cb-1e53642bbafb","Susan",9423.69,2018-10-11 07:00:00,"F",19,"Yarraville","VIC",56.69,"e43b28ecfd0b4305aac05b2b01cbafb2","CUS-1928710999","144.89","-37.82","debit","Thu","18:32:59","18","October"
"9375","authorized","0","ACC-1683215619","138.67","-34.86","POS","6319318d-b8ab-478a-89f4-dbb4b2e2481e","Barry",7431.9,2018-10-11 07:00:00,"M",38,"Bomaderry","NSW",31.88,"9a9a8623ea554853922b2d08b84b2086","CUS-1604596597","150.61","-34.86","debit","Thu","18:57:59","18","October"
"9376","posted",NA,"ACC-1222300524","151.23","-33.94","PAYMENT",NA,"Michael",1392.57,2018-10-11 07:00:00,"M",38,NA,NA,50,"5335b0bad70641329ca1292e5ae5eef7","CUS-2142601169",NA,NA,"debit","Thu","19:00:00","19","October"
"9377","posted",NA,"ACC-2014856841","144.99","-37.90","PAYMENT",NA,"Patrick",266354.07,2018-10-11 07:00:00,"M",46,NA,NA,50,"6e1cc2ce2fad4dc6ba70cb0921689b7f","CUS-2370108457",NA,NA,"debit","Thu","19:00:00","19","October"
"9378","posted",NA,"ACC-1424176027","151.08","-33.93","PAYMENT",NA,"Donald",8286.56,2018-10-11 07:00:00,"M",22,NA,NA,186,"48ed26ed8ead45f5bb4b716534e7c1bb","CUS-3431016847",NA,NA,"debit","Thu","19:00:00","19","October"
"9379","authorized","1","ACC-1037050564","153.10","-27.66","SALES-POS","04a51f1e-ee24-4bd2-8413-bb6a08030dbb","Rhonda",4361.87,2018-10-11 07:00:00,"F",40,"Kearneys Spring","QLD",20.92,"fbb8157933334dc996a4dc4f1f70210d","CUS-1614226872","151.95","-27.59","debit","Thu","19:09:47","19","October"
"9380","authorized","1","ACC-154431271","153.09","-27.48","SALES-POS","b4bb9c71-54ff-4614-b0af-1fe686809a22","Lori",2252.97,2018-10-11 07:00:00,"F",18,"Sunnybank","QLD",23.47,"7228eab34e5646ae85d3b2a748eec1bb","CUS-3702001629","153.06","-27.57","debit","Thu","19:20:25","19","October"
"9381","authorized","1","ACC-1598451071","153.41","-27.95","SALES-POS","3c3ed62e-55d5-473a-88bc-1f6207eaa8cd","Diana",1889.37,2018-10-11 07:00:00,"F",26,"Southport","QLD",16.13,"a9b19aeaccfe42ce87cafd1f44808c5a","CUS-2487424745","153.41","-27.98","debit","Thu","19:31:03","19","October"
"9382","authorized","1","ACC-3541460373","145.00","-37.83","SALES-POS","faa4d6dd-bf56-4c04-b467-1a85a66e3768","Jeffrey",4706.81,2018-10-11 07:00:00,"M",24,"Ferntree Gully","VIC",8.78,"f91495f036d84dcfb1498600f46c5f72","CUS-1433879684","145.29","-37.88","debit","Thu","19:41:42","19","October"
"9383","authorized","1","ACC-1890605467","143.88","-37.66","POS","b553f703-fd7c-4a65-bc3a-c30c8dc5b2b8","Alexander",18843.32,2018-10-11 07:00:00,"M",38,"Doncaster","VIC",32.66,"c1d0249ff7714eed88698e016a953a86","CUS-1478398256","145.12","-37.79","debit","Thu","19:52:20","19","October"
"9384","posted",NA,"ACC-1199531521","116.02","-31.87","INTER BANK",NA,"Billy",13911.85,2018-10-11 07:00:00,"M",52,NA,NA,145,"2565ccfee74d4b22949c9c5efb9afaad","CUS-134833760",NA,NA,"debit","Thu","20:00:00","20","October"
"9385","posted",NA,"ACC-1279356312","144.79","-37.73","PAYMENT",NA,"Tyler",10236.97,2018-10-11 07:00:00,"M",44,NA,NA,41,"62da7d00890b434b9b8a0e3447e30a17","CUS-1892177589",NA,NA,"debit","Thu","20:00:00","20","October"
"9386","authorized","0","ACC-3021093232","149.83","-29.47","POS","ae5366f9-cc5a-4d42-afb4-24d070b3cb24","Melissa",10643.63,2018-10-11 07:00:00,"F",30,"Yamba","NSW",9.27,"1030ef4bd4c4400a80fb70c825a05db7","CUS-55310383","153.33","-29.43","debit","Thu","20:07:10","20","October"
"9387","authorized","1","ACC-154431271","153.09","-27.48","SALES-POS","90cc93bc-1e61-4ca5-b4e4-6b25809a8f8b","Lori",2240.68,2018-10-11 07:00:00,"F",18,"Toowoomba City","QLD",12.29,"6b91cf1d208d49bd885ecd67a97d6db9","CUS-3702001629","151.95","-27.56","debit","Thu","20:32:49","20","October"
"9388","authorized","0","ACC-1598451071","153.41","-27.95","POS","9b396220-0ff3-473d-8ad3-a169f8b37757","Diana",1879.19,2018-10-11 07:00:00,"F",26,"Notting Hill","VIC",10.18,"9c1ceba4185b46d085a648db7e2157c2","CUS-2487424745","145.13","-37.9","debit","Thu","20:58:27","20","October"
"9389","posted",NA,"ACC-854938045","147.63","-22.84","PHONE BANK",NA,"James",12674.62,2018-10-11 07:00:00,"M",28,NA,NA,58,"9c6b91528d214472865da8cfe840c5f8","CUS-4023861240",NA,NA,"debit","Thu","21:00:00","21","October"
"9390","posted",NA,"ACC-854938045","147.63","-22.84","PAYMENT",NA,"James",12493.62,2018-10-11 07:00:00,"M",28,NA,NA,181,"cc5b1a5682a04c8da520eef261c3be4d","CUS-4023861240",NA,NA,"debit","Thu","21:00:00","21","October"
"9391","authorized","1","ACC-1652235822","144.89","-37.81","POS","4a3d930a-5a63-4f6d-b752-a33c713b5986","Renee",21414.89,2018-10-11 07:00:00,"F",38,"Malvern","VIC",13.39,"c579ba1478a94ed6aa7a3660befaf307","CUS-2206365095","145.03","-37.86","debit","Thu","21:16:29","21","October"
"9392","authorized","1","ACC-3481401842","115.74","-31.72","POS","de9e8d67-1e9e-4964-8b10-c2b4f65135b1","Tiffany",6443.66,2018-10-11 07:00:00,"F",25,"Ceduna","SA",14.54,"6b741e7086ee45d7bdffe6af65164c06","CUS-1669695324","133.68","-32.13","debit","Thu","21:34:02","21","October"
"9393","authorized","0","ACC-1279356312","144.79","-37.73","POS","bdcf9ea0-9997-4409-b44f-a05b96fb41d8","Tyler",10220.26,2018-10-11 07:00:00,"M",44,"Melbourne","VIC",16.71,"bcf11c1eb3954bdca1c5e1bd9caf26c1","CUS-1892177589","144.98","-37.85","debit","Thu","21:51:34","21","October"
"9394","posted",NA,"ACC-3741880913","150.50","-23.40","PAYMENT",NA,"Ashley",9810.58,2018-10-11 07:00:00,"F",25,NA,NA,32,"ec0c87be94234ffca1bcd026e37ab119","CUS-1220154422",NA,NA,"debit","Thu","22:00:00","22","October"
"9395","posted",NA,"ACC-90814749","151.68","-32.98","PAYMENT",NA,"Christopher",11585.98,2018-10-11 07:00:00,"M",35,NA,NA,36,"46af2a5b1063475492ec07719ac4e790","CUS-1896554896",NA,NA,"debit","Thu","22:00:00","22","October"
"9396","posted",NA,"ACC-2265520058","151.27","-33.85","PAYMENT",NA,"Catherine",6252.12,2018-10-11 07:00:00,"F",26,NA,NA,33,"c03ac8513dbf415db2202663c4b826c2","CUS-331942311",NA,NA,"debit","Thu","22:00:00","22","October"
"9397","posted",NA,"ACC-958000567","130.90","-12.37","PAYMENT",NA,"Sandra",8499.42,2018-10-11 07:00:00,"F",34,NA,NA,167,"0c6c26044f874bb48f051b640c5b84f6","CUS-4142663097",NA,NA,"debit","Thu","22:00:00","22","October"
"9398","authorized","1","ACC-3689607373","115.79","-31.79","POS","b11ffba7-2951-465c-8bbb-26c59602b43b","Virginia",6587.91,2018-10-11 07:00:00,"F",20,"Cockburn Central","WA",19.94,"9be583db31484079ad0a05aca70327a8","CUS-127297539","115.84","-32.13","debit","Thu","22:14:03","22","October"
"9399","authorized","0","ACC-3689607373","115.79","-31.79","SALES-POS","37110947-d629-4d96-b849-e7f7335ab126","Virginia",6577.98,2018-10-11 07:00:00,"F",20,"Butler","WA",9.93,"26e60c4c72dd42768c304e7178681dda","CUS-127297539","115.69","-31.64","debit","Thu","22:41:04","22","October"
"9400","posted",NA,"ACC-354106658","151.04","-33.80","PAYMENT",NA,"Christine",14116.51,2018-10-11 07:00:00,"F",39,NA,NA,52,"c093155e504d478fb71efbd751597431","CUS-2376382098",NA,NA,"debit","Thu","23:00:00","23","October"
"9401","posted",NA,"ACC-1334819143","145.13","-37.70","INTER BANK",NA,"Christopher",65719.02,2018-10-11 07:00:00,"M",33,NA,NA,59,"76c6191a4acf460b8f874bf6fe0e5967","CUS-3117610635",NA,NA,"debit","Thu","23:00:00","23","October"
"9402","authorized","1","ACC-1496451953","145.16","-37.84","POS","dfb5abd7-1ca2-476f-9aa5-52c8ed8a3628","Ricky",19921.8,2018-10-11 07:00:00,"M",43,"Brunswick","VIC",28.26,"5ff566fb6b4b4cf79a1e521c24f53b78","CUS-3142625864","144.96","-37.78","debit","Thu","23:06:22","23","October"
"9403","authorized","1","ACC-3485804958","138.52","-35.01","POS","d5e0135b-d063-45f0-9696-81ece6091c26","Jessica",28466.66,2018-10-11 07:00:00,"F",34,"Mount Clarence","WA",21.62,"a5c338e79bf7446f82b16bb438351c0f","CUS-1196156254","117.91","-35.03","debit","Thu","23:27:39","23","October"
"9404","authorized","1","ACC-3541460373","145.00","-37.83","SALES-POS","ebdad21e-5e9e-4d2c-82bb-06e8a2351f5a","Jeffrey",4694.17,2018-10-11 07:00:00,"M",24,"Melbourne","VIC",12.64,"32d8a86728ce48e1be6d67f066ef6671","CUS-1433879684","144.97","-37.81","debit","Thu","23:48:56","23","October"
"9405","authorized","1","ACC-1710017148","150.82","-34.01","SALES-POS","edadc46b-f158-4c81-a040-7f615aaf9c4d","Michelle",13864.6,2018-10-12 07:00:00,"F",19,"Castle Hill","NSW",18.72,"4355047186334b129f33972c0fecf469","CUS-883482547","151.01","-33.73","debit","Fri","00:17:46","00","October"
"9406","authorized","1","ACC-182446574","116.06","-32.00","POS","73537afa-855c-4747-845f-7fbd112cac70","Tonya",6937.1,2018-10-12 07:00:00,"F",27,"Belmont","WA",9.38,"54158f8d191b4464ab6668b938020f45","CUS-3026014945","115.92","-31.95","debit","Fri","00:54:48","00","October"
"9407","authorized","1","ACC-1424176027","151.08","-33.93","SALES-POS","e6522fb2-6e98-457d-bbd8-290011d0984b","Donald",8275.7,2018-10-12 07:00:00,"M",22,"North Narrabeen","NSW",10.86,"b3df3ce1efc644d090cfc24b037090b5","CUS-3431016847","151.3","-33.7","debit","Fri","01:19:32","01","October"
"9408","authorized","0","ACC-354106658","151.04","-33.80","POS","18799c68-dbe9-48d1-a398-91faf098eecb","Christine",14101.53,2018-10-12 07:00:00,"F",39,"Sydney","NSW",14.98,"c3ecbe53afad4585b99a3d3dcb984611","CUS-2376382098","151.21","-33.87","debit","Fri","01:42:16","01","October"
"9409","authorized","1","ACC-1496451953","145.16","-37.84","POS","bc251b19-9cbe-4def-bbf6-f88abf060678","Ricky",19909.17,2018-10-12 07:00:00,"M",43,"Melbourne","VIC",12.63,"933f15117a264eddb4e80c192c6687ed","CUS-3142625864","144.97","-37.82","debit","Fri","02:07:05","02","October"
"9410","authorized","1","ACC-1424176027","151.08","-33.93","SALES-POS","6002d4a8-6e1e-4ac6-9732-b7325af6c530","Donald",8261.43,2018-10-12 07:00:00,"M",22,"Kootingal","NSW",14.27,"57a04283c36f4304b368df2229be020f","CUS-3431016847","151.05","-31.06","debit","Fri","02:39:21","02","October"
"9411","posted",NA,"ACC-1683215619","138.67","-34.86","PAYMENT",NA,"Barry",7323.9,2018-10-12 07:00:00,"M",38,NA,NA,59,"355e94d55c4043c9a8235538497cd609","CUS-1604596597",NA,NA,"debit","Fri","03:00:00","03","October"
"9412","posted",NA,"ACC-2673069055","152.99","-27.49","PAYMENT",NA,"Richard",15506.01,2018-10-12 07:00:00,"M",24,NA,NA,43,"4de99956579d467fad8f9d94f1482329","CUS-51506836",NA,NA,"debit","Fri","03:00:00","03","October"
"9413","posted",NA,"ACC-1496451953","145.16","-37.84","PAYMENT",NA,"Ricky",19886.17,2018-10-12 07:00:00,"M",43,NA,NA,23,"43d22dec842a42bf91695789e539d78e","CUS-3142625864",NA,NA,"debit","Fri","04:00:00","04","October"
"9414","posted",NA,"ACC-1710017148","150.82","-34.01","PAYMENT",NA,"Michelle",13824.6,2018-10-12 07:00:00,"F",19,NA,NA,40,"c0648d61d4204ad18cd5dce7ea62cf6b","CUS-883482547",NA,NA,"debit","Fri","04:00:00","04","October"
"9415","authorized","1","ACC-3541460373","145.00","-37.83","POS","90886a0e-929a-46a2-aa43-66e80bd7220a","Jeffrey",4680.2,2018-10-12 07:00:00,"M",24,"Tecoma","VIC",13.97,"05e1c40e91bd45158b3e8f24ed0226a3","CUS-1433879684","145.34","-37.91","debit","Fri","04:06:51","04","October"
"9416","authorized","1","ACC-182446574","116.06","-32.00","SALES-POS","3d5e8965-9ae9-49e3-a625-b7d2579b9327","Tonya",6911.46,2018-10-12 07:00:00,"F",27,"Scarborough","WA",25.64,"7635bd27e8c2491299adb4fa6d92ba14","CUS-3026014945","115.76","-31.9","debit","Fri","04:35:25","04","October"
"9417","posted",NA,"ACC-3827517394","151.12","-33.89","PAYMENT",NA,"Craig",44683.6,2018-10-12 07:00:00,"M",28,NA,NA,65,"03a4c5a20cc543ba92b11be8d5f2478b","CUS-2663907001",NA,NA,"debit","Fri","05:00:00","05","October"
"9418","authorized","1","ACC-2673069055","152.99","-27.49","POS","79ff0b27-1f9a-4111-9f78-76d9d86609ab","Richard",15486.74,2018-10-12 07:00:00,"M",24,"Highfields","QLD",19.27,"19da4ac959004658a33b727fda5211b3","CUS-51506836","151.94","-27.45","debit","Fri","05:27:59","05","October"
"9419","posted",NA,"ACC-588564840","151.27","-33.76","PAYMENT",NA,"Isaiah",21018.51,2018-10-12 07:00:00,"M",23,NA,NA,177,"bb43910dda994066b75422181350a4ad","CUS-1462656821",NA,NA,"debit","Fri","06:00:00","06","October"
"9420","posted",NA,"ACC-3100725361","145.73","-17.03","PAYMENT",NA,"Ronald",5183.13,2018-10-12 07:00:00,"M",25,NA,NA,144,"e519b8635fc7466eb950aae2eef98a32","CUS-2178051368",NA,NA,"debit","Fri","06:00:00","06","October"
"9421","posted",NA,"ACC-1496451953","145.16","-37.84","INTER BANK",NA,"Ricky",19740.17,2018-10-12 07:00:00,"M",43,NA,NA,146,"43733fd43b864d42bf610f9426e6da62","CUS-3142625864",NA,NA,"debit","Fri","06:00:00","06","October"
"9422","posted",NA,"ACC-3941181087","115.79","-31.94","PAYMENT",NA,"Paul",12437.58,2018-10-12 07:00:00,"M",25,NA,NA,28,"081cee8d2304451e8ec4f06c1a65ccb1","CUS-3989008654",NA,NA,"debit","Fri","06:00:00","06","October"
"9423","posted",NA,"ACC-1990648130","114.62","-28.80","PAYMENT",NA,"Kaitlyn",7099.99,2018-10-12 07:00:00,"F",21,NA,NA,28,"babacc9447254ac0a50417eae58ee44f","CUS-809013380",NA,NA,"debit","Fri","06:00:00","06","October"
"9424","posted",NA,"ACC-1496451953","145.16","-37.84","PAYMENT",NA,"Ricky",19723.17,2018-10-12 07:00:00,"M",43,NA,NA,17,"dc2723317dc64d1796efaa22f37a94c5","CUS-3142625864",NA,NA,"debit","Fri","07:00:00","07","October"
"9425","authorized","1","ACC-2890243754","153.32","-27.93","POS","af835ef4-60b7-4283-9d9a-5d0a8ab9cd6f","Joseph",1012.44,2018-10-12 07:00:00,"M",37,"South Brisbane","QLD",4094.33,"c721e231d6224aaca8924b0448786104","CUS-2695611575","153.02","-27.48","debit","Fri","07:07:29","07","October"
"9426","authorized","1","ACC-3541460373","145.00","-37.83","POS","5a5cd05d-59cc-4ef8-b2da-c890498147e2","Jeffrey",4621.05,2018-10-12 07:00:00,"M",24,"Docklands","VIC",59.15,"da30160727f642b591bf7ed200c1e55c","CUS-1433879684","144.94","-37.81","debit","Fri","07:49:09","07","October"
"9427","posted",NA,"ACC-2674800293","144.96","-37.69","PAYMENT",NA,"Elizabeth",28358.21,2018-10-12 07:00:00,"F",50,NA,NA,176,"a5e5e690f5a3447992be64c901ed58af","CUS-2977593493",NA,NA,"debit","Fri","08:00:00","08","October"
"9428","authorized","1","ACC-154431271","153.09","-27.48","POS","ad8e3b9d-d9a8-4415-a278-a426122d17de","Lori",2223.94,2018-10-12 07:00:00,"F",18,"Melbourne","VIC",16.74,"00758f7bceca42a0a3fb324f4819b4f1","CUS-3702001629","144.96","-37.82","debit","Fri","08:05:02","08","October"
"9429","authorized","0","ACC-1496451953","145.16","-37.84","SALES-POS","f08035f1-2ce9-44a7-ad29-06a2abd24599","Ricky",19712.4,2018-10-12 07:00:00,"M",43,"Docklands","VIC",10.77,"3e8480cf665c4f978e847c6655a0641a","CUS-3142625864","144.95","-37.82","debit","Fri","08:11:50","08","October"
"9430","authorized","1","ACC-182446574","116.06","-32.00","SALES-POS","8030f388-1454-46c6-8307-7d449613318e","Tonya",6890.89,2018-10-12 07:00:00,"F",27,"Malaga","WA",20.57,"90cbcd7ec99f4a939f6f5ab0f7a07fca","CUS-3026014945","115.88","-31.86","debit","Fri","08:18:38","08","October"
"9431","authorized","1","ACC-2890243754","153.32","-27.93","SALES-POS","dd2927c4-ccc2-4aa7-be03-ca93ae8f77ad","Joseph",993.58,2018-10-12 07:00:00,"M",37,"Aratula","QLD",18.86,"084483486e9c47c98ec44ee8f0e548a8","CUS-2695611575","152.55","-27.98","debit","Fri","08:32:14","08","October"
"9432","authorized","1","ACC-559365433","147.31","-42.88","SALES-POS","2a4f1705-aab7-4a5a-b562-e2bbe62bd26b","Mary",3824.88,2018-10-12 07:00:00,"F",64,"Ayr","QLD",41.22,"8fb7a96574284c428808fd8bdf3ad944","CUS-1654129794","147.41","-19.57","debit","Fri","08:39:02","08","October"
"9433","authorized","1","ACC-1710017148","150.82","-34.01","SALES-POS","743caa53-10ab-42e0-a96b-8b456efd5229","Michelle",13804.76,2018-10-12 07:00:00,"F",19,"Forestville","NSW",19.84,"5fae39b636cd4d7fadaa2bf23937c036","CUS-883482547","151.21","-33.76","debit","Fri","08:45:51","08","October"
"9434","authorized","1","ACC-2305712452","138.61","-34.89","POS","d745e2a5-f129-47a4-b733-db2f94124359","Debra",5976.68,2018-10-12 07:00:00,"F",18,"Murrumbateman","NSW",39.4,"632cb430263649e9b141d08831c70bfd","CUS-1842679196","149.03","-34.97","debit","Fri","08:52:39","08","October"
"9435","authorized","0","ACC-4065652575","115.81","-31.82","POS","b0f26c5a-1cb9-49d7-b2e7-566f0438e8cf","Lucas",12100.21,2018-10-12 07:00:00,"M",21,"Brighton","VIC",8.1,"8d662cbfcf1e4b37a5f5a691eab10ec1","CUS-1117979751","144.99","-37.92","debit","Fri","08:59:27","08","October"
"9436","authorized","1","ACC-2153562714","116.00","-31.88","POS","f44c33b7-12f0-4ed9-80ca-e2ae890faf94","Linda",6625.31,2018-10-12 07:00:00,"F",24,"Claremont","WA",5.56,"0d1deafaffef43a981fabb294c927f23","CUS-423725039","115.78","-31.99","debit","Fri","09:04:34","09","October"
"9437","authorized","1","ACC-559365433","147.31","-42.88","SALES-POS","61890fd6-7092-414f-9473-edc181e46843","Mary",3777.57,2018-10-12 07:00:00,"F",64,"Margate","TAS",47.31,"bb1149ba466a411daf789cf05a81ad33","CUS-1654129794","147.27","-43.04","debit","Fri","09:09:33","09","October"
"9438","authorized","1","ACC-1598451071","153.41","-27.95","POS","44fae1da-7a1a-4f3f-871c-f508493a89f1","Diana",1872.18,2018-10-12 07:00:00,"F",26,"Robina","QLD",7.01,"10c5caec44584fc7bc3d4c8989f635aa","CUS-2487424745","153.39","-28.08","debit","Fri","09:14:31","09","October"
"9439","authorized","1","ACC-2265520058","151.27","-33.85","SALES-POS","ac66436c-786a-4af2-8deb-2c081095bbb8","Catherine",6231.65,2018-10-12 07:00:00,"F",26,"Beaumont Hills","NSW",20.47,"eee757621d8742b9ac51d9a35c62a410","CUS-331942311","150.94","-33.7","debit","Fri","09:19:30","09","October"
"9440","authorized","1","ACC-182446574","116.06","-32.00","SALES-POS","7dbc5ec6-0230-48c8-9d27-92183e3c3c17","Tonya",6881.62,2018-10-12 07:00:00,"F",27,"Mirrabooka","WA",9.27,"07278c4e185c41319a8fa074e9be2598","CUS-3026014945","115.86","-31.87","debit","Fri","09:24:28","09","October"
"9441","authorized","1","ACC-1598451071","153.41","-27.95","SALES-POS","65a3d3ab-854d-494f-816d-ba0add460b26","Diana",1866.08,2018-10-12 07:00:00,"F",26,"Southport","QLD",6.1,"bfd74ad92c8040eaa43cd8dca27cc141","CUS-2487424745","153.41","-27.97","debit","Fri","09:29:27","09","October"
"9442","authorized","0","ACC-3741880913","150.50","-23.40","SALES-POS","e2feaaa7-ea2e-4033-bafe-f31520453e9c","Ashley",9778.64,2018-10-12 07:00:00,"F",25,"Gracemere","QLD",31.94,"3e9a8d47bcf84b4e9aafe69a7d45ffad","CUS-1220154422","150.45","-23.43","debit","Fri","09:34:25","09","October"
"9443","authorized","1","ACC-854938045","147.63","-22.84","POS","46a57a24-c922-4ed2-96c6-e012b4e2c8d3","James",12390.25,2018-10-12 07:00:00,"M",28,"SYDNEY","NSW",103.37,"4a722abf05194bcfbd366c4e5a702fb4","CUS-4023861240","151.21","-33.88","debit","Fri","09:39:24","09","October"
"9444","authorized","1","ACC-154431271","153.09","-27.48","POS","dbe576eb-3ac2-423b-9c43-89141991c500","Lori",2200.29,2018-10-12 07:00:00,"F",18,"Victoria Point","QLD",23.65,"0c8b5a84decb459ea6ea2db37837cc5f","CUS-3702001629","153.28","-27.59","debit","Fri","09:44:22","09","October"
"9445","authorized","1","ACC-2897221629","150.90","-34.37","POS","33d65e54-188b-4582-ae5e-ee1d50778c75","Scott",6980.43,2018-10-12 07:00:00,"M",23,"Rockdale","NSW",22.69,"35e65e05f49a46a8ab1d60ce66739fe2","CUS-511326734","151.14","-33.95","debit","Fri","09:49:21","09","October"
"9446","authorized","1","ACC-154431271","153.09","-27.48","POS","57b56974-cd79-4bee-8d57-ea349c4e437f","Lori",2190.11,2018-10-12 07:00:00,"F",18,"Brisbane City","QLD",10.18,"edf314331608430488939fac6caf982b","CUS-3702001629","153.03","-27.47","debit","Fri","09:54:19","09","October"
"9447","authorized","1","ACC-1516130869","130.84","-12.45","POS","be172563-5944-47ae-ad39-c01576a33450","Jessica",4810.9,2018-10-12 07:00:00,"F",21,"Melbourne","VIC",6.9,"61343453dde14d57afc2b2a7dfde0e97","CUS-325142416","144.97","-37.82","debit","Fri","09:59:18","09","October"
"9448","posted",NA,"ACC-1334819143","145.13","-37.70","PAYMENT",NA,"Christopher",65669.02,2018-10-12 07:00:00,"M",33,NA,NA,50,"3de8e0b485e94a01b1b45879819432c4","CUS-3117610635",NA,NA,"debit","Fri","10:00:00","10","October"
"9449","authorized","1","ACC-1598451071","153.41","-27.95","SALES-POS","aef30de1-c67e-4ab7-8577-2931a4bf3c7e","Diana",1855.51,2018-10-12 07:00:00,"F",26,"Yowah","QLD",10.57,"a4c325b956124a1cad32b7dd5fe7c4a0","CUS-2487424745","144.64","-27.97","debit","Fri","10:20:28","10","October"
"9450","authorized","1","ACC-3879258709","143.83","-37.66","POS","7c27c261-9d34-40e2-89d2-d32c5626712d","Natasha",202001.71,2018-10-12 07:00:00,"F",40,"Lutwyche","QLD",43.01,"e196f0a6f0264940844510a70608fa9a","CUS-527400765","153.03","-27.42","debit","Fri","10:44:17","10","October"
"9451","posted",NA,"ACC-1788473090","145.06","-37.95","INTER BANK",NA,"Rachael",7903.21,2018-10-12 07:00:00,"F",21,NA,NA,66,"f54509e4cbda4164ac015831761a20a8","CUS-134193016",NA,NA,"debit","Fri","11:00:00","11","October"
"9452","posted",NA,"ACC-847145727","115.90","-31.92","PAYMENT",NA,"Michael",61489.37,2018-10-12 07:00:00,"M",19,NA,NA,133,"8285d2c184004dc89e8c2c84770e28f5","CUS-1609060617",NA,NA,"debit","Fri","11:00:00","11","October"
"9453","posted",NA,"ACC-3536132544","144.93","-37.79","PAYMENT",NA,"Heather",6690.96,2018-10-12 07:00:00,"F",41,NA,NA,33,"87501de0278c4cd5a15b48292ec849fe","CUS-2348881191",NA,NA,"debit","Fri","11:00:00","11","October"
"9454","posted",NA,"ACC-414431115","142.77","-37.06","INTER BANK",NA,"Amy",6037.88,2018-10-12 07:00:00,"F",43,NA,NA,18,"2f9f19806fcb40eda0594d7b6d648a90","CUS-2599279756",NA,NA,"debit","Fri","11:00:00","11","October"
"9455","posted",NA,"ACC-38923874","151.27","-33.90","PAY/SALARY",NA,"Ryan",45539.67,2018-10-12 07:00:00,"M",38,NA,NA,1880.95,"655695c2d2b54785ab0010d75cdb4849","CUS-3249305314",NA,NA,"credit","Fri","11:00:00","11","October"
"9456","authorized","1","ACC-182446574","116.06","-32.00","SALES-POS","576dc70d-eaf7-43e8-9382-09fd22a66854","Tonya",6867.38,2018-10-12 07:00:00,"F",27,"Woodlands","WA",14.24,"49f3a503579049389adfa9396377b8e1","CUS-3026014945","115.8","-31.9","debit","Fri","11:02:51","11","October"
"9457","authorized","1","ACC-3485804958","138.52","-35.01","SALES-POS","c164d8f2-c4bf-45c4-bfab-123a83c02d18","Jessica",28447.11,2018-10-12 07:00:00,"F",34,"Goulburn","NSW",19.55,"ddbfa8348bfe41859f26d64f11d0d7e6","CUS-1196156254","149.69","-34.77","debit","Fri","11:11:15","11","October"
"9458","authorized","1","ACC-2153562714","116.00","-31.88","POS","8add4403-9c52-4509-b28c-4ed727c3e417","Linda",6615.36,2018-10-12 07:00:00,"F",24,"Hamilton Hill","WA",9.95,"2d3a41aca88f40bd8e638caeb6a88e91","CUS-423725039","115.78","-32.08","debit","Fri","11:19:39","11","October"
"9459","authorized","0","ACC-1608363396","151.22","-33.87","POS","c1b6555e-3e0d-4c1f-9ae7-587ec86b68ba","Robert",8792.02,2018-10-12 07:00:00,"M",20,"Woollahra","NSW",11.71,"966866faeaff44ff9023683d2994b2ce","CUS-2688605418","151.25","-33.89","debit","Fri","11:28:04","11","October"
"9460","authorized","1","ACC-2305712452","138.61","-34.89","POS","a0425cc0-94f4-438f-ae14-cfe12422e792","Debra",5966.91,2018-10-12 07:00:00,"F",18,"West Beach","SA",9.77,"649f2d6f6b0241b9a15c8d7e7c119b1d","CUS-1842679196","138.51","-34.94","debit","Fri","11:36:28","11","October"
"9461","authorized","1","ACC-1243371644","150.90","-33.78","POS","73aef12d-d585-45cc-aca1-9e2e55337972","Gregory",5278.09,2018-10-12 07:00:00,"M",42,"Sydney","NSW",203.03,"376506424fcd47d19ff1c282fded08dd","CUS-3904958894","151.21","-33.87","debit","Fri","11:44:52","11","October"
"9462","authorized","1","ACC-2673069055","152.99","-27.49","SALES-POS","a29bb976-b297-4ddd-9f2c-2283fa4a4e3c","Richard",15475.78,2018-10-12 07:00:00,"M",24,"Gatton","QLD",10.96,"3e474136d4b54340a494e0500db40278","CUS-51506836","152.28","-27.56","debit","Fri","11:53:16","11","October"
"9463","posted",NA,"ACC-3485804958","138.52","-35.01","PAYMENT",NA,"Jessica",28431.11,2018-10-12 07:00:00,"F",34,NA,NA,16,"e59422458a814ebfa4b2afd96bc93497","CUS-1196156254",NA,NA,"debit","Fri","12:00:00","12","October"
"9464","posted",NA,"ACC-3689607373","115.79","-31.79","PAY/SALARY",NA,"Virginia",7716.77,2018-10-12 07:00:00,"F",20,NA,NA,1138.79,"a4fe589fadc7435db8c7bc03075b51f4","CUS-127297539",NA,NA,"credit","Fri","12:00:00","12","October"
"9465","posted",NA,"ACC-414431115","142.77","-37.06","INTER BANK",NA,"Amy",5858.88,2018-10-12 07:00:00,"F",43,NA,NA,179,"a41479109c3942fc98d317d2403244c3","CUS-2599279756",NA,NA,"debit","Fri","12:00:00","12","October"
"9466","posted",NA,"ACC-2890243754","153.32","-27.93","PAY/SALARY",NA,"Joseph",1911.03,2018-10-12 07:00:00,"M",37,NA,NA,917.45,"1cdbc7ae2de143f2bebefdb0b9b81e21","CUS-2695611575",NA,NA,"credit","Fri","12:00:00","12","October"
"9467","authorized","0","ACC-1799207998","150.68","-33.79","SALES-POS","a89d30ae-50f2-4ea9-b0a0-90ebd5bdc2bb","Susan",9122.27,2018-10-12 07:00:00,"F",20,"Erskine Park","NSW",25.91,"41d043c1b53049daa3360bf600e4ccc0","CUS-164374203","150.8","-33.81","debit","Fri","12:03:42","12","October"
"9468","authorized","1","ACC-559365433","147.31","-42.88","SALES-POS","8caa374e-b525-4314-82e2-b8a4d8828490","Mary",3740.68,2018-10-12 07:00:00,"F",64,"Carlton North","VIC",36.89,"2d389a851aca4bed8789375f941e4af3","CUS-1654129794","144.98","-37.78","debit","Fri","12:22:13","12","October"
"9469","authorized","1","ACC-1710017148","150.82","-34.01","POS","b0901e60-7922-4b56-ac83-0eb765364375","Michelle",13793.05,2018-10-12 07:00:00,"F",19,"Woollahra","NSW",11.71,"36ddfb25c42d4e0099aad9c06675abe9","CUS-883482547","151.24","-33.89","debit","Fri","12:40:44","12","October"
"9470","authorized","1","ACC-1710017148","150.82","-34.01","SALES-POS","3863eaa9-4a57-4a5d-b118-238c328524ee","Michelle",13781.22,2018-10-12 07:00:00,"F",19,"Busselton","WA",11.83,"6b1ca02f28a74c0483066cd799a9dbfe","CUS-883482547","115.34","-33.65","debit","Fri","12:59:15","12","October"
"9471","posted",NA,"ACC-1788473090","145.06","-37.95","PAY/SALARY",NA,"Rachael",9926.89,2018-10-12 07:00:00,"F",21,NA,NA,2023.68,"f1a1ffd9c8724371852ed3545818141b","CUS-134193016",NA,NA,"credit","Fri","13:00:00","13","October"
"9472","posted",NA,"ACC-1199531521","116.02","-31.87","PAY/SALARY",NA,"Billy",17697.63,2018-10-12 07:00:00,"M",52,NA,NA,3785.78,"673eca6c8c144949b63295890727ff4d","CUS-134833760",NA,NA,"credit","Fri","13:00:00","13","October"
"9473","posted",NA,"ACC-559365433","147.31","-42.88","PAY/SALARY",NA,"Mary",4316.68,2018-10-12 07:00:00,"F",64,NA,NA,576,"638b943bbc2341bfaac2a7c331b7d3ae","CUS-1654129794",NA,NA,"credit","Fri","13:00:00","13","October"
"9474","posted",NA,"ACC-3481401842","115.74","-31.72","PAY/SALARY",NA,"Tiffany",7668.99,2018-10-12 07:00:00,"F",25,NA,NA,1225.33,"dceafdf4f31147d09c8aceefb6c3a082","CUS-1669695324",NA,NA,"credit","Fri","13:00:00","13","October"
"9475","posted",NA,"ACC-2528867619","138.58","-34.96","PAY/SALARY",NA,"Abigail",17999.41,2018-10-12 07:00:00,"F",40,NA,NA,1946.57,"b75f0ae79bf14d728db68c23bb13ecb5","CUS-2505971401",NA,NA,"credit","Fri","13:00:00","13","October"
"9476","posted",NA,"ACC-1516130869","130.84","-12.45","PAYMENT",NA,"Jessica",4781.9,2018-10-12 07:00:00,"F",21,NA,NA,29,"8a6934958b2d4fe48c27fa7b1b06a762","CUS-325142416",NA,NA,"debit","Fri","13:00:00","13","October"
"9477","authorized","0","ACC-3827517394","151.12","-33.89","SALES-POS","21603b4d-9cda-4f32-9447-29155866c545","Craig",44651.58,2018-10-12 07:00:00,"M",28,"Mona Vale","NSW",32.02,"23a5d2d167724716b8098d0b98ae5e0f","CUS-2663907001","151.3","-33.68","debit","Fri","13:18:06","13","October"
"9478","authorized","0","ACC-1217063613","147.61","-37.82","POS","c585ab9b-68e1-41e0-8033-1caf773e748f","Kimberly",4555.25,2018-10-12 07:00:00,"F",27,"Oakleigh","VIC",16.74,"7a017134204b48d1a2a0b6bcd8e56c1e","CUS-1739931018","145.09","-37.9","debit","Fri","13:36:58","13","October"
"9479","authorized","1","ACC-80388494","144.97","-37.42","SALES-POS","ca5ef04b-b754-4355-b724-f05037979c6b","Dustin",7427.17,2018-10-12 07:00:00,"M",28,"Carlton","VIC",9.77,"1fc62a6269444c9bb954dd73d87b4dc6","CUS-1140341822","144.96","-37.8","debit","Fri","13:55:50","13","October"
"9480","posted",NA,"ACC-1344825761","151.09","-33.91","PAYMENT",NA,"Sarah",22666.41,2018-10-12 07:00:00,"F",46,NA,NA,22,"ba5455dee5b74aef8f41944d6eace1aa","CUS-1499065773",NA,NA,"debit","Fri","14:00:00","14","October"
"9481","posted",NA,"ACC-1523339231","115.83","-31.90","PAYMENT",NA,"Tim",68304.33,2018-10-12 07:00:00,"M",40,NA,NA,40,"a204851273da4078a30bdd1c707c8d4d","CUS-1816693151",NA,NA,"debit","Fri","14:00:00","14","October"
"9482","posted",NA,"ACC-2674800293","144.96","-37.69","PAY/SALARY",NA,"Elizabeth",29795.19,2018-10-12 07:00:00,"F",50,NA,NA,1436.98,"ec6752fc867947bb81c32ab42f77f789","CUS-2977593493",NA,NA,"credit","Fri","14:00:00","14","October"
"9483","authorized","1","ACC-1608363396","151.22","-33.87","POS","feaf928b-e0ae-43df-ac8f-e8d1daa7256b","Robert",8772.45,2018-10-12 07:00:00,"M",20,"South Hurstville","NSW",19.57,"0bc507ea527642abb52c82cedc3d76ce","CUS-2688605418","151.11","-33.98","debit","Fri","14:07:25","14","October"
"9484","authorized","1","ACC-1443681913","150.92","-33.77","POS","75af9468-b3e2-4959-b35b-9ea9845d92c6","Ryan",5449.46,2018-10-12 07:00:00,"M",31,"St Leonards","NSW",6.37,"3e989469207b4990a2c784f22d01c094","CUS-3129499595","151.19","-33.82","debit","Fri","14:16:57","14","October"
"9485","authorized","1","ACC-559365433","147.31","-42.88","SALES-POS","74a69984-b77e-4702-b1e8-bb6124aff460","Mary",4123.44,2018-10-12 07:00:00,"F",64,"Wagga Wagga","NSW",193.24,"c49729ae652e4228961888731c7f0191","CUS-1654129794","147.35","-35.12","debit","Fri","14:26:28","14","October"
"9486","authorized","1","ACC-2890243754","153.32","-27.93","POS","65e6ea12-42c5-45e0-bf37-3d1448bea1a4","Joseph",1881.96,2018-10-12 07:00:00,"M",37,"Burleigh Heads","QLD",29.07,"57e060a5885a45ea96dd3c1522036b10","CUS-2695611575","153.45","-28.09","debit","Fri","14:35:59","14","October"
"9487","authorized","1","ACC-3021093232","149.83","-29.47","SALES-POS","e155d0b7-5ba5-463b-b844-84759027eea6","Melissa",9902.12,2018-10-12 07:00:00,"F",30,"Glen Waverley","VIC",741.51,"1ce633669fc540f7906c528f47851d58","CUS-55310383","145.17","-37.89","debit","Fri","14:45:31","14","October"
"9488","authorized","1","ACC-2890243754","153.32","-27.93","POS","4ebc232a-cd11-42f7-88c5-3ac36610bcdc","Joseph",1875.75,2018-10-12 07:00:00,"M",37,"Saint George","QLD",6.21,"c307d5b95c024aa4ac33e4658f18fa12","CUS-2695611575","148.59","-28.04","debit","Fri","14:55:02","14","October"
"9489","posted",NA,"ACC-354106658","151.04","-33.80","PAYMENT",NA,"Christine",13992.53,2018-10-12 07:00:00,"F",39,NA,NA,109,"e4425d6a9494418ca7e1f187bd164716","CUS-2376382098",NA,NA,"debit","Fri","15:00:00","15","October"
"9490","posted",NA,"ACC-182446574","116.06","-32.00","PAY/SALARY",NA,"Tonya",9707.53,2018-10-12 07:00:00,"F",27,NA,NA,2840.15,"a11774ec3da64cff9c2379d8b83bb17e","CUS-3026014945",NA,NA,"credit","Fri","15:00:00","15","October"
"9491","authorized","0","ACC-1598451071","153.41","-27.95","SALES-POS","b0b80e1c-896a-44ab-aa56-6969c36ebb7d","Diana",1822.15,2018-10-12 07:00:00,"F",26,"Brisbane City","QLD",33.36,"e3d70230e903486ca16e106090eabe05","CUS-2487424745","153.02","-27.47","debit","Fri","15:04:50","15","October"
"9492","authorized","1","ACC-559365433","147.31","-42.88","POS","d7b8f51e-1832-4609-8d34-3e2de4445823","Mary",4099.49,2018-10-12 07:00:00,"F",64,"Wagga Wagga","NSW",23.95,"16536dc772a2428ea3081a1a717f74ef","CUS-1654129794","147.36","-35.12","debit","Fri","15:14:56","15","October"
"9493","authorized","1","ACC-3485804958","138.52","-35.01","SALES-POS","0686236f-a990-4dc3-8667-f717542465e1","Jessica",28394.6,2018-10-12 07:00:00,"F",34,"West Beach","SA",36.51,"7a9164b31f1c45b9ab7e74a838ac1950","CUS-1196156254","138.52","-34.95","debit","Fri","15:25:03","15","October"
"9494","authorized","1","ACC-1608363396","151.22","-33.87","POS","85d18c6c-df5a-4319-899a-3f498f14afff","Robert",8746.87,2018-10-12 07:00:00,"M",20,"Hurstville","NSW",25.58,"afee8938261d478694ffa3cfcff5b8c7","CUS-2688605418","151.11","-33.97","debit","Fri","15:35:09","15","October"
"9495","authorized","0","ACC-1037050564","153.10","-27.66","SALES-POS","44ecedc4-5754-41ce-8eae-a1c933b64186","Rhonda",4342.58,2018-10-12 07:00:00,"F",40,"Kearneys Spring","QLD",19.29,"41952154dd02494588a76b502fd38ef7","CUS-1614226872","151.95","-27.59","debit","Fri","15:45:15","15","October"
"9496","authorized","1","ACC-3485804958","138.52","-35.01","SALES-POS","834d0c36-2c53-4706-a864-db338ddcc31a","Jessica",28381.23,2018-10-12 07:00:00,"F",34,"Narrabundah","ACT",13.37,"541f60d53ad24b26b1c8f2158b07f3bd","CUS-1196156254","149.15","-35.34","debit","Fri","15:55:21","15","October"
"9497","posted",NA,"ACC-3741880913","150.50","-23.40","PAY/SALARY",NA,"Ashley",12061,2018-10-12 07:00:00,"F",25,NA,NA,2282.36,"f5d60ffc7db34721868c1df131dc9297","CUS-1220154422",NA,NA,"credit","Fri","16:00:00","16","October"
"9498","posted",NA,"ACC-602667573","151.23","-33.96","PAYMENT",NA,"Michael",18319.44,2018-10-12 07:00:00,"M",40,NA,NA,41,"4a40398f68dd48908e9f3ccb68b48de1","CUS-2031327464",NA,NA,"debit","Fri","16:00:00","16","October"
"9499","posted",NA,"ACC-602667573","151.23","-33.96","PAYMENT",NA,"Michael",18234.44,2018-10-12 07:00:00,"M",40,NA,NA,85,"db9ba7dfd2054b1b88ab2612f9a84e19","CUS-2031327464",NA,NA,"debit","Fri","16:00:00","16","October"
"9500","posted",NA,"ACC-964839203","146.92","-36.07","PAY/SALARY",NA,"Michael",40313.82,2018-10-12 07:00:00,"M",21,NA,NA,1560.2,"713a5a74c4824397b691e78d168917f4","CUS-2059096722",NA,NA,"credit","Fri","16:00:00","16","October"
"9501","posted",NA,"ACC-2014856841","144.99","-37.90","PAYMENT",NA,"Patrick",266164.07,2018-10-12 07:00:00,"M",46,NA,NA,190,"c3d2087d0eb244bca6ed3c873d2d8daf","CUS-2370108457",NA,NA,"debit","Fri","16:00:00","16","October"
"9502","posted",NA,"ACC-3827517394","151.12","-33.89","PAYMENT",NA,"Craig",44608.58,2018-10-12 07:00:00,"M",28,NA,NA,43,"866157feb7914d39844b05a0d6ce228e","CUS-2663907001",NA,NA,"debit","Fri","16:00:00","16","October"
"9503","posted",NA,"ACC-2153562714","116.00","-31.88","PAYMENT",NA,"Linda",6588.36,2018-10-12 07:00:00,"F",24,NA,NA,27,"452f59664e444ef59a3eee5a7f70cd2a","CUS-423725039",NA,NA,"debit","Fri","16:00:00","16","October"
"9504","authorized","0","ACC-1710017148","150.82","-34.01","POS","c799c273-ce9b-4406-a55e-4b3279fbf2b9","Michelle",13768.65,2018-10-12 07:00:00,"F",19,"Leichhardt","NSW",12.57,"5b2d1c0fef1d4a489c05468d60d747e2","CUS-883482547","151.16","-33.89","debit","Fri","16:08:42","16","October"
"9505","authorized","0","ACC-154431271","153.09","-27.48","SALES-POS","01ff63de-c6a9-4cc2-8f54-4e65912b2d2d","Lori",2167.35,2018-10-12 07:00:00,"F",18,"Gatton","QLD",22.76,"c7c2fb02a83a488ca522c35671fff4dd","CUS-3702001629","152.28","-27.56","debit","Fri","16:24:50","16","October"
"9506","authorized","0","ACC-2674800293","144.96","-37.69","POS","176e7769-03e0-4dc5-bec2-b62fd2b2a3d3","Elizabeth",29763.74,2018-10-12 07:00:00,"F",50,"Doncaster","VIC",31.45,"341c79aaab00496da8e3b01072cd88e1","CUS-2977593493","145.13","-37.79","debit","Fri","16:40:58","16","October"
"9507","authorized","0","ACC-80388494","144.97","-37.42","SALES-POS","2089536e-ac22-4557-9e32-11d7fe1af2ee","Dustin",7411.88,2018-10-12 07:00:00,"M",28,"Melbourne","VIC",15.29,"1aea43affe8048edad275788f310c835","CUS-1140341822","144.96","-37.81","debit","Fri","16:57:05","16","October"
"9508","posted",NA,"ACC-2901672282","255.00","-573.00","PAY/SALARY",NA,"Daniel",11817.46,2018-10-12 07:00:00,"M",22,NA,NA,3328.77,"b3c10e0554f04876b4830d46a45bd62e","CUS-1617121891",NA,NA,"credit","Fri","17:00:00","17","October"
"9509","posted",NA,"ACC-3317636250","153.02","-27.66","PAY/SALARY",NA,"Kenneth",16676.21,2018-10-12 07:00:00,"M",35,NA,NA,2544.76,"6ab73e205b6a44a2a8ace5b339f3d955","CUS-2738291516",NA,NA,"credit","Fri","17:00:00","17","October"
"9510","posted",NA,"ACC-966140392","147.08","-37.97","PAY/SALARY",NA,"Joseph",10156.85,2018-10-12 07:00:00,"M",21,NA,NA,2572.91,"b4ab76590c4846dda3eab005b49c93e3","CUS-537508723",NA,NA,"credit","Fri","17:00:00","17","October"
"9511","authorized","1","ACC-1598451071","153.41","-27.95","POS","6bbcd84f-2bd6-466b-9084-d0998fe887b2","Diana",1724.71,2018-10-12 07:00:00,"F",26,"Collingwood","VIC",97.44,"bacc0e66fe3341d6a67cf5528f72e196","CUS-2487424745","144.99","-37.8","debit","Fri","17:09:32","17","October"
"9512","authorized","0","ACC-1598451071","153.41","-27.95","SALES-POS","91cbf9f4-9bfe-4c13-9cb7-2e0615da4936","Diana",1720.29,2018-10-12 07:00:00,"F",26,"Milton","QLD",4.42,"4d13f649628848bd8be3c361b6f626df","CUS-2487424745","153","-27.47","debit","Fri","17:21:09","17","October"
"9513","authorized","1","ACC-3689607373","115.79","-31.79","SALES-POS","fbb901d4-6d0d-4b7a-9b4e-82cd9ec119d5","Virginia",7651.95,2018-10-12 07:00:00,"F",20,"Mirrabooka","WA",64.82,"7fba56d69f104dcfa367c2dc277dc39c","CUS-127297539","115.86","-31.87","debit","Fri","17:32:47","17","October"
"9514","authorized","0","ACC-2897221629","150.90","-34.37","SALES-POS","2e3869ab-998a-449d-80b1-f2734088b068","Scott",6965.77,2018-10-12 07:00:00,"M",23,"Emerton","NSW",14.66,"0b9ce6e29e0e47ba8fd9aa2be02003ce","CUS-511326734","150.81","-33.74","debit","Fri","17:44:25","17","October"
"9515","authorized","1","ACC-2305712452","138.61","-34.89","SALES-POS","5381634d-265b-49f6-8725-64d5477b21e1","Debra",5958.48,2018-10-12 07:00:00,"F",18,"North Adelaide","SA",8.43,"f5f25382bb4647fda4134cd9f5133a9e","CUS-1842679196","138.6","-34.91","debit","Fri","17:56:02","17","October"
"9516","posted",NA,"ACC-1788473090","145.06","-37.95","INTER BANK",NA,"Rachael",9893.89,2018-10-12 07:00:00,"F",21,NA,NA,33,"ffa8983324d141bda4b3e5c7184ba816","CUS-134193016",NA,NA,"debit","Fri","18:00:00","18","October"
"9517","posted",NA,"ACC-3541460373","145.00","-37.83","PAYMENT",NA,"Jeffrey",4568.05,2018-10-12 07:00:00,"M",24,NA,NA,53,"a4c47409575c4850b9dd07fa5ce340d3","CUS-1433879684",NA,NA,"debit","Fri","18:00:00","18","October"
"9518","posted",NA,"ACC-3481401842","115.74","-31.72","INTER BANK",NA,"Tiffany",7544.99,2018-10-12 07:00:00,"F",25,NA,NA,124,"221ed8df974f41f0a7b11489f69b01e8","CUS-1669695324",NA,NA,"debit","Fri","18:00:00","18","October"
"9519","posted",NA,"ACC-1652235822","144.89","-37.81","PAYMENT",NA,"Renee",21348.89,2018-10-12 07:00:00,"F",38,NA,NA,66,"3229a71fa1d84b0480303c5dc7719f03","CUS-2206365095",NA,NA,"debit","Fri","18:00:00","18","October"
"9520","authorized","0","ACC-1608363396","151.22","-33.87","POS","4ba2eae7-2e63-44ae-b63f-88b7c2a520c8","Robert",8730.7,2018-10-12 07:00:00,"M",20,"Rydalmere","NSW",16.17,"297ba142bdda4e5db3fe9d28fe5798b8","CUS-2688605418","151.04","-33.81","debit","Fri","18:14:59","18","October"
"9521","authorized","1","ACC-2674800293","144.96","-37.69","SALES-POS","8b382536-a7ee-4260-933b-8a32348b7eab","Elizabeth",29748.07,2018-10-12 07:00:00,"F",50,"Wheelers Hill","VIC",15.67,"a6a74bd707244cf4ab2e351067865ee4","CUS-2977593493","145.19","-37.91","debit","Fri","18:37:43","18","October"
"9522","posted",NA,"ACC-3485804958","138.52","-35.01","PAYMENT",NA,"Jessica",28318.23,2018-10-12 07:00:00,"F",34,NA,NA,63,"65cf813f53554b6e9cff1573792d48fc","CUS-1196156254",NA,NA,"debit","Fri","19:00:00","19","October"
"9523","posted",NA,"ACC-3689607373","115.79","-31.79","INTER BANK",NA,"Virginia",7596.95,2018-10-12 07:00:00,"F",20,NA,NA,55,"4a9d4c63fb0a47328ab6db320cffd7cb","CUS-127297539",NA,NA,"debit","Fri","19:00:00","19","October"
"9524","posted",NA,"ACC-2171593283","146.94","-36.04","PAYMENT",NA,"Fernando",15278.34,2018-10-12 07:00:00,"M",19,NA,NA,40,"da0272ba6c4c443181eaaef1dabca551","CUS-2317998716",NA,NA,"debit","Fri","19:00:00","19","October"
"9525","posted",NA,"ACC-1438600314","138.69","-34.84","PAYMENT",NA,"Maria",4793.69,2018-10-12 07:00:00,"F",35,NA,NA,45,"d2508e55879b40729d4d1a4bb2094807","CUS-2650223890",NA,NA,"debit","Fri","19:00:00","19","October"
"9526","posted",NA,"ACC-2776252858","144.95","-37.76","PAYMENT",NA,"Kristin",7777.23,2018-10-12 07:00:00,"F",43,NA,NA,178,"e4633a539e684d3eb278f1529b9702a7","CUS-4123612273",NA,NA,"debit","Fri","19:00:00","19","October"
"9527","authorized","1","ACC-80388494","144.97","-37.42","POS","1ce1a016-b4fb-417d-b51f-b7e15466e331","Dustin",7316.02,2018-10-12 07:00:00,"M",28,"Narre Warren South","VIC",95.86,"fb137d1cb85549918b1cadc32de2740d","CUS-1140341822","145.3","-38.03","debit","Fri","19:00:12","19","October"
"9528","authorized","1","ACC-2890243754","153.32","-27.93","SALES-POS","e66d5666-5938-4a6e-a0f4-1e86409c47a4","Joseph",1862.34,2018-10-12 07:00:00,"M",37,"Burleigh Heads","QLD",13.41,"0eae0ae97e79413b86abe1b39dce7783","CUS-2695611575","153.45","-28.09","debit","Fri","19:10:58","19","October"
"9529","authorized","1","ACC-1516130869","130.84","-12.45","POS","cb021e50-fc33-4d52-9d1c-e17b5c7b277b","Jessica",4752.26,2018-10-12 07:00:00,"F",21,"Darwin","NT",29.64,"143e5c48256b47e4bc2cb9af216eed6c","CUS-325142416","130.84","-12.46","debit","Fri","19:21:43","19","October"
"9530","authorized","1","ACC-559365433","147.31","-42.88","POS","42ade571-5972-4160-9ecb-e0162a305fee","Mary",4009.6,2018-10-12 07:00:00,"F",64,"Belrose","NSW",89.89,"50503dfe120d4713b3866b5a79721a40","CUS-1654129794","151.21","-33.7","debit","Fri","19:32:28","19","October"
"9531","authorized","0","ACC-2528867619","138.58","-34.96","POS","52d79237-141f-417d-a248-23e96427643a","Abigail",17980.01,2018-10-12 07:00:00,"F",40,"Parafield Gardens","SA",19.4,"3e46e999f00b46f3a150438b4bc0f8b0","CUS-2505971401","138.62","-34.79","debit","Fri","19:43:13","19","October"
"9532","authorized","1","ACC-1424176027","151.08","-33.93","SALES-POS","1a597f73-2485-40b0-98fa-6cfccf294adb","Donald",8256.94,2018-10-12 07:00:00,"M",22,"Dover Heights","NSW",4.49,"bd54909b34994e05af0615b704455d02","CUS-3431016847","151.28","-33.88","debit","Fri","19:53:58","19","October"
"9533","posted",NA,"ACC-37709441","153.41","-28.01","PAYMENT",NA,"Charles",16711.54,2018-10-12 07:00:00,"M",18,NA,NA,27,"a84ffbb9908d46c5839528e2f34666fb","CUS-3336454548",NA,NA,"debit","Fri","20:00:00","20","October"
"9534","authorized","1","ACC-2265520058","151.27","-33.85","POS","ddef268d-2cc6-4103-a09c-d69822a4bb53","Catherine",6146,2018-10-12 07:00:00,"F",26,"Sydney","NSW",85.65,"ff2d68b46e6b41ad9d7e92cde00f2cf2","CUS-331942311","151.2","-33.87","debit","Fri","20:06:01","20","October"
"9535","authorized","1","ACC-53508546","150.62","-33.76","POS","99b83958-65d2-4d5a-8895-e99a38d43dc3","Kimberly",5878.47,2018-10-12 07:00:00,"F",35,"Mount Druitt","NSW",17.78,"50bb27d59967429fa35f8fa9aa197a7f","CUS-72755508","150.82","-33.77","debit","Fri","20:19:43","20","October"
"9536","authorized","0","ACC-1608363396","151.22","-33.87","SALES-POS","f3b4bd0d-e7c0-4f4f-b826-e32a1b92ee61","Robert",8677.44,2018-10-12 07:00:00,"M",20,"Macquarie Fields","NSW",53.26,"c4cc2347b8e749bb8e776080cdb478c6","CUS-2688605418","150.89","-33.99","debit","Fri","20:33:25","20","October"
"9537","authorized","1","ACC-3741880913","150.50","-23.40","POS","fe89d1fa-f803-47e8-aa9b-ec996ce2593e","Ashley",11975.79,2018-10-12 07:00:00,"F",25,"Braemar","NSW",85.21,"df14ed901e7e42faac7b2aa178f8d464","CUS-1220154422","150.49","-34.43","debit","Fri","20:47:07","20","October"
"9538","posted",NA,"ACC-3689607373","115.79","-31.79","PAYMENT",NA,"Virginia",7527.95,2018-10-12 07:00:00,"F",20,NA,NA,69,"b256ed2c3fdf4074b134c51529c26201","CUS-127297539",NA,NA,"debit","Fri","21:00:00","21","October"
"9539","posted",NA,"ACC-721712940","145.09","-37.82","PAYMENT",NA,"Andrew",57305.32,2018-10-12 07:00:00,"M",78,NA,NA,38,"3f7fb98294414457b4bfa84f622bc5c2","CUS-1646183815",NA,NA,"debit","Fri","21:00:00","21","October"
"9540","posted",NA,"ACC-2681137560","151.11","-33.99","PAYMENT",NA,"Nathaniel",11251.39,2018-10-12 07:00:00,"M",31,NA,NA,29,"13311aca1a2e40f3a3110c86e87f3f8a","CUS-2083971310",NA,NA,"debit","Fri","21:00:00","21","October"
"9541","posted",NA,"ACC-2171593283","146.94","-36.04","PAYMENT",NA,"Fernando",15228.34,2018-10-12 07:00:00,"M",19,NA,NA,50,"7508f2ba4af6445dbbb1930d10d3a311","CUS-2317998716",NA,NA,"debit","Fri","21:00:00","21","October"
"9542","posted",NA,"ACC-1903037542","153.05","-27.61","PAYMENT",NA,"Jeffrey",5671.13,2018-10-12 07:00:00,"M",30,NA,NA,23,"4d177efefe2d4168a29fd5b8041b9da8","CUS-860700529",NA,NA,"debit","Fri","21:00:00","21","October"
"9543","authorized","1","ACC-2988263882","145.18","-37.90","SALES-POS","2d3f9099-eb95-48d7-8e34-ef4c4f1e492b","Michael",6861.7,2018-10-12 07:00:00,"M",44,"Cremorne","VIC",68.54,"d46093eaa10e4df98e37c27aeb81203e","CUS-1233833708","144.99","-37.83","debit","Fri","21:00:25","21","October"
"9544","authorized","1","ACC-2890243754","153.32","-27.93","POS","41179464-a548-45e4-b684-71de31becfd6","Joseph",1848.36,2018-10-12 07:00:00,"M",37,"Burleigh Heads","QLD",13.98,"d7a337cf41b841b1b2267945f74692d2","CUS-2695611575","153.44","-28.1","debit","Fri","21:07:37","21","October"
"9545","authorized","1","ACC-1710017148","150.82","-34.01","SALES-POS","c8c5a63c-993b-4f10-9905-efc03c2be02c","Michelle",13751,2018-10-12 07:00:00,"F",19,"Balwyn North","VIC",17.65,"862c216278c54d03b322809065bd9e89","CUS-883482547","145.07","-37.79","debit","Fri","21:14:49","21","October"
"9546","authorized","0","ACC-4258502723","145.45","-37.74","SALES-POS","f66d88b2-a9de-4413-85d2-57b960504668","Kimberly",5103.74,2018-10-12 07:00:00,"F",24,"Pascoe Vale South","VIC",18.75,"ced1ba5b22f942b0af53da2200b14c16","CUS-3378712515","144.94","-37.75","debit","Fri","21:22:00","21","October"
"9547","authorized","1","ACC-1598451071","153.41","-27.95","SALES-POS","cf2ac034-f61a-4c17-9312-09d5c68fecb3","Diana",1712.88,2018-10-12 07:00:00,"F",26,"Southport","QLD",7.41,"63ca4b2f8838453bb41e108f348b805b","CUS-2487424745","153.42","-27.97","debit","Fri","21:29:12","21","October"
"9548","authorized","1","ACC-3485804958","138.52","-35.01","POS","22d331b1-9ed2-4b15-adc2-97000f6143e5","Jessica",28288.97,2018-10-12 07:00:00,"F",34,"Mannum","SA",29.26,"71c0124865414c37ad1f2cf276648fcf","CUS-1196156254","139.3","-34.91","debit","Fri","21:36:24","21","October"
"9549","authorized","1","ACC-1217063613","147.61","-37.82","SALES-POS","5a214e57-7e9b-4ec0-942c-fb2d891eb607","Kimberly",4548.19,2018-10-12 07:00:00,"F",27,"Maribyrnong","VIC",7.06,"3944fc8bbb5e4272a21a0a6547656ef3","CUS-1739931018","144.89","-37.77","debit","Fri","21:43:35","21","October"
"9550","authorized","1","ACC-1598451071","153.41","-27.95","SALES-POS","f3c386d7-c74f-4eb5-ad11-71607fcdbb71","Diana",1692.25,2018-10-12 07:00:00,"F",26,"Sydney","NSW",20.63,"a4353a9f843649648c8f67f087ddb956","CUS-2487424745","151.21","-33.87","debit","Fri","21:50:47","21","October"
"9551","authorized","1","ACC-2681137560","151.11","-33.99","SALES-POS","165ae310-aa9e-43b6-b875-f996db6586bd","Nathaniel",11280.39,2018-10-12 07:00:00,"M",31,"Brisbane City","QLD",34.41,"54f77d872d1a4c7bac131cd20587c90a","CUS-2083971310","153.03","-27.47","debit","Fri","21:57:59","21","October"
"9552","authorized","1","ACC-1598451071","153.41","-27.95","POS","f3c386d7-c74f-4eb5-ad11-71607fcdbb71","Diana",1670.9,2018-10-12 07:00:00,"F",26,"Sydney","NSW",21.35,"ccd32985a8a24cf68172184191edd759","CUS-2487424745","151.21","-33.87","debit","Fri","22:14:41","22","October"
"9553","authorized","1","ACC-1037050564","153.10","-27.66","POS","0bde4a33-7719-4033-8965-afa54b09e4d0","Rhonda",4317.2,2018-10-12 07:00:00,"F",40,"Logan Village","QLD",25.38,"f03d58b9159048f7a87ba4355a9ea75b","CUS-1614226872","153.11","-27.77","debit","Fri","22:35:06","22","October"
"9554","authorized","1","ACC-4258502723","145.45","-37.74","SALES-POS","64d7ed6b-30c0-4da8-befb-c4e26aaa29a0","Kimberly",5079.8,2018-10-12 07:00:00,"F",24,"Stafford Heights","QLD",23.94,"3fa8821edc974a379a658aa47c5975cc","CUS-3378712515","153.01","-27.4","debit","Fri","22:55:30","22","October"
"9555","posted",NA,"ACC-3541460373","145.00","-37.83","PAYMENT",NA,"Jeffrey",4527.05,2018-10-12 07:00:00,"M",24,NA,NA,41,"39dc22cd31b14ec2af1bf39e59551096","CUS-1433879684",NA,NA,"debit","Fri","23:00:00","23","October"
"9556","authorized","1","ACC-1598451071","153.41","-27.95","SALES-POS","d114f678-d67d-48b2-ad90-3652b6f9abb1","Diana",1596.98,2018-10-12 07:00:00,"F",26,"Biggera Waters","QLD",73.92,"22082d99985643479a9f9dd1e02b0313","CUS-2487424745","153.41","-27.93","debit","Fri","23:15:35","23","October"
"9557","authorized","1","ACC-2265520058","151.27","-33.85","POS","c1468f3e-98a2-4758-bb44-c537d180b3ce","Catherine",6070.61,2018-10-12 07:00:00,"F",26,"Frenchs Forest","NSW",75.39,"ec0a64a60e01442ab4704e620d882325","CUS-331942311","151.22","-33.75","debit","Fri","23:35:35","23","October"
"9558","authorized","1","ACC-1608363396","151.22","-33.87","SALES-POS","e584a39f-cb3b-4fee-9339-77e0c3891804","Robert",8665.7,2018-10-12 07:00:00,"M",20,"Hoxton Park","NSW",11.74,"67d058e5ee8b43c39c8fa17b55eb9518","CUS-2688605418","150.85","-33.92","debit","Fri","23:55:35","23","October"
"9559","authorized","1","ACC-1608363396","151.22","-33.87","POS","611783f0-977f-45d3-a38e-2d8640ff3491","Robert",8653.68,2018-10-13 07:00:00,"M",20,"New Town","SA",12.02,"c9a22ba287a348c6a2cc2201fcb5b99c","CUS-2688605418","137.69","-33.96","debit","Sat","00:38:59","00","October"
"9560","authorized","1","ACC-3485804958","138.52","-35.01","POS","d27e703a-643d-4198-beb5-20e3a78b8fe9","Jessica",28271.89,2018-10-13 07:00:00,"F",34,"Fullarton","SA",17.08,"d806f96b3408404bb319a8ce253c06ae","CUS-1196156254","138.63","-34.96","debit","Sat","01:14:08","01","October"
"9561","authorized","0","ACC-3100725361","145.73","-17.03","POS","9ffd3b45-7307-455d-a4a2-b9a3052f4b4e","Ronald",5143.38,2018-10-13 07:00:00,"M",25,"Artarmon","NSW",39.75,"b9737e8f6e20427199bb343635f4d8a2","CUS-2178051368","151.19","-33.81","debit","Sat","01:38:32","01","October"
"9562","posted",NA,"ACC-3481401842","115.74","-31.72","PAYMENT",NA,"Tiffany",7518.99,2018-10-13 07:00:00,"F",25,NA,NA,26,"93b7f8f1914244c6b6391fbbcc5d21df","CUS-1669695324",NA,NA,"debit","Sat","02:00:00","02","October"
"9563","posted",NA,"ACC-3771436525","145.04","-37.92","PAYMENT",NA,"Derek",5813.11,2018-10-13 07:00:00,"M",20,NA,NA,168,"c14de83bb5894ecdaf2d5a737a6817a7","CUS-3325710106",NA,NA,"debit","Sat","02:00:00","02","October"
"9564","authorized","1","ACC-1598451071","153.41","-27.95","SALES-POS","bb114176-22b5-4fc2-b6cb-3878142c3e20","Diana",1578.42,2018-10-13 07:00:00,"F",26,"Moonie","QLD",18.56,"52e0f8c2bf1b4c2497d7519e76318403","CUS-2487424745","150.25","-27.76","debit","Sat","02:03:52","02","October"
"9565","authorized","0","ACC-2681137560","151.11","-33.99","SALES-POS","f67d0426-a4c2-4605-9746-97aeaf78ce49","Nathaniel",11231.72,2018-10-13 07:00:00,"M",31,"Milperra","NSW",19.67,"bf66124eea074f02ae521e93abafcfee","CUS-2083971310","150.99","-33.94","debit","Sat","02:36:07","02","October"
"9566","authorized","1","ACC-3827517394","151.12","-33.89","SALES-POS","ac6123d5-7a69-4fd0-836f-d9a76a8c42e9","Craig",44573.59,2018-10-13 07:00:00,"M",28,"Mosman","NSW",34.99,"0a1e915dd9c84e5f9fd0281d1f9062e6","CUS-2663907001","151.24","-33.82","debit","Sat","03:07:52","03","October"
"9567","authorized","1","ACC-4258502723","145.45","-37.74","SALES-POS","31a30bb3-a932-4136-8299-09974f55b62e","Kimberly",5066.58,2018-10-13 07:00:00,"F",24,"Moonee Ponds","VIC",13.22,"a7bf24da0ff147b894d2712f9596fd59","CUS-3378712515","144.91","-37.77","debit","Sat","03:38:10","03","October"
"9568","posted",NA,"ACC-964839203","146.92","-36.07","PAYMENT",NA,"Michael",40285.82,2018-10-13 07:00:00,"M",21,NA,NA,28,"69f96ab93a3d47d8a38289a3d81aa58b","CUS-2059096722",NA,NA,"debit","Sat","04:00:00","04","October"
"9569","authorized","1","ACC-3689607373","115.79","-31.79","SALES-POS","2af7f5b7-490c-40de-a49e-2b16d26d7d12","Virginia",7474.41,2018-10-13 07:00:00,"F",20,"Perth","WA",53.54,"d7218593ad164fdeb05047f016d477e5","CUS-127297539","115.87","-31.96","debit","Sat","04:04:54","04","October"
"9570","authorized","1","ACC-2528867619","138.58","-34.96","SALES-POS","7d0d7b19-47f9-42a2-8ce5-3f78159cd2ba","Abigail",17971.04,2018-10-13 07:00:00,"F",40,"Morphett Vale","SA",8.97,"268f53ff6a384304ad9b2b9bc1eb0292","CUS-2505971401","138.52","-35.12","debit","Sat","04:22:27","04","October"
"9571","authorized","1","ACC-3689607373","115.79","-31.79","POS","5605b47f-95a3-4928-826d-a1e3a78be850","Virginia",7450.95,2018-10-13 07:00:00,"F",20,"Spearwood","WA",23.46,"991d1ca129a24b1ebc14aae4d030cdc4","CUS-127297539","115.78","-32.1","debit","Sat","04:39:59","04","October"
"9572","authorized","1","ACC-3879258709","143.83","-37.66","POS","cdcef1bf-8c51-4c37-8986-efdb22d06bd8","Natasha",201986.71,2018-10-13 07:00:00,"F",40,"Richmond","VIC",15,"10aa7601c4dc48d89f1cfab3c79538c9","CUS-527400765","145","-37.82","debit","Sat","04:57:32","04","October"
"9573","posted",NA,"ACC-2681137560","151.11","-33.99","PAYMENT",NA,"Nathaniel",11205.72,2018-10-13 07:00:00,"M",31,NA,NA,26,"e93c45e515fd412a8e21435d7e656133","CUS-2083971310",NA,NA,"debit","Sat","05:00:00","05","October"
"9574","posted",NA,"ACC-1652235822","144.89","-37.81","PAYMENT",NA,"Renee",21303.89,2018-10-13 07:00:00,"F",38,NA,NA,45,"f5dbf9ead72c4dbe985c696a91c99be3","CUS-2206365095",NA,NA,"debit","Sat","05:00:00","05","October"
"9575","posted",NA,"ACC-1650504218","145.01","-37.93","PAYMENT",NA,"Marissa",15583.88,2018-10-13 07:00:00,"F",23,NA,NA,43,"ec65a16adac346a6ab205b9e0bdb0864","CUS-2500783281",NA,NA,"debit","Sat","05:00:00","05","October"
"9576","posted",NA,"ACC-4281711154","144.98","-37.84","PAYMENT",NA,"Eric",40529.2,2018-10-13 07:00:00,"M",42,NA,NA,37,"a909d14233ca413b943b7370a8b86884","CUS-3151318058",NA,NA,"debit","Sat","05:00:00","05","October"
"9577","posted",NA,"ACC-559365433","147.31","-42.88","INTER BANK",NA,"Mary",3849.6,2018-10-13 07:00:00,"F",64,NA,NA,160,"2287273605f140a7b01ba834b1bfd72d","CUS-1654129794",NA,NA,"debit","Sat","06:00:00","06","October"
"9578","posted",NA,"ACC-1608363396","151.22","-33.87","PAYMENT",NA,"Robert",8518.68,2018-10-13 07:00:00,"M",20,NA,NA,135,"9e53bdae658b486c937853fb6d131035","CUS-2688605418",NA,NA,"debit","Sat","06:00:00","06","October"
"9579","authorized","1","ACC-1683215619","138.67","-34.86","SALES-POS","78db6d3e-1d87-4fc5-9c22-893cd4de9fa9","Barry",7312.8,2018-10-13 07:00:00,"M",38,"Kilkenny","SA",11.1,"6d77ffeaef4b4e4dbde94433f068cf1c","CUS-1604596597","138.55","-34.88","debit","Sat","06:34:32","06","October"
"9580","posted",NA,"ACC-1438600314","138.69","-34.84","PAYMENT",NA,"Maria",4673.69,2018-10-13 07:00:00,"F",35,NA,NA,120,"b09f824fef3041628bbb9aa78ab8dccc","CUS-2650223890",NA,NA,"debit","Sat","07:00:00","07","October"
"9581","authorized","1","ACC-1799207998","150.68","-33.79","POS","d61e3bf3-f827-4835-8329-3764a722bf51","Susan",9104.07,2018-10-13 07:00:00,"F",20,"North Sydney","NSW",18.2,"31671f7e17064719a42b1e6e290b499b","CUS-164374203","151.21","-33.84","debit","Sat","07:29:59","07","October"
"9582","authorized","1","ACC-2265520058","151.27","-33.85","SALES-POS","e888ea98-4249-485d-a03d-531742ecbfad","Catherine",5998.13,2018-10-13 07:00:00,"F",26,"Bella Vista","NSW",72.48,"b6e8d68e22c94c44bff01086404cb4ae","CUS-331942311","150.95","-33.74","debit","Sat","08:03:35","08","October"
"9583","authorized","1","ACC-2890243754","153.32","-27.93","SALES-POS","e50eccbe-413c-4568-8cc9-fad43171dfb4","Joseph",1839.31,2018-10-13 07:00:00,"M",37,"Southport","QLD",9.05,"55df2f8efabd4c9381a975f171f8ed05","CUS-2695611575","153.42","-27.97","debit","Sat","08:16:24","08","October"
"9584","authorized","1","ACC-3879258709","143.83","-37.66","SALES-POS","b5b469fb-774c-4bc8-97e0-23f0e8042869","Natasha",201970.98,2018-10-13 07:00:00,"F",40,"Toorak","VIC",15.73,"d27459ea65614d819ddca57c8c691081","CUS-527400765","145.01","-37.84","debit","Sat","08:29:13","08","October"
"9585","authorized","1","ACC-1598451071","153.41","-27.95","POS","a51a2d8c-7322-49ca-9914-a89010a78d7b","Diana",1568.34,2018-10-13 07:00:00,"F",26,"Southport","QLD",10.08,"8c46b1c47ce94f12ad323c11fec3d2f6","CUS-2487424745","153.42","-27.97","debit","Sat","08:42:03","08","October"
"9586","authorized","1","ACC-2673069055","152.99","-27.49","SALES-POS","2c2fc391-9300-4fc4-907b-a30ed711f4c9","Richard",15443.83,2018-10-13 07:00:00,"M",24,"Browns Plains","QLD",31.95,"746af3cbaff44fb59509f47134491de0","CUS-51506836","153.05","-27.66","debit","Sat","08:54:52","08","October"
"9587","posted",NA,"ACC-1650504218","145.01","-37.93","PAYMENT",NA,"Marissa",15429.88,2018-10-13 07:00:00,"F",23,NA,NA,154,"d9d044a5f5124b0b89643c5878a47387","CUS-2500783281",NA,NA,"debit","Sat","09:00:00","09","October"
"9588","posted",NA,"ACC-38923874","151.27","-33.90","PAYMENT",NA,"Ryan",43558.67,2018-10-13 07:00:00,"M",38,NA,NA,1981,"dbad97d9f6844a10a60190709b1a4db9","CUS-3249305314",NA,NA,"debit","Sat","09:00:00","09","October"
"9589","posted",NA,"ACC-1243371644","150.90","-33.78","PAYMENT",NA,"Gregory",5084.09,2018-10-13 07:00:00,"M",42,NA,NA,194,"dd32d9d45e9d45c1aa9ff18403cb2718","CUS-3904958894",NA,NA,"debit","Sat","09:00:00","09","October"
"9590","authorized","1","ACC-1683215619","138.67","-34.86","SALES-POS","541d1597-0657-48b1-95e4-340c4ba64956","Barry",7275.26,2018-10-13 07:00:00,"M",38,"Nowra","NSW",37.54,"f4d705c0a2814ac5bd6e224040d97196","CUS-1604596597","150.6","-34.87","debit","Sat","09:05:02","09","October"
"9591","authorized","1","ACC-1652235822","144.89","-37.81","SALES-POS","932b9301-65da-4718-aa78-679daba791fb","Renee",21287.82,2018-10-13 07:00:00,"F",38,"Doncaster","VIC",16.07,"95258e9a809d4dbabafa22f6fc80ffec","CUS-2206365095","145.13","-37.78","debit","Sat","09:13:26","09","October"
"9592","authorized","1","ACC-53508546","150.62","-33.76","SALES-POS","db9467d3-6379-446a-9698-d5941e42aa43","Kimberly",5856.33,2018-10-13 07:00:00,"F",35,"North Ryde","NSW",22.14,"c6eb072339974a5abc9d8c584b22e584","CUS-72755508","151.12","-33.78","debit","Sat","09:21:50","09","October"
"9593","authorized","1","ACC-574997646","150.79","-33.64","POS","ca436ce2-8e1e-4daa-a158-8440fb237a92","Mackenzie",5251.05,2018-10-13 07:00:00,"F",18,"Richmond","NSW",17.42,"2a7da956a8c74fa6924c09d8d40052c0","CUS-586638664","150.75","-33.6","debit","Sat","09:30:15","09","October"
"9594","authorized","0","ACC-2305712452","138.61","-34.89","SALES-POS","181e7b16-a5db-4137-8e80-177b221278be","Debra",5932.95,2018-10-13 07:00:00,"F",18,"Griffith","ACT",25.53,"4cd47985b4684c3696d7b41061dbfd26","CUS-1842679196","149.14","-35.32","debit","Sat","09:38:39","09","October"
"9595","authorized","1","ACC-1217063613","147.61","-37.82","SALES-POS","71608821-0caf-49b2-a851-1591d212ac27","Kimberly",4533.69,2018-10-13 07:00:00,"F",27,"Bundoora","VIC",14.5,"0f9a96053fa149099da7cfc137bb39c1","CUS-1739931018","145.07","-37.7","debit","Sat","09:47:03","09","October"
"9596","authorized","1","ACC-3689607373","115.79","-31.79","SALES-POS","0440addd-59e8-4f45-89c2-31da2ef8c5a5","Virginia",7434.74,2018-10-13 07:00:00,"F",20,"Hillarys","WA",16.21,"2ff27cbcac464440a824f51617b163d1","CUS-127297539","115.74","-31.83","debit","Sat","09:55:27","09","October"
"9597","posted",NA,"ACC-966140392","147.08","-37.97","PAYMENT",NA,"Joseph",10022.85,2018-10-13 07:00:00,"M",21,NA,NA,134,"cbf53693cce54aad8efe350256110117","CUS-537508723",NA,NA,"debit","Sat","10:00:00","10","October"
"9598","posted",NA,"ACC-574997646","150.79","-33.64","PAYMENT",NA,"Mackenzie",5206.05,2018-10-13 07:00:00,"F",18,NA,NA,45,"0634e04a70d14f57a36a6f6345f234f1","CUS-586638664",NA,NA,"debit","Sat","10:00:00","10","October"
"9599","authorized","0","ACC-4258502723","145.45","-37.74","SALES-POS","5295910b-9e69-4b4a-b2dd-3061a6b9d75d","Kimberly",5048.39,2018-10-13 07:00:00,"F",24,"Mount Waverley","VIC",18.19,"91bd6f68c8b448f196cb681d7a578699","CUS-3378712515","145.15","-37.88","debit","Sat","10:10:13","10","October"
"9600","authorized","1","ACC-53508546","150.62","-33.76","SALES-POS","c6e68256-60d6-4a60-863f-722d05e45826","Kimberly",5845.47,2018-10-13 07:00:00,"F",35,"Carlingford","NSW",10.86,"9b16b1e469e44e20b92fe59d471dd2f9","CUS-72755508","151.04","-33.78","debit","Sat","10:32:26","10","October"
"9601","authorized","1","ACC-1598451071","153.41","-27.95","POS","b0b80e1c-896a-44ab-aa56-6969c36ebb7d","Diana",1536.42,2018-10-13 07:00:00,"F",26,"Brisbane City","QLD",31.92,"c8001c56e14d47eeaeb97adf924cfb43","CUS-2487424745","153.02","-27.47","debit","Sat","10:54:39","10","October"
"9602","posted",NA,"ACC-3233697971","151.04","-33.77","PAYMENT",NA,"Robin",12371.05,2018-10-13 07:00:00,"F",34,NA,NA,79,"bc88b8019fd94243920f93eea34858db","CUS-1147642491",NA,NA,"debit","Sat","11:00:00","11","October"
"9603","posted",NA,"ACC-2681137560","151.11","-33.99","PAYMENT",NA,"Nathaniel",11188.72,2018-10-13 07:00:00,"M",31,NA,NA,17,"3887665996d745e5a70445b885341f85","CUS-2083971310",NA,NA,"debit","Sat","11:00:00","11","October"
"9604","authorized","0","ACC-3879258709","143.83","-37.66","POS","ab172039-8566-4f8b-b5e7-7fb38e91dbff","Natasha",201953.04,2018-10-13 07:00:00,"F",40,"Sunbury","VIC",17.94,"6e806a98152a43c2abce9c6fb57ef622","CUS-527400765","144.73","-37.58","debit","Sat","11:06:07","11","October"
"9605","authorized","1","ACC-1973887809","115.78","-31.90","POS","728e9e20-c242-44fa-9da3-ac6ae8930cc7","Antonio",7587.43,2018-10-13 07:00:00,"M",26,"Stirling","WA",30.18,"400085bd108b492b93d1b31862345103","CUS-1646621553","115.81","-31.88","debit","Sat","11:14:11","11","October"
"9606","authorized","0","ACC-1598451071","153.41","-27.95","SALES-POS","d16fcb3b-638a-49a8-8ddf-8d0d7836197a","Diana",1521.03,2018-10-13 07:00:00,"F",26,"Murwillumbah","NSW",15.39,"286e7edee3e54fe09b335208cd66c7c8","CUS-2487424745","153.4","-28.33","debit","Sat","11:22:15","11","October"
"9607","authorized","1","ACC-4258502723","145.45","-37.74","SALES-POS","30e848ee-308c-48df-a898-12619658e06c","Kimberly",5031.92,2018-10-13 07:00:00,"F",24,"Southbank","VIC",16.47,"793d7a03132146b19627c4f692fd719e","CUS-3378712515","144.96","-37.82","debit","Sat","11:30:19","11","October"
"9608","authorized","1","ACC-1598451071","153.41","-27.95","POS","fceeee93-a526-44e9-a3fb-5a1106555656","Diana",1495.37,2018-10-13 07:00:00,"F",26,"Elanora","QLD",25.66,"ebc87b03c1d14e65aabfd97caf5e10d1","CUS-2487424745","153.45","-28.13","debit","Sat","11:38:23","11","October"
"9609","authorized","1","ACC-1903037542","153.05","-27.61","SALES-POS","8b9cc894-d0b1-4ea8-b71f-2d3f2763cc31","Jeffrey",5659.92,2018-10-13 07:00:00,"M",30,"Toowong","QLD",11.21,"413f70cd6da74072b45d26f567d65026","CUS-860700529","152.99","-27.48","debit","Sat","11:46:27","11","October"
"9610","authorized","1","ACC-574997646","150.79","-33.64","POS","f5fa6091-a464-4f01-b563-4a3cba0ae50c","Mackenzie",5176.61,2018-10-13 07:00:00,"F",18,"Katanning","WA",29.44,"56f3bc7cfb3944a3a52aba5a8eb20016","CUS-586638664","117.56","-33.69","debit","Sat","11:54:30","11","October"
"9611","posted",NA,"ACC-2528867619","138.58","-34.96","PAYMENT",NA,"Abigail",17775.04,2018-10-13 07:00:00,"F",40,NA,NA,196,"4a595c9140b0410096de0a01495c6dd6","CUS-2505971401",NA,NA,"debit","Sat","12:00:00","12","October"
"9612","posted",NA,"ACC-1998563091","149.03","-35.25","PAYMENT",NA,"David",18880.24,2018-10-13 07:00:00,"M",42,NA,NA,45,"883cd0ec3f7f4248b517fe63e519d44a","CUS-3395687666",NA,NA,"debit","Sat","12:00:00","12","October"
"9613","authorized","0","ACC-2681137560","151.11","-33.99","POS","b8a35e86-bc08-47e5-9038-3aef46739c4e","Nathaniel",11179.75,2018-10-13 07:00:00,"M",31,"Wetherill Park","NSW",8.97,"461ea072a8a3493facdea6cc00700d46","CUS-2083971310","150.9","-33.86","debit","Sat","12:05:36","12","October"
"9614","authorized","1","ACC-854938045","147.63","-22.84","SALES-POS","54b18f6b-0ab1-4f24-bd8c-95dae51ad526","James",12337.32,2018-10-13 07:00:00,"M",28,"Clermont","QLD",52.93,"8fe15cfb91fd4f029d9fc7ac75ebb559","CUS-4023861240","147.65","-22.8","debit","Sat","12:23:09","12","October"
"9615","authorized","1","ACC-2305712452","138.61","-34.89","POS","ab523591-340e-4293-ae1e-da2cb9d08dd4","Debra",5906.7,2018-10-13 07:00:00,"F",18,"Mira Mar","WA",26.25,"14a89162915444dd9468f9d328d3ec37","CUS-1842679196","117.89","-35.02","debit","Sat","12:40:42","12","October"
"9616","authorized","0","ACC-3689607373","115.79","-31.79","SALES-POS","16c87798-f575-410d-a5db-68d7c691d3b5","Virginia",7266.58,2018-10-13 07:00:00,"F",20,"Claremont","WA",168.16,"6de9bcc66cc24b32b80e2f3d3cdaa179","CUS-127297539","115.79","-31.98","debit","Sat","12:58:14","12","October"
"9617","posted",NA,"ACC-90814749","151.68","-32.98","INTER BANK",NA,"Christopher",11541.98,2018-10-13 07:00:00,"M",35,NA,NA,44,"0b3424f80f5045da938f5639f34c38fb","CUS-1896554896",NA,NA,"debit","Sat","13:00:00","13","October"
"9618","authorized","1","ACC-3881031190","149.19","-21.15","POS","7d773c0a-fcfb-4c25-a130-ed817c7792f2","Richard",9008.97,2018-10-13 07:00:00,"M",37,"Queanbeyan","NSW",73.37,"8530266f95d54f5c9ba65b32ed81a105","CUS-3201519139","149.23","-35.35","debit","Sat","13:16:21","13","October"
"9619","authorized","1","ACC-3881031190","149.19","-21.15","POS","692cd3d5-4a16-42b6-be6d-dd50ec2d482e","Richard",8991.57,2018-10-13 07:00:00,"M",37,"Weston","ACT",17.4,"63e2fcc1fe29461c84135628fd256b80","CUS-3201519139","149.05","-35.34","debit","Sat","13:34:32","13","October"
"9620","authorized","1","ACC-2988263882","145.18","-37.90","SALES-POS","c853cedf-5ab2-4252-a20f-51b76de236e6","Michael",6846.09,2018-10-13 07:00:00,"M",44,"Melton","VIC",15.61,"ddeba821a05c4205ae87e45199255eb1","CUS-1233833708","144.6","-37.69","debit","Sat","13:52:43","13","October"
"9621","posted",NA,"ACC-37709441","153.41","-28.01","INTER BANK",NA,"Charles",16666.54,2018-10-13 07:00:00,"M",18,NA,NA,45,"ef01d8ff845947d3a7f51478aa3bd3e6","CUS-3336454548",NA,NA,"debit","Sat","14:00:00","14","October"
"9622","authorized","1","ACC-3881031190","149.19","-21.15","SALES-POS","322f7d42-fd9c-4e99-896b-28b6eb1473b0","Richard",8790.04,2018-10-13 07:00:00,"M",37,"Fortitude Valley","QLD",201.53,"2078b950455c4408b15b72a850590909","CUS-3201519139","153.03","-27.46","debit","Sat","14:04:52","14","October"
"9623","authorized","1","ACC-3881031190","149.19","-21.15","SALES-POS","c6eccae1-6d7c-4f5d-9cdf-d718f1a4b9e1","Richard",8708.12,2018-10-13 07:00:00,"M",37,"Queanbeyan","ACT",81.92,"685db1ba99124617b7cb76281095fbae","CUS-3201519139","149.23","-35.37","debit","Sat","14:13:00","14","October"
"9624","authorized","1","ACC-2988263882","145.18","-37.90","POS","60098adb-5a6a-46c8-ae27-f9837e4405ea","Michael",6819.46,2018-10-13 07:00:00,"M",44,"Melbourne","VIC",26.63,"47e319b2142b46f5892fc57e87c49869","CUS-1233833708","144.95","-37.82","debit","Sat","14:21:08","14","October"
"9625","authorized","1","ACC-966140392","147.08","-37.97","SALES-POS","b709a204-da73-41e7-bcf4-fefec011912e","Joseph",10005.49,2018-10-13 07:00:00,"M",21,"Oakleigh South","VIC",17.36,"6c1b202f0c9143adafdca48301ae3a70","CUS-537508723","145.1","-37.93","debit","Sat","14:29:16","14","October"
"9626","authorized","1","ACC-3021093232","149.83","-29.47","POS","4d4a87fc-a840-450f-ac8d-d96c7bc5ec31","Melissa",9850.2,2018-10-13 07:00:00,"F",30,"Macquarie Park","NSW",51.92,"f67f79b99d9142259d1bad49bc07abc0","CUS-55310383","151.13","-33.79","debit","Sat","14:37:23","14","October"
"9627","authorized","1","ACC-3485804958","138.52","-35.01","POS","9618e4cc-51ea-4f62-ad61-44da07772d73","Jessica",28253.66,2018-10-13 07:00:00,"F",34,"Adelaide","SA",18.23,"401dd90f4cc34d00b968f2dbb454ac09","CUS-1196156254","138.61","-34.93","debit","Sat","14:45:31","14","October"
"9628","authorized","1","ACC-2890243754","153.32","-27.93","SALES-POS","dd2927c4-ccc2-4aa7-be03-ca93ae8f77ad","Joseph",1820.58,2018-10-13 07:00:00,"M",37,"Aratula","QLD",18.73,"6da0e003626e4b4aabc59c9fbf242c4d","CUS-2695611575","152.55","-27.98","debit","Sat","14:53:39","14","October"
"9629","authorized","1","ACC-958000567","130.90","-12.37","POS","fe257a32-9aaf-4689-a309-23d952424071","Sandra",8440.64,2018-10-13 07:00:00,"F",34,"Melbourne","VIC",58.78,"8f1f3089d76c45398812ea3feebcc970","CUS-4142663097","144.96","-37.82","debit","Sat","15:02:05","15","October"
"9630","authorized","1","ACC-1903037542","153.05","-27.61","SALES-POS","3ab50da1-b4b6-418c-a5f2-bf841f68f183","Jeffrey",5648.35,2018-10-13 07:00:00,"M",30,"Spring Hill","QLD",11.57,"358d798e718f47678d1ba4aa7c17d8cd","CUS-860700529","153.03","-27.46","debit","Sat","15:11:37","15","October"
"9631","authorized","1","ACC-2673069055","152.99","-27.49","SALES-POS","e4e8d16b-e81c-48c5-8164-d6aa85aa746d","Richard",15408.1,2018-10-13 07:00:00,"M",24,"Deception Bay","QLD",35.73,"192fd0cdaeb24ca6a993bb75a055795e","CUS-51506836","153.03","-27.19","debit","Sat","15:21:08","15","October"
"9632","authorized","1","ACC-1903037542","153.05","-27.61","POS","be1e094b-a748-494b-a2c3-32b3e7c39b92","Jeffrey",5269.59,2018-10-13 07:00:00,"M",30,"Keperra","QLD",378.76,"60cd5db52ca14684b2da0268da73faf1","CUS-860700529","152.95","-27.42","debit","Sat","15:30:39","15","October"
"9633","authorized","1","ACC-1799207998","150.68","-33.79","POS","ece08a7e-6a89-44ae-9241-abffc730d154","Susan",9095.51,2018-10-13 07:00:00,"F",20,"North Sydney","NSW",8.56,"be63980e6ee447318180ffad10cf9569","CUS-164374203","151.21","-33.84","debit","Sat","15:40:11","15","October"
"9634","authorized","0","ACC-819621312","145.04","-37.85","SALES-POS","de97b8b9-1816-4f66-ba7e-3df5e621e634","Michele",8718.74,2018-10-13 07:00:00,"F",30,"Melbourne","VIC",15.03,"c86319c87e9649f0a0e6a959f8053b77","CUS-1271030853","144.96","-37.81","debit","Sat","15:49:42","15","October"
"9635","authorized","0","ACC-1598451071","153.41","-27.95","POS","97f098ef-0fd9-4cb1-94d2-a68d8446ca6c","Diana",1487.44,2018-10-13 07:00:00,"F",26,"Ballina","NSW",7.93,"ca2151ddd06d475ab4e67f8cb225e7d0","CUS-2487424745","153.56","-28.87","debit","Sat","15:59:14","15","October"
"9636","posted",NA,"ACC-2920611728","144.96","-37.76","PAYMENT",NA,"Tyler",9222.26,2018-10-13 07:00:00,"M",69,NA,NA,17,"f6c61597a7e94b73ba0788edff0253da","CUS-1388323263",NA,NA,"debit","Sat","16:00:00","16","October"
"9637","posted",NA,"ACC-37709441","153.41","-28.01","PHONE BANK",NA,"Charles",16645.54,2018-10-13 07:00:00,"M",18,NA,NA,21,"9fd5890017cf428c838ea27bac989b7a","CUS-3336454548",NA,NA,"debit","Sat","16:00:00","16","October"
"9638","authorized","1","ACC-1279356312","144.79","-37.73","POS","e580dea9-e35f-41f4-8e67-ceea503ba044","Tyler",10189.72,2018-10-13 07:00:00,"M",44,"Armadale","VIC",30.54,"3cbda1b6aeb84489aa3bf87979af4d6a","CUS-1892177589","145.03","-37.86","debit","Sat","16:15:04","16","October"
"9639","authorized","1","ACC-1652235822","144.89","-37.81","SALES-POS","3fa0b67e-f7f9-462f-8175-b50057e8f016","Renee",21269.66,2018-10-13 07:00:00,"F",38,"Kensington","VIC",18.16,"56623f2d2dc841ef9e94c4e1e329bada","CUS-2206365095","144.93","-37.79","debit","Sat","16:31:28","16","October"
"9640","authorized","1","ACC-3233697971","151.04","-33.77","POS","46b96575-6bd4-4a5f-a115-3f796a24b3dc","Robin",12359.74,2018-10-13 07:00:00,"F",34,"Lidcombe","NSW",11.31,"e32853adb0534cea843f8672ead23e83","CUS-1147642491","151.05","-33.88","debit","Sat","16:47:52","16","October"
"9641","posted",NA,"ACC-854938045","147.63","-22.84","PAYMENT",NA,"James",12288.32,2018-10-13 07:00:00,"M",28,NA,NA,49,"7c26bfdd383e4df39ecab13666a9f347","CUS-4023861240",NA,NA,"debit","Sat","17:00:00","17","October"
"9642","authorized","1","ACC-1037050564","153.10","-27.66","SALES-POS","60e9b106-b850-43fd-bfcc-c66d5493f91a","Rhonda",4303.03,2018-10-13 07:00:00,"F",40,"Upper Mount Gravatt","QLD",14.17,"6840a3ef50ad481e81e880780e550ccd","CUS-1614226872","153.08","-27.56","debit","Sat","17:02:47","17","October"
"9643","authorized","0","ACC-3485804958","138.52","-35.01","POS","2d3f9099-eb95-48d7-8e34-ef4c4f1e492b","Jessica",28194.44,2018-10-13 07:00:00,"F",34,"Cremorne","VIC",59.22,"39befb3e34e946ab80dc2371c0111672","CUS-1196156254","144.99","-37.83","debit","Sat","17:13:32","17","October"
"9644","authorized","1","ACC-2681137560","151.11","-33.99","SALES-POS","8bfd095a-2403-4c09-8ce5-31b670b46931","Nathaniel",11158.31,2018-10-13 07:00:00,"M",31,"Nannup","WA",21.44,"351ed8ea697543799bb3385a9662f4ce","CUS-2083971310","115.76","-33.98","debit","Sat","17:24:18","17","October"
"9645","authorized","1","ACC-3879258709","143.83","-37.66","POS","7baf9be2-e6b7-465b-af92-a4313e361902","Natasha",201936.08,2018-10-13 07:00:00,"F",40,"Carlton","VIC",16.96,"f8d4c39289db43d9a017b928d8169669","CUS-527400765","144.96","-37.8","debit","Sat","17:35:03","17","October"
"9646","authorized","0","ACC-2897221629","150.90","-34.37","SALES-POS","ae5f353c-afd0-4ed5-a4e3-d8b5bf48b5ec","Scott",6927.61,2018-10-13 07:00:00,"M",23,"Adelaide","SA",38.16,"d3a8055b36f049bdae27ef2f48aaea1b","CUS-511326734","138.6","-34.92","debit","Sat","17:45:48","17","October"
"9647","authorized","1","ACC-2890243754","153.32","-27.93","POS","a5406597-256d-4bf1-8e72-fbda5b43f872","Joseph",1815.8,2018-10-13 07:00:00,"M",37,"Ashmore","QLD",4.78,"22e4a10f0867414d843f3f782b7010c5","CUS-2695611575","153.38","-27.98","debit","Sat","17:56:33","17","October"
"9648","posted",NA,"ACC-958000567","130.90","-12.37","PAYMENT",NA,"Sandra",8423.64,2018-10-13 07:00:00,"F",34,NA,NA,17,"d2f3166c0fba44a0b1fe6575872174ba","CUS-4142663097",NA,NA,"debit","Sat","18:00:00","18","October"
"9649","authorized","1","ACC-3481401842","115.74","-31.72","POS","71a4a4c9-03e7-439c-9398-4ad37d33f07f","Tiffany",7493.85,2018-10-13 07:00:00,"F",25,"Kardinya","WA",25.14,"a581b3ef898e4d9e9352b180dbaec3d3","CUS-1669695324","115.82","-32.07","debit","Sat","18:14:09","18","October"
"9650","authorized","1","ACC-3881031190","149.19","-21.15","POS","b01312d6-4a99-41de-a09a-ab5cce65148c","Richard",7585.04,2018-10-13 07:00:00,"M",37,"Fyshwick","ACT",1123.08,"77ee1fe1b72747588f248222643fbe0e","CUS-3201519139","149.18","-35.32","debit","Sat","18:34:59","18","October"
"9651","authorized","1","ACC-3481401842","115.74","-31.72","POS","2c24f9fd-bb73-4def-873a-372793029d02","Tiffany",7478.71,2018-10-13 07:00:00,"F",25,"Withers","WA",15.14,"671c9153931641f2b643613d8b39ca6e","CUS-1669695324","115.63","-33.36","debit","Sat","18:55:49","18","October"
"9652","posted",NA,"ACC-1973887809","115.78","-31.90","PAYMENT",NA,"Antonio",7481.43,2018-10-13 07:00:00,"M",26,NA,NA,106,"e83879abeae3494eadbccac40ef1b5c5","CUS-1646621553",NA,NA,"debit","Sat","19:00:00","19","October"
"9653","authorized","1","ACC-3233697971","151.04","-33.77","SALES-POS","3c3d907e-bd5d-4980-a7f4-2f4309747497","Robin",12264.97,2018-10-13 07:00:00,"F",34,"Surry Hills","NSW",94.77,"3c37ba340b1c48c9b9c24afa2a640c1c","CUS-1147642491","151.21","-33.89","debit","Sat","19:08:19","19","October"
"9654","authorized","1","ACC-2890243754","153.32","-27.93","POS","02ff41e2-1467-4011-b51e-24653d658e2f","Joseph",1795.74,2018-10-13 07:00:00,"M",37,"Tamborine Mountain","QLD",20.06,"a5daa34992774a2badb837dcb19c1a9f","CUS-2695611575","153.19","-27.92","debit","Sat","19:18:44","19","October"
"9655","authorized","1","ACC-1598451071","153.41","-27.95","SALES-POS","6b6f922a-8f7b-4708-a8b8-4054423556da","Diana",1477.92,2018-10-13 07:00:00,"F",26,"Beaudesert","QLD",9.52,"7fdd305e0f594cbcb5d0fed929498e66","CUS-2487424745","152.99","-27.98","debit","Sat","19:29:09","19","October"
"9656","authorized","0","ACC-3233697971","151.04","-33.77","POS","4fd067c9-5565-4282-b701-6352d677ad14","Robin",12227.23,2018-10-13 07:00:00,"F",34,"Northmead","NSW",37.74,"eb0fc62f5d844c9094d19a0efe81746a","CUS-1147642491","150.99","-33.79","debit","Sat","19:39:34","19","October"
"9657","authorized","1","ACC-2674800293","144.96","-37.69","POS","ed7e8df5-6d0b-42d7-8d51-d13b14d191a7","Elizabeth",29697.92,2018-10-13 07:00:00,"F",50,"South Yarra","VIC",50.15,"53c17ca876c0484e89878f04774f907e","CUS-2977593493","144.99","-37.84","debit","Sat","19:49:59","19","October"
"9658","posted",NA,"ACC-1598451071","153.41","-27.95","PAYMENT",NA,"Diana",839.09,2018-10-13 07:00:00,"F",26,NA,NA,612,"e1f4baa126f0411a959a1b47a47df91a","CUS-2487424745",NA,NA,"debit","Sat","20:00:00","20","October"
"9659","posted",NA,"ACC-1608363396","151.22","-33.87","PAYMENT",NA,"Robert",7730.68,2018-10-13 07:00:00,"M",20,NA,NA,788,"f491ffb2ab114df8b2142eb6e8fbb460","CUS-2688605418",NA,NA,"debit","Sat","20:00:00","20","October"
"9660","posted",NA,"ACC-4258502723","145.45","-37.74","INTER BANK",NA,"Kimberly",5003.92,2018-10-13 07:00:00,"F",24,NA,NA,28,"319492e629a048a582966b028c0ae951","CUS-3378712515",NA,NA,"debit","Sat","20:00:00","20","October"
"9661","authorized","1","ACC-854938045","147.63","-22.84","SALES-POS","3647e656-341b-4fc7-b46e-d4b5fd2c93d4","James",12140.66,2018-10-13 07:00:00,"M",28,"Alexandria","NSW",147.66,"da1fa5af0ed54c20906cd47ddc220d05","CUS-4023861240","151.2","-33.9","debit","Sat","20:00:16","20","October"
"9662","authorized","1","ACC-3879258709","143.83","-37.66","POS","b9d9cd38-eb94-41c8-b10c-8e286b4911fc","Natasha",201923.77,2018-10-13 07:00:00,"F",40,"Brunswick","VIC",12.31,"6a8f0c4a909d4d95a1180dbdd0380bba","CUS-527400765","144.96","-37.78","debit","Sat","20:07:13","20","October"
"9663","authorized","1","ACC-1799207998","150.68","-33.79","POS","f59a5ea2-676b-4dfb-b3c3-6067527949cb","Susan",9080.41,2018-10-13 07:00:00,"F",20,"North Sydney","NSW",15.1,"68099e712bcd474db2bb19207269951b","CUS-164374203","151.21","-33.84","debit","Sat","20:14:09","20","October"
"9664","authorized","1","ACC-1799207998","150.68","-33.79","SALES-POS","340abbb7-b018-44ee-b9df-b85b6fc355c5","Susan",9068.79,2018-10-13 07:00:00,"F",20,"Seven Hills","NSW",11.62,"e60712237de8474095185ff8ddd30059","CUS-164374203","150.93","-33.78","debit","Sat","20:21:06","20","October"
"9665","authorized","1","ACC-3100725361","145.73","-17.03","POS","2feea8be-52d3-474f-84ea-413303995b49","Ronald",5120.57,2018-10-13 07:00:00,"M",25,"Glen Iris","VIC",22.81,"31cea425b9e34221b6f657f10bb078cb","CUS-2178051368","145.07","-37.86","debit","Sat","20:28:03","20","October"
"9666","authorized","0","ACC-1598451071","153.41","-27.95","SALES-POS","beeb6931-4e16-45cc-a6e0-30c23cf76d55","Diana",1464.51,2018-10-13 07:00:00,"F",26,"Arundel","QLD",13.41,"05e65952579f43939897ff5fb5f1f25d","CUS-2487424745","153.35","-27.95","debit","Sat","20:34:59","20","October"
"9667","authorized","1","ACC-1037050564","153.10","-27.66","POS","d0c7916f-8b9d-40b9-9b22-a284b23ba128","Rhonda",4276.81,2018-10-13 07:00:00,"F",40,"Morningside","QLD",26.22,"59f05647f6e04dc6a44950cdfea6753b","CUS-1614226872","153.07","-27.47","debit","Sat","20:41:56","20","October"
"9668","authorized","1","ACC-414431115","142.77","-37.06","SALES-POS","106e1272-44ab-4dcb-a438-dd98e0071e51","Amy",5832.69,2018-10-13 07:00:00,"F",43,"Eden","NSW",26.19,"67102c935fd54dfcaf45aec6d543d0b4","CUS-2599279756","149.9","-37.06","debit","Sat","20:48:53","20","October"
"9669","authorized","1","ACC-1598451071","153.41","-27.95","POS","75bc053a-5e96-464f-aa7f-2986c71ebcd3","Diana",1451.09,2018-10-13 07:00:00,"F",26,"Helensvale","QLD",13.42,"30409ff808b64ae183dcecd2c4c34eab","CUS-2487424745","153.34","-27.92","debit","Sat","20:55:49","20","October"
"9670","posted",NA,"ACC-1344825761","151.09","-33.91","PAYMENT",NA,"Sarah",22638.41,2018-10-13 07:00:00,"F",46,NA,NA,28,"e9f8d2970ad544f798607fa174662623","CUS-1499065773",NA,NA,"debit","Sat","21:00:00","21","October"
"9671","authorized","1","ACC-1037050564","153.10","-27.66","SALES-POS","2924b4f3-fcad-486e-98ec-928c1c1c60df","Rhonda",4257.3,2018-10-13 07:00:00,"F",40,"Victoria Point","QLD",19.51,"e730df538d4c42f1b12d8012e2d2bd56","CUS-1614226872","153.28","-27.59","debit","Sat","21:01:44","21","October"
"9672","authorized","1","ACC-1443681913","150.92","-33.77","POS","b3da314c-23c2-4218-9ab2-d88265311a10","Ryan",5440.29,2018-10-13 07:00:00,"M",31,"Little Bay","NSW",9.17,"5ca11c8f46dd444bbc6295a4840cefe7","CUS-3129499595","151.25","-33.98","debit","Sat","21:06:05","21","October"
"9673","authorized","1","ACC-958000567","130.90","-12.37","SALES-POS","17f91531-5815-4314-9c84-544e54325088","Sandra",8381.47,2018-10-13 07:00:00,"F",34,"North Lakes","NT",42.17,"da583a3218124036834d2a12e3515239","CUS-4142663097","130.91","-12.4","debit","Sat","21:10:26","21","October"
"9674","authorized","1","ACC-2014856841","144.99","-37.90","POS","20350a17-ead5-464b-bea9-5cbf33362de2","Patrick",266029.46,2018-10-13 07:00:00,"M",46,"Oakleigh","VIC",134.61,"2a418b4f470349dfa920747dd18555a8","CUS-2370108457","145.09","-37.9","debit","Sat","21:14:46","21","October"
"9675","authorized","0","ACC-1598451071","153.41","-27.95","POS","803f3eb6-97e0-4d0f-961f-53168b5de7f5","Diana",827.45,2018-10-13 07:00:00,"F",26,"Woongoolba","QLD",11.64,"36597fc52cdd4ab5aa3877b0da5291e8","CUS-2487424745","153.33","-27.76","debit","Sat","21:19:07","21","October"
"9676","authorized","1","ACC-2673069055","152.99","-27.49","SALES-POS","9b9d10fe-0f09-45c3-9369-6c41ef328689","Richard",15399.28,2018-10-13 07:00:00,"M",24,"West End","QLD",8.82,"094fa2c8b80845e598d7df930cc67f78","CUS-51506836","153.01","-27.49","debit","Sat","21:23:28","21","October"
"9677","authorized","1","ACC-2890243754","153.32","-27.93","POS","9da67af2-16ee-4b61-a58f-ee570f7468cc","Joseph",1776.22,2018-10-13 07:00:00,"M",37,"Calamvale","QLD",19.52,"9040338cca7647c7ae9443270ea77051","CUS-2695611575","153.05","-27.61","debit","Sat","21:27:49","21","October"
"9678","authorized","1","ACC-4059612845","130.98","-12.49","SALES-POS","a0fbbd7f-a6e2-480c-982b-d9597568d42a","Jonathan",61504.05,2018-10-13 07:00:00,"M",38,"Humpty Doo","NT",71.42,"667337ee6fd34f92a277368433329db0","CUS-495599312","131.1","-12.57","debit","Sat","21:32:10","21","October"
"9679","authorized","1","ACC-1652235822","144.89","-37.81","SALES-POS","ae25e03e-2770-49f2-b1e1-4474577c194f","Renee",21233.65,2018-10-13 07:00:00,"F",38,"Croydon","VIC",36.01,"bca6082943b94ed0b454ded26f19c5b4","CUS-2206365095","145.27","-37.79","debit","Sat","21:36:31","21","October"
"9680","authorized","1","ACC-3879258709","143.83","-37.66","SALES-POS","3148f5c1-0e76-466e-9c35-bef02039f53c","Natasha",201904.4,2018-10-13 07:00:00,"F",40,"Doncaster East","VIC",19.37,"459c764adf9a46f799ef33d0660df867","CUS-527400765","145.16","-37.79","debit","Sat","21:40:52","21","October"
"9681","authorized","0","ACC-1598451071","153.41","-27.95","SALES-POS","e1b3c433-30f3-401a-845b-6f88747e1078","Diana",820.55,2018-10-13 07:00:00,"F",26,"Helensvale","QLD",6.9,"a1d858b466bd4a6b8a91b81ae6b8892f","CUS-2487424745","153.32","-27.91","debit","Sat","21:45:13","21","October"
"9682","authorized","1","ACC-1973887809","115.78","-31.90","SALES-POS","f7c2a095-4198-46b8-ad74-5eeba70e6766","Antonio",7415.71,2018-10-13 07:00:00,"M",26,"Sydney","NSW",65.72,"7a64ffa5f47e41b5b02d68a2ed67efdb","CUS-1646621553","151.21","-33.87","debit","Sat","21:49:33","21","October"
"9683","authorized","1","ACC-1443681913","150.92","-33.77","SALES-POS","e2f1b9d5-38ab-42ae-a7e5-0fea756f62b8","Ryan",5423.12,2018-10-13 07:00:00,"M",31,"Mortdale","NSW",17.17,"3d4a542d73d54d4686882973d3e68436","CUS-3129499595","151.08","-33.97","debit","Sat","21:53:54","21","October"
"9684","authorized","1","ACC-1598451071","153.41","-27.95","SALES-POS","4aa0c78c-a22c-4e9a-94aa-babed2d402d6","Diana",814.83,2018-10-13 07:00:00,"F",26,"Cannon Hill","QLD",5.72,"6b7f62117e54403e9df1d4ac799fc102","CUS-2487424745","153.1","-27.47","debit","Sat","21:58:15","21","October"
"9685","posted",NA,"ACC-1799207998","150.68","-33.79","PAYMENT",NA,"Susan",9038.79,2018-10-13 07:00:00,"F",20,NA,NA,30,"55b858d9176041bfb019bf5b203959c3","CUS-164374203",NA,NA,"debit","Sat","22:00:00","22","October"
"9686","posted",NA,"ACC-854938045","147.63","-22.84","PAYMENT",NA,"James",12056.66,2018-10-13 07:00:00,"M",28,NA,NA,84,"200c776206e54337b0c93746eb57e0dc","CUS-4023861240",NA,NA,"debit","Sat","22:00:00","22","October"
"9687","authorized","1","ACC-3689607373","115.79","-31.79","SALES-POS","b246c316-ff28-4c47-b242-735a17f0c35f","Virginia",7242.7,2018-10-13 07:00:00,"F",20,"Midland","WA",23.88,"6041c30a60fb4b17bc72d6aec0feac40","CUS-127297539","116.01","-31.89","debit","Sat","22:08:49","22","October"
"9688","authorized","0","ACC-2674800293","144.96","-37.69","POS","5e7e7bf9-49f9-4a68-bde4-edf09a454dc9","Elizabeth",29683.78,2018-10-13 07:00:00,"F",50,"Melbourne","VIC",14.14,"3be5b85a241848839c2435d8f8b7732f","CUS-2977593493","144.97","-37.82","debit","Sat","22:23:31","22","October"
"9689","authorized","1","ACC-1037050564","153.10","-27.66","SALES-POS","f72a23be-91b8-4e7a-8c4e-c35e1e951250","Rhonda",4239.33,2018-10-13 07:00:00,"F",40,"Cleveland","QLD",17.97,"b0c501307f0844e9a624fa5721b52381","CUS-1614226872","153.27","-27.53","debit","Sat","22:38:14","22","October"
"9690","authorized","1","ACC-2249586092","115.98","-32.07","SALES-POS","20b15d3d-0122-4861-b452-a6be606f4a48","Edward",10629.25,2018-10-13 07:00:00,"M",19,"Adelaide","SA",22.12,"7e9774cc1611481b99d9a5c8366ca60c","CUS-443776336","138.6","-34.93","debit","Sat","22:52:56","22","October"
"9691","posted",NA,"ACC-2014856841","144.99","-37.90","PAYMENT",NA,"Patrick",265986.46,2018-10-13 07:00:00,"M",46,NA,NA,43,"7751c77e762445d1a47cf24921e066ed","CUS-2370108457",NA,NA,"debit","Sat","23:00:00","23","October"
"9692","posted",NA,"ACC-3954677887","115.72","-32.28","PAYMENT",NA,"Ruth",7404.54,2018-10-13 07:00:00,"F",47,NA,NA,24,"137cf6f7f8a043bc982e012f1ad9468d","CUS-3716701010",NA,NA,"debit","Sat","23:00:00","23","October"
"9693","authorized","1","ACC-38923874","151.27","-33.90","SALES-POS","ac62ecb6-25a5-4f34-8f2a-38b989b57519","Ryan",43519.67,2018-10-13 07:00:00,"M",38,"Randwick","NSW",39,"c42a94535e344fddb1d2d352b99305a7","CUS-3249305314","151.24","-33.91","debit","Sat","23:09:37","23","October"
"9694","authorized","0","ACC-1652235822","144.89","-37.81","POS","1f03f1d0-3cac-42e7-b949-4efab26faebd","Renee",21223.37,2018-10-13 07:00:00,"F",38,"Bondi Junction","NSW",10.28,"de4b798fe2854045878194fce8b77aa4","CUS-2206365095","151.25","-33.89","debit","Sat","23:28:08","23","October"
"9695","authorized","1","ACC-1903037542","153.05","-27.61","SALES-POS","4952a8a3-2d57-4286-b32c-381a3e8c0f59","Jeffrey",5248.89,2018-10-13 07:00:00,"M",30,"Loganholme","QLD",20.7,"cbcb098ead5d4bcb9559980c10f2ac50","CUS-860700529","153.19","-27.67","debit","Sat","23:46:39","23","October"
"9696","authorized","1","ACC-1903037542","153.05","-27.61","SALES-POS","789529cd-d84d-4dcd-b900-d0179cd7f092","Jeffrey",5231.35,2018-10-14 07:00:00,"M",30,"Milton","QLD",17.54,"30798f563297427e99885f9c9ea28c02","CUS-860700529","153.01","-27.47","debit","Sun","00:17:29","00","October"
"9697","authorized","1","ACC-3689607373","115.79","-31.79","POS","49511063-f9fa-4731-be59-bf0843aced37","Virginia",7221.11,2018-10-14 07:00:00,"F",20,"Ballajura","WA",21.59,"c638143c46a14e1583e7f375b0294eed","CUS-127297539","115.91","-31.85","debit","Sun","01:05:36","01","October"
"9698","authorized","1","ACC-3481401842","115.74","-31.72","POS","a7c6ec83-1423-4978-83b4-3e3c35528bba","Tiffany",7474.5,2018-10-14 07:00:00,"F",25,"Murrurundi","NSW",4.21,"dc82892850134f489ee633138fd3960e","CUS-1669695324","150.84","-31.76","debit","Sun","01:23:09","01","October"
"9699","authorized","1","ACC-2673069055","152.99","-27.49","POS","ac40cd87-00ca-438f-ac36-14401d17aedb","Richard",15386.03,2018-10-14 07:00:00,"M",24,"Clontarf","QLD",13.25,"e1b818a69f904e4d90e1ae3c57abe187","CUS-51506836","153.08","-27.26","debit","Sun","01:40:42","01","October"
"9700","authorized","1","ACC-3485804958","138.52","-35.01","POS","c3c59d36-40bc-4aab-99cd-473c5711f05a","Jessica",28109.87,2018-10-14 07:00:00,"F",34,"Nowra","NSW",84.57,"944b9f8b6d234f0bbd03812eb827de48","CUS-1196156254","150.6","-34.88","debit","Sun","01:58:14","01","October"
"9701","posted",NA,"ACC-2107684084","145.03","-37.88","PAYMENT",NA,"Richard",10729.23,2018-10-14 07:00:00,"M",22,NA,NA,25,"3fa5b6e832c445c1a02c840a3fde967e","CUS-2283904812",NA,NA,"debit","Sun","02:00:00","02","October"
"9702","authorized","1","ACC-958000567","130.90","-12.37","POS","5941cc0a-79e8-452f-a976-c4e9d2723ff9","Sandra",8363.23,2018-10-14 07:00:00,"F",34,"Darwin City","NT",18.24,"d953afad3807449da57da27a8c67074e","CUS-4142663097","130.84","-12.46","debit","Sun","02:33:19","02","October"
"9703","posted",NA,"ACC-3233697971","151.04","-33.77","PAYMENT",NA,"Robin",12054.23,2018-10-14 07:00:00,"F",34,NA,NA,173,"612459a9f42144eaa66f77a471f6f562","CUS-1147642491",NA,NA,"debit","Sun","03:00:00","03","October"
"9704","posted",NA,"ACC-2901672282","255.00","-573.00","PAYMENT",NA,"Daniel",11681.46,2018-10-14 07:00:00,"M",22,NA,NA,136,"bb93fec7842c4f95a86f83bbb76a0a0c","CUS-1617121891",NA,NA,"debit","Sun","03:00:00","03","October"
"9705","posted",NA,"ACC-1056639002","145.03","-37.91","INTER BANK",NA,"Michael",53609.3,2018-10-14 07:00:00,"M",22,NA,NA,36,"158a306059914efe91e0f23409ca20be","CUS-3462882033",NA,NA,"debit","Sun","03:00:00","03","October"
"9706","posted",NA,"ACC-211792489","138.63","-34.93","PAYMENT",NA,"Jacqueline",3190.46,2018-10-14 07:00:00,"F",30,NA,NA,149,"0b71c400c157435c8d4fec363c282726","CUS-497688347",NA,NA,"debit","Sun","03:00:00","03","October"
"9707","authorized","0","ACC-1683215619","138.67","-34.86","SALES-POS","c6aeaa3c-4147-4de5-9c95-f7f883a13901","Barry",7254.06,2018-10-14 07:00:00,"M",38,"Hindmarsh","SA",21.2,"27fc9774dae8489483e2093b315049c8","CUS-1604596597","138.57","-34.9","debit","Sun","03:13:19","03","October"
"9708","posted",NA,"ACC-1438600314","138.69","-34.84","PAYMENT",NA,"Maria",4498.69,2018-10-14 07:00:00,"F",35,NA,NA,175,"4b700d3e637a45709dd65f967620ef1b","CUS-2650223890",NA,NA,"debit","Sun","04:00:00","04","October"
"9709","posted",NA,"ACC-1496451953","145.16","-37.84","PAYMENT",NA,"Ricky",19641.4,2018-10-14 07:00:00,"M",43,NA,NA,71,"9f633bbe5ec34cfead8d7ca72a4051a0","CUS-3142625864",NA,NA,"debit","Sun","04:00:00","04","October"
"9710","posted",NA,"ACC-4258502723","145.45","-37.74","PAYMENT",NA,"Kimberly",4965.92,2018-10-14 07:00:00,"F",24,NA,NA,38,"fd7b6a03a67f42d7a40310a9211511e5","CUS-3378712515",NA,NA,"debit","Sun","04:00:00","04","October"
"9711","authorized","1","ACC-2249586092","115.98","-32.07","SALES-POS","1ea473e9-35af-4c45-997c-b4e15ebddec8","Edward",10610.99,2018-10-14 07:00:00,"M",19,"Karrinyup","WA",18.26,"b84b83a3a69342159c6cd06cb8f3d59a","CUS-443776336","115.77","-31.87","debit","Sun","04:00:37","04","October"
"9712","authorized","1","ACC-3827517394","151.12","-33.89","POS","fb24053d-5522-4646-bdc7-71130114e96c","Craig",44565.8,2018-10-14 07:00:00,"M",28,"Chatswood","NSW",7.79,"b817f17a77ac4353999e47463c97f5a5","CUS-2663907001","151.18","-33.8","debit","Sun","04:31:52","04","October"
"9713","posted",NA,"ACC-3485804958","138.52","-35.01","PAYMENT",NA,"Jessica",28078.87,2018-10-14 07:00:00,"F",34,NA,NA,31,"6932a9ef8af34a96b4a114bf5df7de76","CUS-1196156254",NA,NA,"debit","Sun","05:00:00","05","October"
"9714","posted",NA,"ACC-559365433","147.31","-42.88","PAYMENT",NA,"Mary",3819.6,2018-10-14 07:00:00,"F",64,NA,NA,30,"acaf620c9734465a86c93ec134f2b35c","CUS-1654129794",NA,NA,"debit","Sun","05:00:00","05","October"
"9715","authorized","1","ACC-2107684084","145.03","-37.88","SALES-POS","67e5bcbe-a2ad-400c-9b57-c539e50838e3","Richard",10720.57,2018-10-14 07:00:00,"M",22,"Melbourne","VIC",8.66,"4c2c19cde0864dc68eae91825ee16f29","CUS-2283904812","144.96","-37.82","debit","Sun","05:19:59","05","October"
"9716","posted",NA,"ACC-1523339231","115.83","-31.90","INTER BANK",NA,"Tim",68265.33,2018-10-14 07:00:00,"M",40,NA,NA,39,"4846a0dd40714e85aa4be946954e477c","CUS-1816693151",NA,NA,"debit","Sun","06:00:00","06","October"
"9717","posted",NA,"ACC-3771436525","145.04","-37.92","PAYMENT",NA,"Derek",5764.11,2018-10-14 07:00:00,"M",20,NA,NA,49,"dd3882258e584539bd1cdc4b0f13960e","CUS-3325710106",NA,NA,"debit","Sun","07:00:00","07","October"
"9718","authorized","1","ACC-1973887809","115.78","-31.90","POS","fdb3eafd-8082-4657-8fdf-acaa5f3fded9","Antonio",7409.34,2018-10-14 07:00:00,"M",26,"Forrestfield","WA",6.37,"4d29586571df410f9d6c6b6175d43780","CUS-1646621553","116.01","-31.99","debit","Sun","07:03:10","07","October"
"9719","authorized","0","ACC-1799207998","150.68","-33.79","POS","25392b6e-96a5-4167-831e-000cf9de0332","Susan",8989.34,2018-10-14 07:00:00,"F",20,"Lane Cove","NSW",49.45,"6426ca33ee874ea2b92ccc1837750e3b","CUS-164374203","151.15","-33.82","debit","Sun","07:25:54","07","October"
"9720","authorized","1","ACC-3879258709","143.83","-37.66","SALES-POS","340599d7-55b0-49a7-b725-c847bdc33feb","Natasha",201886.59,2018-10-14 07:00:00,"F",40,"Gisborne","VIC",17.81,"c595df80d81846a59e6fd5d88b0f6c64","CUS-527400765","144.59","-37.49","debit","Sun","07:48:38","07","October"
"9721","posted",NA,"ACC-2107684084","145.03","-37.88","INTER BANK",NA,"Richard",10687.57,2018-10-14 07:00:00,"M",22,NA,NA,33,"f46450d2f3ad4ffcb0c64c5cf96e7927","CUS-2283904812",NA,NA,"debit","Sun","08:00:00","08","October"
"9722","authorized","1","ACC-2681137560","151.11","-33.99","SALES-POS","611783f0-977f-45d3-a38e-2d8640ff3491","Nathaniel",11148.9,2018-10-14 07:00:00,"M",31,"New Town","SA",9.41,"4f22ed30ea3b4ebb80c6c4275fe14aae","CUS-2083971310","137.69","-33.96","debit","Sun","08:10:52","08","October"
"9723","authorized","1","ACC-1683215619","138.67","-34.86","SALES-POS","af436251-02a4-45d4-bcde-267b5cf1a562","Barry",7224.94,2018-10-14 07:00:00,"M",38,"South Nowra","NSW",29.12,"ff55cc01969e4f528dd082749a8cc35d","CUS-1604596597","150.6","-34.91","debit","Sun","08:32:36","08","October"
"9724","authorized","0","ACC-1903037542","153.05","-27.61","POS","4362e2ee-6761-413a-b056-2070f9a2d964","Jeffrey",5217.8,2018-10-14 07:00:00,"M",30,"Carina","QLD",13.55,"7f632439c0fe4209ad1aafc259cce96d","CUS-860700529","153.1","-27.5","debit","Sun","08:54:20","08","October"
"9725","authorized","1","ACC-90814749","151.68","-32.98","POS","d5dd999e-95ce-436f-a70b-a259910ef210","Christopher",11483.9,2018-10-14 07:00:00,"M",35,"Hamilton","NSW",58.08,"1131a9886eb44e85bbbaf3dec4cbeb8a","CUS-1896554896","151.75","-32.92","debit","Sun","09:06:22","09","October"
"9726","authorized","1","ACC-574997646","150.79","-33.64","SALES-POS","216044bb-76d9-48b1-a10b-8a59145b1bb6","Mackenzie",5168.05,2018-10-14 07:00:00,"F",18,"Mount Colah","NSW",8.56,"4f9b62b2a96d4f11a68486fc9333aef0","CUS-586638664","151.11","-33.68","debit","Sun","09:14:59","09","October"
"9727","authorized","1","ACC-80388494","144.97","-37.42","POS","1ac9bf19-2ef1-483c-aad6-f3318830519d","Dustin",7291.88,2018-10-14 07:00:00,"M",28,"Wantirna South","VIC",24.14,"e55e9dd25f2b40eaa46818b545eed815","CUS-1140341822","145.22","-37.88","debit","Sun","09:23:37","09","October"
"9728","authorized","0","ACC-2014856841","144.99","-37.90","SALES-POS","2a979fe3-2afe-4ef3-9ec5-7bec899dd3d4","Patrick",265971.62,2018-10-14 07:00:00,"M",46,"Eastwood","VIC",14.84,"4c6a670793a64cf096b14df499c82db5","CUS-2370108457","147.63","-37.81","debit","Sun","09:32:14","09","October"
"9729","authorized","0","ACC-1973887809","115.78","-31.90","POS","710459ea-daa7-4bca-b763-33d53c09d8d6","Antonio",7385.12,2018-10-14 07:00:00,"M",26,"Myaree","WA",24.22,"39c9f7d9898745a9a15ac62002a15d52","CUS-1646621553","115.81","-32.04","debit","Sun","09:40:51","09","October"
"9730","authorized","1","ACC-1652235822","144.89","-37.81","POS","acb279e4-d129-4863-84b6-61f86cceebb8","Renee",21193.81,2018-10-14 07:00:00,"F",38,"Vermont South","VIC",29.56,"f868a86342fb48b9a89cf8059716e8cf","CUS-2206365095","145.18","-37.86","debit","Sun","09:49:28","09","October"
"9731","authorized","1","ACC-3827517394","151.12","-33.89","POS","f60c5da7-4777-45fd-a7cc-a7e875124a61","Craig",44544.77,2018-10-14 07:00:00,"M",28,"Canterbury","NSW",21.03,"c37f2d1c19a04d5e8adeabb85f736fe4","CUS-2663907001","151.11","-33.91","debit","Sun","09:58:06","09","October"
"9732","posted",NA,"ACC-964839203","146.92","-36.07","PAYMENT",NA,"Michael",40243.82,2018-10-14 07:00:00,"M",21,NA,NA,42,"7b0ed7d652674adca08ed946ee6c2795","CUS-2059096722",NA,NA,"debit","Sun","10:00:00","10","October"
"9733","authorized","1","ACC-819621312","145.04","-37.85","SALES-POS","4f448c60-c35f-4fac-ab36-22a162787b90","Michele",8685.29,2018-10-14 07:00:00,"F",30,"Melton","VIC",33.45,"556d6678bc8647d1998e62e39b2cadb9","CUS-1271030853","144.58","-37.68","debit","Sun","10:08:23","10","October"
"9734","authorized","1","ACC-3481401842","115.74","-31.72","SALES-POS","d2f77f77-a2e6-4288-ac29-97e23e224f94","Tiffany",7456.32,2018-10-14 07:00:00,"F",25,"Greenwood","WA",18.18,"8e5e238f92c14b578a4cd674324b3db4","CUS-1669695324","115.81","-31.83","debit","Sun","10:19:08","10","October"
"9735","authorized","1","ACC-3021093232","149.83","-29.47","POS","0c1ffe7f-8a0e-4d5f-b91d-78577b9b40a2","Melissa",9826.89,2018-10-14 07:00:00,"F",30,"Bega","NSW",23.31,"55a957595ac842d4aecfd5e24902e8ba","CUS-55310383","149.84","-36.67","debit","Sun","10:29:53","10","October"
"9736","authorized","1","ACC-2674800293","144.96","-37.69","SALES-POS","e232c1e0-14e3-4a49-9b80-b7d6b0ce7a42","Elizabeth",29647.71,2018-10-14 07:00:00,"F",50,"Fitzroy","VIC",36.07,"7f33160bfe7640439984c75c78c070aa","CUS-2977593493","144.98","-37.79","debit","Sun","10:40:38","10","October"
"9737","authorized","1","ACC-3485804958","138.52","-35.01","SALES-POS","2c63709e-b73e-4e47-8d45-898cb136ec42","Jessica",28048.55,2018-10-14 07:00:00,"F",34,"Belconnen","ACT",30.32,"53f2280217b845bc82874e679c4ad598","CUS-1196156254","149.07","-35.24","debit","Sun","10:51:23","10","October"
"9738","posted",NA,"ACC-3233697971","151.04","-33.77","PAYMENT",NA,"Robin",11894.23,2018-10-14 07:00:00,"F",34,NA,NA,160,"39ec7b24dee441d781bbf810a2f91999","CUS-1147642491",NA,NA,"debit","Sun","11:00:00","11","October"
"9739","posted",NA,"ACC-3827517394","151.12","-33.89","PAYMENT",NA,"Craig",44501.42,2018-10-14 07:00:00,"M",28,NA,NA,28,"e15bd2fe0b8d4f5196aea5de5f231c00","CUS-2663907001",NA,NA,"debit","Sun","11:00:00","11","October"
"9740","posted",NA,"ACC-1496451953","145.16","-37.84","INTER BANK",NA,"Ricky",19610.4,2018-10-14 07:00:00,"M",43,NA,NA,31,"f896cc4171f64d6895d5d8c7273470b4","CUS-3142625864",NA,NA,"debit","Sun","11:00:00","11","October"
"9741","posted",NA,"ACC-2615038700","145.35","-38.03","INTER BANK",NA,"Emily",32655.21,2018-10-14 07:00:00,"F",43,NA,NA,38,"f3ee67d6a5ed4c7f9f7d36a9dd8aa0cc","CUS-3255104878",NA,NA,"debit","Sun","11:00:00","11","October"
"9742","posted",NA,"ACC-854938045","147.63","-22.84","PAYMENT",NA,"James",12022.66,2018-10-14 07:00:00,"M",28,NA,NA,34,"c567d4b6def6498182599e342cea291f","CUS-4023861240",NA,NA,"debit","Sun","11:00:00","11","October"
"9743","authorized","0","ACC-1608363396","151.22","-33.87","POS","b6fc7027-f291-4a0a-8cbb-d68a036040bd","Robert",7707.35,2018-10-14 07:00:00,"M",20,"Kojonup","WA",23.33,"51df44b42ea1475ea19051c5b611ebc4","CUS-2688605418","117.16","-33.83","debit","Sun","11:01:36","11","October"
"9744","authorized","0","ACC-602667573","151.23","-33.96","SALES-POS","440aadf4-f844-4bae-bb38-1f728c78a00d","Michael",18229.33,2018-10-14 07:00:00,"M",40,"North Sydney","NSW",5.11,"f931d00f442a42668fafff487c7689ba","CUS-2031327464","151.21","-33.84","debit","Sun","11:09:40","11","October"
"9745","authorized","0","ACC-3481401842","115.74","-31.72","SALES-POS","d75b1665-af5d-40ca-a3c1-146e3225dbab","Tiffany",7442.24,2018-10-14 07:00:00,"F",25,"Laurieton","NSW",14.08,"49a022b61b334fb79e43ee4f060887f3","CUS-1669695324","152.8","-31.65","debit","Sun","11:17:44","11","October"
"9746","authorized","1","ACC-602667573","151.23","-33.96","SALES-POS","917cd761-d5c5-45c8-a607-3fc2e75b00c5","Michael",18180.92,2018-10-14 07:00:00,"M",40,"Hillsdale","NSW",48.41,"ecc3c0a99f2942b79734b3cf1ea4a895","CUS-2031327464","151.22","-33.95","debit","Sun","11:25:48","11","October"
"9747","authorized","1","ACC-1217063613","147.61","-37.82","POS","6a6c7c64-28f0-4286-8cd0-bffeaa33972c","Kimberly",4510.78,2018-10-14 07:00:00,"F",27,"Clermont","QLD",22.91,"426a54c4b0a743c0a2fedbb42a96907a","CUS-1739931018","147.64","-22.82","debit","Sun","11:33:52","11","October"
"9748","authorized","1","ACC-1903037542","153.05","-27.61","SALES-POS","0c9a9567-20b6-4917-8e4e-df4b42940e3f","Jeffrey",5208.14,2018-10-14 07:00:00,"M",30,"Wilsonton","QLD",9.66,"ea2b671bf7b74aa49e9c17a891866d6e","CUS-860700529","151.93","-27.55","debit","Sun","11:41:56","11","October"
"9749","authorized","1","ACC-3771436525","145.04","-37.92","POS","4533f924-6d16-48cc-b96b-d784a2473fb9","Derek",5756.27,2018-10-14 07:00:00,"M",20,"Windsor Gardens","SA",7.84,"d8e222086c4144ff801ca11b81c0c360","CUS-3325710106","138.65","-34.86","debit","Sun","11:49:59","11","October"
"9750","authorized","1","ACC-3827517394","151.12","-33.89","SALES-POS","073720e7-ba74-49ce-b6a4-ac273edf39e0","Craig",44529.42,2018-10-14 07:00:00,"M",28,"Glenbrook","NSW",15.35,"9b11c7c5240c477a8e35ec91876bbe46","CUS-2663907001","150.62","-33.77","debit","Sun","11:58:03","11","October"
"9751","posted",NA,"ACC-2249586092","115.98","-32.07","PAYMENT",NA,"Edward",10568.37,2018-10-14 07:00:00,"M",19,NA,NA,37,"ebbbe70e6f094a25a1a9605c96a3be00","CUS-443776336",NA,NA,"debit","Sun","12:00:00","12","October"
"9752","authorized","1","ACC-1608363396","151.22","-33.87","SALES-POS","b7771d5f-e430-48ee-8671-9db06345ec35","Robert",7695.44,2018-10-14 07:00:00,"M",20,"Westmead","NSW",11.91,"354e7a57e31e424ea161853fcaf2c00b","CUS-2688605418","150.99","-33.8","debit","Sun","12:12:52","12","October"
"9753","authorized","1","ACC-2249586092","115.98","-32.07","POS","79d19617-a0e2-4300-8e32-d100b1a677d0","Edward",10605.37,2018-10-14 07:00:00,"M",19,"Victoria Park","WA",5.62,"157f398ca6d144b988771b4487b20f81","CUS-443776336","115.9","-31.96","debit","Sun","12:29:49","12","October"
"9754","authorized","0","ACC-354106658","151.04","-33.80","SALES-POS","26731ba8-e9ac-4898-9747-6374079c8510","Christine",13941.39,2018-10-14 07:00:00,"F",39,"Blacktown","NSW",51.14,"5585690f6b6a4109b034da059a8a2956","CUS-2376382098","150.92","-33.78","debit","Sun","12:46:46","12","October"
"9755","posted",NA,"ACC-414431115","142.77","-37.06","PAYMENT",NA,"Amy",5660.69,2018-10-14 07:00:00,"F",43,NA,NA,172,"50ccbe9499d843d3916186b23ef091ef","CUS-2599279756",NA,NA,"debit","Sun","13:00:00","13","October"
"9756","authorized","1","ACC-3100725361","145.73","-17.03","SALES-POS","a990f275-7350-4c47-818f-cbf1aa71bf84","Ronald",5110.05,2018-10-14 07:00:00,"M",25,"Cairns City","QLD",10.52,"565a95a01c724b6bafeaea5406712d58","CUS-2178051368","145.75","-16.88","debit","Sun","13:03:51","13","October"
"9757","authorized","1","ACC-1652235822","144.89","-37.81","POS","496bc96a-4a77-47e6-ad1d-0782db826584","Renee",21169.49,2018-10-14 07:00:00,"F",38,"Melton West","VIC",24.32,"30e3c1b1756c43de9e7067e149dc94af","CUS-2206365095","144.57","-37.69","debit","Sun","13:21:24","13","October"
"9758","authorized","0","ACC-1998563091","149.03","-35.25","SALES-POS","4f333982-d8b3-400b-abee-a60dab451977","David",18841.12,2018-10-14 07:00:00,"M",42,"Woodcroft","SA",39.12,"b0ea578a60514f01bffd36269ce96115","CUS-3395687666","138.55","-35.1","debit","Sun","13:38:56","13","October"
"9759","authorized","0","ACC-1222300524","151.23","-33.94","POS","1be15a76-9a7e-4a85-99cf-f065b1dc9591","Michael",1358.8,2018-10-14 07:00:00,"M",38,"Hurstville","NSW",33.77,"fa0d33ea41ce4037a269679c06f3a1f3","CUS-2142601169","151.1","-33.97","debit","Sun","13:56:29","13","October"
"9760","posted",NA,"ACC-37709441","153.41","-28.01","INTER BANK",NA,"Charles",16605.54,2018-10-14 07:00:00,"M",18,NA,NA,40,"ac9d7aac52da458fb9702e0eeec0505a","CUS-3336454548",NA,NA,"debit","Sun","14:00:00","14","October"
"9761","authorized","0","ACC-602667573","151.23","-33.96","SALES-POS","dafef863-245b-47b6-9e0b-e94a31e52a03","Michael",18162.84,2018-10-14 07:00:00,"M",40,"Zetland","NSW",18.08,"ae79b58e994c4d8791d4c79eb29d1e67","CUS-2031327464","151.21","-33.91","debit","Sun","14:06:43","14","October"
"9762","authorized","1","ACC-3021093232","149.83","-29.47","POS","79f70d82-40bc-4e16-a74d-f2545bb6f3dd","Melissa",9798.08,2018-10-14 07:00:00,"F",30,"Narrabri","NSW",28.81,"b442b9dc2bb24569b51e504bd18cf9b4","CUS-55310383","149.76","-30.35","debit","Sun","14:15:07","14","October"
"9763","authorized","0","ACC-3481401842","115.74","-31.72","POS","a7fc9d32-5614-4a92-9f8c-2a834bf2bbcf","Tiffany",7438.01,2018-10-14 07:00:00,"F",25,"Como","WA",4.23,"aa7154223d8143ffad5031c39e275bc9","CUS-1669695324","115.87","-31.99","debit","Sun","14:23:31","14","October"
"9764","authorized","1","ACC-1903037542","153.05","-27.61","SALES-POS","09d50500-6b6b-40d6-8477-d6781af393ca","Jeffrey",5194.17,2018-10-14 07:00:00,"M",30,"Greenslopes","QLD",13.97,"db58439df74a4c278535784b1cc54c80","CUS-860700529","153.04","-27.5","debit","Sun","14:31:55","14","October"
"9765","authorized","1","ACC-240804743","121.48","-30.75","POS","8405c9b6-d3ad-4d9a-b69c-db9482cbb3a9","Kenneth",18452.02,2018-10-14 07:00:00,"M",29,"Boulder","WA",9.27,"3820fdfcc8ad48bf9732c3016a6b54a5","CUS-261674136","121.49","-30.78","debit","Sun","14:40:20","14","October"
"9766","authorized","1","ACC-3084464802","145.15","-37.76","POS","8b717010-a410-4319-83a2-99491834adde","Susan",9412.53,2018-10-14 07:00:00,"F",19,"Fitzroy","VIC",11.16,"c7b2d29643e04553a5a55f7cec647f12","CUS-1928710999","144.98","-37.8","debit","Sun","14:48:44","14","October"
"9767","authorized","1","ACC-3084464802","145.15","-37.76","POS","fcd3ad2d-4373-4fc4-a92e-1914da15cb35","Susan",9386.81,2018-10-14 07:00:00,"F",19,"Thornbury","VIC",25.72,"9a871b15590e4b4388409cbba6e50065","CUS-1928710999","145","-37.76","debit","Sun","14:57:08","14","October"
"9768","authorized","1","ACC-3827517394","151.12","-33.89","SALES-POS","2b8b566b-c2dc-4d09-adac-7a0d60e6729c","Craig",44328.95,2018-10-14 07:00:00,"M",28,"Westmead","NSW",172.47,"b1d740835f024cf9aa75a9d89d2a47d3","CUS-2663907001","150.98","-33.8","debit","Sun","15:05:56","15","October"
"9769","authorized","1","ACC-3827517394","151.12","-33.89","SALES-POS","ea4860ef-a70b-4db6-aa69-99fcaa697db8","Craig",44300.5,2018-10-14 07:00:00,"M",28,"West Ryde","NSW",28.45,"77ca4907368e4e6c9da2a114312a4d18","CUS-2663907001","151.09","-33.81","debit","Sun","15:14:57","15","October"
"9770","authorized","1","ACC-1217063613","147.61","-37.82","POS","f75d1ba6-c916-4906-92f6-d8beb6e19339","Kimberly",4429.37,2018-10-14 07:00:00,"F",27,"Burnley","VIC",81.41,"7cf32080816b4b94948a90224c03d827","CUS-1739931018","145.02","-37.83","debit","Sun","15:23:57","15","October"
"9771","authorized","1","ACC-1998563091","149.03","-35.25","POS","b13e0228-b536-4a81-bbbd-64e7ae7574c1","David",18809.4,2018-10-14 07:00:00,"M",42,"Ooralea","QLD",31.72,"00354454a68b46cf896ab1090cdbda77","CUS-3395687666","149.15","-21.17","debit","Sun","15:32:58","15","October"
"9772","authorized","1","ACC-354106658","151.04","-33.80","POS","b9f4c7ce-ecdb-431b-8328-a07c6f5b5cf4","Christine",13928.52,2018-10-14 07:00:00,"F",39,"Penrith","NSW",12.87,"258e7829b85f4386a4376536e0c52627","CUS-2376382098","150.69","-33.75","debit","Sun","15:41:58","15","October"
"9773","authorized","0","ACC-240804743","121.48","-30.75","POS","8281a040-04b5-47a5-941e-7152f50a6af6","Kenneth",18436.92,2018-10-14 07:00:00,"M",29,"Macksville","NSW",15.1,"b07e3db1fa184afd9bbdb9f2a8ab7e6a","CUS-261674136","152.92","-30.71","debit","Sun","15:50:59","15","October"
"9774","authorized","0","ACC-1683215619","138.67","-34.86","POS","9e344a83-00aa-4814-8ba5-5c7acc0b3482","Barry",7162.56,2018-10-14 07:00:00,"M",38,"Nowra","NSW",62.38,"5c0ce8f88e954e87b967b979e648a70f","CUS-1604596597","150.6","-34.88","debit","Sun","15:59:59","15","October"
"9775","authorized","1","ACC-38923874","151.27","-33.90","POS","40bfb01f-ccf8-4e3a-9565-17e99d51890c","Ryan",43505.09,2018-10-14 07:00:00,"M",38,"Wolli Creek","NSW",14.58,"9a77fc023dc4445d9464b24130af3b3f","CUS-3249305314","151.15","-33.93","debit","Sun","16:16:07","16","October"
"9776","authorized","0","ACC-1799207998","150.68","-33.79","POS","0fae656a-be64-4a18-8878-943e0ad35db0","Susan",8969.6,2018-10-14 07:00:00,"F",20,"Revesby","NSW",19.74,"c5091e5ed96a4836856a26e90d2468c9","CUS-164374203","151.02","-33.94","debit","Sun","16:32:15","16","October"
"9777","authorized","1","ACC-2249586092","115.98","-32.07","POS","0fc42183-ae5c-43ba-ac06-7ba2e1b063d8","Edward",10565.29,2018-10-14 07:00:00,"M",19,"Willetton","WA",3.08,"3efd3fb475464a51b8fb5b3341b524c5","CUS-443776336","115.88","-32.06","debit","Sun","16:48:23","16","October"
"9778","posted",NA,"ACC-211792489","138.63","-34.93","PAYMENT",NA,"Jacqueline",3168.46,2018-10-14 07:00:00,"F",30,NA,NA,22,"542f969385aa4c5fb30c18c03bda7c9b","CUS-497688347",NA,NA,"debit","Sun","17:00:00","17","October"
"9779","authorized","1","ACC-602667573","151.23","-33.96","SALES-POS","2cb3a2dd-1d71-461e-9d0e-24e67be4624a","Michael",18123.37,2018-10-14 07:00:00,"M",40,"Pymble","NSW",39.47,"93aff40ad7954110ae1847c9fb33b148","CUS-2031327464","151.15","-33.75","debit","Sun","17:02:56","17","October"
"9780","authorized","1","ACC-1443681913","150.92","-33.77","SALES-POS","5aab531a-f596-4184-b229-f5b8ab29b51a","Ryan",5400.16,2018-10-14 07:00:00,"M",31,"Oatley","NSW",22.96,"516ed70bdd354ca9abec6de0309be787","CUS-3129499595","151.08","-33.98","debit","Sun","17:13:28","17","October"
"9781","authorized","0","ACC-1217063613","147.61","-37.82","SALES-POS","d5696f32-4a46-47f7-83af-ae638ffeb05f","Kimberly",4418.31,2018-10-14 07:00:00,"F",27,"Roxburgh Park","VIC",11.06,"7cd9bc583baf40f882254cf7ec6ed642","CUS-1739931018","144.93","-37.64","debit","Sun","17:23:59","17","October"
"9782","authorized","0","ACC-3771436525","145.04","-37.92","POS","90f629b8-20c4-42ee-b4b3-20e2bad655c3","Derek",5734.54,2018-10-14 07:00:00,"M",20,"Preston","VIC",21.73,"bbcfa23d9e7748f8936ef5de2d68648d","CUS-3325710106","145.03","-37.74","debit","Sun","17:34:31","17","October"
"9783","authorized","1","ACC-3485804958","138.52","-35.01","POS","1215ed67-7b95-4d36-8344-9b9e16724acc","Jessica",27969.39,2018-10-14 07:00:00,"F",34,"Norwood","SA",79.16,"142aed2999284adfaa67f4307c91c5e0","CUS-1196156254","138.62","-34.92","debit","Sun","17:45:03","17","October"
"9784","authorized","1","ACC-1222300524","151.23","-33.94","POS","5c134d37-923c-49b8-8559-6980b0047703","Michael",1343.26,2018-10-14 07:00:00,"M",38,"Bankstown","NSW",15.54,"f2d880b51dfd4ba18396c687dd84ebcd","CUS-2142601169","151.03","-33.92","debit","Sun","17:55:34","17","October"
"9785","posted",NA,"ACC-2681137560","151.11","-33.99","PAYMENT",NA,"Nathaniel",11103.9,2018-10-14 07:00:00,"M",31,NA,NA,45,"67d869d682de487a9f4b05f61df25916","CUS-2083971310",NA,NA,"debit","Sun","18:00:00","18","October"
"9786","authorized","1","ACC-574997646","150.79","-33.64","POS","10e9a367-5948-4fa6-83a3-62e0ab1d8934","Mackenzie",5144.57,2018-10-14 07:00:00,"F",18,"Faulconbridge","NSW",23.48,"9ceefe3817864d47979b9588815f3ffd","CUS-586638664","150.55","-33.69","debit","Sun","18:12:53","18","October"
"9787","authorized","0","ACC-1683215619","138.67","-34.86","SALES-POS","418f3602-0122-49c7-b9b2-66f77ad5bed2","Barry",7149.55,2018-10-14 07:00:00,"M",38,"Nowra","NSW",13.01,"58364ffa22724e739d7745e4bb3b6a8d","CUS-1604596597","150.6","-34.88","debit","Sun","18:35:06","18","October"
"9788","authorized","1","ACC-602667573","151.23","-33.96","POS","3a834bd8-21d8-4e37-a908-b91f81704863","Michael",18104.42,2018-10-14 07:00:00,"M",40,"Manly","NSW",18.95,"637b13f563f74ce18132a7332a8efb93","CUS-2031327464","151.29","-33.8","debit","Sun","18:57:19","18","October"
"9789","posted",NA,"ACC-1650504218","145.01","-37.93","PAYMENT",NA,"Marissa",15411.88,2018-10-14 07:00:00,"F",23,NA,NA,18,"ada5df44ff3a4446a6077d3b80445a20","CUS-2500783281",NA,NA,"debit","Sun","19:00:00","19","October"
"9790","posted",NA,"ACC-37709441","153.41","-28.01","INTER BANK",NA,"Charles",16578.54,2018-10-14 07:00:00,"M",18,NA,NA,27,"f51b4f9069604f5297e1da856ff9b429","CUS-3336454548",NA,NA,"debit","Sun","19:00:00","19","October"
"9791","posted",NA,"ACC-2970114956","144.89","-37.69","PAYMENT",NA,"Robert",11342.1,2018-10-14 07:00:00,"M",26,NA,NA,149,"734dd625fb7049d7860aa57b75ddde22","CUS-880898248",NA,NA,"debit","Sun","19:00:00","19","October"
"9792","authorized","1","ACC-1683215619","138.67","-34.86","SALES-POS","97b8c1d7-9ed2-4f57-8ffe-9760eba55ba5","Barry",7133.45,2018-10-14 07:00:00,"M",38,"West Lakes","SA",16.1,"13d1d0a9b3634d58a3559dc970cd4408","CUS-1604596597","138.49","-34.88","debit","Sun","19:09:40","19","October"
"9793","authorized","1","ACC-3541460373","145.00","-37.83","SALES-POS","ba72418f-5d6f-48a5-b76f-ce25bb88dee4","Jeffrey",4503.69,2018-10-14 07:00:00,"M",24,"Warrandyte","VIC",23.36,"fe80e86367834f778f74559c0695dcd3","CUS-1433879684","145.23","-37.76","debit","Sun","19:20:39","19","October"
"9794","authorized","1","ACC-1799207998","150.68","-33.79","SALES-POS","b116f703-dc3b-4c66-ac97-040222ad0666","Susan",8956.29,2018-10-14 07:00:00,"F",20,"Surry Hills","NSW",13.31,"d8a41e1ba9aa459ea03e1c1f76f09a6e","CUS-164374203","151.21","-33.89","debit","Sun","19:31:38","19","October"
"9795","authorized","1","ACC-3485804958","138.52","-35.01","POS","675bfbd2-4886-453a-8991-ab9f514bb5de","Jessica",27938.45,2018-10-14 07:00:00,"F",34,"Glenside","SA",30.94,"4e9912806ca549d48d13038ff11b012b","CUS-1196156254","138.63","-34.94","debit","Sun","19:42:38","19","October"
"9796","authorized","1","ACC-1903037542","153.05","-27.61","SALES-POS","d306d1c0-8bf6-4fd6-b16e-8a07b1d4d557","Jeffrey",5185.66,2018-10-14 07:00:00,"M",30,"Cleveland","QLD",8.51,"49a858c98d4f4da9b0de97670dac9501","CUS-860700529","153.27","-27.53","debit","Sun","19:53:37","19","October"
"9797","posted",NA,"ACC-240804743","121.48","-30.75","PAYMENT",NA,"Kenneth",18388.92,2018-10-14 07:00:00,"M",29,NA,NA,48,"370ad2ce760b497082a46b9cac5b9303","CUS-261674136",NA,NA,"debit","Sun","20:00:00","20","October"
"9798","posted",NA,"ACC-2897221629","150.90","-34.37","PAYMENT",NA,"Scott",6885.61,2018-10-14 07:00:00,"M",23,NA,NA,42,"de9e7c7cd19e47bab3a86eb0cda12ed3","CUS-511326734",NA,NA,"debit","Sun","20:00:00","20","October"
"9799","posted",NA,"ACC-1903037542","153.05","-27.61","INTER BANK",NA,"Jeffrey",5093.99,2018-10-14 07:00:00,"M",30,NA,NA,78,"36f8251ce18d4b52a771b9115f40c531","CUS-860700529",NA,NA,"debit","Sun","20:00:00","20","October"
"9800","authorized","1","ACC-3485804958","138.52","-35.01","POS","45cd10b2-8c0c-48fe-8b11-4df5eebab8a9","Jessica",27924.04,2018-10-14 07:00:00,"F",34,"Goulburn","NSW",14.41,"7082dba1cf6846c786e0bc5260fd8681","CUS-1196156254","149.72","-34.75","debit","Sun","20:02:56","20","October"
"9801","authorized","0","ACC-2673069055","152.99","-27.49","SALES-POS","e5728470-bf30-4467-86cf-33bf03578de1","Richard",15370.84,2018-10-14 07:00:00,"M",24,"Gatton","QLD",15.19,"9fbed680bd7c4b5998fa7028aea221dc","CUS-51506836","152.28","-27.56","debit","Sun","20:09:55","20","October"
"9802","authorized","0","ACC-2305712452","138.61","-34.89","SALES-POS","d6da0a73-531c-4df4-9afa-90c883149a9f","Debra",5895.77,2018-10-14 07:00:00,"F",18,"Gundagai","NSW",10.93,"53030c7015d548a2b09b09e312d1293b","CUS-1842679196","148.11","-35.01","debit","Sun","20:16:55","20","October"
"9803","authorized","1","ACC-1222300524","151.23","-33.94","POS","9fafd25e-2baa-44ee-8ca3-bd2edfcd9150","Michael",1317.39,2018-10-14 07:00:00,"M",38,"Liverpool","NSW",25.87,"c299385314814fef8e52991eb6867853","CUS-2142601169","150.92","-33.91","debit","Sun","20:23:54","20","October"
"9804","authorized","1","ACC-1903037542","153.05","-27.61","SALES-POS","7d8decaf-9b13-4339-b93b-6c24e33a75dd","Jeffrey",5179.89,2018-10-14 07:00:00,"M",30,"Brisbane City","QLD",5.77,"2e09a7ece21949ff8db7a1971b3f3f54","CUS-860700529","153.03","-27.47","debit","Sun","20:30:54","20","October"
"9805","authorized","0","ACC-1903037542","153.05","-27.61","SALES-POS","90b719ad-1dad-4d77-8f06-11507532fc78","Jeffrey",5171.99,2018-10-14 07:00:00,"M",30,"Brisbane City","QLD",7.9,"8f0225c5ddf646e0ad54b87dfad4ea46","CUS-860700529","153.03","-27.47","debit","Sun","20:37:54","20","October"
"9806","authorized","1","ACC-1608363396","151.22","-33.87","SALES-POS","e31d02b0-524f-4d7c-8966-608a5f81ae85","Robert",7676.42,2018-10-14 07:00:00,"M",20,"Ramsgate","NSW",19.02,"2a9cd5dbc54842fa879c35910a6bc4ee","CUS-2688605418","151.15","-33.99","debit","Sun","20:44:53","20","October"
"9807","authorized","1","ACC-3084464802","145.15","-37.76","POS","5ca0af7b-4e68-4c5e-85f4-ccf90bc9f359","Susan",9360.51,2018-10-14 07:00:00,"F",19,"Bruthen","VIC",26.3,"a0c1327162d0421b960524b533b12812","CUS-1928710999","147.83","-37.71","debit","Sun","20:51:53","20","October"
"9808","authorized","1","ACC-3481401842","115.74","-31.72","SALES-POS","e3d8ae19-3768-4035-bfed-9247ebc4b7fa","Tiffany",7386.69,2018-10-14 07:00:00,"F",25,"Cannington","WA",51.32,"41346137c89f42d0be0c352a44e28f56","CUS-1669695324","115.94","-32.02","debit","Sun","20:58:52","20","October"
"9809","posted",NA,"ACC-154431271","153.09","-27.48","PAYMENT",NA,"Lori",2117.35,2018-10-14 07:00:00,"F",18,NA,NA,50,"a8f86d7b956a4909bd3b34a9b26769fa","CUS-3702001629",NA,NA,"debit","Sun","21:00:00","21","October"
"9810","authorized","1","ACC-1710017148","150.82","-34.01","POS","e7679f48-7159-44ac-bdac-34451fcd487d","Michelle",13737.87,2018-10-14 07:00:00,"F",19,"Randwick","NSW",13.13,"93976454b1a04eb3a86542574c105e70","CUS-883482547","151.24","-33.92","debit","Sun","21:03:40","21","October"
"9811","authorized","1","ACC-3481401842","115.74","-31.72","POS","37bde927-5d7e-4cc4-81a1-0495d9f1e034","Tiffany",7375.76,2018-10-14 07:00:00,"F",25,"Laurieton","NSW",10.93,"f102e1fa9c344edf9d1e38ccff5cce8b","CUS-1669695324","152.8","-31.65","debit","Sun","21:08:02","21","October"
"9812","authorized","1","ACC-1683215619","138.67","-34.86","SALES-POS","02dc8434-5ba7-40ee-b1c5-5771560e0c1d","Barry",7065.1,2018-10-14 07:00:00,"M",38,"Nowra North","NSW",68.35,"548fb7555a364a5cb80187e70d955ff0","CUS-1604596597","150.59","-34.87","debit","Sun","21:12:24","21","October"
"9813","authorized","0","ACC-1903037542","153.05","-27.61","SALES-POS","ca9fa256-5d60-4cfa-929f-829c89239474","Jeffrey",5020.87,2018-10-14 07:00:00,"M",30,"Loganholme","QLD",73.12,"05f0c934271344ceb80e81321fbce4cf","CUS-860700529","153.18","-27.67","debit","Sun","21:16:46","21","October"
"9814","authorized","1","ACC-4258502723","145.45","-37.74","SALES-POS","9028e0e7-d52a-4e74-9aa2-015aca34887c","Kimberly",4941.02,2018-10-14 07:00:00,"F",24,"Calder Park","VIC",24.9,"8dc93d38f48c435aa78b8420dc990ce7","CUS-3378712515","144.75","-37.67","debit","Sun","21:21:08","21","October"
"9815","authorized","1","ACC-3827517394","151.12","-33.89","SALES-POS","176c6ba1-335b-40a6-9598-7584bc0b1e17","Craig",44276.82,2018-10-14 07:00:00,"M",28,"Mayfield","NSW",23.68,"d468ee96a12940be9d8664529042b719","CUS-2663907001","149.78","-33.67","debit","Sun","21:25:30","21","October"
"9816","authorized","1","ACC-3541460373","145.00","-37.83","POS","c66cb3b9-33f4-4151-8e5b-26221d600847","Jeffrey",4302.09,2018-10-14 07:00:00,"M",24,"Bayswater","VIC",201.6,"d0d1f72c91d64da69ae26dfbbe2e9d5c","CUS-1433879684","145.27","-37.84","debit","Sun","21:29:52","21","October"
"9817","authorized","1","ACC-559365433","147.31","-42.88","POS","4ebc6c77-466d-4bc1-84cb-79098be0f2df","Mary",3808.18,2018-10-14 07:00:00,"F",64,"Palm Beach","QLD",11.42,"d4ebc6e244c44a078b9b7d4cf577ef30","CUS-1654129794","153.47","-28.12","debit","Sun","21:34:14","21","October"
"9818","authorized","1","ACC-1222300524","151.23","-33.94","POS","e9c95a83-b406-414e-b447-0ec282d38faf","Michael",1306.79,2018-10-14 07:00:00,"M",38,"Margaret River","WA",10.6,"ea5ca0aa94b444e3b665644dc477e034","CUS-2142601169","115.07","-33.95","debit","Sun","21:38:36","21","October"
"9819","authorized","0","ACC-3827517394","151.12","-33.89","SALES-POS","18799c68-dbe9-48d1-a398-91faf098eecb","Craig",44267.36,2018-10-14 07:00:00,"M",28,"Sydney","NSW",9.46,"8f3cc16ab07f4450b9bfc2b7246684ff","CUS-2663907001","151.21","-33.87","debit","Sun","21:42:58","21","October"
"9820","authorized","1","ACC-37709441","153.41","-28.01","POS","95729e27-6bcb-422a-a3bf-ddb1aa204c7c","Charles",16571.43,2018-10-14 07:00:00,"M",18,"Southport","QLD",7.11,"87e47b812e704a55ae58b117a1b738ea","CUS-3336454548","153.38","-27.97","debit","Sun","21:47:20","21","October"
"9821","authorized","1","ACC-3084464802","145.15","-37.76","POS","5c1478a8-5404-4e83-b0c3-062649022fc4","Susan",9344.19,2018-10-14 07:00:00,"F",19,"Prahran","VIC",16.32,"02f679a58d8f4fc4ad181f5b5dccf3c5","CUS-1928710999","144.99","-37.85","debit","Sun","21:51:42","21","October"
"9822","authorized","1","ACC-3541460373","145.00","-37.83","POS","5d6a017b-a8a1-484b-8796-a12805e41a63","Jeffrey",4277.25,2018-10-14 07:00:00,"M",24,"Bayswater North","VIC",24.84,"f95db48be5ac4556a4a2830662e41460","CUS-1433879684","145.29","-37.82","debit","Sun","21:56:04","21","October"
"9823","posted",NA,"ACC-602667573","151.23","-33.96","PAYMENT",NA,"Michael",18079.42,2018-10-14 07:00:00,"M",40,NA,NA,25,"9a13f7c0940d448eac102446081dbdf3","CUS-2031327464",NA,NA,"debit","Sun","22:00:00","22","October"
"9824","posted",NA,"ACC-2231965366","144.96","-37.84","INTER BANK",NA,"Linda",20602.81,2018-10-14 07:00:00,"F",35,NA,NA,901,"57fe7075bc0e46acaeb3a2f3ecb0dcc9","CUS-2155701614",NA,NA,"debit","Sun","22:00:00","22","October"
"9825","authorized","1","ACC-1998563091","149.03","-35.25","SALES-POS","18f16bcf-eee5-4723-b66c-9c82d64c532d","David",18791.48,2018-10-14 07:00:00,"M",42,"Russell","ACT",17.92,"a36bd15477d14df08de76d5d06426dff","CUS-3395687666","149.15","-35.3","debit","Sun","22:01:32","22","October"
"9826","authorized","1","ACC-38923874","151.27","-33.90","POS","f1f8c97e-620b-4343-aefe-0ef649f50ae5","Ryan",43484.09,2018-10-14 07:00:00,"M",38,"Parramatta","NSW",21,"f866edfa42654286b843523ded417ecf","CUS-3249305314","151","-33.81","debit","Sun","22:16:55","22","October"
"9827","authorized","1","ACC-1056639002","145.03","-37.91","SALES-POS","073a244a-395e-4a0d-aed3-302eceaba586","Michael",53573.3,2018-10-14 07:00:00,"M",22,"Southbank","VIC",36,"5924e4c0b858479b972ace0e78e232ee","CUS-3462882033","144.96","-37.82","debit","Sun","22:32:18","22","October"
"9828","authorized","1","ACC-1903037542","153.05","-27.61","SALES-POS","aafc0b02-95e0-4061-92d3-34ea0eccf42f","Jeffrey",4990.9,2018-10-14 07:00:00,"M",30,"Thornlands","QLD",29.97,"5659756a630649efa906a7d55eec84ab","CUS-860700529","153.27","-27.56","debit","Sun","22:47:41","22","October"
"9829","posted",NA,"ACC-3084464802","145.15","-37.76","PAYMENT",NA,"Susan",9221.19,2018-10-14 07:00:00,"F",19,NA,NA,123,"7e13d935ef0e4485a614041011263619","CUS-1928710999",NA,NA,"debit","Sun","23:00:00","23","October"
"9830","authorized","1","ACC-4258502723","145.45","-37.74","POS","463172d5-f0ac-4f2c-a7c9-6cdec83b3c97","Kimberly",4930.24,2018-10-14 07:00:00,"F",24,"Orbost","VIC",10.78,"f7bce3b1ed2246f28823319830ec4768","CUS-3378712515","148.46","-37.7","debit","Sun","23:03:42","23","October"
"9831","authorized","1","ACC-1799207998","150.68","-33.79","POS","59ba0b94-0a95-4a8c-b11c-7ee934e3ea4d","Susan",8931.52,2018-10-14 07:00:00,"F",20,"West Perth","WA",24.77,"a38962f6f7084a8c8ac9e151891aa504","CUS-164374203","115.84","-31.95","debit","Sun","23:22:13","23","October"
"9832","authorized","1","ACC-90814749","151.68","-32.98","POS","eb93860b-42d6-4afd-8c0b-74fb08a1336f","Christopher",11418.21,2018-10-14 07:00:00,"M",35,"Hamilton","NSW",65.69,"2ff219ba2f884f75b002168c870e3c33","CUS-1896554896","151.75","-32.92","debit","Sun","23:40:44","23","October"
"9833","authorized","0","ACC-1903037542","153.05","-27.61","SALES-POS","c0a97399-2d3d-47bc-a2f0-f9d1bbc942f0","Jeffrey",4965.99,2018-10-14 07:00:00,"M",30,"Capalaba","QLD",24.91,"f8d9e19369594197b6f53ae8978b6882","CUS-860700529","153.2","-27.53","debit","Sun","23:59:15","23","October"
"9834","authorized","0","ACC-819621312","145.04","-37.85","POS","9dea0355-5d72-4ef1-b495-439fe3dd64ce","Michele",8663.06,2018-10-15 07:00:00,"F",30,"Werribee","VIC",22.23,"228b57ae970848919d0d23e50c30b39b","CUS-1271030853","144.66","-37.9","debit","Mon","01:21:35","01","October"
"9835","authorized","1","ACC-559365433","147.31","-42.88","SALES-POS","9f6da3b6-d74b-413a-8b59-ed9d7ca76b9a","Mary",3789.47,2018-10-15 07:00:00,"F",64,"Saint Kilda","VIC",18.71,"52dbef2529d8417db86f49b616bf0007","CUS-1654129794","144.98","-37.87","debit","Mon","02:13:19","02","October"
"9836","posted",NA,"ACC-1349834573","145.17","-37.84","INTER BANK",NA,"Matthew",16390.09,2018-10-15 07:00:00,"M",39,NA,NA,33,"638cc8b24a5d4e2ba32f90edf7869081","CUS-1790886359",NA,NA,"debit","Mon","03:00:00","03","October"
"9837","posted",NA,"ACC-3084464802","145.15","-37.76","INTER BANK",NA,"Susan",9197.19,2018-10-15 07:00:00,"F",19,NA,NA,24,"adbca4735aee46c189dd0a8f711a513c","CUS-1928710999",NA,NA,"debit","Mon","03:00:00","03","October"
"9838","posted",NA,"ACC-819621312","145.04","-37.85","PAYMENT",NA,"Michele",8597.06,2018-10-15 07:00:00,"F",30,NA,NA,66,"afaf6c3a376246afb87dcc310752d53a","CUS-1271030853",NA,NA,"debit","Mon","04:00:00","04","October"
"9839","posted",NA,"ACC-2107684084","145.03","-37.88","PAYMENT",NA,"Richard",10653.57,2018-10-15 07:00:00,"M",22,NA,NA,34,"c1b88838d06b4bbe836275ef90d55069","CUS-2283904812",NA,NA,"debit","Mon","05:00:00","05","October"
"9840","posted",NA,"ACC-1438600314","138.69","-34.84","PAYMENT",NA,"Maria",4463.69,2018-10-15 07:00:00,"F",35,NA,NA,35,"3b44533b8b5a4d218947e6ada514540e","CUS-2650223890",NA,NA,"debit","Mon","06:00:00","06","October"
"9841","posted",NA,"ACC-3941181087","115.79","-31.94","PAYMENT",NA,"Paul",12265.58,2018-10-15 07:00:00,"M",25,NA,NA,172,"8d858ac160f14b93a489b819396367ef","CUS-3989008654",NA,NA,"debit","Mon","06:00:00","06","October"
"9842","posted",NA,"ACC-4059612845","130.98","-12.49","INTER BANK",NA,"Jonathan",61309.05,2018-10-15 07:00:00,"M",38,NA,NA,195,"5e08ee27cee54550b1f926a9e61a8c7a","CUS-495599312",NA,NA,"debit","Mon","06:00:00","06","October"
"9843","authorized","1","ACC-2897221629","150.90","-34.37","POS","4b3f541f-17ea-4686-9d2f-c138c2884a7d","Scott",6867.55,2018-10-15 07:00:00,"M",23,"Warwick Farm","NSW",18.06,"98a2ff3b76a74bfa8526c3fb1aecd3d9","CUS-511326734","150.92","-33.91","debit","Mon","07:25:59","07","October"
"9844","posted",NA,"ACC-3689607373","115.79","-31.79","INTER BANK",NA,"Virginia",7114.11,2018-10-15 07:00:00,"F",20,NA,NA,107,"46456a91de2e4787bf5fb2f318242aaa","CUS-127297539",NA,NA,"debit","Mon","08:00:00","08","October"
"9845","posted",NA,"ACC-3879258709","143.83","-37.66","INTER BANK",NA,"Natasha",201835.59,2018-10-15 07:00:00,"F",40,NA,NA,51,"05883672071a4bddb959a7a2e56b0674","CUS-527400765",NA,NA,"debit","Mon","08:00:00","08","October"
"9846","authorized","1","ACC-1222300524","151.23","-33.94","SALES-POS","9980b7fe-3d5f-4aee-9ed0-74f4b050a175","Michael",1296.97,2018-10-15 07:00:00,"M",38,"Bankstown","NSW",9.82,"7e074ea940da4f379dc18cf671b786be","CUS-2142601169","151.04","-33.92","debit","Mon","08:08:21","08","October"
"9847","authorized","1","ACC-1438600314","138.69","-34.84","SALES-POS","f9718448-276c-404d-afd5-3a1fa947e605","Maria",4446.03,2018-10-15 07:00:00,"F",35,"Edinburgh","SA",17.66,"a62d19988e77404c925accee27339b8d","CUS-2650223890","138.63","-34.73","debit","Mon","08:21:00","08","October"
"9848","authorized","1","ACC-37709441","153.41","-28.01","POS","0ff64be8-4ef8-497e-bf5e-5f7b970474e8","Charles",16562.58,2018-10-15 07:00:00,"M",18,"Upper Coomera","QLD",8.85,"9321390e4c394bb4a03bac47aa24afd7","CUS-3336454548","153.28","-27.9","debit","Mon","08:33:40","08","October"
"9849","authorized","1","ACC-819621312","145.04","-37.85","SALES-POS","9d50c611-15be-4907-a853-c3589c97b53e","Michele",8552,2018-10-15 07:00:00,"F",30,"Melbourne","VIC",45.06,"c305df889a9f4cd98c7032cb17c4471f","CUS-1271030853","144.96","-37.81","debit","Mon","08:46:19","08","October"
"9850","authorized","1","ACC-80388494","144.97","-37.42","POS","fef69d73-ae2c-4a2a-813a-0411af20ad08","Dustin",7266.13,2018-10-15 07:00:00,"M",28,"Mount Macedon","VIC",25.75,"da5f7c99c4114e95b8fd7b6b324a68ab","CUS-1140341822","144.59","-37.4","debit","Mon","08:58:59","08","October"
"9851","posted",NA,"ACC-2673069055","152.99","-27.49","INTER BANK",NA,"Richard",15331.84,2018-10-15 07:00:00,"M",24,NA,NA,39,"383eb821916e440ebc017740551ec564","CUS-51506836",NA,NA,"debit","Mon","09:00:00","09","October"
"9852","authorized","1","ACC-240804743","121.48","-30.75","POS","30d360f5-0df8-4949-997a-9ee51f7b9613","Kenneth",18379.63,2018-10-15 07:00:00,"M",29,"Somerville","WA",9.29,"f93736301baf422486f0f8f6d4f97581","CUS-261674136","121.46","-30.76","debit","Mon","09:05:20","09","October"
"9853","authorized","1","ACC-1496451953","145.16","-37.84","POS","94926e2a-8ab7-4a9a-9121-5faa65015c0f","Ricky",19598.88,2018-10-15 07:00:00,"M",43,"North Melbourne","VIC",11.52,"0b4d1477fdae46dd8072f8f520d897bf","CUS-3142625864","144.96","-37.8","debit","Mon","09:11:09","09","October"
"9854","authorized","0","ACC-1598451071","153.41","-27.95","POS","b7c4918a-30c1-47f4-923c-8db4f23784c5","Diana",809.03,2018-10-15 07:00:00,"F",26,"Waterford West","QLD",5.8,"90880a76606c48ae8d57f9bb5644b8c3","CUS-2487424745","153.12","-27.68","debit","Mon","09:16:58","09","October"
"9855","authorized","1","ACC-819621312","145.04","-37.85","POS","472684b3-c854-4b94-bfce-5a807d1c2fd5","Michele",8280.23,2018-10-15 07:00:00,"F",30,"Preston","VIC",271.77,"eb3c892a96924e8b8621f5c70d27246a","CUS-1271030853","144.99","-37.75","debit","Mon","09:22:47","09","October"
"9856","authorized","1","ACC-1683215619","138.67","-34.86","POS","1c58fd18-0522-4e9d-aace-f2f90c5f2027","Barry",7036.58,2018-10-15 07:00:00,"M",38,"Woodville North","SA",28.52,"99ced3507f8d4285a86b540cb6d5a1db","CUS-1604596597","138.55","-34.87","debit","Mon","09:28:36","09","October"
"9857","authorized","0","ACC-1598451071","153.41","-27.95","SALES-POS","944375b1-299b-4ea7-b0db-445c19046930","Diana",793.73,2018-10-15 07:00:00,"F",26,"Toowoomba","QLD",15.3,"4a7e911021dd4fcf88bddafbd086aadc","CUS-2487424745","151.98","-27.57","debit","Mon","09:34:25","09","October"
"9858","authorized","1","ACC-1608363396","151.22","-33.87","POS","5e30d5e8-c4e0-4bd5-843c-63cb2e1db2bf","Robert",7544.34,2018-10-15 07:00:00,"M",20,"Mascot","NSW",132.08,"356cfd8ddc4d40f7a38f54e0faea923a","CUS-2688605418","151.19","-33.93","debit","Mon","09:40:13","09","October"
"9859","authorized","1","ACC-1443681913","150.92","-33.77","SALES-POS","ad887c40-4ee9-433c-a5c9-355e106e5991","Ryan",5389.78,2018-10-15 07:00:00,"M",31,"Blacktown","NSW",10.38,"a2f2bf29021f475b945f2a38310eb103","CUS-3129499595","150.92","-33.78","debit","Mon","09:46:02","09","October"
"9860","authorized","1","ACC-574997646","150.79","-33.64","SALES-POS","b62a7332-5d09-402f-9b27-ba528c050331","Mackenzie",5120.87,2018-10-15 07:00:00,"F",18,"Bowral","NSW",23.7,"a8a41d6165c444f6b75f5e970356f334","CUS-586638664","150.42","-34.48","debit","Mon","09:51:51","09","October"
"9861","authorized","1","ACC-2107684084","145.03","-37.88","SALES-POS","aa3f790f-969f-4773-b1ca-d02df6aedcde","Richard",10640.51,2018-10-15 07:00:00,"M",22,"Melbourne","VIC",13.06,"8383cddb6ade437691835ba59f7c8fac","CUS-2283904812","144.96","-37.81","debit","Mon","09:57:40","09","October"
"9862","posted",NA,"ACC-1496451953","145.16","-37.84","PAYMENT",NA,"Ricky",19448.88,2018-10-15 07:00:00,"M",43,NA,NA,150,"1a71d3115c7548e3abe2fce247d68966","CUS-3142625864",NA,NA,"debit","Mon","10:00:00","10","October"
"9863","authorized","1","ACC-90814749","151.68","-32.98","POS","7e90d0c6-eacb-405e-97bc-c0bcbe562c3f","Christopher",11399.8,2018-10-15 07:00:00,"M",35,"Myalup","WA",18.41,"d509cd1bd7654fa4a27c948c2c720bf0","CUS-1896554896","115.74","-33.01","debit","Mon","10:04:30","10","October"
"9864","authorized","1","ACC-1608363396","151.22","-33.87","SALES-POS","0359e1a0-5efd-4921-8c41-89f1f0783aa1","Robert",7516.68,2018-10-15 07:00:00,"M",20,"Sydney","NSW",27.66,"df886ed03b064479b8a372bb9807969c","CUS-2688605418","151.2","-33.86","debit","Mon","10:12:01","10","October"
"9865","authorized","1","ACC-2107684084","145.03","-37.88","POS","79ea8217-9bc9-46d3-9de4-f903eb811baa","Richard",10435.85,2018-10-15 07:00:00,"M",22,"Collingwood","VIC",204.66,"0fc1f42881cd40efa9786165301a98b7","CUS-2283904812","144.99","-37.81","debit","Mon","10:19:32","10","October"
"9866","authorized","0","ACC-1222300524","151.23","-33.94","SALES-POS","74991e65-5c75-42fc-8d01-ae06d2d66179","Michael",1283.86,2018-10-15 07:00:00,"M",38,"Liverpool","NSW",13.11,"9f1a7cfb19ed4b1c9d7c812de6051556","CUS-2142601169","150.92","-33.93","debit","Mon","10:27:04","10","October"
"9867","authorized","0","ACC-1710017148","150.82","-34.01","POS","341b0dfd-632c-4ed8-a5d9-0814fbd69760","Michelle",13725.32,2018-10-15 07:00:00,"F",19,"Windsor","NSW",12.55,"7b2c7fff606b4a7dbda7868b10d3a547","CUS-883482547","150.82","-33.61","debit","Mon","10:34:35","10","October"
"9868","authorized","1","ACC-1598451071","153.41","-27.95","SALES-POS","0bab531e-95a1-40b9-b27f-8f4a6c81e36c","Diana",789.06,2018-10-15 07:00:00,"F",26,"Tallai","QLD",4.67,"a3c38709d0a745e28634baa1072df469","CUS-2487424745","153.34","-28.07","debit","Mon","10:42:06","10","October"
"9869","authorized","1","ACC-1973887809","115.78","-31.90","SALES-POS","a76d2384-ac78-4b32-ab40-e961dbffbe68","Antonio",7375.82,2018-10-15 07:00:00,"M",26,"Applecross","WA",9.3,"7c35b5adc1644af38113a87d7a90341f","CUS-1646621553","115.85","-32.01","debit","Mon","10:49:37","10","October"
"9870","authorized","1","ACC-819621312","145.04","-37.85","SALES-POS","bd689db4-6bf3-452b-90e4-8ea880fe6055","Michele",8224.49,2018-10-15 07:00:00,"F",30,"Moorabbin Airport","VIC",55.74,"217c25d4cdfb43e8a600ab85a8eaf57b","CUS-1271030853","145.09","-37.97","debit","Mon","10:57:08","10","October"
"9871","posted",NA,"ACC-4065652575","115.81","-31.82","PAY/SALARY",NA,"Lucas",15678.86,2018-10-15 07:00:00,"M",21,NA,NA,3578.65,"547fc805d5a8460aafcb8dde33cc14bf","CUS-1117979751",NA,NA,"credit","Mon","11:00:00","11","October"
"9872","posted",NA,"ACC-3233697971","151.04","-33.77","PAY/SALARY",NA,"Robin",13605.62,2018-10-15 07:00:00,"F",34,NA,NA,1711.39,"e3f9eede5d7e4c77bc5917ca5fd118fb","CUS-1147642491",NA,NA,"credit","Mon","11:00:00","11","October"
"9873","posted",NA,"ACC-3233697971","151.04","-33.77","PAYMENT",NA,"Robin",13559.62,2018-10-15 07:00:00,"F",34,NA,NA,46,"e989c2ca58004db5803f76daa558d7bf","CUS-1147642491",NA,NA,"debit","Mon","11:00:00","11","October"
"9874","posted",NA,"ACC-847145727","115.90","-31.92","PAYMENT",NA,"Michael",61452.37,2018-10-15 07:00:00,"M",19,NA,NA,37,"d8798aa2669a4a3cba0d8ca9f0b1c115","CUS-1609060617",NA,NA,"debit","Mon","11:00:00","11","October"
"9875","posted",NA,"ACC-1037050564","153.10","-27.66","PAY/SALARY",NA,"Rhonda",5131.42,2018-10-15 07:00:00,"F",40,NA,NA,892.09,"a3ff093322094a46a03426a36e0a2c94","CUS-1614226872",NA,NA,"credit","Mon","11:00:00","11","October"
"9876","posted",NA,"ACC-240804743","121.48","-30.75","PAY/SALARY",NA,"Kenneth",22784.93,2018-10-15 07:00:00,"M",29,NA,NA,4405.3,"d11bf667a05d44afbd835511fa85b82f","CUS-261674136",NA,NA,"credit","Mon","11:00:00","11","October"
"9877","posted",NA,"ACC-38923874","151.27","-33.90","PAYMENT",NA,"Ryan",43442.09,2018-10-15 07:00:00,"M",38,NA,NA,42,"154d6728ed3f49378d5c6889f6bd7a56","CUS-3249305314",NA,NA,"debit","Mon","11:00:00","11","October"
"9878","posted",NA,"ACC-3879258709","143.83","-37.66","PAY/SALARY",NA,"Natasha",206051.63,2018-10-15 07:00:00,"F",40,NA,NA,4216.04,"3ed83bc1724f42148d1026fd33dd25f2","CUS-527400765",NA,NA,"credit","Mon","11:00:00","11","October"
"9879","authorized","1","ACC-1598451071","153.41","-27.95","SALES-POS","980d701e-b8aa-4331-a51b-77cc14a05950","Diana",783.3,2018-10-15 07:00:00,"F",26,"Southport","QLD",5.76,"69ae46c6d4134fc7a7e884a52cb1c5bd","CUS-2487424745","153.4","-27.98","debit","Mon","11:14:05","11","October"
"9880","authorized","1","ACC-2920611728","144.96","-37.76","SALES-POS","10be468c-9d02-4d10-ba7f-10bd3ff986cd","Tyler",9167.85,2018-10-15 07:00:00,"M",69,"Forest Hill","VIC",54.41,"6b6f2a557c434560a4bd34a4a2ec8076","CUS-1388323263","145.18","-37.84","debit","Mon","11:36:49","11","October"
"9881","authorized","0","ACC-1710017148","150.82","-34.01","SALES-POS","585fdd2e-e514-4574-81b2-7ac234ccae2e","Michelle",13700.17,2018-10-15 07:00:00,"F",19,"Hart","SA",25.15,"76c26033f1ed41f8a07981e1e54779d6","CUS-883482547","138.44","-33.76","debit","Mon","11:59:32","11","October"
"9882","posted",NA,"ACC-1438600314","138.69","-34.84","PAY/SALARY",NA,"Maria",5308.98,2018-10-15 07:00:00,"F",35,NA,NA,862.95,"7a1ba3feb4674b7686c90721c4a5425a","CUS-2650223890",NA,NA,"credit","Mon","12:00:00","12","October"
"9883","posted",NA,"ACC-1443681913","150.92","-33.77","INTER BANK",NA,"Ryan",3762.78,2018-10-15 07:00:00,"M",31,NA,NA,1627,"aed617d140c643429108181924a29950","CUS-3129499595",NA,NA,"debit","Mon","12:00:00","12","October"
"9884","authorized","1","ACC-1598451071","153.41","-27.95","SALES-POS","b53f4984-e11f-40e1-9b1d-e342e4350ca4","Diana",747.67,2018-10-15 07:00:00,"F",26,"Ballina","NSW",35.63,"1ff704c603234921aed9bd6a1c3f7f86","CUS-2487424745","153.56","-28.86","debit","Mon","12:20:51","12","October"
"9885","authorized","1","ACC-240804743","121.48","-30.75","SALES-POS","41aa5103-841a-4f87-8cd2-577fe3e2b269","Kenneth",22769.13,2018-10-15 07:00:00,"M",29,"Loganholme","QLD",15.8,"eb316e08583f45e69184ab56d75d2c38","CUS-261674136","152.87","-30.8","debit","Mon","12:42:07","12","October"
"9886","posted",NA,"ACC-2650850707","148.16","-23.52","PAY/SALARY",NA,"Brian",118342.23,2018-10-15 07:00:00,"M",42,NA,NA,3231.26,"58e93aa034af4f118fdd7c3a3c42cee3","CUS-2819545904",NA,NA,"credit","Mon","13:00:00","13","October"
"9887","posted",NA,"ACC-1496451953","145.16","-37.84","PAY/SALARY",NA,"Ricky",22036.89,2018-10-15 07:00:00,"M",43,NA,NA,2588.01,"ac0ef1ea0f2b406483b6c9e4266ac8dc","CUS-3142625864",NA,NA,"credit","Mon","13:00:00","13","October"
"9888","posted",NA,"ACC-2173390920","144.71","-37.58","PAY/SALARY",NA,"Luis",11405.52,2018-10-15 07:00:00,"M",27,NA,NA,1396.23,"3d04a309ef1d47b9abd2f93c5420d375","CUS-3180318393",NA,NA,"credit","Mon","13:00:00","13","October"
"9889","posted",NA,"ACC-2615038700","145.35","-38.03","PAY/SALARY",NA,"Emily",33319.64,2018-10-15 07:00:00,"F",43,NA,NA,664.43,"eb6494cf039e446e8f90c897001fd420","CUS-3255104878",NA,NA,"credit","Mon","13:00:00","13","October"
"9890","posted",NA,"ACC-4258502723","145.45","-37.74","PAY/SALARY",NA,"Kimberly",5990.08,2018-10-15 07:00:00,"F",24,NA,NA,1059.84,"b3e9409dc32d403c9004ae71697731a8","CUS-3378712515",NA,NA,"credit","Mon","13:00:00","13","October"
"9891","posted",NA,"ACC-2249586092","115.98","-32.07","PAY/SALARY",NA,"Edward",11555.84,2018-10-15 07:00:00,"M",19,NA,NA,990.55,"1e3b0573b37d445cbffa98058055f699","CUS-443776336",NA,NA,"credit","Mon","13:00:00","13","October"
"9892","authorized","1","ACC-1799207998","150.68","-33.79","POS","0bdc2a37-c0d8-44ef-92ce-6a90465e6789","Susan",8926.44,2018-10-15 07:00:00,"F",20,"Bondi Junction","NSW",5.08,"7375a47c682f40dcbbbddb8995c5b4f9","CUS-164374203","151.26","-33.89","debit","Mon","13:03:33","13","October"
"9893","authorized","1","ACC-53508546","150.62","-33.76","SALES-POS","4f88af43-5e1f-4494-a491-17cd0553e0ab","Kimberly",5834.71,2018-10-15 07:00:00,"F",35,"West Ryde","NSW",10.76,"7f2a236dc2b44ed0a5131ece011a9e2b","CUS-72755508","151.09","-33.81","debit","Mon","13:25:46","13","October"
"9894","authorized","1","ACC-1222300524","151.23","-33.94","POS","591082c5-10c9-421c-bb90-e2f76180cf58","Michael",1277.53,2018-10-15 07:00:00,"M",38,"Sydney","NSW",6.33,"ea54af33f576473e93c7509dedf2a435","CUS-2142601169","151.21","-33.86","debit","Mon","13:47:59","13","October"
"9895","posted",NA,"ACC-4065652575","115.81","-31.82","PAYMENT",NA,"Lucas",15638.86,2018-10-15 07:00:00,"M",21,NA,NA,40,"0d52458efade40ffa113bc7e12575bab","CUS-1117979751",NA,NA,"debit","Mon","14:00:00","14","October"
"9896","posted",NA,"ACC-602667573","151.23","-33.96","PAY/SALARY",NA,"Michael",20359.78,2018-10-15 07:00:00,"M",40,NA,NA,2280.36,"36238c6fdef74aaf87b8d538c2f02178","CUS-2031327464",NA,NA,"credit","Mon","14:00:00","14","October"
"9897","posted",NA,"ACC-3827517394","151.12","-33.89","PAYMENT",NA,"Craig",44247.36,2018-10-15 07:00:00,"M",28,NA,NA,20,"a4437cf8f19343dda151d284e3ba8132","CUS-2663907001",NA,NA,"debit","Mon","14:00:00","14","October"
"9898","posted",NA,"ACC-3021093232","149.83","-29.47","PAY/SALARY",NA,"Melissa",11434.8,2018-10-15 07:00:00,"F",30,NA,NA,1636.72,"b2e199b7dd6f497cbdfea7290b935552","CUS-55310383",NA,NA,"credit","Mon","14:00:00","14","October"
"9899","authorized","1","ACC-90814749","151.68","-32.98","SALES-POS","d8843cbf-95eb-4bf7-b5e1-bcbfe3b02c22","Christopher",11363.92,2018-10-15 07:00:00,"M",35,"Whyalla Norrie","SA",35.88,"37001cc3de9f45f79f79e68f4f1fea0a","CUS-1896554896","137.54","-33.03","debit","Mon","14:10:57","14","October"
"9900","authorized","1","ACC-1710017148","150.82","-34.01","SALES-POS","fdc9d08a-37e3-494c-b4ec-d5fdcd3d3f5e","Michelle",13686.53,2018-10-15 07:00:00,"F",19,"Blackheath","NSW",13.64,"99e29d4a6f274b69b1cb361b981981c9","CUS-883482547","150.29","-33.64","debit","Mon","14:34:45","14","October"
"9901","authorized","1","ACC-1598451071","153.41","-27.95","SALES-POS","ebb3087a-75c4-4dea-8354-9be1c746d6cb","Diana",739.12,2018-10-15 07:00:00,"F",26,"Pilton","QLD",8.55,"d4b11e6519824c488f44d106eb183d78","CUS-2487424745","152.02","-27.89","debit","Mon","14:58:34","14","October"
"9902","posted",NA,"ACC-819621312","145.04","-37.85","INTER BANK",NA,"Michele",8169.49,2018-10-15 07:00:00,"F",30,NA,NA,55,"fe21450384484dd1be8bc27b7b169c3b","CUS-1271030853",NA,NA,"debit","Mon","15:00:00","15","October"
"9903","posted",NA,"ACC-354106658","151.04","-33.80","PAY/SALARY",NA,"Christine",19032.03,2018-10-15 07:00:00,"F",39,NA,NA,5103.51,"dfff2531d8434969b7f385d364772534","CUS-2376382098",NA,NA,"credit","Mon","15:00:00","15","October"
"9904","posted",NA,"ACC-354106658","151.04","-33.80","PAY/SALARY",NA,"Christine",24135.54,2018-10-15 07:00:00,"F",39,NA,NA,5103.51,"e4e7f0dd7c504c45990277dad7a8a86c","CUS-2376382098",NA,NA,"credit","Mon","15:00:00","15","October"
"9905","posted",NA,"ACC-1650504218","145.01","-37.93","PAYMENT",NA,"Marissa",15389.88,2018-10-15 07:00:00,"F",23,NA,NA,22,"e78146a8b04c42dca7676a36bf6fc809","CUS-2500783281",NA,NA,"debit","Mon","15:00:00","15","October"
"9906","posted",NA,"ACC-240804743","121.48","-30.75","PAYMENT",NA,"Kenneth",22631.13,2018-10-15 07:00:00,"M",29,NA,NA,138,"003399de814e402386fe44d0e2b9ec26","CUS-261674136",NA,NA,"debit","Mon","15:00:00","15","October"
"9907","authorized","0","ACC-1598451071","153.41","-27.95","POS","d9f44176-42ac-4e50-ae36-0b16ba748caa","Diana",713.05,2018-10-15 07:00:00,"F",26,"Broadbeach","QLD",26.07,"948ea3347a2f43adb57cac183740840d","CUS-2487424745","153.43","-28.03","debit","Mon","15:21:51","15","October"
"9908","authorized","1","ACC-1799207998","150.68","-33.79","SALES-POS","bd19a059-abcb-4c59-83f4-ca0a07c93d4d","Susan",8920.87,2018-10-15 07:00:00,"F",20,"Mascot","NSW",5.57,"7cc6dbf216f34ff89bf81d6ba9229df0","CUS-164374203","151.19","-33.93","debit","Mon","15:45:06","15","October"
"9909","posted",NA,"ACC-154431271","153.09","-27.48","PAYMENT",NA,"Lori",1983.35,2018-10-15 07:00:00,"F",18,NA,NA,134,"c914b51d571f4357bf259bcc2370cf21","CUS-3702001629",NA,NA,"debit","Mon","16:00:00","16","October"
"9910","authorized","1","ACC-3084464802","145.15","-37.76","SALES-POS","1a642b2b-4105-4b4f-8d30-3ec8171706a5","Susan",9172.97,2018-10-15 07:00:00,"F",19,"West Footscray","VIC",24.22,"370bf6188b7142008451b804340b4f21","CUS-1928710999","144.88","-37.8","debit","Mon","16:09:43","16","October"
"9911","authorized","1","ACC-1608363396","151.22","-33.87","SALES-POS","32b40a6c-0864-4261-b2f0-dc02f5347df0","Robert",7495.76,2018-10-15 07:00:00,"M",20,"Esperance","WA",20.92,"11367932c90e4da8a70a9a0b3de4d388","CUS-2688605418","121.89","-33.86","debit","Mon","16:36:45","16","October"
"9912","posted",NA,"ACC-3084464802","145.15","-37.76","PAYMENT",NA,"Susan",9136.97,2018-10-15 07:00:00,"F",19,NA,NA,36,"a8cc36af57fd4167a5b965178b8ec36b","CUS-1928710999",NA,NA,"debit","Mon","17:00:00","17","October"
"9913","posted",NA,"ACC-4258502723","145.45","-37.74","PAYMENT",NA,"Kimberly",5937.08,2018-10-15 07:00:00,"F",24,NA,NA,53,"64e0dcf7ead442a0b515c8aed1dfc753","CUS-3378712515",NA,NA,"debit","Mon","17:00:00","17","October"
"9914","posted",NA,"ACC-854938045","147.63","-22.84","PAY/SALARY",NA,"James",14561.34,2018-10-15 07:00:00,"M",28,NA,NA,2538.68,"fc0a0e7692d04a5cb1e01801e516fd79","CUS-4023861240",NA,NA,"credit","Mon","17:00:00","17","October"
"9915","posted",NA,"ACC-1710017148","150.82","-34.01","PAY/SALARY",NA,"Michelle",17663.99,2018-10-15 07:00:00,"F",19,NA,NA,3977.46,"237ce909ec984191b6229ec39d82a99c","CUS-883482547",NA,NA,"credit","Mon","17:00:00","17","October"
"9916","authorized","1","ACC-90814749","151.68","-32.98","POS","c05793a8-011a-4cee-bb28-54127559c420","Christopher",11268.32,2018-10-15 07:00:00,"M",35,"Sydney","NSW",95.6,"09c23741b47d42d78e2e4a60b04eb4a3","CUS-1896554896","151.21","-33.87","debit","Mon","17:04:14","17","October"
"9917","authorized","0","ACC-1222300524","151.23","-33.94","POS","40193d6a-141e-40c3-bbc9-231721981719","Michael",1265.18,2018-10-15 07:00:00,"M",38,"Sydney","NSW",12.35,"c94a3bc807404829a3ebbdb29e3c4cc2","CUS-2142601169","151.21","-33.86","debit","Mon","17:34:32","17","October"
"9918","posted",NA,"ACC-1279356312","144.79","-37.73","INTER BANK",NA,"Tyler",10025.72,2018-10-15 07:00:00,"M",44,NA,NA,164,"5495bcc059a64fc2b5ec9ae7d3ee1706","CUS-1892177589",NA,NA,"debit","Mon","18:00:00","18","October"
"9919","authorized","1","ACC-240804743","121.48","-30.75","POS","a0af2fdd-0f45-49a8-8426-50d7ff53146c","Kenneth",22597.12,2018-10-15 07:00:00,"M",29,"Brookvale","NSW",34.01,"f717a345afcc498082cc5e40bb99307c","CUS-261674136","151.26","-33.76","debit","Mon","18:05:19","18","October"
"9920","authorized","1","ACC-1516130869","130.84","-12.45","POS","0be68ac2-b725-4f65-815c-7362b5435768","Jessica",4727.04,2018-10-15 07:00:00,"F",21,"Stuart Park","NT",25.22,"7a3c747d34054b2b9d4432ebd80f1c16","CUS-325142416","130.84","-12.45","debit","Mon","18:38:39","18","October"
"9921","posted",NA,"ACC-37709441","153.41","-28.01","PAYMENT",NA,"Charles",16507.58,2018-10-15 07:00:00,"M",18,NA,NA,55,"52cfdc071662448ebfc03c81aeaaaf40","CUS-3336454548",NA,NA,"debit","Mon","19:00:00","19","October"
"9922","authorized","1","ACC-2890243754","153.32","-27.93","SALES-POS","f4b5c26b-92a6-48e8-96d1-e6b49943388b","Joseph",1763.47,2018-10-15 07:00:00,"M",37,"Camp Hill","QLD",12.75,"2cc15a9ba97547069320c27ccfc3fd68","CUS-2695611575","153.06","-27.49","debit","Mon","19:14:23","19","October"
"9923","authorized","1","ACC-3084464802","145.15","-37.76","SALES-POS","877d2a2b-a280-48d2-a5cd-8f834c611fe2","Susan",9113.54,2018-10-15 07:00:00,"F",19,"Surry Hills","NSW",23.43,"5ca1712dfb684feba6f2c8f1f664cf7f","CUS-1928710999","151.21","-33.89","debit","Mon","19:54:23","19","October"
"9924","posted",NA,"ACC-2920611728","144.96","-37.76","PAYMENT",NA,"Tyler",9103.85,2018-10-15 07:00:00,"M",69,NA,NA,64,"dffb2d5b23154677ad674818b801eafd","CUS-1388323263",NA,NA,"debit","Mon","20:00:00","20","October"
"9925","posted",NA,"ACC-2650850707","148.16","-23.52","PAYMENT",NA,"Brian",118309.23,2018-10-15 07:00:00,"M",42,NA,NA,33,"3e8d057068474ac4be06d2d4238b2f43","CUS-2819545904",NA,NA,"debit","Mon","20:00:00","20","October"
"9926","posted",NA,"ACC-154431271","153.09","-27.48","PAYMENT",NA,"Lori",1922.35,2018-10-15 07:00:00,"F",18,NA,NA,61,"fed2605da7a94b8ea32ae9f2983043e0","CUS-3702001629",NA,NA,"debit","Mon","20:00:00","20","October"
"9927","authorized","0","ACC-1598451071","153.41","-27.95","POS","a01f26fd-0a90-4522-9206-687a8091125c","Diana",697.28,2018-10-15 07:00:00,"F",26,"Labrador","QLD",15.77,"bd2c1ac8b42c4a0f9da0046f4e38624b","CUS-2487424745","153.4","-27.94","debit","Mon","20:10:37","20","October"
"9928","authorized","1","ACC-1598451071","153.41","-27.95","POS","50d8b1b1-fac8-4dd8-8208-fcb512e33798","Diana",682.78,2018-10-15 07:00:00,"F",26,"Helensvale","QLD",14.5,"2e0d7fddb2dd4ea2a6e161ac159576d2","CUS-2487424745","153.34","-27.93","debit","Mon","20:22:57","20","October"
"9929","authorized","0","ACC-1516130869","130.84","-12.45","POS","63821ef6-be41-48de-872a-fdd5cc4e29ea","Jessica",4714.51,2018-10-15 07:00:00,"F",21,"Yarrawonga","NT",12.53,"fc1cee3bafaf4b6985a42580526966ca","CUS-325142416","130.98","-12.47","debit","Mon","20:35:18","20","October"
"9930","authorized","1","ACC-574997646","150.79","-33.64","POS","3716e385-33dd-4645-bd4d-6a6e42dcf6eb","Mackenzie",5091.04,2018-10-15 07:00:00,"F",18,"Busselton","WA",29.83,"dc45fd39e0e247e695b6cd6ffcb9d59f","CUS-586638664","115.35","-33.65","debit","Mon","20:47:39","20","October"
"9931","authorized","0","ACC-4258502723","145.45","-37.74","SALES-POS","86e10e23-b99e-47a1-83b3-6a8a8488a4aa","Kimberly",5928.8,2018-10-15 07:00:00,"F",24,"Middle Park","VIC",8.28,"e6c698830a4b498f933882045ad6f209","CUS-3378712515","144.96","-37.85","debit","Mon","20:59:59","20","October"
"9932","authorized","1","ACC-1598451071","153.41","-27.95","SALES-POS","2d40b521-fcbe-4955-b6f7-1f951a578f2b","Diana",676.51,2018-10-15 07:00:00,"F",26,"Palm Beach","QLD",6.27,"737cede15a7947daac1bf7edcff5bc13","CUS-2487424745","153.45","-28.12","debit","Mon","21:08:32","21","October"
"9933","authorized","1","ACC-1222300524","151.23","-33.94","SALES-POS","f3419ce8-536c-4dcf-9d0c-12c9aed8c55c","Michael",1259.81,2018-10-15 07:00:00,"M",38,"Bankstown","NSW",5.37,"1146e87387aa4321abd081347c27bcda","CUS-2142601169","151.04","-33.92","debit","Mon","21:17:05","21","October"
"9934","authorized","1","ACC-854938045","147.63","-22.84","SALES-POS","0aeb7ee5-8e75-470c-bb75-fa4cb23efe12","James",14536.87,2018-10-15 07:00:00,"M",28,"Sydney","NSW",24.47,"5100935345cf44129dbf5c07f2c9779b","CUS-4023861240","151.21","-33.87","debit","Mon","21:25:38","21","October"
"9935","authorized","1","ACC-1973887809","115.78","-31.90","SALES-POS","5337b0c4-38a4-4511-ab71-bd32cc61910e","Antonio",7338.47,2018-10-15 07:00:00,"M",26,"Clarkson","WA",37.35,"5005e2cc4d104381a179354c273b552e","CUS-1646621553","115.72","-31.69","debit","Mon","21:34:11","21","October"
"9936","authorized","1","ACC-3084464802","145.15","-37.76","SALES-POS","03a6f7a2-91d9-45cf-9e28-5f5f51201c3a","Susan",9003.55,2018-10-15 07:00:00,"F",19,"Toorak","VIC",109.99,"b6bfbbff5ed147fea69a7af7b35dd7d6","CUS-1928710999","145.01","-37.84","debit","Mon","21:42:44","21","October"
"9937","authorized","1","ACC-1598451071","153.41","-27.95","POS","4cdce227-c258-41f7-930a-6dcd4f2d62c1","Diana",672.74,2018-10-15 07:00:00,"F",26,"Palm Beach","QLD",3.77,"c5a2aba27d8946bbabd9ec6c9d0739ba","CUS-2487424745","153.47","-28.12","debit","Mon","21:51:16","21","October"
"9938","authorized","1","ACC-3541460373","145.00","-37.83","POS","9bbfb763-311a-4836-ae89-c074aaf49373","Jeffrey",4248.84,2018-10-15 07:00:00,"M",24,"Ringwood","VIC",28.41,"8e59684280e744b48fbd06baaec5f125","CUS-1433879684","145.23","-37.81","debit","Mon","21:59:49","21","October"
"9939","posted",NA,"ACC-2249586092","115.98","-32.07","PAYMENT",NA,"Edward",11524.84,2018-10-15 07:00:00,"M",19,NA,NA,31,"b900a821768c49d7a7197d822ce92cde","CUS-443776336",NA,NA,"debit","Mon","22:00:00","22","October"
"9940","authorized","0","ACC-4258502723","145.45","-37.74","POS","62ed38ee-64c0-475d-83a5-5781451f87a3","Kimberly",5883.05,2018-10-15 07:00:00,"F",24,"Wonthaggi","VIC",45.75,"34117dd2cd344c7eb5e479ad3b5e1fec","CUS-3378712515","145.59","-38.61","debit","Mon","22:21:46","22","October"
"9941","authorized","1","ACC-1652235822","144.89","-37.81","SALES-POS","2ee17ea7-70e8-40a3-8a95-056ceb1dde29","Renee",21163.23,2018-10-15 07:00:00,"F",38,"Mooroolbark","VIC",6.26,"bf8a936cbd90489d96c8fed5894efb77","CUS-2206365095","145.31","-37.78","debit","Mon","22:43:59","22","October"
"9942","posted",NA,"ACC-1217063613","147.61","-37.82","INTER BANK",NA,"Kimberly",4398.31,2018-10-15 07:00:00,"F",27,NA,NA,20,"a723584ba66240c28256c6c4a6e1cdb3","CUS-1739931018",NA,NA,"debit","Mon","23:00:00","23","October"
"9943","posted",NA,"ACC-354106658","151.04","-33.80","PAYMENT",NA,"Christine",23998.54,2018-10-15 07:00:00,"F",39,NA,NA,137,"2d30926c7bc944ed89beef9d0e2894d5","CUS-2376382098",NA,NA,"debit","Mon","23:00:00","23","October"
"9944","posted",NA,"ACC-2970114956","144.89","-37.69","PAYMENT",NA,"Robert",11281.1,2018-10-15 07:00:00,"M",26,NA,NA,61,"92b9b585f6394220948132ab0b3db57f","CUS-880898248",NA,NA,"debit","Mon","23:00:00","23","October"
"9945","authorized","0","ACC-964839203","146.92","-36.07","SALES-POS","d7cf5e5e-8a03-47c8-9a11-db0bc650ceb9","Michael",40199.06,2018-10-15 07:00:00,"M",21,"Lilydale","VIC",44.76,"7bdcfd4e0fc9427eb24df42fdf6b5a4f","CUS-2059096722","145.35","-37.76","debit","Mon","23:27:59","23","October"
"9946","authorized","1","ACC-240804743","121.48","-30.75","SALES-POS","e973fecc-5b2c-4ad1-91e3-fc6b6ace8022","Kenneth",22534.1,2018-10-16 07:00:00,"M",29,"Kalgoorlie","WA",63.02,"f59e472d143a4df3a004e189f77b1574","CUS-261674136","121.47","-30.75","debit","Tue","01:53:19","01","October"
"9947","posted",NA,"ACC-1598451071","153.41","-27.95","INTER BANK",NA,"Diana",652.74,2018-10-16 07:00:00,"F",26,NA,NA,20,"f6c44a5bfb3e48059fd1ba9af2eb131a","CUS-2487424745",NA,NA,"debit","Tue","02:00:00","02","October"
"9948","posted",NA,"ACC-2231965366","144.96","-37.84","INTER BANK",NA,"Linda",20585.81,2018-10-16 07:00:00,"F",35,NA,NA,17,"c73bb9600f81403081279877138da2be","CUS-2155701614",NA,NA,"debit","Tue","03:00:00","03","October"
"9949","posted",NA,"ACC-240804743","121.48","-30.75","PHONE BANK",NA,"Kenneth",22491.1,2018-10-16 07:00:00,"M",29,NA,NA,43,"c7f8e8d2c027452ea3f73ffe9d5a2c9a","CUS-261674136",NA,NA,"debit","Tue","03:00:00","03","October"
"9950","posted",NA,"ACC-1788473090","145.06","-37.95","INTER BANK",NA,"Rachael",9873.89,2018-10-16 07:00:00,"F",21,NA,NA,20,"edb150c7f1af456493d7f51ba9d50930","CUS-134193016",NA,NA,"debit","Tue","04:00:00","04","October"
"9951","posted",NA,"ACC-3827517394","151.12","-33.89","PAYMENT",NA,"Craig",44217.36,2018-10-16 07:00:00,"M",28,NA,NA,30,"64fa8337fe4a4b3a860a97e3216a6255","CUS-2663907001",NA,NA,"debit","Tue","04:00:00","04","October"
"9952","authorized","1","ACC-1222300524","151.23","-33.94","SALES-POS","b82483f8-57c4-4f6f-92ff-4f7b680495d2","Michael",1250.86,2018-10-16 07:00:00,"M",38,"Busselton","WA",8.95,"16bf3862447e44649dbd372380a58e1c","CUS-2142601169","115.34","-33.65","debit","Tue","04:28:53","04","October"
"9953","posted",NA,"ACC-1890605467","143.88","-37.66","INTER BANK",NA,"Alexander",18801.32,2018-10-16 07:00:00,"M",38,NA,NA,42,"1cdbea768ec643de9e2cb521b44ac083","CUS-1478398256",NA,NA,"debit","Tue","05:00:00","05","October"
"9954","posted",NA,"ACC-958000567","130.90","-12.37","PAYMENT",NA,"Sandra",8343.23,2018-10-16 07:00:00,"F",34,NA,NA,20,"33803c843e4a48e9978b204bac83c75d","CUS-4142663097",NA,NA,"debit","Tue","05:00:00","05","October"
"9955","authorized","1","ACC-1652235822","144.89","-37.81","POS","72db15f7-207e-46ab-bf48-2e9ba0073c31","Renee",21153.33,2018-10-16 07:00:00,"F",38,"Chadstone","VIC",9.9,"5498b2b3917e4443bdb854f88220091b","CUS-2206365095","145.1","-37.88","debit","Tue","05:17:46","05","October"
"9956","posted",NA,"ACC-354106658","151.04","-33.80","PAYMENT",NA,"Christine",23977.54,2018-10-16 07:00:00,"F",39,NA,NA,21,"c937d4089bac4440b572f353c0143063","CUS-2376382098",NA,NA,"debit","Tue","06:00:00","06","October"
"9957","posted",NA,"ACC-2270192619","138.56","-35.27","PAYMENT",NA,"Darren",17340.39,2018-10-16 07:00:00,"M",20,NA,NA,39,"63687ee5a3674370857f30a6ea80f60a","CUS-2110742437",NA,NA,"debit","Tue","07:00:00","07","October"
"9958","posted",NA,"ACC-4274272854","145.23","-37.86","PAYMENT",NA,"Timothy",8509.24,2018-10-16 07:00:00,"M",20,NA,NA,34,"a081705695504976803d7ba24558395b","CUS-2484453271",NA,NA,"debit","Tue","07:00:00","07","October"
"9959","posted",NA,"ACC-1598451071","153.41","-27.95","PAYMENT",NA,"Diana",616.74,2018-10-16 07:00:00,"F",26,NA,NA,36,"4ae70694bebb4b43aed160ff1863cc0a","CUS-2487424745",NA,NA,"debit","Tue","07:00:00","07","October"
"9960","posted",NA,"ACC-2650850707","148.16","-23.52","INTER BANK",NA,"Brian",118148.23,2018-10-16 07:00:00,"M",42,NA,NA,161,"52222bb4257d4ab3bf053f0d8073b0ea","CUS-2819545904",NA,NA,"debit","Tue","07:00:00","07","October"
"9961","posted",NA,"ACC-2231965366","144.96","-37.84","PAYMENT",NA,"Linda",20549.81,2018-10-16 07:00:00,"F",35,NA,NA,36,"d2ec57ee9e6942fe9d3e8edcc5140282","CUS-2155701614",NA,NA,"debit","Tue","08:00:00","08","October"
"9962","posted",NA,"ACC-240804743","121.48","-30.75","PAYMENT",NA,"Kenneth",22376.1,2018-10-16 07:00:00,"M",29,NA,NA,115,"a99e88d05495496884b09e0e59af66ad","CUS-261674136",NA,NA,"debit","Tue","08:00:00","08","October"
"9963","authorized","1","ACC-2920611728","144.96","-37.76","POS","958785e9-7a35-4e6d-8e5d-51f1e12c1174","Tyler",9063.95,2018-10-16 07:00:00,"M",69,"Balwyn","VIC",39.9,"485b702838f74fc28cf0938f9a42b4cf","CUS-1388323263","145.1","-37.8","debit","Tue","08:01:55","08","October"
"9964","authorized","1","ACC-1799207998","150.68","-33.79","SALES-POS","9c594401-c9b9-4ebc-be90-cd757aeecbf2","Susan",8906.77,2018-10-16 07:00:00,"F",20,"Saint Ives","NSW",14.1,"cd3361b31d884844a251fb4f0105ed7b","CUS-164374203","151.16","-33.73","debit","Tue","08:15:36","08","October"
"9965","authorized","1","ACC-1598451071","153.41","-27.95","POS","e722da8a-d917-4894-b05f-9854077fce4c","Diana",612.7,2018-10-16 07:00:00,"F",26,"Burleigh Heads","QLD",4.04,"144edd82022c45b78785ec201f29098d","CUS-2487424745","153.45","-28.09","debit","Tue","08:29:18","08","October"
"9966","authorized","0","ACC-1890605467","143.88","-37.66","SALES-POS","c05793a8-011a-4cee-bb28-54127559c420","Alexander",18688.43,2018-10-16 07:00:00,"M",38,"Sydney","NSW",112.89,"2c399854aa324ba4bd87882a60d1b18f","CUS-1478398256","151.21","-33.87","debit","Tue","08:43:00","08","October"
"9967","authorized","1","ACC-4258502723","145.45","-37.74","POS","614cb678-f761-4d73-b72c-9c16c71d00d3","Kimberly",5875.33,2018-10-16 07:00:00,"F",24,"Box Hill","VIC",7.72,"5596bf03eab34a5f894fd84ff42b5366","CUS-3378712515","145.12","-37.82","debit","Tue","08:56:42","08","October"
"9968","posted",NA,"ACC-3827517394","151.12","-33.89","INTER BANK",NA,"Craig",44156.05,2018-10-16 07:00:00,"M",28,NA,NA,29,"834d669ae9834405844b868659d72ebb","CUS-2663907001",NA,NA,"debit","Tue","09:00:00","09","October"
"9969","posted",NA,"ACC-1710017148","150.82","-34.01","PAYMENT",NA,"Michelle",17609.99,2018-10-16 07:00:00,"F",19,NA,NA,54,"621198c486df433ca808037136aafe69","CUS-883482547",NA,NA,"debit","Tue","09:00:00","09","October"
"9970","authorized","1","ACC-559365433","147.31","-42.88","POS","c169c804-b78b-4fd8-9883-a2c680b1a708","Mary",3775.69,2018-10-16 07:00:00,"F",64,"Western Junction","TAS",13.78,"c2ba6cbda08246ca8dd3b6ef8e9574a0","CUS-1654129794","147.21","-41.54","debit","Tue","09:04:29","09","October"
"9971","authorized","1","ACC-1799207998","150.68","-33.79","SALES-POS","12879166-5cea-42d7-8cf6-9ab3f22e8e6f","Susan",8893.16,2018-10-16 07:00:00,"F",20,"Chatswood","NSW",13.61,"dd21255189e44a10bf7a35707902a97e","CUS-164374203","151.18","-33.8","debit","Tue","09:10:24","09","October"
"9972","authorized","0","ACC-2673069055","152.99","-27.49","SALES-POS","2d3f9099-eb95-48d7-8e34-ef4c4f1e492b","Richard",15284.58,2018-10-16 07:00:00,"M",24,"Cremorne","VIC",47.26,"4a6fe2bb644e4b79ba21900cc6f7a68b","CUS-51506836","144.99","-37.83","debit","Tue","09:16:19","09","October"
"9973","authorized","1","ACC-3084464802","145.15","-37.76","SALES-POS","f05058d2-62a9-45b3-8e86-d44613f57337","Susan",8984.95,2018-10-16 07:00:00,"F",19,"Fitzroy","VIC",18.6,"dc126fea61cb4f2dbf03e32923dd5d3f","CUS-1928710999","144.98","-37.8","debit","Tue","09:22:14","09","October"
"9974","authorized","1","ACC-3771436525","145.04","-37.92","SALES-POS","3ef3e960-8530-42ef-9b05-637cc78b1d9e","Derek",5720.77,2018-10-16 07:00:00,"M",20,"Melbourne","VIC",13.77,"881852b2661942689d25baf8704cadaa","CUS-3325710106","144.98","-37.84","debit","Tue","09:28:09","09","October"
"9975","authorized","1","ACC-574997646","150.79","-33.64","POS","991be0c2-f5b5-4174-9265-97d1607603ff","Mackenzie",5076.49,2018-10-16 07:00:00,"F",18,"Rosemeadow","NSW",14.55,"1c290fa7cf0f4ef99e223ef2727538a4","CUS-586638664","150.8","-34.1","debit","Tue","09:34:04","09","October"
"9976","authorized","1","ACC-1973887809","115.78","-31.90","POS","f533b17f-77c7-4401-bbe7-831a2e8ef1fc","Antonio",7333.02,2018-10-16 07:00:00,"M",26,"Joondalup","WA",5.45,"8292778d93c24fe1bf18aae511fd7241","CUS-1646621553","115.76","-31.74","debit","Tue","09:39:59","09","October"
"9977","authorized","1","ACC-854938045","147.63","-22.84","POS","331ab704-9468-460b-b677-4c170a3cc5b9","James",14518.28,2018-10-16 07:00:00,"M",28,"Tieri","QLD",18.59,"a0f441ac97274061b46f25aa6585f1c9","CUS-4023861240","148.34","-23.04","debit","Tue","09:45:55","09","October"
"9978","authorized","1","ACC-3827517394","151.12","-33.89","POS","de440092-1855-4457-9f2f-746d3a78dfcd","Craig",44197.98,2018-10-16 07:00:00,"M",28,"Wallaroo","SA",19.38,"3268e9165ac94a0fa3abbaf8cb8e648c","CUS-2663907001","137.63","-33.93","debit","Tue","09:51:50","09","October"
"9979","authorized","1","ACC-3827517394","151.12","-33.89","SALES-POS","55a2dec8-0dad-4af2-86cc-c430c8a1906d","Craig",44185.05,2018-10-16 07:00:00,"M",28,"Alexandria","NSW",12.93,"c8f8ef9a05d54fe8a9efe21b2ac36625","CUS-2663907001","151.2","-33.9","debit","Tue","09:57:45","09","October"
"9980","authorized","1","ACC-1652235822","144.89","-37.81","SALES-POS","cd32bde7-1b61-404e-b093-3ba8ed7f5ebf","Renee",21119.06,2018-10-16 07:00:00,"F",38,"Mount Gambier","SA",34.27,"e1aa7e15c3fb4acfb11249c81907a683","CUS-2206365095","140.79","-37.83","debit","Tue","10:05:47","10","October"
"9981","authorized","1","ACC-602667573","151.23","-33.96","SALES-POS","39d7df49-d246-45c6-bb90-5e4b3a3b003b","Michael",20343.4,2018-10-16 07:00:00,"M",40,"Sydney","NSW",16.38,"accb32223c16499d8bd4a38276e3c1f6","CUS-2031327464","151.21","-33.87","debit","Tue","10:15:08","10","October"
"9982","authorized","0","ACC-3827517394","151.12","-33.89","SALES-POS","9057689e-9b2a-41e0-8e05-a3084a5fd52a","Craig",44133.41,2018-10-16 07:00:00,"M",28,"Ryde","NSW",22.64,"9af25b6cda294c41885f33ec33ceaafa","CUS-2663907001","151.1","-33.8","debit","Tue","10:24:29","10","October"
"9983","authorized","1","ACC-964839203","146.92","-36.07","POS","379e1521-2ea5-425f-ad97-dee5854ba7bd","Michael",40165.89,2018-10-16 07:00:00,"M",21,"Nelly Bay","QLD",33.17,"bdd6005f5c9948198b2a720b32982b24","CUS-2059096722","146.86","-19.16","debit","Tue","10:33:49","10","October"
"9984","authorized","1","ACC-1222300524","151.23","-33.94","POS","96bf0a2c-2a73-4486-8228-8aa93ae68ba4","Michael",1242.89,2018-10-16 07:00:00,"M",38,"Liverpool","NSW",7.97,"1dcbf619b995469da9956a1d291bd459","CUS-2142601169","150.92","-33.92","debit","Tue","10:43:10","10","October"
"9985","authorized","1","ACC-2673069055","152.99","-27.49","SALES-POS","d5a06bfa-b121-4870-a904-4693e09b6c8a","Richard",15240.4,2018-10-16 07:00:00,"M",24,"Port Macquarie","NSW",44.18,"4e0056ab1d304d238ae5086e72ba170b","CUS-51506836","152.92","-31.46","debit","Tue","10:52:31","10","October"
"9986","posted",NA,"ACC-2231965366","144.96","-37.84","PAYMENT",NA,"Linda",20504.81,2018-10-16 07:00:00,"F",35,NA,NA,45,"0d55a002d5ec446f8e256dbfd73391d4","CUS-2155701614",NA,NA,"debit","Tue","11:00:00","11","October"
"9987","posted",NA,"ACC-37709441","153.41","-28.01","PAY/SALARY",NA,"Charles",20639.81,2018-10-16 07:00:00,"M",18,NA,NA,4132.23,"ea8099bb495d42dd929bb25ad49b01e4","CUS-3336454548",NA,NA,"credit","Tue","11:00:00","11","October"
"9988","authorized","0","ACC-1973887809","115.78","-31.90","POS","bd9d0f31-1f40-4a97-a4fd-f6af9852878f","Antonio",7320.95,2018-10-16 07:00:00,"M",26,"South Perth","WA",12.07,"51cac920ca09451ca1621d8e81a4045e","CUS-1646621553","115.86","-31.98","debit","Tue","11:06:03","11","October"
"9989","authorized","1","ACC-1443681913","150.92","-33.77","POS","a1393fa3-196b-4b47-bc66-91e287c25733","Ryan",3738.7,2018-10-16 07:00:00,"M",31,"North Sydney","NSW",24.08,"f9b1dd68094246a08a66118b7ae700df","CUS-3129499595","151.21","-33.84","debit","Tue","11:36:21","11","October"
"9990","posted",NA,"ACC-2231965366","144.96","-37.84","PAY/SALARY",NA,"Linda",22948.05,2018-10-16 07:00:00,"F",35,NA,NA,2443.24,"fec04df35a3e4e2c8fa843e940861ee4","CUS-2155701614",NA,NA,"credit","Tue","12:00:00","12","October"
"9991","posted",NA,"ACC-3021093232","149.83","-29.47","PAYMENT",NA,"Melissa",11241.8,2018-10-16 07:00:00,"F",30,NA,NA,193,"8f6d326a1cdc491bb06cc254d292f614","CUS-55310383",NA,NA,"debit","Tue","12:00:00","12","October"
"9992","authorized","1","ACC-3485804958","138.52","-35.01","SALES-POS","4b65c92b-c330-4dae-9c64-e8b53a8030f4","Jessica",27900.66,2018-10-16 07:00:00,"F",34,"Golden Grove","SA",23.38,"1672a7953f8f4fb48fc8d27c75e8fdd8","CUS-1196156254","138.69","-34.79","debit","Tue","12:05:56","12","October"
"9993","authorized","1","ACC-1652235822","144.89","-37.81","POS","e9f5301e-34d7-472b-93fc-58f95441845d","Renee",21098.54,2018-10-16 07:00:00,"F",38,"Brunswick West","VIC",20.52,"3f155f42f3e149cb87fcacb5b4be1a21","CUS-2206365095","144.94","-37.76","debit","Tue","12:32:58","12","October"
"9994","authorized","0","ACC-2265520058","151.27","-33.85","POS","2168f07b-f8db-4d7b-8d06-5cd3fd85a4f9","Catherine",5974.61,2018-10-16 07:00:00,"F",26,"Maroubra","NSW",23.52,"e10247f3439041fba36fd15dfcf27895","CUS-331942311","151.26","-33.95","debit","Tue","12:59:59","12","October"
"9995","posted",NA,"ACC-1443681913","150.92","-33.77","PAY/SALARY",NA,"Ryan",4734.94,2018-10-16 07:00:00,"M",31,NA,NA,996.24,"752e58c464854512b64e7821c50f21b2","CUS-3129499595",NA,NA,"credit","Tue","13:00:00","13","October"
"9996","authorized","1","ACC-1037050564","153.10","-27.66","SALES-POS","f615f510-c224-47c2-b90f-c3e9e0e21fbb","Rhonda",5113.87,2018-10-16 07:00:00,"F",40,"Cleveland","QLD",17.55,"d64c39ca77bc453fabef37e6e5938b2b","CUS-1614226872","153.27","-27.53","debit","Tue","13:27:01","13","October"
"9997","authorized","1","ACC-1037050564","153.10","-27.66","SALES-POS","40e43616-d48e-4eae-8155-53c22d10f766","Rhonda",5107.5,2018-10-16 07:00:00,"F",40,"Brisbane","QLD",6.37,"40a18204e6c740eca592d60ee203e876","CUS-1614226872","153.02","-27.47","debit","Tue","13:54:03","13","October"
"9998","posted",NA,"ACC-3485804958","138.52","-35.01","PAYMENT",NA,"Jessica",27827.77,2018-10-16 07:00:00,"F",34,NA,NA,39,"7f9078cf815b477996434647d94c60f8","CUS-1196156254",NA,NA,"debit","Tue","14:00:00","14","October"
"9999","posted",NA,"ACC-2305712452","138.61","-34.89","PAY/SALARY",NA,"Debra",6657.1,2018-10-16 07:00:00,"F",18,NA,NA,761.33,"696e1da8a1284340826e3820176513b6","CUS-1842679196",NA,NA,"credit","Tue","14:00:00","14","October"
"10000","posted",NA,"ACC-2173390920","144.71","-37.58","PAYMENT",NA,"Luis",11377.52,2018-10-16 07:00:00,"M",27,NA,NA,28,"2decc35c8037463588052f937aee4ac6","CUS-3180318393",NA,NA,"debit","Tue","14:00:00","14","October"
"10001","posted",NA,"ACC-1990648130","114.62","-28.80","PAY/SALARY",NA,"Kaitlyn",8137.06,2018-10-16 07:00:00,"F",21,NA,NA,1037.07,"d7439fe72e134c6680f03555281e5141","CUS-809013380",NA,NA,"credit","Tue","14:00:00","14","October"
"10002","posted",NA,"ACC-1903037542","153.05","-27.61","PAYMENT",NA,"Jeffrey",4659.84,2018-10-16 07:00:00,"M",30,NA,NA,165,"54e7b00b7b0b4bc5919f2b2c8b165d83","CUS-860700529",NA,NA,"debit","Tue","14:00:00","14","October"
"10003","authorized","1","ACC-3485804958","138.52","-35.01","SALES-POS","19888e96-b5ce-4fdc-af64-60accbb64263","Jessica",27866.77,2018-10-16 07:00:00,"F",34,"Lidcombe","NSW",33.89,"3964021a8ab844c98ec671f767bc4b9d","CUS-1196156254","151.06","-33.86","debit","Tue","14:21:39","14","October"
"10004","authorized","1","ACC-1903037542","153.05","-27.61","SALES-POS","af8c71f9-7ff7-42f6-8a8e-11cf83ac7c56","Jeffrey",4824.84,2018-10-16 07:00:00,"M",30,"Woolloongabba","QLD",141.15,"dc9b1530d6204c379685ffaf9cebee13","CUS-860700529","153.04","-27.5","debit","Tue","14:49:26","14","October"
"10005","posted",NA,"ACC-3481401842","115.74","-31.72","PAYMENT",NA,"Tiffany",7343.76,2018-10-16 07:00:00,"F",25,NA,NA,32,"94e04213612d43bd82ae376ddf6c61d5","CUS-1669695324",NA,NA,"debit","Tue","15:00:00","15","October"
"10006","authorized","1","ACC-1652235822","144.89","-37.81","POS","91cb3503-88f3-4362-9445-27ed2021ed83","Renee",21075.33,2018-10-16 07:00:00,"F",38,"Brunswick East","VIC",23.21,"6b1ac30ca69b4a529111cd6d7bcd25c6","CUS-2206365095","144.97","-37.77","debit","Tue","15:11:28","15","October"
"10007","authorized","0","ACC-2890243754","153.32","-27.93","SALES-POS","dd2927c4-ccc2-4aa7-be03-ca93ae8f77ad","Joseph",1745.27,2018-10-16 07:00:00,"M",37,"Aratula","QLD",18.2,"0506ae11c3d44077b98b10a77200247d","CUS-2695611575","152.55","-27.98","debit","Tue","15:29:59","15","October"
"10008","authorized","1","ACC-2890243754","153.32","-27.93","SALES-POS","fe7abc57-7936-469d-90fc-1dfa5c738593","Joseph",1724.74,2018-10-16 07:00:00,"M",37,"Southport","QLD",20.53,"856ef842231f42ca97553d8f3abd6469","CUS-2695611575","153.41","-27.98","debit","Tue","15:48:31","15","October"
"10009","posted",NA,"ACC-2828321672","153.03","-27.51","PAY/SALARY",NA,"Stephanie",7835.09,2018-10-16 07:00:00,"F",53,NA,NA,970.47,"802176ff06614fa2900f36c19bee5a41","CUS-1005756958",NA,NA,"credit","Tue","16:00:00","16","October"
"10010","posted",NA,"ACC-4281711154","144.98","-37.84","PAY/SALARY",NA,"Eric",42287.02,2018-10-16 07:00:00,"M",42,NA,NA,1757.82,"d2cb5dea41614ff491a57fdee32b842d","CUS-3151318058",NA,NA,"credit","Tue","16:00:00","16","October"
"10011","posted",NA,"ACC-38923874","151.27","-33.90","PAYMENT",NA,"Ryan",43320.09,2018-10-16 07:00:00,"M",38,NA,NA,122,"80f66b9e58c941eb8edd783620952883","CUS-3249305314",NA,NA,"debit","Tue","16:00:00","16","October"
"10012","posted",NA,"ACC-3941181087","115.79","-31.94","PAYMENT",NA,"Paul",12219.58,2018-10-16 07:00:00,"M",25,NA,NA,46,"588eadbbc71c42d6bb578065e01539fa","CUS-3989008654",NA,NA,"debit","Tue","16:00:00","16","October"
"10013","posted",NA,"ACC-3879258709","143.83","-37.66","INTER BANK",NA,"Natasha",205924.63,2018-10-16 07:00:00,"F",40,NA,NA,127,"d505d593f8a24107a2ca6e654aa09269","CUS-527400765",NA,NA,"debit","Tue","16:00:00","16","October"
"10014","authorized","0","ACC-2014856841","144.99","-37.90","POS","1ea0300f-e1ee-45ce-804e-d17af5bfe792","Patrick",265903.69,2018-10-16 07:00:00,"M",46,"Hawthorn","VIC",67.93,"86a72510b30a45c687d97682a22c8024","CUS-2370108457","145.04","-37.82","debit","Tue","16:11:52","16","October"
"10015","authorized","0","ACC-1279356312","144.79","-37.73","SALES-POS","6f72f36a-e75c-4b21-8080-4ce4306c2cfb","Tyler",9992.3,2018-10-16 07:00:00,"M",44,"Blackburn","VIC",33.42,"e9e31331ceb0487a9bdee503093652e2","CUS-1892177589","145.15","-37.83","debit","Tue","16:43:07","16","October"
"10016","posted",NA,"ACC-1279356312","144.79","-37.73","PAYMENT",NA,"Tyler",9965.3,2018-10-16 07:00:00,"M",44,NA,NA,27,"e6011e9fc5f549efa962e47c67e081c1","CUS-1892177589",NA,NA,"debit","Tue","17:00:00","17","October"
"10017","posted",NA,"ACC-1222300524","151.23","-33.94","PAY/SALARY",NA,"Michael",2245.02,2018-10-16 07:00:00,"M",38,NA,NA,1002.13,"84c8c8bff2c24bbfb644808e2783e1b3","CUS-2142601169",NA,NA,"credit","Tue","17:00:00","17","October"
"10018","posted",NA,"ACC-4163822186","149.03","-34.97","PAYMENT",NA,"Karen",10280.35,2018-10-16 07:00:00,"F",26,NA,NA,164,"ce6a16a3109e47759a47f986ef83bee0","CUS-2630892467",NA,NA,"debit","Tue","17:00:00","17","October"
"10019","posted",NA,"ACC-3771436525","145.04","-37.92","PAY/SALARY",NA,"Derek",6820.47,2018-10-16 07:00:00,"M",20,NA,NA,1099.7,"b95e75e7fe8e49ad814896b1178806b7","CUS-3325710106",NA,NA,"credit","Tue","17:00:00","17","October"
"10020","posted",NA,"ACC-3954677887","115.72","-32.28","PAY/SALARY",NA,"Ruth",8677.01,2018-10-16 07:00:00,"F",47,NA,NA,1272.47,"2843332ac01b4d89811884482467571b","CUS-3716701010",NA,NA,"credit","Tue","17:00:00","17","October"
"10021","posted",NA,"ACC-1243371644","150.90","-33.78","INTER BANK",NA,"Gregory",5064.09,2018-10-16 07:00:00,"M",42,NA,NA,20,"949b4239055f4d0ca012c149259863c9","CUS-3904958894",NA,NA,"debit","Tue","17:00:00","17","October"
"10022","posted",NA,"ACC-958000567","130.90","-12.37","PAY/SALARY",NA,"Sandra",11860.84,2018-10-16 07:00:00,"F",34,NA,NA,3517.61,"0e62ca27a2774be3ac8a0075dfda66fa","CUS-4142663097",NA,NA,"credit","Tue","17:00:00","17","October"
"10023","posted",NA,"ACC-2897221629","150.90","-34.37","PAY/SALARY",NA,"Scott",7850.26,2018-10-16 07:00:00,"M",23,NA,NA,982.71,"d700ec0c10d546fdb9e8c4a467782a5c","CUS-511326734",NA,NA,"credit","Tue","17:00:00","17","October"
"10024","authorized","1","ACC-3084464802","145.15","-37.76","POS","c1f171fb-c1af-48c8-84dc-4dd05f6e3f1a","Susan",8978.91,2018-10-16 07:00:00,"F",19,"Melbourne","VIC",6.04,"bf30bb078da349f7b36f211bc14f762f","CUS-1928710999","144.96","-37.81","debit","Tue","17:15:51","17","October"
"10025","authorized","1","ACC-240804743","121.48","-30.75","SALES-POS","3505551c-2dfe-41a4-9c7b-d36bd70ea869","Kenneth",22358.08,2018-10-16 07:00:00,"M",29,"Oakleigh","VIC",18.02,"a05eaa3d560f4c80a90c6cac2710c587","CUS-261674136","145.09","-37.9","debit","Tue","17:50:20","17","October"
"10026","posted",NA,"ACC-1344825761","151.09","-33.91","PAYMENT",NA,"Sarah",22593.41,2018-10-16 07:00:00,"F",46,NA,NA,45,"87ee96c5c8d54f90801fb2dfe3104d84","CUS-1499065773",NA,NA,"debit","Tue","18:00:00","18","October"
"10027","posted",NA,"ACC-38923874","151.27","-33.90","INTER BANK",NA,"Ryan",43291.09,2018-10-16 07:00:00,"M",38,NA,NA,29,"f6a2d48637f5418cbafd9682eec80b94","CUS-3249305314",NA,NA,"debit","Tue","18:00:00","18","October"
"10028","posted",NA,"ACC-3879258709","143.83","-37.66","PAYMENT",NA,"Natasha",205895.63,2018-10-16 07:00:00,"F",40,NA,NA,29,"8399a896a79d413eab32df18d9272b5e","CUS-527400765",NA,NA,"debit","Tue","18:00:00","18","October"
"10029","authorized","1","ACC-3481401842","115.74","-31.72","SALES-POS","13135f2d-c816-407c-bab7-92c899699b90","Tiffany",7316.93,2018-10-16 07:00:00,"F",25,"North Haven","NSW",26.83,"94cdd677e1ec4a0fa8b0ce1f372f5271","CUS-1669695324","152.82","-31.64","debit","Tue","18:27:41","18","October"
"10030","posted",NA,"ACC-3741880913","150.50","-23.40","PAYMENT",NA,"Ashley",11894.79,2018-10-16 07:00:00,"F",25,NA,NA,81,"bc4fb14a6f8e4182aab1331544a0b074","CUS-1220154422",NA,NA,"debit","Tue","19:00:00","19","October"
"10031","posted",NA,"ACC-1217063613","147.61","-37.82","INTER BANK",NA,"Kimberly",4243.31,2018-10-16 07:00:00,"F",27,NA,NA,155,"666cf73c9a974d9eaf340aab6b99965c","CUS-1739931018",NA,NA,"debit","Tue","19:00:00","19","October"
"10032","authorized","1","ACC-240804743","121.48","-30.75","SALES-POS","04f1f4ef-1ffa-4038-9ff2-e2924bdd6efb","Kenneth",22315.43,2018-10-16 07:00:00,"M",29,"Ashmore","QLD",42.65,"60dfb23e147649759e6300c693a84828","CUS-261674136","153.34","-27.98","debit","Tue","19:06:57","19","October"
"10033","authorized","1","ACC-3954677887","115.72","-32.28","POS","e62512ac-6ed5-474c-8745-4cc82b13ad94","Ruth",8660.01,2018-10-16 07:00:00,"F",47,"Port Augusta","SA",17,"6d50a533f9ea41d7807d75b8d0812c7c","CUS-3716701010","137.77","-32.49","debit","Tue","19:50:26","19","October"
"10034","posted",NA,"ACC-3233697971","151.04","-33.77","PAYMENT",NA,"Robin",13416.62,2018-10-16 07:00:00,"F",34,NA,NA,143,"17eaa87d72274f79b604bec5221a8520","CUS-1147642491",NA,NA,"debit","Tue","20:00:00","20","October"
"10035","posted",NA,"ACC-1199531521","116.02","-31.87","PAYMENT",NA,"Billy",17677.63,2018-10-16 07:00:00,"M",52,NA,NA,20,"271bf2ab60624058945fcd128db18659","CUS-134833760",NA,NA,"debit","Tue","20:00:00","20","October"
"10036","posted",NA,"ACC-1349834573","145.17","-37.84","PAYMENT",NA,"Matthew",16356.09,2018-10-16 07:00:00,"M",39,NA,NA,34,"dfcac919176d45758f0bc1fa88537a51","CUS-1790886359",NA,NA,"debit","Tue","20:00:00","20","October"
"10037","authorized","1","ACC-4258502723","145.45","-37.74","SALES-POS","bea37606-1f00-4ba7-8d06-a8f9b30902e7","Kimberly",5867.51,2018-10-16 07:00:00,"F",24,"Melbourne","VIC",7.82,"2c57948658f0495ea295247ed2ea349d","CUS-3378712515","144.95","-37.82","debit","Tue","20:18:34","20","October"
"10038","authorized","1","ACC-602667573","151.23","-33.96","SALES-POS","b1a88e2a-7b07-4cb0-bc9b-547dd5d70f85","Michael",20336.91,2018-10-16 07:00:00,"M",40,"Margaret River","WA",6.49,"22690c60f461469c86f4f416153fd7fc","CUS-2031327464","115.07","-33.95","debit","Tue","20:42:22","20","October"
"10039","posted",NA,"ACC-2890243754","153.32","-27.93","PAYMENT",NA,"Joseph",1586.74,2018-10-16 07:00:00,"M",37,NA,NA,138,"7ea09421da69441481e52b2e87be323f","CUS-2695611575",NA,NA,"debit","Tue","21:00:00","21","October"
"10040","authorized","1","ACC-182446574","116.06","-32.00","SALES-POS","7e2d1c13-5e8b-479a-9654-a927787c2688","Tonya",9676.52,2018-10-16 07:00:00,"F",27,"Balcatta","WA",31.01,"b7d8e3da7ea04554b127550773489f2d","CUS-3026014945","115.81","-31.86","debit","Tue","21:04:48","21","October"
"10041","authorized","1","ACC-80388494","144.97","-37.42","POS","8f6ba2e6-3049-4545-a336-ba96cfb670ec","Dustin",7255.05,2018-10-16 07:00:00,"M",28,"Reservoir","VIC",11.08,"7ca51b35c152438486ef39bcd85cd8cf","CUS-1140341822","145.01","-37.72","debit","Tue","21:23:19","21","October"
"10042","authorized","1","ACC-1443681913","150.92","-33.77","SALES-POS","debb3faa-5710-46cd-8b3f-a25cf698b0bb","Ryan",4713.45,2018-10-16 07:00:00,"M",31,"Saint Ives","NSW",21.49,"521117792c2945e8a10b77d8687002cd","CUS-3129499595","151.17","-33.72","debit","Tue","21:41:51","21","October"
"10043","authorized","1","ACC-80388494","144.97","-37.42","SALES-POS","d35d0f8c-91f8-450f-990c-0b9f66b92ef3","Dustin",7212.42,2018-10-16 07:00:00,"M",28,"Sydney","NSW",42.63,"15fc471895c042cf85f3093cba064677","CUS-1140341822","151.21","-33.87","debit","Tue","22:00:39","22","October"
"10044","authorized","0","ACC-3827517394","151.12","-33.89","SALES-POS","9d51aada-0f7e-4664-aa5d-6119a888f759","Craig",44006.94,2018-10-16 07:00:00,"M",28,"Sydney","NSW",126.47,"66275b4077d542628b4ea493ae06d743","CUS-2663907001","151.21","-33.87","debit","Tue","22:33:59","22","October"
"10045","posted",NA,"ACC-3485804958","138.52","-35.01","INTER BANK",NA,"Jessica",27697.77,2018-10-16 07:00:00,"F",34,NA,NA,130,"cf2dcc84aae54d2aa0a7cbd6e56deb92","CUS-1196156254",NA,NA,"debit","Tue","23:00:00","23","October"
"10046","posted",NA,"ACC-2901672282","255.00","-573.00","PAYMENT",NA,"Daniel",11641.46,2018-10-16 07:00:00,"M",22,NA,NA,40,"408d843ba0374250aec8525c9fca99e9","CUS-1617121891",NA,NA,"debit","Tue","23:00:00","23","October"
"10047","authorized","1","ACC-2920611728","144.96","-37.76","POS","450383c0-a70a-4ef2-8381-3fa1d3e86523","Tyler",9038.29,2018-10-16 07:00:00,"M",69,"Eastwood","VIC",25.66,"76bb1ff68d2c40689a6c87ac70a76441","CUS-1388323263","147.63","-37.81","debit","Tue","23:21:59","23","October"
"10048","authorized","1","ACC-80388494","144.97","-37.42","POS","b8e8c92e-b8ae-427c-ad12-350707c77b74","Dustin",7165.46,2018-10-17 07:00:00,"M",28,"Glen Iris","VIC",46.96,"2ef43b2327e94812a4a3861dd6fc8103","CUS-1140341822","145.05","-37.86","debit","Wed","01:01:28","01","October"
"10049","authorized","1","ACC-182446574","116.06","-32.00","POS","ee098a44-5d1d-4e28-a009-462b3ee33f84","Tonya",9670.7,2018-10-17 07:00:00,"F",27,"Subiaco","WA",5.82,"624c258b723f4a92a5de0c8494f96235","CUS-3026014945","115.83","-31.94","debit","Wed","01:19:59","01","October"
"10050","authorized","0","ACC-1903037542","153.05","-27.61","SALES-POS","eacf62b4-9734-46ef-9786-745c8e7d3b17","Jeffrey",4636.78,2018-10-17 07:00:00,"M",30,"Maroochydore","QLD",23.06,"d35553c1ca9a4dacba6cc88198b56f5f","CUS-860700529","153.08","-26.66","debit","Wed","01:38:31","01","October"
"10051","authorized","1","ACC-1683215619","138.67","-34.86","POS","202453f5-0691-418b-9164-0ccab8209fe3","Barry",6924.75,2018-10-17 07:00:00,"M",38,"Strathpine","QLD",111.83,"5ef4f1fffc924283b2fc605add3f1d24","CUS-1604596597","152.99","-27.31","debit","Wed","01:57:02","01","October"
"10052","posted",NA,"ACC-602667573","151.23","-33.96","INTER BANK",NA,"Michael",20239.91,2018-10-17 07:00:00,"M",40,NA,NA,97,"495c3824d4de4a7c899a04d4744fdf7f","CUS-2031327464",NA,NA,"debit","Wed","02:00:00","02","October"
"10053","posted",NA,"ACC-2681137560","151.11","-33.99","PAYMENT",NA,"Nathaniel",11029.9,2018-10-17 07:00:00,"M",31,NA,NA,74,"354ca63f0e004b7fad178b998a1ce7ef","CUS-2083971310",NA,NA,"debit","Wed","02:00:00","02","October"
"10054","posted",NA,"ACC-4258502723","145.45","-37.74","INTER BANK",NA,"Kimberly",5765.51,2018-10-17 07:00:00,"F",24,NA,NA,102,"124d5335d5d341a38b241f921fbae94e","CUS-3378712515",NA,NA,"debit","Wed","02:00:00","02","October"
"10055","authorized","1","ACC-1799207998","150.68","-33.79","POS","ea4fd943-650a-49f8-befb-81e5770baade","Susan",8610.55,2018-10-17 07:00:00,"F",20,"Lane Cove","NSW",282.61,"2f19289c853c4d6e9b18e8f8a8a371ce","CUS-164374203","151.16","-33.81","debit","Wed","02:32:18","02","October"
"10056","authorized","1","ACC-3100725361","145.73","-17.03","SALES-POS","31720751-95ab-4d30-b2ee-5a9c3b96b036","Ronald",5072.18,2018-10-17 07:00:00,"M",25,"Edmonton","QLD",37.87,"e98f4380ac754d5fab3ea74e28be743d","CUS-2178051368","145.75","-17.02","debit","Wed","04:07:35","04","October"
"10057","authorized","1","ACC-80388494","144.97","-37.42","SALES-POS","86f6f266-ca2e-4a5e-b563-2a40bda8d2e0","Dustin",7118.45,2018-10-17 07:00:00,"M",28,"Melbourne","VIC",47.01,"c7dc2ca31ebd44f6beb736f82c16bba7","CUS-1140341822","144.96","-37.82","debit","Wed","04:42:04","04","October"
"10058","posted",NA,"ACC-2988263882","145.18","-37.90","PAYMENT",NA,"Michael",6622.46,2018-10-17 07:00:00,"M",44,NA,NA,197,"b0fc1280b49d4284877d01adae9e1cc3","CUS-1233833708",NA,NA,"debit","Wed","06:00:00","06","October"
"10059","posted",NA,"ACC-602667573","151.23","-33.96","INTER BANK",NA,"Michael",20218.91,2018-10-17 07:00:00,"M",40,NA,NA,21,"45b7998190a941e5b396aad47974b6d5","CUS-2031327464",NA,NA,"debit","Wed","06:00:00","06","October"
"10060","posted",NA,"ACC-2171593283","146.94","-36.04","PAYMENT",NA,"Fernando",15201.34,2018-10-17 07:00:00,"M",19,NA,NA,27,"2d48bbfc2e6741358bc8d5480020e36b","CUS-2317998716",NA,NA,"debit","Wed","06:00:00","06","October"
"10061","posted",NA,"ACC-2776252858","144.95","-37.76","PAYMENT",NA,"Kristin",7748.23,2018-10-17 07:00:00,"F",43,NA,NA,29,"ab33cb9d44654e56b6b9ef1196609923","CUS-4123612273",NA,NA,"debit","Wed","06:00:00","06","October"
"10062","authorized","1","ACC-559365433","147.31","-42.88","SALES-POS","c5f7193d-4597-494d-8359-42bd19d9866a","Mary",3764.35,2018-10-17 07:00:00,"F",64,"Parkdale","VIC",11.34,"4a7270096128477b9c0f94d97e1a595a","CUS-1654129794","145.08","-37.99","debit","Wed","06:42:51","06","October"
"10063","posted",NA,"ACC-588564840","151.27","-33.76","INTER BANK",NA,"Isaiah",20993.51,2018-10-17 07:00:00,"M",23,NA,NA,25,"a5e9f2b1310e4db78f410c7df954040e","CUS-1462656821",NA,NA,"debit","Wed","07:00:00","07","October"
"10064","posted",NA,"ACC-588564840","151.27","-33.76","PAYMENT",NA,"Isaiah",20896.51,2018-10-17 07:00:00,"M",23,NA,NA,97,"733274a2795046cebd72762a515c85aa","CUS-1462656821",NA,NA,"debit","Wed","07:00:00","07","October"
"10065","posted",NA,"ACC-847145727","115.90","-31.92","PAYMENT",NA,"Michael",61301.37,2018-10-17 07:00:00,"M",19,NA,NA,151,"fc415ef64e204a38aea2bf880b9b4c55","CUS-1609060617",NA,NA,"debit","Wed","07:00:00","07","October"
"10066","posted",NA,"ACC-1496451953","145.16","-37.84","INTER BANK",NA,"Ricky",21997.89,2018-10-17 07:00:00,"M",43,NA,NA,39,"98f01606607e43109be759f782f90634","CUS-3142625864",NA,NA,"debit","Wed","07:00:00","07","October"
"10067","authorized","1","ACC-1222300524","151.23","-33.94","SALES-POS","e14b1577-0809-44e7-8af3-f5ce6bcbfc25","Michael",2230.78,2018-10-17 07:00:00,"M",38,"Sydney","NSW",14.24,"a79e7d250eac4c75bcae0d0fcc196f16","CUS-2142601169","151.18","-33.93","debit","Wed","07:36:39","07","October"
"10068","posted",NA,"ACC-2014856841","144.99","-37.90","INTER BANK",NA,"Patrick",265881.69,2018-10-17 07:00:00,"M",46,NA,NA,22,"6184d7711b7c4ba8882f4662f04e2888","CUS-2370108457",NA,NA,"debit","Wed","08:00:00","08","October"
"10069","posted",NA,"ACC-4163822186","149.03","-34.97","PAYMENT",NA,"Karen",10225.35,2018-10-17 07:00:00,"F",26,NA,NA,55,"a7c7170fd22b470086b9a79d325b49a1","CUS-2630892467",NA,NA,"debit","Wed","08:00:00","08","October"
"10070","posted",NA,"ACC-3954677887","115.72","-32.28","PAYMENT",NA,"Ruth",8476.49,2018-10-17 07:00:00,"F",47,NA,NA,58,"dc88fc9012cf4a7b8fe33a768c190494","CUS-3716701010",NA,NA,"debit","Wed","08:00:00","08","October"
"10071","authorized","1","ACC-3827517394","151.12","-33.89","SALES-POS","fd00ae18-d442-4dcc-8717-52651cb54198","Craig",43975.45,2018-10-17 07:00:00,"M",28,"Liverpool","NSW",31.49,"adcf90c52f0a4725a7fd71367caebfcc","CUS-2663907001","150.92","-33.92","debit","Wed","08:04:46","08","October"
"10072","authorized","1","ACC-1683215619","138.67","-34.86","SALES-POS","b4dead9e-8770-4cc4-abe9-9609b336fe4f","Barry",6914.1,2018-10-17 07:00:00,"M",38,"Walkerville","SA",10.65,"7fdd4dcbed0845ab9ec618cd70346235","CUS-1604596597","138.61","-34.89","debit","Wed","08:15:39","08","October"
"10073","authorized","0","ACC-240804743","121.48","-30.75","SALES-POS","e28c426d-cbef-4e2d-aa06-1ba0b6b1902f","Kenneth",22297.31,2018-10-17 07:00:00,"M",29,"Boggabri","NSW",18.12,"68c66d2530b145a8b2d7dc6c93074321","CUS-261674136","150.04","-30.7","debit","Wed","08:26:31","08","October"
"10074","authorized","1","ACC-3954677887","115.72","-32.28","POS","e410750c-3db2-4bcb-ac4f-28ff88ced0cc","Ruth",8534.49,2018-10-17 07:00:00,"F",47,"Kelmscott","WA",125.52,"54f15609599942cfbda691a74213b7e2","CUS-3716701010","116.02","-32.12","debit","Wed","08:37:23","08","October"
"10075","authorized","1","ACC-1652235822","144.89","-37.81","POS","a110d5b8-126f-494c-9231-71640252c2dc","Renee",21050.61,2018-10-17 07:00:00,"F",38,"Dawes Point","NSW",24.72,"71aae7d56270408e9d0e2b16ba7fbc6c","CUS-2206365095","151.21","-33.86","debit","Wed","08:48:15","08","October"
"10076","authorized","1","ACC-1222300524","151.23","-33.94","SALES-POS","03a40eb3-377c-4693-9202-6f237e87f1f2","Michael",2190.74,2018-10-17 07:00:00,"M",38,"Baulkham Hills","NSW",40.04,"64edf66dc6b544fa9196e9355877a9cc","CUS-2142601169","150.97","-33.73","debit","Wed","08:59:07","08","October"
"10077","posted",NA,"ACC-354106658","151.04","-33.80","INTER BANK",NA,"Christine",23952.54,2018-10-17 07:00:00,"F",39,NA,NA,25,"1c2201c45ed543018ee4726ee50076fe","CUS-2376382098",NA,NA,"debit","Wed","09:00:00","09","October"
"10078","posted",NA,"ACC-1443681913","150.92","-33.77","PAYMENT",NA,"Ryan",4677.45,2018-10-17 07:00:00,"M",31,NA,NA,36,"433dc73bd79d44058f71ae40e12f9d50","CUS-3129499595",NA,NA,"debit","Wed","09:00:00","09","October"
"10079","authorized","1","ACC-1973887809","115.78","-31.90","SALES-POS","2d50d665-7ad1-452b-9a47-f7d45e69139f","Antonio",7294.85,2018-10-17 07:00:00,"M",26,"Dianella","WA",26.1,"09bd8c5564fe4d74a002f4d34943abb5","CUS-1646621553","115.87","-31.9","debit","Wed","09:04:15","09","October"
"10080","authorized","1","ACC-854938045","147.63","-22.84","SALES-POS","b34457a8-f092-422d-b39d-44828e15d69c","James",14510.99,2018-10-17 07:00:00,"M",28,"Newman","WA",7.29,"a2e22c187a724302a9df1dd75b8564f3","CUS-4023861240","119.79","-22.98","debit","Wed","09:08:53","09","October"
"10081","authorized","1","ACC-3481401842","115.74","-31.72","POS","60913e24-0ec9-4129-af9d-59a513c50558","Tiffany",7305.03,2018-10-17 07:00:00,"F",25,"Taree","NSW",11.9,"a7d34715fea44cc38514ba6346938cc1","CUS-1669695324","152.46","-31.91","debit","Wed","09:13:31","09","October"
"10082","authorized","1","ACC-2673069055","152.99","-27.49","POS","509e8d7a-013c-41ec-a2a9-06b5bc7bb487","Richard",15223.7,2018-10-17 07:00:00,"M",24,"Oxley","QLD",16.7,"71056574727a45e1854a92e70ce34427","CUS-51506836","152.98","-27.58","debit","Wed","09:18:08","09","October"
"10083","authorized","1","ACC-1056639002","145.03","-37.91","SALES-POS","138d4caf-1025-4013-a659-628b4148eb08","Michael",53539.49,2018-10-17 07:00:00,"M",22,"Sydney","NSW",33.81,"beca5964e7ac49b79aa171e29f7d266f","CUS-3462882033","151.2","-33.87","debit","Wed","09:22:46","09","October"
"10084","authorized","1","ACC-1903037542","153.05","-27.61","SALES-POS","d8bb12ed-2bac-4433-b623-3f1b83d85195","Jeffrey",4614.78,2018-10-17 07:00:00,"M",30,"Highfields","QLD",22,"e2c5395dbce345119bd76d64a86ebbfd","CUS-860700529","151.94","-27.45","debit","Wed","09:27:24","09","October"
"10085","authorized","1","ACC-1903037542","153.05","-27.61","SALES-POS","09f296a0-890e-41a3-9060-7c31399a94c9","Jeffrey",4600.93,2018-10-17 07:00:00,"M",30,"Southport","QLD",13.85,"584bf78e6dba4a37928dd0980b8aa2ed","CUS-860700529","153.38","-27.96","debit","Wed","09:32:02","09","October"
"10086","authorized","0","ACC-2014856841","144.99","-37.90","SALES-POS","826e9398-cdcf-46fe-98e7-248b23e3f67c","Patrick",265817.75,2018-10-17 07:00:00,"M",46,"Scoresby","VIC",63.94,"bf70d2a02bd2410d979d91594815fa5a","CUS-2370108457","145.26","-37.89","debit","Wed","09:36:39","09","October"
"10087","authorized","1","ACC-1799207998","150.68","-33.79","POS","6c2c896b-e02e-4d5e-86d6-af6651fb8b02","Susan",8587.81,2018-10-17 07:00:00,"F",20,"Macquarie Park","NSW",22.74,"776ea758e6b44e79b207219f8a3c6f29","CUS-164374203","151.12","-33.78","debit","Wed","09:41:17","09","October"
"10088","authorized","1","ACC-1683215619","138.67","-34.86","POS","0b87405f-5f3f-4f41-9f9a-e8ad1fc726fb","Barry",6883.38,2018-10-17 07:00:00,"M",38,"Port Adelaide","SA",30.72,"18e971b1ddb446229df24a2c3af8ca3b","CUS-1604596597","138.5","-34.85","debit","Wed","09:45:55","09","October"
"10089","authorized","1","ACC-854938045","147.63","-22.84","SALES-POS","1755f299-52e5-4489-a5ce-d86c236a351c","James",14340.19,2018-10-17 07:00:00,"M",28,"St Leonards","NSW",170.8,"2ef69679b9264d9883d1cce0035dfc41","CUS-4023861240","151.19","-33.82","debit","Wed","09:50:33","09","October"
"10090","authorized","1","ACC-1222300524","151.23","-33.94","POS","24879f07-b76f-4d5f-a376-1f2720c0c29a","Michael",2177.54,2018-10-17 07:00:00,"M",38,"Saint Marys","NSW",13.2,"2f554f38a594423bad4193faf8332069","CUS-2142601169","150.77","-33.77","debit","Wed","09:55:11","09","October"
"10091","authorized","1","ACC-3481401842","115.74","-31.72","POS","c93d3a14-a29c-4fde-b1df-93b331a66ffc","Tiffany",7250.05,2018-10-17 07:00:00,"F",25,"Chatswood","NSW",54.98,"fa8c24c953cb438bbfc42243e334472e","CUS-1669695324","151.18","-33.8","debit","Wed","09:59:48","09","October"
"10092","posted",NA,"ACC-1037050564","153.10","-27.66","PAYMENT",NA,"Rhonda",5023.31,2018-10-17 07:00:00,"F",40,NA,NA,32,"e157172307a848ff913cc6bbdd0f15ab","CUS-1614226872",NA,NA,"debit","Wed","10:00:00","10","October"
"10093","posted",NA,"ACC-1799207998","150.68","-33.79","INTER BANK",NA,"Susan",8548.81,2018-10-17 07:00:00,"F",20,NA,NA,39,"0f8ef605261843b2ac451aa7aff8d1ab","CUS-164374203",NA,NA,"debit","Wed","10:00:00","10","October"
"10094","posted",NA,"ACC-2107684084","145.03","-37.88","PAYMENT",NA,"Richard",10401.85,2018-10-17 07:00:00,"M",22,NA,NA,34,"e8dcfaa10898421f9e734e230ce5b4b2","CUS-2283904812",NA,NA,"debit","Wed","10:00:00","10","October"
"10095","posted",NA,"ACC-2173390920","144.71","-37.58","PAYMENT",NA,"Luis",11348.52,2018-10-17 07:00:00,"M",27,NA,NA,29,"ebfe676ed9f04732920bad7c00552921","CUS-3180318393",NA,NA,"debit","Wed","10:00:00","10","October"
"10096","posted",NA,"ACC-966140392","147.08","-37.97","PAYMENT",NA,"Joseph",9975.49,2018-10-17 07:00:00,"M",21,NA,NA,30,"913179f285a3407caaf44786bc30bc5d","CUS-537508723",NA,NA,"debit","Wed","10:00:00","10","October"
"10097","authorized","1","ACC-240804743","121.48","-30.75","SALES-POS","ea74dd90-6681-4d97-bb41-7bf308fa6388","Kenneth",22277.49,2018-10-17 07:00:00,"M",29,"Brisbane City","QLD",19.82,"f874f6a2ce4f462ca308b13efc02278f","CUS-261674136","153.03","-27.46","debit","Wed","10:12:18","10","October"
"10098","authorized","0","ACC-1683215619","138.67","-34.86","POS","541d1597-0657-48b1-95e4-340c4ba64956","Barry",6844.75,2018-10-17 07:00:00,"M",38,"Nowra","NSW",38.63,"2371d2b7283442f19cdabfcc5be9a90a","CUS-1604596597","150.6","-34.87","debit","Wed","10:25:07","10","October"
"10099","authorized","1","ACC-1037050564","153.10","-27.66","SALES-POS","8d9595b6-812e-4e32-8a58-fedbe856b2f2","Rhonda",5055.31,2018-10-17 07:00:00,"F",40,"Subiaco","WA",52.19,"807e935c5e9b4e699380dbe42d43b03a","CUS-1614226872","115.82","-31.95","debit","Wed","10:37:56","10","October"
"10100","authorized","1","ACC-1903037542","153.05","-27.61","POS","f4daf865-ec0a-4d8f-8126-3cb2c1df1367","Jeffrey",4594.2,2018-10-17 07:00:00,"M",30,"Carindale","QLD",6.73,"500ffab7eedf4426950218c5808ab2b2","CUS-860700529","153.1","-27.5","debit","Wed","10:50:46","10","October"
"10101","authorized","1","ACC-1222300524","151.23","-33.94","POS","06ffce70-5bf8-461b-95d2-ea34885759c8","Michael",2169.19,2018-10-17 07:00:00,"M",38,"Kogarah","NSW",8.35,"7e3b8c9a7d4d46eb918cb2ba3f2b3309","CUS-2142601169","151.13","-33.96","debit","Wed","11:01:23","11","October"
"10102","authorized","1","ACC-964839203","146.92","-36.07","POS","3b4cef6e-7b92-41cb-92cb-2602d25486b6","Michael",40136.27,2018-10-17 07:00:00,"M",21,"Hawthorn","VIC",29.62,"99a787b5aa7f4d66a28f37a8fe97e2f4","CUS-2059096722","145.03","-37.82","debit","Wed","11:06:23","11","October"
"10103","authorized","0","ACC-38923874","151.27","-33.90","SALES-POS","86be90e3-7f20-41d1-8ea4-249270e45431","Ryan",43116.46,2018-10-17 07:00:00,"M",38,"Penrith","NSW",174.63,"4bec5e9ef8fe4fdfb0bba4714007b76c","CUS-3249305314","150.69","-33.75","debit","Wed","11:11:23","11","October"
"10104","authorized","1","ACC-2673069055","152.99","-27.49","POS","8a98b3ba-f15c-43d6-b9a0-b7cc310e0dba","Richard",15213.62,2018-10-17 07:00:00,"M",24,"Wakerley","QLD",10.08,"a973e495d5104115b82ea4a371e294e3","CUS-51506836","153.17","-27.49","debit","Wed","11:16:23","11","October"
"10105","authorized","1","ACC-3481401842","115.74","-31.72","POS","067767c3-69be-4909-95ab-d2615b66e6c7","Tiffany",7217.64,2018-10-17 07:00:00,"F",25,"Alexander Heights","WA",32.41,"be2aac1a0ab94084acfafb5ebe5a2674","CUS-1669695324","115.85","-31.83","debit","Wed","11:21:23","11","October"
"10106","authorized","1","ACC-1222300524","151.23","-33.94","POS","e9569816-7d10-403a-8ca2-4ae5fffe10bb","Michael",2159.82,2018-10-17 07:00:00,"M",38,"Liverpool","NSW",9.37,"13787ab3f1a14e37ad68fbd94a8c518b","CUS-2142601169","150.92","-33.92","debit","Wed","11:26:23","11","October"
"10107","authorized","0","ACC-414431115","142.77","-37.06","SALES-POS","3ca72510-6f2b-4705-8ec3-e09d10afab20","Amy",5645.41,2018-10-17 07:00:00,"F",43,"Castlemaine","VIC",15.28,"91b9c0716ff243359b2700d175f2735c","CUS-2599279756","144.22","-37.07","debit","Wed","11:31:23","11","October"
"10108","authorized","1","ACC-90814749","151.68","-32.98","SALES-POS","c1c50ba6-c044-45ec-ba4e-55d9d566a6b6","Christopher",11234.53,2018-10-17 07:00:00,"M",35,"Newcastle","NSW",33.79,"b7b05c4bd1b448a7bd2a36444c56ab96","CUS-1896554896","151.78","-32.93","debit","Wed","11:36:23","11","October"
"10109","authorized","1","ACC-2305712452","138.61","-34.89","SALES-POS","050d47c5-3c1a-49dc-a531-c1905cda6aa3","Debra",6639.69,2018-10-17 07:00:00,"F",18,"Adelaide","SA",17.41,"3526434f51a747858bfcee5fb60c0d00","CUS-1842679196","138.6","-34.92","debit","Wed","11:41:23","11","October"
"10110","authorized","1","ACC-1799207998","150.68","-33.79","POS","9fa009d7-f6dc-4fa1-acf5-b531a01ebad7","Susan",8514.34,2018-10-17 07:00:00,"F",20,"Metricup","WA",34.47,"08fd0e53b4bc4fcf9437cbe2166b3a1a","CUS-164374203","115.1","-33.8","debit","Wed","11:46:23","11","October"
"10111","authorized","1","ACC-1222300524","151.23","-33.94","POS","e597c518-a64e-4091-a7a2-0bf8bc8e7159","Michael",2150.47,2018-10-17 07:00:00,"M",38,"Bridgetown","WA",9.35,"e12c3f0f058b47c5bf60c80b74943460","CUS-2142601169","116.14","-33.96","debit","Wed","11:51:23","11","October"
"10112","authorized","1","ACC-854938045","147.63","-22.84","POS","f9de03bb-805f-42aa-b888-1a771e5dc6da","James",14309.5,2018-10-17 07:00:00,"M",28,"Seville","VIC",30.69,"977e51ebdc6141ad9bf2610e1e783bb5","CUS-4023861240","145.46","-37.78","debit","Wed","11:56:23","11","October"
"10113","posted",NA,"ACC-3084464802","145.15","-37.76","PAY/SALARY",NA,"Susan",11464.28,2018-10-17 07:00:00,"F",19,NA,NA,2485.37,"557721059ea447db887dd3bb32126bb7","CUS-1928710999",NA,NA,"credit","Wed","12:00:00","12","October"
"10114","posted",NA,"ACC-1650504218","145.01","-37.93","PAY/SALARY",NA,"Marissa",17016.36,2018-10-17 07:00:00,"F",23,NA,NA,1626.48,"c29b711899aa4d66943d42f32c583bf3","CUS-2500783281",NA,NA,"credit","Wed","12:00:00","12","October"
"10115","posted",NA,"ACC-4163822186","149.03","-34.97","PAYMENT",NA,"Karen",10179.35,2018-10-17 07:00:00,"F",26,NA,NA,46,"2a17ec8ad6f54f6faa1b9be752debeeb","CUS-2630892467",NA,NA,"debit","Wed","12:00:00","12","October"
"10116","posted",NA,"ACC-182446574","116.06","-32.00","INTER BANK",NA,"Tonya",9613.7,2018-10-17 07:00:00,"F",27,NA,NA,57,"469d6c47f29e49199ff1cf3f5aa23da1","CUS-3026014945",NA,NA,"debit","Wed","12:00:00","12","October"
"10117","posted",NA,"ACC-3326339947","151.18","-33.80","PAY/SALARY",NA,"Eric",12084.57,2018-10-17 07:00:00,"M",22,NA,NA,983.36,"c819e371d93046548ba2b43fb771f9be","CUS-326006476",NA,NA,"credit","Wed","12:00:00","12","October"
"10118","authorized","1","ACC-1279356312","144.79","-37.73","POS","d4a0c2f1-5731-417e-a8a1-753e790c79a8","Tyler",9852.09,2018-10-17 07:00:00,"M",44,"Coburg","VIC",113.21,"032dec970b814db78c01148797e42eb3","CUS-1892177589","144.97","-37.74","debit","Wed","12:05:05","12","October"
"10119","authorized","1","ACC-2249586092","115.98","-32.07","SALES-POS","80cb0710-5597-44ba-a71c-b72ac6f2a723","Edward",11507.3,2018-10-17 07:00:00,"M",19,"Girrawheen","WA",17.54,"578cc27e962e4d9ba332a10be98136f6","CUS-443776336","115.83","-31.83","debit","Wed","12:23:16","12","October"
"10120","authorized","0","ACC-1799207998","150.68","-33.79","POS","417a6024-581d-407c-b221-05735c043097","Susan",8500.7,2018-10-17 07:00:00,"F",20,"Collaroy","NSW",13.64,"ed66c85a4227489da42f1b1208fab218","CUS-164374203","151.3","-33.74","debit","Wed","12:41:27","12","October"
"10121","authorized","1","ACC-3954677887","115.72","-32.28","SALES-POS","eeda9bcd-4ada-449a-8851-150fd704c328","Ruth",8429.27,2018-10-17 07:00:00,"F",47,"Beldon","WA",47.22,"24d510c4aed74b90b9a0d95e0b584acf","CUS-3716701010","115.77","-31.77","debit","Wed","12:59:38","12","October"
"10122","posted",NA,"ACC-3100725361","145.73","-17.03","INTER BANK",NA,"Ronald",5046.18,2018-10-17 07:00:00,"M",25,NA,NA,26,"dae3e208bc5c42a78222a05bda11701d","CUS-2178051368",NA,NA,"debit","Wed","13:00:00","13","October"
"10123","posted",NA,"ACC-354106658","151.04","-33.80","PHONE BANK",NA,"Christine",23775.54,2018-10-17 07:00:00,"F",39,NA,NA,177,"cc13dd8545bb49a8b1592cc912dd6231","CUS-2376382098",NA,NA,"debit","Wed","13:00:00","13","October"
"10124","posted",NA,"ACC-1516130869","130.84","-12.45","PAY/SALARY",NA,"Jessica",7021.14,2018-10-17 07:00:00,"F",21,NA,NA,2306.63,"1a8698e63179449b82e743c4db3fbc8a","CUS-325142416",NA,NA,"credit","Wed","13:00:00","13","October"
"10125","posted",NA,"ACC-2776252858","144.95","-37.76","PAY/SALARY",NA,"Kristin",8816.27,2018-10-17 07:00:00,"F",43,NA,NA,1068.04,"eb831369c4ea4c508ff422fa3434f51a","CUS-4123612273",NA,NA,"credit","Wed","13:00:00","13","October"
"10126","posted",NA,"ACC-4059612845","130.98","-12.49","PAYMENT",NA,"Jonathan",61131.05,2018-10-17 07:00:00,"M",38,NA,NA,178,"7293034fadcc4b948f50756933dab1b9","CUS-495599312",NA,NA,"debit","Wed","13:00:00","13","October"
"10127","authorized","1","ACC-2920611728","144.96","-37.76","SALES-POS","fe94fe3b-dcbb-462a-b9a8-68cd2fef3018","Tyler",9022.03,2018-10-17 07:00:00,"M",69,"Braybrook","VIC",16.26,"e605e29152484edbbbde35af46bea8fb","CUS-1388323263","144.86","-37.78","debit","Wed","13:18:08","13","October"
"10128","authorized","1","ACC-958000567","130.90","-12.37","SALES-POS","d1ac359e-415c-42a7-abae-8d2bcce24af0","Sandra",11827.74,2018-10-17 07:00:00,"F",34,"Fannie Bay","NT",33.1,"1c4f31fd82de4b57a16ed94b677a851a","CUS-4142663097","130.84","-12.42","debit","Wed","13:36:39","13","October"
"10129","authorized","1","ACC-1222300524","151.23","-33.94","POS","40efb93c-93d5-4666-9b19-df4341aaa043","Michael",2130.39,2018-10-17 07:00:00,"M",38,"Sydney","NSW",20.08,"7d827e4549384c099246779b8831393d","CUS-2142601169","151.21","-33.87","debit","Wed","13:55:11","13","October"
"10130","posted",NA,"ACC-1598451071","153.41","-27.95","PAY/SALARY",NA,"Diana",1626.37,2018-10-17 07:00:00,"F",26,NA,NA,1013.67,"583aba18701143d7b29b910665fb0ff4","CUS-2487424745",NA,NA,"credit","Wed","14:00:00","14","October"
"10131","posted",NA,"ACC-240804743","121.48","-30.75","PAYMENT",NA,"Kenneth",22215.45,2018-10-17 07:00:00,"M",29,NA,NA,56,"9e064fd8cd994e9996a8ce7561816a91","CUS-261674136",NA,NA,"debit","Wed","14:00:00","14","October"
"10132","posted",NA,"ACC-1243371644","150.90","-33.78","PAYMENT",NA,"Gregory",4934.09,2018-10-17 07:00:00,"M",42,NA,NA,130,"3d5459f544f24121b46a4aeed44bdb6e","CUS-3904958894",NA,NA,"debit","Wed","14:00:00","14","October"
"10133","authorized","1","ACC-2249586092","115.98","-32.07","POS","ecb14c3a-4640-4c8e-9ed4-96ecc4dd82da","Edward",11493.2,2018-10-17 07:00:00,"M",19,"Scarborough","WA",14.1,"130e554babb744cc95c0bce4d8d7044b","CUS-443776336","115.76","-31.89","debit","Wed","14:04:50","14","October"
"10134","authorized","1","ACC-3954677887","115.72","-32.28","SALES-POS","170f7d2c-9a6c-445e-ab8f-a4827256fd99","Ruth",8406.07,2018-10-17 07:00:00,"F",47,"Rockingham","WA",23.2,"5f9c4b7123944f45862d4a801bca8bcb","CUS-3716701010","115.75","-32.29","debit","Wed","14:11:22","14","October"
"10135","authorized","1","ACC-240804743","121.48","-30.75","POS","ba23d4fd-81e8-4850-8e24-412e2e985541","Kenneth",22271.45,2018-10-17 07:00:00,"M",29,"Fyshwick","ACT",6.04,"8e68806654544721ba70334c79d5fe7e","CUS-261674136","149.18","-35.32","debit","Wed","14:17:54","14","October"
"10136","authorized","1","ACC-1222300524","151.23","-33.94","SALES-POS","40ecb26c-e294-4d59-b535-878d19330463","Michael",2113.22,2018-10-17 07:00:00,"M",38,"Rozelle","NSW",17.17,"057814726f1348ccb110c6fc2f36e226","CUS-2142601169","151.17","-33.86","debit","Wed","14:24:26","14","October"
"10137","authorized","1","ACC-1056639002","145.03","-37.91","POS","c0d4f295-898e-43cf-8b33-ae2ebbbbabef","Michael",53529.53,2018-10-17 07:00:00,"M",22,"Edithvale","VIC",9.96,"6252e8a756af4b23bded1a6c739948a0","CUS-3462882033","145.11","-38.04","debit","Wed","14:30:58","14","October"
"10138","authorized","1","ACC-2970114956","144.89","-37.69","POS","16c4b7f9-7ceb-4a4d-9698-6314676d0a20","Robert",11254.33,2018-10-17 07:00:00,"M",26,"Ringwood","VIC",26.77,"cb093e4750144f08a6038cbf04b240a8","CUS-880898248","145.23","-37.81","debit","Wed","14:37:30","14","October"
"10139","authorized","1","ACC-1279356312","144.79","-37.73","POS","b9cd291e-bc55-4ec5-aa9d-0e126b067f1d","Tyler",9828.52,2018-10-17 07:00:00,"M",44,"Forest Hill","VIC",23.57,"24cd97b5c4614a83a44339d18c279cba","CUS-1892177589","145.17","-37.85","debit","Wed","14:44:03","14","October"
"10140","authorized","1","ACC-964839203","146.92","-36.07","POS","ebbf1381-bafe-4eb1-b0a3-27a37410f12b","Michael",40129.37,2018-10-17 07:00:00,"M",21,"Nathalia","VIC",6.9,"2b60dea46afb43289e72b76dcc2370ff","CUS-2059096722","145.2","-36.06","debit","Wed","14:50:35","14","October"
"10141","authorized","1","ACC-2650850707","148.16","-23.52","SALES-POS","74c7d9ca-3ccb-487a-8634-a8ec3493d2cd","Brian",118103.41,2018-10-17 07:00:00,"M",42,"Tumut","NSW",44.82,"f8c1c6b5691b4e4795b7a08a3375a7aa","CUS-2819545904","148.22","-35.3","debit","Wed","14:57:07","14","October"
"10142","posted",NA,"ACC-1799207998","150.68","-33.79","INTER BANK",NA,"Susan",8409.7,2018-10-17 07:00:00,"F",20,NA,NA,91,"3b42ad6bbae245beb474dca721965401","CUS-164374203",NA,NA,"debit","Wed","15:00:00","15","October"
"10143","posted",NA,"ACC-2305712452","138.61","-34.89","PAYMENT",NA,"Debra",6603.69,2018-10-17 07:00:00,"F",18,NA,NA,36,"af2fa924e7844863b3b79a3e9fea471e","CUS-1842679196",NA,NA,"debit","Wed","15:00:00","15","October"
"10144","posted",NA,"ACC-38923874","151.27","-33.90","PAYMENT",NA,"Ryan",43081.46,2018-10-17 07:00:00,"M",38,NA,NA,35,"c5a1bc39b2ef4ab6b4f5666f123184bc","CUS-3249305314",NA,NA,"debit","Wed","15:00:00","15","October"
"10145","posted",NA,"ACC-958000567","130.90","-12.37","INTER BANK",NA,"Sandra",11717.74,2018-10-17 07:00:00,"F",34,NA,NA,110,"0fb70f433f084c8d82e820459c464ec6","CUS-4142663097",NA,NA,"debit","Wed","15:00:00","15","October"
"10146","authorized","1","ACC-1903037542","153.05","-27.61","POS","aa7448ff-6e32-4fd3-a7bd-06e854a7da2b","Jeffrey",4583.09,2018-10-17 07:00:00,"M",30,"Victoria Point","QLD",11.11,"3d8a23a139254cdab5022a502e8214d6","CUS-860700529","153.28","-27.59","debit","Wed","15:03:21","15","October"
"10147","authorized","0","ACC-1243371644","150.90","-33.78","SALES-POS","a2734444-2881-4e19-9687-cfc7814642e9","Gregory",4918.1,2018-10-17 07:00:00,"M",42,"Brookvale","NSW",15.99,"faf45ca672dd41a998bf8d0f0d8a24f9","CUS-3904958894","151.26","-33.77","debit","Wed","15:09:20","15","October"
"10148","authorized","1","ACC-964839203","146.92","-36.07","POS","63721c0d-ef24-4c23-98d0-722561c938ac","Michael",40118.48,2018-10-17 07:00:00,"M",21,"Maribyrnong","VIC",10.89,"3907d8f1996d418fa866c36c3539e372","CUS-2059096722","144.89","-37.78","debit","Wed","15:15:19","15","October"
"10149","authorized","1","ACC-1903037542","153.05","-27.61","POS","848f6f12-a594-461b-aaf5-72b7712ded60","Jeffrey",4540.94,2018-10-17 07:00:00,"M",30,"Geelong","VIC",42.15,"ff853aa337a24b63b3d469fa26430223","CUS-860700529","144.36","-38.15","debit","Wed","15:21:19","15","October"
"10150","authorized","1","ACC-1903037542","153.05","-27.61","SALES-POS","e3ec4729-aac7-4b6e-b92a-f3df8379111b","Jeffrey",4522.37,2018-10-17 07:00:00,"M",30,"Deagon","QLD",18.57,"8639163f768746af8841d1266e6602c6","CUS-860700529","153.06","-27.32","debit","Wed","15:27:18","15","October"
"10151","authorized","1","ACC-3084464802","145.15","-37.76","POS","7b4deb71-0e46-4da6-b2fa-7c718273f157","Susan",10853.53,2018-10-17 07:00:00,"F",19,"Mount Gambier","SA",610.75,"5f950f0e513b4a96bf660f1171147b6a","CUS-1928710999","140.78","-37.83","debit","Wed","15:33:17","15","October"
"10152","authorized","0","ACC-1710017148","150.82","-34.01","SALES-POS","7c27c261-9d34-40e2-89d2-d32c5626712d","Michelle",17574.55,2018-10-17 07:00:00,"F",19,"Lutwyche","QLD",35.44,"9ddfc3e97f9f4e17915a415a27f933e2","CUS-883482547","153.03","-27.42","debit","Wed","15:39:16","15","October"
"10153","authorized","1","ACC-2890243754","153.32","-27.93","SALES-POS","5bdb60f9-60ec-47b4-92be-565abe3d36f7","Joseph",1581.78,2018-10-17 07:00:00,"M",37,"Burleigh Heads","QLD",4.96,"616e73ee4eff483b90ad466aa5ec4ce8","CUS-2695611575","153.44","-28.1","debit","Wed","15:45:16","15","October"
"10154","authorized","1","ACC-3481401842","115.74","-31.72","POS","56a95a99-0036-4727-a604-b8afcad982b1","Tiffany",7163.68,2018-10-17 07:00:00,"F",25,"Merriwa","WA",53.96,"450614b829814e5d8bbfe7c85216bff3","CUS-1669695324","115.72","-31.67","debit","Wed","15:51:15","15","October"
"10155","authorized","0","ACC-1973887809","115.78","-31.90","SALES-POS","ae024401-3e47-48c7-973a-89f50714893d","Antonio",7257.68,2018-10-17 07:00:00,"M",26,"Innaloo","WA",37.17,"d450b05425bf425e97887ee4d1e4d8d3","CUS-1646621553","115.8","-31.9","debit","Wed","15:57:14","15","October"
"10156","posted",NA,"ACC-4065652575","115.81","-31.82","PAYMENT",NA,"Lucas",15583.86,2018-10-17 07:00:00,"M",21,NA,NA,55,"47661df5079a4944917d4b0ec40a8748","CUS-1117979751",NA,NA,"debit","Wed","16:00:00","16","October"
"10157","posted",NA,"ACC-1799207998","150.68","-33.79","PAYMENT",NA,"Susan",8374.7,2018-10-17 07:00:00,"F",20,NA,NA,35,"0152e2035a7f4b7a939b52a19a069e70","CUS-164374203",NA,NA,"debit","Wed","16:00:00","16","October"
"10158","posted",NA,"ACC-1973887809","115.78","-31.90","PAY/SALARY",NA,"Antonio",8356.59,2018-10-17 07:00:00,"M",26,NA,NA,1098.91,"6f6513f4089a47ada198e97935998f48","CUS-1646621553",NA,NA,"credit","Wed","16:00:00","16","October"
"10159","authorized","1","ACC-2970114956","144.89","-37.69","SALES-POS","ba23d4fd-81e8-4850-8e24-412e2e985541","Robert",11247.97,2018-10-17 07:00:00,"M",26,"Fyshwick","ACT",6.36,"14f9ce13e1434f5798dde225b7f37d57","CUS-880898248","149.18","-35.32","debit","Wed","16:09:38","16","October"
"10160","authorized","1","ACC-2270192619","138.56","-35.27","POS","90335606-32de-4756-a99f-c8eafbf1f11e","Darren",17322.27,2018-10-17 07:00:00,"M",20,"Vincentia","NSW",18.12,"ca102a06ec4b4c57966ca28498fbc995","CUS-2110742437","150.66","-35.08","debit","Wed","16:27:29","16","October"
"10161","authorized","1","ACC-2153562714","116.00","-31.88","POS","1e8353f3-0cea-40d2-b7ee-fb2a374191bb","Linda",6571.64,2018-10-17 07:00:00,"F",24,"Scarborough","WA",16.72,"76c30290d1a6467f9cc0b0b8c2f4d6b6","CUS-423725039","115.76","-31.9","debit","Wed","16:45:21","16","October"
"10162","posted",NA,"ACC-3233697971","151.04","-33.77","PAYMENT",NA,"Robin",13257.62,2018-10-17 07:00:00,"F",34,NA,NA,159,"3b2c4edfb4574d9cb7ee367842346735","CUS-1147642491",NA,NA,"debit","Wed","17:00:00","17","October"
"10163","posted",NA,"ACC-819621312","145.04","-37.85","PAY/SALARY",NA,"Michele",9327.64,2018-10-17 07:00:00,"F",30,NA,NA,1158.15,"5fb4c96d1ca94c6990246e5ff658e8a7","CUS-1271030853",NA,NA,"credit","Wed","17:00:00","17","October"
"10164","posted",NA,"ACC-2920611728","144.96","-37.76","PAY/SALARY",NA,"Tyler",10065.15,2018-10-17 07:00:00,"M",69,NA,NA,1043.12,"d82481eeccae4ac3acd7f0f0f87a5fd2","CUS-1388323263",NA,NA,"credit","Wed","17:00:00","17","October"
"10165","posted",NA,"ACC-2901672282","255.00","-573.00","PAYMENT",NA,"Daniel",11608.46,2018-10-17 07:00:00,"M",22,NA,NA,33,"7b6fa14e2bd841d09b8acc8dd250324b","CUS-1617121891",NA,NA,"debit","Wed","17:00:00","17","October"
"10166","posted",NA,"ACC-1799207998","150.68","-33.79","PAY/SALARY",NA,"Susan",9770.19,2018-10-17 07:00:00,"F",20,NA,NA,1395.49,"b6e8eea5307b4fec9c86e489978cd1fe","CUS-164374203",NA,NA,"credit","Wed","17:00:00","17","October"
"10167","posted",NA,"ACC-2171593283","146.94","-36.04","PAY/SALARY",NA,"Fernando",17841.1,2018-10-17 07:00:00,"M",19,NA,NA,2639.76,"3e9cd50640d34e17b8c5aacc8e7ac1c3","CUS-2317998716",NA,NA,"credit","Wed","17:00:00","17","October"
"10168","posted",NA,"ACC-4163822186","149.03","-34.97","PAYMENT",NA,"Karen",10129.35,2018-10-17 07:00:00,"F",26,NA,NA,50,"92ed024e66de4032a91146fd6d20dae6","CUS-2630892467",NA,NA,"debit","Wed","17:00:00","17","October"
"10169","posted",NA,"ACC-3827517394","151.12","-33.89","PAYMENT",NA,"Craig",43892.45,2018-10-17 07:00:00,"M",28,NA,NA,83,"bf9e318ecdab4c4b8e71b8be0f815e01","CUS-2663907001",NA,NA,"debit","Wed","17:00:00","17","October"
"10170","authorized","1","ACC-2970114956","144.89","-37.69","POS","48f43ea0-bd65-4ba4-95a8-f6870e1fada2","Robert",11228.6,2018-10-17 07:00:00,"M",26,"Balwyn North","VIC",19.37,"3ab6521f22c14fac9f5dc1d709b2156d","CUS-880898248","145.07","-37.78","debit","Wed","17:02:13","17","October"
"10171","authorized","1","ACC-854938045","147.63","-22.84","SALES-POS","6b519c78-9dc0-4911-9135-4594ff253217","James",14244.09,2018-10-17 07:00:00,"M",28,"Middlemount","QLD",65.41,"0f79068111e3457dab4d0da804b31d1b","CUS-4023861240","148.7","-22.81","debit","Wed","17:14:34","17","October"
"10172","authorized","0","ACC-1998563091","149.03","-35.25","SALES-POS","0bb9a68e-ba79-4ca9-adea-b92d1768eb5e","David",18556.22,2018-10-17 07:00:00,"M",42,"Perth","WA",235.26,"2c72827b58594378838950c3621be211","CUS-3395687666","115.86","-31.95","debit","Wed","17:26:54","17","October"
"10173","authorized","1","ACC-1037050564","153.10","-27.66","POS","8dfd8770-21e3-43f5-ba64-7d7b6cb5548c","Rhonda",5009.07,2018-10-17 07:00:00,"F",40,"Raceview","QLD",14.24,"ff11e86e047948f19ab852d5fbe3cfaf","CUS-1614226872","152.78","-27.63","debit","Wed","17:39:15","17","October"
"10174","authorized","1","ACC-2673069055","152.99","-27.49","SALES-POS","2b36e3f1-d074-41a3-999d-cc85dc51e204","Richard",15187.04,2018-10-17 07:00:00,"M",24,"Toowoomba City","QLD",26.58,"61b8515db4e644cbb32b3d8c18db6525","CUS-51506836","151.96","-27.56","debit","Wed","17:51:36","17","October"
"10175","posted",NA,"ACC-964839203","146.92","-36.07","PAYMENT",NA,"Michael",39941.48,2018-10-17 07:00:00,"M",21,NA,NA,177,"51f64c8c33784db5bf2d49d65a24d562","CUS-2059096722",NA,NA,"debit","Wed","18:00:00","18","October"
"10176","posted",NA,"ACC-2153562714","116.00","-31.88","PAYMENT",NA,"Linda",6496.02,2018-10-17 07:00:00,"F",24,NA,NA,46,"73e0557b1d9d4286b88d0da2d3af29e0","CUS-423725039",NA,NA,"debit","Wed","18:00:00","18","October"
"10177","authorized","1","ACC-1496451953","145.16","-37.84","SALES-POS","ff184ad8-a641-40ef-80c2-1e914ecc0e55","Ricky",21956.8,2018-10-17 07:00:00,"M",43,"Sunshine North","VIC",41.09,"6555fa1b5f1e4e24af1406a3d6e89296","CUS-3142625864","144.84","-37.78","debit","Wed","18:08:38","18","October"
"10178","authorized","0","ACC-2153562714","116.00","-31.88","SALES-POS","5e6b6a71-977d-4905-8775-28ece644996f","Linda",6542.02,2018-10-17 07:00:00,"F",24,"Palmyra","WA",29.62,"204a3fe5a1d64776a87ff4c4e46498d1","CUS-423725039","115.78","-32.04","debit","Wed","18:35:40","18","October"
"10179","posted",NA,"ACC-819621312","145.04","-37.85","PAYMENT",NA,"Michele",9229.64,2018-10-17 07:00:00,"F",30,NA,NA,98,"7b748faac191481a9d0b24886ff64f07","CUS-1271030853",NA,NA,"debit","Wed","19:00:00","19","October"
"10180","posted",NA,"ACC-1349834573","145.17","-37.84","PAYMENT",NA,"Matthew",16308.09,2018-10-17 07:00:00,"M",39,NA,NA,48,"46047f10b7f841fb94f91f794c1c2fa5","CUS-1790886359",NA,NA,"debit","Wed","19:00:00","19","October"
"10181","authorized","1","ACC-854938045","147.63","-22.84","SALES-POS","333df983-cd39-4229-a6da-a096f2419981","James",14202.81,2018-10-17 07:00:00,"M",28,"North Sydney","NSW",41.28,"b27a25ceda53499fab5decad144cbfb2","CUS-4023861240","151.21","-33.84","debit","Wed","19:01:16","19","October"
"10182","authorized","1","ACC-2673069055","152.99","-27.49","SALES-POS","6019efb6-f6a7-402c-9ea1-b398ef4d98d1","Richard",15181.33,2018-10-17 07:00:00,"M",24,"Sheldon","QLD",5.71,"906ef075b2d141c4accd32d8bade80a9","CUS-51506836","153.21","-27.57","debit","Wed","19:14:06","19","October"
"10183","authorized","1","ACC-1973887809","115.78","-31.90","SALES-POS","7dee69cf-5736-4247-bccb-f9a0892ae760","Antonio",7872.29,2018-10-17 07:00:00,"M",26,"Keilor Park","VIC",484.3,"f6efd39b3dbb40e9ad90bb1d96a2e300","CUS-1646621553","144.85","-37.72","debit","Wed","19:26:55","19","October"
"10184","authorized","0","ACC-1222300524","151.23","-33.94","POS","8213e3af-7b48-4dde-8541-a1f7a0e5030d","Michael",2105.91,2018-10-17 07:00:00,"M",38,"Hurstville","NSW",7.31,"900a04a7b9964b9c8416192f47ad39aa","CUS-2142601169","151.11","-33.97","debit","Wed","19:39:44","19","October"
"10185","authorized","1","ACC-958000567","130.90","-12.37","SALES-POS","b7754c43-4b42-4854-8357-586cfdb5d6bd","Sandra",11704.85,2018-10-17 07:00:00,"F",34,"Casuarina","NT",12.89,"df67414d6d344a8a8c254026c7863424","CUS-4142663097","130.88","-12.37","debit","Wed","19:52:33","19","October"
"10186","posted",NA,"ACC-2171593283","146.94","-36.04","PAYMENT",NA,"Fernando",17824.1,2018-10-17 07:00:00,"M",19,NA,NA,17,"af15d098ae6741b8a6c4ed0187859270","CUS-2317998716",NA,NA,"debit","Wed","20:00:00","20","October"
"10187","posted",NA,"ACC-1650504218","145.01","-37.93","PAYMENT",NA,"Marissa",16983.36,2018-10-17 07:00:00,"F",23,NA,NA,33,"e937f3ef809c4b2793dd621dd08ed406","CUS-2500783281",NA,NA,"debit","Wed","20:00:00","20","October"
"10188","posted",NA,"ACC-1438600314","138.69","-34.84","PAYMENT",NA,"Maria",5225.98,2018-10-17 07:00:00,"F",35,NA,NA,83,"ef71d48e1f2242e89621b338db04fa3f","CUS-2650223890",NA,NA,"debit","Wed","20:00:00","20","October"
"10189","posted",NA,"ACC-182446574","116.06","-32.00","INTER BANK",NA,"Tonya",9580.7,2018-10-17 07:00:00,"F",27,NA,NA,33,"aa5935192912414abc411bcddf32b25b","CUS-3026014945",NA,NA,"debit","Wed","20:00:00","20","October"
"10190","posted",NA,"ACC-4281711154","144.98","-37.84","PHONE BANK",NA,"Eric",42251.02,2018-10-17 07:00:00,"M",42,NA,NA,36,"f9434b7eff9f4f9fab7a6b34919478d2","CUS-3151318058",NA,NA,"debit","Wed","20:00:00","20","October"
"10191","authorized","0","ACC-3689607373","115.79","-31.79","SALES-POS","eaa7a7f9-3bda-4d2d-80e3-b3a653cfe2cc","Virginia",7097.75,2018-10-17 07:00:00,"F",20,"Nedlands","WA",16.36,"cb165a1eacee4dcbb94f56f9a97a102e","CUS-127297539","115.8","-31.98","debit","Wed","20:10:46","20","October"
"10192","authorized","1","ACC-1279356312","144.79","-37.73","POS","9941b103-6ac8-42c7-9ba6-6c55f8182b99","Tyler",9794.64,2018-10-17 07:00:00,"M",44,"Preston","VIC",33.88,"7ff48ee076b942bca8aa5589c41f1b17","CUS-1892177589","145.03","-37.74","debit","Wed","20:36:24","20","October"
"10193","posted",NA,"ACC-3536132544","144.93","-37.79","INTER BANK",NA,"Heather",6647.96,2018-10-17 07:00:00,"F",41,NA,NA,43,"be3ab64639dc4e04b8bafce540c8b8e2","CUS-2348881191",NA,NA,"debit","Wed","21:00:00","21","October"
"10194","posted",NA,"ACC-2173390920","144.71","-37.58","PHONE BANK",NA,"Luis",11281.52,2018-10-17 07:00:00,"M",27,NA,NA,67,"a5bfc598f27f4b31a0f3abed8912b768","CUS-3180318393",NA,NA,"debit","Wed","21:00:00","21","October"
"10195","authorized","1","ACC-2673069055","152.99","-27.49","SALES-POS","3570d574-09fc-4fbf-a9c3-83e5c1324b0a","Richard",15172.52,2018-10-17 07:00:00,"M",24,"Browns Plains","QLD",8.81,"5108618578e04ac687fb27deffc0db63","CUS-51506836","153.04","-27.66","debit","Wed","21:01:14","21","October"
"10196","authorized","1","ACC-2890243754","153.32","-27.93","SALES-POS","bfbdc3da-ae50-4375-bbd9-3bffe609274a","Joseph",1564.17,2018-10-17 07:00:00,"M",37,"Varsity Lakes","QLD",17.61,"4ec873a856bd426fabddcf236bfcc913","CUS-2695611575","153.4","-28.1","debit","Wed","21:16:52","21","October"
"10197","authorized","0","ACC-2153562714","116.00","-31.88","POS","77b930b1-1493-40f3-b90d-4c6ea273d856","Linda",6487.68,2018-10-17 07:00:00,"F",24,"Carine","WA",8.34,"cf7a4df7a0b6434782d5586110716f86","CUS-423725039","115.78","-31.85","debit","Wed","21:32:29","21","October"
"10198","authorized","0","ACC-1903037542","153.05","-27.61","POS","57c9e10d-7a7b-4120-ad24-23843d682625","Jeffrey",4473.67,2018-10-17 07:00:00,"M",30,"Graceville","QLD",48.7,"c1e8ba1383374ca2aff479b4af7c2d12","CUS-860700529","152.98","-27.52","debit","Wed","21:48:07","21","October"
"10199","posted",NA,"ACC-2897221629","150.90","-34.37","PAYMENT",NA,"Scott",7777.26,2018-10-17 07:00:00,"M",23,NA,NA,73,"abe4d4a735ca4eaeaf9b6dceb2fbec2e","CUS-511326734",NA,NA,"debit","Wed","22:00:00","22","October"
"10200","posted",NA,"ACC-1710017148","150.82","-34.01","PAYMENT",NA,"Michelle",17541.55,2018-10-17 07:00:00,"F",19,NA,NA,33,"a5ffb7234e6c4345a0b77d177b333462","CUS-883482547",NA,NA,"debit","Wed","22:00:00","22","October"
"10201","authorized","1","ACC-964839203","146.92","-36.07","SALES-POS","12199c94-c98a-454d-86c7-330b9d109260","Michael",39855.72,2018-10-17 07:00:00,"M",21,"Newstead","QLD",85.76,"386911f41ff44c0c835e72b0ba751510","CUS-2059096722","153.04","-27.45","debit","Wed","22:07:16","22","October"
"10202","authorized","1","ACC-3100725361","145.73","-17.03","SALES-POS","667f5118-8085-4805-b4df-593a691e0abd","Ronald",5032.29,2018-10-17 07:00:00,"M",25,"Earlville","QLD",13.89,"b73dc88e425b4357825bc18496d80765","CUS-2178051368","145.74","-16.95","debit","Wed","22:37:34","22","October"
"10203","posted",NA,"ACC-1973887809","115.78","-31.90","PAYMENT",NA,"Antonio",7843.29,2018-10-17 07:00:00,"M",26,NA,NA,29,"13b225b75e8248ffa2edaefb43afbce1","CUS-1646621553",NA,NA,"debit","Wed","23:00:00","23","October"
"10204","posted",NA,"ACC-1349834573","145.17","-37.84","PAYMENT",NA,"Matthew",16276.09,2018-10-17 07:00:00,"M",39,NA,NA,32,"cf04c7d8e6ef488396299f408025f8e1","CUS-1790886359",NA,NA,"debit","Wed","23:00:00","23","October"
"10205","posted",NA,"ACC-240804743","121.48","-30.75","PAYMENT",NA,"Kenneth",22176.45,2018-10-17 07:00:00,"M",29,NA,NA,39,"73c1349b59724a0fa52590fd2924e475","CUS-261674136",NA,NA,"debit","Wed","23:00:00","23","October"
"10206","posted",NA,"ACC-182446574","116.06","-32.00","INTER BANK",NA,"Tonya",9428.7,2018-10-17 07:00:00,"F",27,NA,NA,152,"441062835a75426183207d2429176dc6","CUS-3026014945",NA,NA,"debit","Wed","23:00:00","23","October"
"10207","authorized","1","ACC-1598451071","153.41","-27.95","SALES-POS","79632a30-4507-43e8-b301-e4166dc24eb3","Diana",1620.6,2018-10-17 07:00:00,"F",26,"Broadbeach","QLD",5.77,"c52153c88e004907b805b3f2b5d9b350","CUS-2487424745","153.43","-28.03","debit","Wed","23:05:39","23","October"
"10208","authorized","1","ACC-2890243754","153.32","-27.93","POS","3647e656-341b-4fc7-b46e-d4b5fd2c93d4","Joseph",1494.45,2018-10-17 07:00:00,"M",37,"Alexandria","NSW",69.72,"0a8be849024f4aac9f77d0313deb13c9","CUS-2695611575","151.2","-33.9","debit","Wed","23:27:23","23","October"
"10209","authorized","0","ACC-1598451071","153.41","-27.95","POS","023f7601-2795-4081-9ffe-3199ee4b49c2","Diana",1615.68,2018-10-17 07:00:00,"F",26,"Runaway Bay","QLD",4.92,"203545caaf4b4d14983e0c4f541213d2","CUS-2487424745","153.4","-27.91","debit","Wed","23:49:07","23","October"
"10210","authorized","1","ACC-847145727","115.90","-31.92","SALES-POS","b7336787-56af-415e-9e38-d018b78c8762","Michael",61255.04,2018-10-18 07:00:00,"M",19,"Bassendean","WA",46.33,"1870ba69cb0a4e15866782aa25c92796","CUS-1609060617","115.94","-31.9","debit","Thu","00:29:24","00","October"
"10211","authorized","1","ACC-1799207998","150.68","-33.79","POS","99877a47-3f2f-46ca-aae7-4daee491fbd1","Susan",9731.05,2018-10-18 07:00:00,"F",20,"Kingsford","NSW",39.14,"3df0ca44f3fd4b5bb582938cb107e7d1","CUS-164374203","151.23","-33.92","debit","Thu","01:12:18","01","October"
"10212","authorized","1","ACC-3100725361","145.73","-17.03","POS","cf184d23-d5c6-4740-bfe6-5b429f829d88","Ronald",5005.75,2018-10-18 07:00:00,"M",25,"Wynyard","TAS",26.54,"d4127142402f419da6eb33b75c20a7c8","CUS-2178051368","145.73","-40.99","debit","Thu","01:37:56","01","October"
"10213","posted",NA,"ACC-3317636250","153.02","-27.66","INTER BANK",NA,"Kenneth",16586.21,2018-10-18 07:00:00,"M",35,NA,NA,90,"1d236c7bebd04a26b4c6b90704997051","CUS-2738291516",NA,NA,"debit","Thu","02:00:00","02","October"
"10214","posted",NA,"ACC-1496451953","145.16","-37.84","INTER BANK",NA,"Ricky",21940.8,2018-10-18 07:00:00,"M",43,NA,NA,16,"5a976a7c2e7d4c84a1659d755264119a","CUS-3142625864",NA,NA,"debit","Thu","02:00:00","02","October"
"10215","authorized","1","ACC-1608363396","151.22","-33.87","SALES-POS","c517e9ce-fba4-4269-ac69-739d51ef969b","Robert",7443.58,2018-10-18 07:00:00,"M",20,"Armidale","NSW",52.18,"931ddf63989d463bbccf2193bd5f9e4a","CUS-2688605418","151.67","-30.52","debit","Thu","02:13:59","02","October"
"10216","posted",NA,"ACC-1523339231","115.83","-31.90","PAYMENT",NA,"Tim",68218.33,2018-10-18 07:00:00,"M",40,NA,NA,47,"18e5a8ae3dd542f2b592c2265e909ac4","CUS-1816693151",NA,NA,"debit","Thu","03:00:00","03","October"
"10217","posted",NA,"ACC-2890243754","153.32","-27.93","PAYMENT",NA,"Joseph",1442.45,2018-10-18 07:00:00,"M",37,NA,NA,52,"0225e6391faf49db8903633a28d4fa85","CUS-2695611575",NA,NA,"debit","Thu","03:00:00","03","October"
"10218","posted",NA,"ACC-2270192619","138.56","-35.27","PAYMENT",NA,"Darren",17283.27,2018-10-18 07:00:00,"M",20,NA,NA,39,"e4cbaa73dbaa4db6b9e36d707158eed6","CUS-2110742437",NA,NA,"debit","Thu","04:00:00","04","October"
"10219","posted",NA,"ACC-3536132544","144.93","-37.79","PAYMENT",NA,"Heather",6625.96,2018-10-18 07:00:00,"F",41,NA,NA,22,"081e1b1516d742159a2d11cc9625c746","CUS-2348881191",NA,NA,"debit","Thu","04:00:00","04","October"
"10220","posted",NA,"ACC-2014856841","144.99","-37.90","INTER BANK",NA,"Patrick",265133.75,2018-10-18 07:00:00,"M",46,NA,NA,684,"71e6bdde296344068ad727efbcde0083","CUS-2370108457",NA,NA,"debit","Thu","04:00:00","04","October"
"10221","authorized","1","ACC-3481401842","115.74","-31.72","POS","8a01afe8-1468-4e9f-8152-ccb237b7c614","Tiffany",7149.47,2018-10-18 07:00:00,"F",25,"Rockingham","WA",14.21,"58ead64a308f41b19aa3d203a8fca5ab","CUS-1669695324","115.74","-32.29","debit","Thu","04:14:07","04","October"
"10222","authorized","1","ACC-1598451071","153.41","-27.95","SALES-POS","4fed93ab-f622-4e44-b7ca-8dcdd6b43e35","Diana",1593.85,2018-10-18 07:00:00,"F",26,"Broadbeach","QLD",21.83,"bff9ab5e3c7a4a0491243ccade36fafb","CUS-2487424745","153.43","-28.04","debit","Thu","04:43:31","04","October"
"10223","posted",NA,"ACC-2171593283","146.94","-36.04","PAYMENT",NA,"Fernando",17791.1,2018-10-18 07:00:00,"M",19,NA,NA,33,"a25e540fcaf04213ada320d440f2d6e5","CUS-2317998716",NA,NA,"debit","Thu","05:00:00","05","October"
"10224","posted",NA,"ACC-2890243754","153.32","-27.93","PAYMENT",NA,"Joseph",1424.45,2018-10-18 07:00:00,"M",37,NA,NA,18,"c0d93a20083548e6a1d68f8cf067edbf","CUS-2695611575",NA,NA,"debit","Thu","05:00:00","05","October"
"10225","posted",NA,"ACC-3481401842","115.74","-31.72","PAYMENT",NA,"Tiffany",7103.47,2018-10-18 07:00:00,"F",25,NA,NA,46,"e2887c977dc14f37852a5d79f5b27979","CUS-1669695324",NA,NA,"debit","Thu","06:00:00","06","October"
"10226","posted",NA,"ACC-211792489","138.63","-34.93","PAYMENT",NA,"Jacqueline",3121.46,2018-10-18 07:00:00,"F",30,NA,NA,47,"c03a226e2cb346ff95150a19d72f1179","CUS-497688347",NA,NA,"debit","Thu","06:00:00","06","October"
"10227","authorized","1","ACC-1598451071","153.41","-27.95","POS","952c2d56-02bc-4d8c-9ba5-c0d33c306413","Diana",1566.92,2018-10-18 07:00:00,"F",26,"Highland Park","QLD",26.93,"f79331ec62f8465681ef77cffb56d113","CUS-2487424745","153.34","-28.01","debit","Thu","06:22:13","06","October"
"10228","posted",NA,"ACC-2231965366","144.96","-37.84","PAYMENT",NA,"Linda",22915.05,2018-10-18 07:00:00,"F",35,NA,NA,33,"055fa9134e8548868c037f9141b33801","CUS-2155701614",NA,NA,"debit","Thu","07:00:00","07","October"
"10229","posted",NA,"ACC-4274272854","145.23","-37.86","PAYMENT",NA,"Timothy",8438.24,2018-10-18 07:00:00,"M",20,NA,NA,71,"b4e307dc68ca41df8c7957ade9a01559","CUS-2484453271",NA,NA,"debit","Thu","07:00:00","07","October"
"10230","posted",NA,"ACC-182446574","116.06","-32.00","PAYMENT",NA,"Tonya",9307.7,2018-10-18 07:00:00,"F",27,NA,NA,121,"3f9d00702dc64de9836fb478be9148f4","CUS-3026014945",NA,NA,"debit","Thu","07:00:00","07","October"
"10231","posted",NA,"ACC-2259139624","144.66","-37.91","INTER BANK",NA,"Cindy",17181.78,2018-10-18 07:00:00,"F",19,NA,NA,22,"09a354e3df9642f18f8087e686280761","CUS-3174332735",NA,NA,"debit","Thu","07:00:00","07","October"
"10232","authorized","1","ACC-1598451071","153.41","-27.95","POS","816c8634-ad16-4328-ac53-e48d407ee4f2","Diana",1555.55,2018-10-18 07:00:00,"F",26,"Nerang","QLD",11.37,"61d7f4fe33df4a11a78a9b9471457aa7","CUS-2487424745","153.33","-27.99","debit","Thu","07:32:59","07","October"
"10233","posted",NA,"ACC-2776252858","144.95","-37.76","PAYMENT",NA,"Kristin",8773.27,2018-10-18 07:00:00,"F",43,NA,NA,43,"a3bb8d9cfeac4081bfbd02acdb7514f7","CUS-4123612273",NA,NA,"debit","Thu","08:00:00","08","October"
"10234","authorized","1","ACC-3481401842","115.74","-31.72","POS","af46b006-44d1-4a57-b83a-4c9d4e6f02d7","Tiffany",7086.32,2018-10-18 07:00:00,"F",25,"Murrurundi","NSW",17.15,"7692bb3af48546539a78fe0f3bf72cec","CUS-1669695324","150.83","-31.76","debit","Thu","08:03:18","08","October"
"10235","authorized","0","ACC-1496451953","145.16","-37.84","POS","6f662a1b-28cf-45cb-9bf0-8511db407ab2","Ricky",21913.74,2018-10-18 07:00:00,"M",43,"Docklands","VIC",27.06,"390af10a01d746c2988450e9d7188b36","CUS-3142625864","144.95","-37.82","debit","Thu","08:10:30","08","October"
"10236","authorized","1","ACC-2153562714","116.00","-31.88","POS","8ae15cfd-7ffc-4987-8e62-c75c1b555bbd","Linda",6470.66,2018-10-18 07:00:00,"F",24,"Balcatta","WA",17.02,"272953d22a7c4e47b9fed6107f99b85e","CUS-423725039","115.81","-31.87","debit","Thu","08:17:41","08","October"
"10237","authorized","1","ACC-3100725361","145.73","-17.03","POS","7d06d8a4-d6ce-4dd2-b4d7-dde94d1ff630","Ronald",4982.9,2018-10-18 07:00:00,"M",25,"Burnie","TAS",22.85,"9309642794ed492ba51cd9abf68d2052","CUS-2178051368","145.91","-41.05","debit","Thu","08:24:53","08","October"
"10238","authorized","1","ACC-854938045","147.63","-22.84","POS","c087506c-c4c6-42de-aae2-2d244e49f4be","James",14159.87,2018-10-18 07:00:00,"M",28,"Mount Waverley","VIC",42.94,"53a24df09807444e9c9bdef1aa948c83","CUS-4023861240","145.14","-37.9","debit","Thu","08:32:05","08","October"
"10239","authorized","1","ACC-1279356312","144.79","-37.73","SALES-POS","73c391e4-0706-4f30-989b-f56f03e87f26","Tyler",9775.02,2018-10-18 07:00:00,"M",44,"Melton","VIC",19.62,"1196abf36e724465a68ab988abd729b2","CUS-1892177589","144.56","-37.69","debit","Thu","08:39:16","08","October"
"10240","authorized","1","ACC-414431115","142.77","-37.06","POS","106e1272-44ab-4dcb-a438-dd98e0071e51","Amy",5618.15,2018-10-18 07:00:00,"F",43,"Eden","NSW",27.26,"f0a357f9ac074cbdb4c69c9821c8f081","CUS-2599279756","149.9","-37.06","debit","Thu","08:46:28","08","October"
"10241","authorized","1","ACC-1279356312","144.79","-37.73","SALES-POS","962e2a2f-88f2-46b2-b23c-5e096b276343","Tyler",9757.78,2018-10-18 07:00:00,"M",44,"Templestowe","VIC",17.24,"51ed5fa8802c4bc7b1e590b7ab78463c","CUS-1892177589","145.13","-37.76","debit","Thu","08:53:40","08","October"
"10242","posted",NA,"ACC-3485804958","138.52","-35.01","PAYMENT",NA,"Jessica",27670.77,2018-10-18 07:00:00,"F",34,NA,NA,27,"36c5efa6aa8a466a8cb19288d43f978f","CUS-1196156254",NA,NA,"debit","Thu","09:00:00","09","October"
"10243","posted",NA,"ACC-1516130869","130.84","-12.45","INTER BANK",NA,"Jessica",6982.14,2018-10-18 07:00:00,"F",21,NA,NA,39,"5e29a3c63ae945ad824913cd3cf2cd9a","CUS-325142416",NA,NA,"debit","Thu","09:00:00","09","October"
"10244","posted",NA,"ACC-2265520058","151.27","-33.85","PAYMENT",NA,"Catherine",5850.61,2018-10-18 07:00:00,"F",26,NA,NA,124,"a4120bd63ae94b198497f1d1c870f5cb","CUS-331942311",NA,NA,"debit","Thu","09:00:00","09","October"
"10245","authorized","1","ACC-3100725361","145.73","-17.03","POS","81e0744e-281c-43de-b088-286740dc1e97","Ronald",4967.57,2018-10-18 07:00:00,"M",25,"Marysville","VIC",15.33,"0a1f5b4226964b94b6b363b7a107b013","CUS-2178051368","145.75","-37.51","debit","Thu","09:00:33","09","October"
"10246","authorized","1","ACC-1279356312","144.79","-37.73","SALES-POS","a2adedd6-1fc8-4aaa-bf00-cdb1a7f5bc4e","Tyler",9738.57,2018-10-18 07:00:00,"M",44,"Werribee","VIC",19.21,"05be5ae4c1eb4a38876893d2eef12503","CUS-1892177589","144.68","-37.88","debit","Thu","09:05:08","09","October"
"10247","authorized","1","ACC-3481401842","115.74","-31.72","POS","68978a51-7a39-4e02-ad86-03c3ba8b72f1","Tiffany",7077.08,2018-10-18 07:00:00,"F",25,"Carramar","WA",9.24,"6f1b43e0a01949f9ba6a8538bc208821","CUS-1669695324","115.79","-31.71","debit","Thu","09:09:43","09","October"
"10248","authorized","1","ACC-2305712452","138.61","-34.89","POS","b903fafe-2b7d-4d31-8bcc-59dfe22748ae","Debra",6463,2018-10-18 07:00:00,"F",18,"Barton","ACT",140.69,"196b29eb08e045cc91c1738e3cba3dc8","CUS-1842679196","149.13","-35.31","debit","Thu","09:14:18","09","October"
"10249","authorized","1","ACC-2890243754","153.32","-27.93","SALES-POS","30c5571b-c046-4667-9d68-430f8888ea3a","Joseph",1402.47,2018-10-18 07:00:00,"M",37,"Coorparoo","QLD",21.98,"2b7c83e0cf11424c965d0680dbb043f9","CUS-2695611575","153.06","-27.49","debit","Thu","09:18:53","09","October"
"10250","authorized","1","ACC-3541460373","145.00","-37.83","POS","200fbadd-de7f-4e3e-97ec-74522cc27f22","Jeffrey",4217.49,2018-10-18 07:00:00,"M",24,"Ringwood East","VIC",31.35,"aeffe77121164edc84ce900d0c4958bd","CUS-1433879684","145.26","-37.8","debit","Thu","09:23:29","09","October"
"10251","authorized","1","ACC-414431115","142.77","-37.06","POS","3ca72510-6f2b-4705-8ec3-e09d10afab20","Amy",5601.65,2018-10-18 07:00:00,"F",43,"Castlemaine","VIC",16.5,"b5353602f58643409fc5d3ce81b4de46","CUS-2599279756","144.22","-37.07","debit","Thu","09:28:04","09","October"
"10252","authorized","1","ACC-1903037542","153.05","-27.61","POS","68247442-f679-4eb8-84ff-31a852e84538","Jeffrey",4463.82,2018-10-18 07:00:00,"M",30,"Carina","QLD",9.85,"bb4e984055f64385a00af73e3c1ea1e6","CUS-860700529","153.09","-27.49","debit","Thu","09:32:39","09","October"
"10253","authorized","1","ACC-559365433","147.31","-42.88","SALES-POS","8105415b-7bd2-4267-807a-1494276a3186","Mary",3745.75,2018-10-18 07:00:00,"F",64,"Hallam","VIC",18.6,"a8d9cdf4a7f5443d95caec1de49cb055","CUS-1654129794","145.26","-38.01","debit","Thu","09:37:14","09","October"
"10254","authorized","1","ACC-414431115","142.77","-37.06","SALES-POS","124ba636-21b8-4c36-8751-440a2fbb73fc","Amy",5560.5,2018-10-18 07:00:00,"F",43,"Maryborough","VIC",41.15,"a652a08ca135492199a7def23aa9665d","CUS-2599279756","143.74","-37.05","debit","Thu","09:41:50","09","October"
"10255","authorized","1","ACC-1443681913","150.92","-33.77","POS","c4b2ee62-fdd5-41aa-b8e5-ca4e70ac4d77","Ryan",4660.95,2018-10-18 07:00:00,"M",31,"Mount Druitt","NSW",16.5,"9f82839b16f84fd98086f63c43b91d30","CUS-3129499595","150.82","-33.77","debit","Thu","09:46:25","09","October"
"10256","authorized","1","ACC-414431115","142.77","-37.06","POS","96454e2a-ea7e-4c25-9d99-728b7160d2c8","Amy",5523.55,2018-10-18 07:00:00,"F",43,"Mansfield","VIC",36.95,"beeae5b516254a1389e7b0a75aa223e5","CUS-2599279756","146.09","-37.05","debit","Thu","09:51:00","09","October"
"10257","authorized","1","ACC-2107684084","145.03","-37.88","POS","f5fe8b6c-1c7b-412a-9197-57a964f67c5f","Richard",10383.99,2018-10-18 07:00:00,"M",22,"Bentley","WA",17.86,"d366f30fd6974923a7c99489c4b80035","CUS-2283904812","115.93","-32","debit","Thu","09:55:35","09","October"
"10258","posted",NA,"ACC-2265520058","151.27","-33.85","PAYMENT",NA,"Catherine",5766.61,2018-10-18 07:00:00,"F",26,NA,NA,84,"374cbcb8c8f142aca6680d497ea2a073","CUS-331942311",NA,NA,"debit","Thu","10:00:00","10","October"
"10259","authorized","1","ACC-2673069055","152.99","-27.49","POS","2a8e2076-2601-4655-9e6e-3f2c53b88756","Richard",15157.33,2018-10-18 07:00:00,"M",24,"Palmwoods","QLD",15.19,"d69c469c2af740db96b04947c0c6a7d5","CUS-51506836","152.96","-26.69","debit","Thu","10:00:42","10","October"
"10260","authorized","0","ACC-3100725361","145.73","-17.03","SALES-POS","ca8ebe61-469f-4731-8fdc-559fe5dfbde3","Ronald",4952.72,2018-10-18 07:00:00,"M",25,"Edmonton","QLD",14.85,"8883d70a6dad42d88a5914d99acc6d21","CUS-2178051368","145.73","-17.02","debit","Thu","10:18:14","10","October"
"10261","authorized","1","ACC-1903037542","153.05","-27.61","POS","6c2fd1bf-8162-4721-a4ae-ab87a4d00c77","Jeffrey",4448.88,2018-10-18 07:00:00,"M",30,"Upper Mount Gravatt","QLD",14.94,"5dbc5186df2b430581948a2fe898f951","CUS-860700529","153.08","-27.56","debit","Thu","10:35:47","10","October"
"10262","authorized","1","ACC-2890243754","153.32","-27.93","POS","75bc053a-5e96-464f-aa7f-2986c71ebcd3","Joseph",1389.1,2018-10-18 07:00:00,"M",37,"Helensvale","QLD",13.37,"ca8a627b1c9c4f579917fbf6b3d098d2","CUS-2695611575","153.34","-27.92","debit","Thu","10:53:19","10","October"
"10263","posted",NA,"ACC-3485804958","138.52","-35.01","PAYMENT",NA,"Jessica",27595.77,2018-10-18 07:00:00,"F",34,NA,NA,75,"b92480d9330e4a33b8beea9b179a592b","CUS-1196156254",NA,NA,"debit","Thu","11:00:00","11","October"
"10264","posted",NA,"ACC-3541460373","145.00","-37.83","PAYMENT",NA,"Jeffrey",4176.49,2018-10-18 07:00:00,"M",24,NA,NA,41,"a2372a88d09c4299972417ac3730cc15","CUS-1433879684",NA,NA,"debit","Thu","11:00:00","11","October"
"10265","posted",NA,"ACC-3536132544","144.93","-37.79","PAY/SALARY",NA,"Heather",8727.47,2018-10-18 07:00:00,"F",41,NA,NA,2101.51,"5bd791f6625b48858b36e632adc4a22e","CUS-2348881191",NA,NA,"credit","Thu","11:00:00","11","October"
"10266","posted",NA,"ACC-4163822186","149.03","-34.97","PAY/SALARY",NA,"Karen",11050.06,2018-10-18 07:00:00,"F",26,NA,NA,920.71,"f383029cc81b4692af1e97589d566d74","CUS-2630892467",NA,NA,"credit","Thu","11:00:00","11","October"
"10267","posted",NA,"ACC-1608363396","151.22","-33.87","INTER BANK",NA,"Robert",7419.58,2018-10-18 07:00:00,"M",20,NA,NA,24,"037fa598955a4678b321d11ed0632305","CUS-2688605418",NA,NA,"debit","Thu","11:00:00","11","October"
"10268","posted",NA,"ACC-2259139624","144.66","-37.91","PAY/SALARY",NA,"Cindy",20858.72,2018-10-18 07:00:00,"F",19,NA,NA,3676.94,"36352d4a7a3644d1b5168d9d37c632f7","CUS-3174332735",NA,NA,"credit","Thu","11:00:00","11","October"
"10269","posted",NA,"ACC-3954677887","115.72","-32.28","PAYMENT",NA,"Ruth",8360.07,2018-10-18 07:00:00,"F",47,NA,NA,46,"620e8c70efed42a784202e70251c67f2","CUS-3716701010",NA,NA,"debit","Thu","11:00:00","11","October"
"10270","authorized","1","ACC-2305712452","138.61","-34.89","SALES-POS","f71f393b-604b-4d4e-a6e1-1267069e22da","Debra",6441.35,2018-10-18 07:00:00,"F",18,"Nowra","NSW",21.65,"d48725c3f5b54422a0ecbe3d378c3dc4","CUS-1842679196","150.6","-34.87","debit","Thu","11:05:35","11","October"
"10271","authorized","1","ACC-574997646","150.79","-33.64","SALES-POS","c41218ee-e1e9-4da6-9e8c-c4e6c27f3bdd","Mackenzie",5062.27,2018-10-18 07:00:00,"F",18,"Busselton","WA",14.22,"50180b78d0a240b9946d04967a852cc2","CUS-586638664","115.34","-33.65","debit","Thu","11:14:35","11","October"
"10272","authorized","1","ACC-2890243754","153.32","-27.93","SALES-POS","ddf112bb-15d5-4c0f-a0c5-5aa73fcd7ac7","Joseph",1376.35,2018-10-18 07:00:00,"M",37,"Clear Island Waters","QLD",12.75,"740db33e56254d8eb97ed5f06a2f907f","CUS-2695611575","153.39","-28.03","debit","Thu","11:23:36","11","October"
"10273","authorized","1","ACC-1710017148","150.82","-34.01","SALES-POS","fc91a397-3c10-418f-bc72-e29c9e31fd3d","Michelle",17530.92,2018-10-18 07:00:00,"F",19,"Morgan","SA",10.63,"81c4c812dcc040c48bdfd27b6f427924","CUS-883482547","139.67","-34.04","debit","Thu","11:32:36","11","October"
"10274","authorized","1","ACC-559365433","147.31","-42.88","SALES-POS","fb1f2c03-4ce0-49ce-8d39-3cda1fdf335a","Mary",3721.81,2018-10-18 07:00:00,"F",64,"Doncaster East","VIC",23.94,"85beeb9ec69c4edaacfc487b66c5533a","CUS-1654129794","145.15","-37.79","debit","Thu","11:41:37","11","October"
"10275","authorized","1","ACC-588564840","151.27","-33.76","POS","b8fa60ab-e122-4f63-b92f-83526fb63090","Isaiah",20873.04,2018-10-18 07:00:00,"M",23,"Scarborough","WA",23.47,"ca17e7d4b7a14f3aba3ee22beb30ffd6","CUS-1462656821","115.76","-31.89","debit","Thu","11:50:37","11","October"
"10276","authorized","1","ACC-2673069055","152.99","-27.49","SALES-POS","86c9064d-0486-4ca1-93d2-66d62243c1d0","Richard",15122.67,2018-10-18 07:00:00,"M",24,"Sydney Olympic Park","NSW",34.66,"3de4371c359e43fa9321cf44d588adc2","CUS-51506836","151.07","-33.85","debit","Thu","11:59:38","11","October"
"10277","posted",NA,"ACC-721712940","145.09","-37.82","PAY/SALARY",NA,"Andrew",58087.74,2018-10-18 07:00:00,"M",78,NA,NA,782.42,"e2e097ad364d46aabe0cac5ad43c10cb","CUS-1646183815",NA,NA,"credit","Thu","12:00:00","12","October"
"10278","posted",NA,"ACC-1279356312","144.79","-37.73","PAY/SALARY",NA,"Tyler",12625.91,2018-10-18 07:00:00,"M",44,NA,NA,2887.34,"a09159eb3acd4663baca1fe789df31f3","CUS-1892177589",NA,NA,"credit","Thu","12:00:00","12","October"
"10279","posted",NA,"ACC-3879258709","143.83","-37.66","PHONE BANK",NA,"Natasha",205854.63,2018-10-18 07:00:00,"F",40,NA,NA,41,"ffb575047ba94dae952cecf9d722bc99","CUS-527400765",NA,NA,"debit","Thu","12:00:00","12","October"
"10280","posted",NA,"ACC-966140392","147.08","-37.97","PAYMENT",NA,"Joseph",9940.49,2018-10-18 07:00:00,"M",21,NA,NA,35,"fbaaa8a65cac4ac6bd00a67027748364","CUS-537508723",NA,NA,"debit","Thu","12:00:00","12","October"
"10281","authorized","1","ACC-964839203","146.92","-36.07","SALES-POS","59e7a44d-cd53-41cb-8f09-5f8abe7164cd","Michael",39841.94,2018-10-18 07:00:00,"M",21,"South Townsville","QLD",13.78,"4fa554186b7d4eaba2fa79b4e604903f","CUS-2059096722","146.82","-19.26","debit","Thu","12:19:11","12","October"
"10282","authorized","1","ACC-1496451953","145.16","-37.84","POS","2cb96e87-9e03-4aa2-8ea0-f20f9d54b070","Ricky",21887.62,2018-10-18 07:00:00,"M",43,"Melbourne","VIC",26.12,"c3bf4b5455914b37ba1390e3b81267b4","CUS-3142625864","144.96","-37.82","debit","Thu","12:39:11","12","October"
"10283","authorized","1","ACC-574997646","150.79","-33.64","SALES-POS","c0e6eb7b-1111-4318-adef-f0f18d4e99f6","Mackenzie",5053.66,2018-10-18 07:00:00,"F",18,"Shellharbour City Centre","NSW",8.61,"5cc099f4131d4439b7314582e53c9705","CUS-586638664","150.84","-34.56","debit","Thu","12:59:11","12","October"
"10284","posted",NA,"ACC-4274272854","145.23","-37.86","PAYMENT",NA,"Timothy",8423.24,2018-10-18 07:00:00,"M",20,NA,NA,15,"e279f6ea9c8340ff9bccaac9337faf29","CUS-2484453271",NA,NA,"debit","Thu","13:00:00","13","October"
"10285","posted",NA,"ACC-1243371644","150.90","-33.78","PAY/SALARY",NA,"Gregory",6599.68,2018-10-18 07:00:00,"M",42,NA,NA,1681.58,"76d2ee9752334f47a12c1ec298921b5b","CUS-3904958894",NA,NA,"credit","Thu","13:00:00","13","October"
"10286","posted",NA,"ACC-2897221629","150.90","-34.37","INTER BANK",NA,"Scott",7683.26,2018-10-18 07:00:00,"M",23,NA,NA,94,"faeded4baf9b42e683a55a31ee36a247","CUS-511326734",NA,NA,"debit","Thu","13:00:00","13","October"
"10287","authorized","1","ACC-2249586092","115.98","-32.07","SALES-POS","cc425889-1174-4769-995d-a6377454401d","Edward",11485.94,2018-10-18 07:00:00,"M",19,"Beechboro","WA",7.26,"069091d36fb244d89fc0e4a89f4b947f","CUS-443776336","115.95","-31.87","debit","Thu","13:19:35","13","October"
"10288","authorized","1","ACC-240804743","121.48","-30.75","POS","8cd6e1d8-7197-416b-bfbc-b621fb041d71","Kenneth",22150.35,2018-10-18 07:00:00,"M",29,"Nambucca Heads","NSW",26.1,"4963ff588dc74b7e9726483c6f15d1db","CUS-261674136","152.99","-30.66","debit","Thu","13:39:59","13","October"
"10289","posted",NA,"ACC-1349834573","145.17","-37.84","PAYMENT",NA,"Matthew",16216.09,2018-10-18 07:00:00,"M",39,NA,NA,60,"86ba36452d6e4146be66776c7b17f781","CUS-1790886359",NA,NA,"debit","Thu","14:00:00","14","October"
"10290","posted",NA,"ACC-1608363396","151.22","-33.87","PAY/SALARY",NA,"Robert",9739.88,2018-10-18 07:00:00,"M",20,NA,NA,2320.3,"49bf55fb7e3a4f0aafad245ecc0f34c6","CUS-2688605418",NA,NA,"credit","Thu","14:00:00","14","October"
"10291","posted",NA,"ACC-1424176027","151.08","-33.93","PAY/SALARY",NA,"Donald",10185.91,2018-10-18 07:00:00,"M",22,NA,NA,1928.97,"16eba9e431ca413d8c03a4e3b7e7c9b1","CUS-3431016847",NA,NA,"credit","Thu","14:00:00","14","October"
"10292","authorized","1","ACC-1222300524","151.23","-33.94","POS","bb87b061-4673-4173-b9d7-13f95e3f72f0","Michael",2102.04,2018-10-18 07:00:00,"M",38,"Westmead","NSW",3.87,"ba648e2d5a694b4d8771273609d5ebc4","CUS-2142601169","150.99","-33.8","debit","Thu","14:00:13","14","October"
"10293","authorized","1","ACC-414431115","142.77","-37.06","SALES-POS","6ddddc40-5b69-4253-8a26-167999a8bf96","Amy",5504.09,2018-10-18 07:00:00,"F",43,"Castlemaine","VIC",19.46,"040ca8b585484c30837085a27e413a6d","CUS-2599279756","144.22","-37.06","debit","Thu","14:11:05","14","October"
"10294","authorized","1","ACC-1222300524","151.23","-33.94","POS","dce0853b-745e-42f2-9e54-359e2aa99fdd","Michael",2090.98,2018-10-18 07:00:00,"M",38,"Baulkham Hills","NSW",11.06,"8958ee8d8ff74593b4ad42d2f2fffd99","CUS-2142601169","150.99","-33.76","debit","Thu","14:21:57","14","October"
"10295","authorized","1","ACC-1973887809","115.78","-31.90","POS","42d41c86-bbae-4a5a-a838-a7ae397f17ec","Antonio",7829.75,2018-10-18 07:00:00,"M",26,"South Fremantle","WA",13.54,"2d993fa8741f4084b1f24eacbfc3f5f9","CUS-1646621553","115.75","-32.07","debit","Thu","14:32:49","14","October"
"10296","authorized","1","ACC-3100725361","145.73","-17.03","POS","49c35605-04d0-4fec-993d-de6bce1e4871","Ronald",4935.17,2018-10-18 07:00:00,"M",25,"Doncaster East","VIC",17.55,"37b842133a9048f4b8f47acc258732d0","CUS-2178051368","145.16","-37.79","debit","Thu","14:43:41","14","October"
"10297","authorized","1","ACC-2970114956","144.89","-37.69","SALES-POS","09b1b064-49fd-4941-b4dc-dcd5d4f5022c","Robert",11220.75,2018-10-18 07:00:00,"M",26,"Eastwood","VIC",7.85,"3c378d7e39534d0ea5d5ebca1e808f06","CUS-880898248","147.63","-37.81","debit","Thu","14:54:33","14","October"
"10298","posted",NA,"ACC-2988263882","145.18","-37.90","PAY/SALARY",NA,"Michael",7218.79,2018-10-18 07:00:00,"M",44,NA,NA,596.33,"d23b936e2d5549a1aeb77c290cc8c2be","CUS-1233833708",NA,NA,"credit","Thu","15:00:00","15","October"
"10299","posted",NA,"ACC-1683215619","138.67","-34.86","PAY/SALARY",NA,"Barry",9344.75,2018-10-18 07:00:00,"M",38,NA,NA,2500,"b953427fc9b94de9ad872379108004d7","CUS-1604596597",NA,NA,"credit","Thu","15:00:00","15","October"
"10300","posted",NA,"ACC-1683215619","138.67","-34.86","PAY/SALARY",NA,"Barry",11844.75,2018-10-18 07:00:00,"M",38,NA,NA,2500,"85ac3df9a1554c84b7956086e1e86cf3","CUS-1604596597",NA,NA,"credit","Thu","15:00:00","15","October"
"10301","posted",NA,"ACC-1037050564","153.10","-27.66","PAYMENT",NA,"Rhonda",4976.07,2018-10-18 07:00:00,"F",40,NA,NA,33,"757ab2e53fec4c93b0f445e3fbc53f05","CUS-1614226872",NA,NA,"debit","Thu","15:00:00","15","October"
"10302","posted",NA,"ACC-1650504218","145.01","-37.93","PAYMENT",NA,"Marissa",16833.36,2018-10-18 07:00:00,"F",23,NA,NA,150,"7b0822bac0994ed7a60648623ed526ce","CUS-2500783281",NA,NA,"debit","Thu","15:00:00","15","October"
"10303","authorized","1","ACC-1496451953","145.16","-37.84","POS","e67cbcbd-e44b-4cf0-b318-30827a7425af","Ricky",21730.31,2018-10-18 07:00:00,"M",43,"Docklands","VIC",157.31,"2d09c2ed9e0b46b7ba66e38b9fc621db","CUS-3142625864","144.95","-37.82","debit","Thu","15:03:32","15","October"
"10304","authorized","0","ACC-854938045","147.63","-22.84","POS","bc42a2eb-caa9-4257-a82c-d52aa11ae3b6","James",14116.41,2018-10-18 07:00:00,"M",28,"Narre Warren","VIC",43.46,"72b445c2df80486db59d4896a0c3a0c0","CUS-4023861240","145.31","-38.01","debit","Thu","15:10:38","15","October"
"10305","authorized","1","ACC-1903037542","153.05","-27.61","POS","9cd4ce71-52da-4385-841e-cae85382b931","Jeffrey",4221.23,2018-10-18 07:00:00,"M",30,"West Perth","WA",227.65,"cced6c4651054d66b23f06829a762e3c","CUS-860700529","115.84","-31.95","debit","Thu","15:17:43","15","October"
"10306","authorized","1","ACC-2920611728","144.96","-37.76","SALES-POS","714b7c90-5b6f-456b-9cb6-66237bee922b","Tyler",10027.24,2018-10-18 07:00:00,"M",69,"Balwyn","VIC",37.91,"2b5a88daca63490b9ada344e60976ab1","CUS-1388323263","145.08","-37.81","debit","Thu","15:24:49","15","October"
"10307","authorized","1","ACC-182446574","116.06","-32.00","SALES-POS","c26ab0bb-074b-4424-b53c-cdcf73c7d18b","Tonya",9298.17,2018-10-18 07:00:00,"F",27,"Myaree","WA",9.53,"04df5c842df34dc3b537bbdd8c4a3e3d","CUS-3026014945","115.82","-32.04","debit","Thu","15:31:54","15","October"
"10308","authorized","0","ACC-1349834573","145.17","-37.84","POS","a28e2c48-1216-4985-b068-8cca60bad857","Matthew",16200.23,2018-10-18 07:00:00,"M",39,"Melbourne","VIC",15.86,"c426391b2e334086b0e1b5610a2aa647","CUS-1790886359","144.96","-37.81","debit","Thu","15:39:00","15","October"
"10309","authorized","1","ACC-2305712452","138.61","-34.89","POS","7ed7f9e4-5e2b-40bd-b81c-4e0acd6546bc","Debra",6399.06,2018-10-18 07:00:00,"F",18,"Yass","NSW",42.29,"62eadfb38ffc46d7b804cd79d96720e0","CUS-1842679196","148.91","-34.83","debit","Thu","15:46:05","15","October"
"10310","authorized","1","ACC-80388494","144.97","-37.42","SALES-POS","722430c6-39e6-4570-9323-3db6191e6548","Dustin",5846.99,2018-10-18 07:00:00,"M",28,"Malvern","VIC",1271.46,"63b587d298e94949a23dc5a2808f609e","CUS-1140341822","145.04","-37.85","debit","Thu","15:53:11","15","October"
"10311","posted",NA,"ACC-602667573","151.23","-33.96","INTER BANK",NA,"Michael",20140.91,2018-10-18 07:00:00,"M",40,NA,NA,78,"0c998bb590ea41f5a005055429b38a85","CUS-2031327464",NA,NA,"debit","Thu","16:00:00","16","October"
"10312","posted",NA,"ACC-3881031190","149.19","-21.15","PAY/SALARY",NA,"Richard",8501.79,2018-10-18 07:00:00,"M",37,NA,NA,916.75,"680a8ffb6b1d49fab6858d0aa0a20336","CUS-3201519139",NA,NA,"credit","Thu","16:00:00","16","October"
"10313","authorized","0","ACC-2528867619","138.58","-34.96","SALES-POS","9963311e-cb2a-4460-b155-826503cc2cee","Abigail",17757.68,2018-10-18 07:00:00,"F",40,"South Nowra","NSW",17.36,"a9d24f1a7186493882e9fb8903a3ef12","CUS-2505971401","150.61","-34.92","debit","Thu","16:00:44","16","October"
"10314","authorized","1","ACC-2970114956","144.89","-37.69","SALES-POS","56de3ecb-71a8-4a1a-93e6-9828e89152c3","Robert",11188.13,2018-10-18 07:00:00,"M",26,"Camberwell","VIC",32.62,"92d9c41da44345aaaaae0647983cb928","CUS-880898248","145.06","-37.83","debit","Thu","16:19:15","16","October"
"10315","authorized","1","ACC-574997646","150.79","-33.64","SALES-POS","463bf9d5-5d79-41a3-a65e-5b7df8a6f2a8","Mackenzie",5036.47,2018-10-18 07:00:00,"F",18,"Avalon Beach","NSW",17.19,"95bbc59503264464a025703f1700c1d9","CUS-586638664","151.33","-33.63","debit","Thu","16:37:46","16","October"
"10316","authorized","0","ACC-2673069055","152.99","-27.49","POS","444c1cf8-2e39-4b9f-9aec-d151c246e899","Richard",15064.41,2018-10-18 07:00:00,"M",24,"Ipswich","QLD",58.26,"f078f097600f4c50a4793dd826310678","CUS-51506836","152.76","-27.61","debit","Thu","16:56:17","16","October"
"10317","posted",NA,"ACC-1279356312","144.79","-37.73","PAYMENT",NA,"Tyler",12610.91,2018-10-18 07:00:00,"M",44,NA,NA,15,"10679d2ff4b3445b9d26a563d8e9ab10","CUS-1892177589",NA,NA,"debit","Thu","17:00:00","17","October"
"10318","posted",NA,"ACC-2259139624","144.66","-37.91","PAYMENT",NA,"Cindy",20693.72,2018-10-18 07:00:00,"F",19,NA,NA,165,"39b61b1e62ab456bb30e240e7f77977b","CUS-3174332735",NA,NA,"debit","Thu","17:00:00","17","October"
"10319","posted",NA,"ACC-2173390920","144.71","-37.58","PAYMENT",NA,"Luis",11252.52,2018-10-18 07:00:00,"M",27,NA,NA,29,"7f0986ec3dd54190bd5c686e009a1238","CUS-3180318393",NA,NA,"debit","Thu","17:00:00","17","October"
"10320","posted",NA,"ACC-154431271","153.09","-27.48","PAY/SALARY",NA,"Lori",3460.03,2018-10-18 07:00:00,"F",18,NA,NA,1537.68,"7dba9afaf1e741eca008218c978f24fb","CUS-3702001629",NA,NA,"credit","Thu","17:00:00","17","October"
"10321","posted",NA,"ACC-3941181087","115.79","-31.94","PAY/SALARY",NA,"Paul",14907.43,2018-10-18 07:00:00,"M",25,NA,NA,2687.85,"18ee9edbb9214bffa21e19a5cb3fd783","CUS-3989008654",NA,NA,"credit","Thu","17:00:00","17","October"
"10322","posted",NA,"ACC-958000567","130.90","-12.37","PAYMENT",NA,"Sandra",11667.85,2018-10-18 07:00:00,"F",34,NA,NA,37,"e470c01067414da78eaee4b7f0bf5032","CUS-4142663097",NA,NA,"debit","Thu","17:00:00","17","October"
"10323","posted",NA,"ACC-53508546","150.62","-33.76","PAY/SALARY",NA,"Kimberly",6560.03,2018-10-18 07:00:00,"F",35,NA,NA,725.32,"5e72ede2d6db439cbc706e1bf3c84bb3","CUS-72755508",NA,NA,"credit","Thu","17:00:00","17","October"
"10324","authorized","1","ACC-1443681913","150.92","-33.77","SALES-POS","fd6e6be3-9a6e-4505-8235-42ad0ae571eb","Ryan",4641.29,2018-10-18 07:00:00,"M",31,"Penrith","NSW",19.66,"1ccf5d31cc854caa96d360529deb75de","CUS-3129499595","150.68","-33.77","debit","Thu","17:10:31","17","October"
"10325","authorized","0","ACC-1349834573","145.17","-37.84","SALES-POS","980e2f29-ab10-40e4-af15-96797765f28e","Matthew",16153.12,2018-10-18 07:00:00,"M",39,"Richmond","VIC",47.11,"27af42bae5994b62b8cbd3ed79b96049","CUS-1790886359","144.99","-37.83","debit","Thu","17:23:41","17","October"
"10326","authorized","1","ACC-1608363396","151.22","-33.87","SALES-POS","45e5d618-4430-47a8-b50f-24759c469e60","Robert",9719.87,2018-10-18 07:00:00,"M",20,"Potts Point","NSW",20.01,"8ddd986a53054e128f3e0c8693d11377","CUS-2688605418","151.22","-33.87","debit","Thu","17:36:50","17","October"
"10327","authorized","1","ACC-964839203","146.92","-36.07","SALES-POS","7d629418-2abd-4e86-b866-1ba85ccf1014","Michael",39831.69,2018-10-18 07:00:00,"M",21,"South Yarra","VIC",10.25,"4405d5541ffe4bc2bc1d79c9574e69fd","CUS-2059096722","144.99","-37.85","debit","Thu","17:49:59","17","October"
"10328","posted",NA,"ACC-588564840","151.27","-33.76","PAYMENT",NA,"Isaiah",20832.04,2018-10-18 07:00:00,"M",23,NA,NA,41,"0085aef4953c4db480251a8462d206bf","CUS-1462656821",NA,NA,"debit","Thu","18:00:00","18","October"
"10329","posted",NA,"ACC-1683215619","138.67","-34.86","PAYMENT",NA,"Barry",11795.75,2018-10-18 07:00:00,"M",38,NA,NA,49,"f21a551a48d84fbd81913243b4726793","CUS-1604596597",NA,NA,"debit","Thu","18:00:00","18","October"
"10330","posted",NA,"ACC-3879258709","143.83","-37.66","PAYMENT",NA,"Natasha",205833.63,2018-10-18 07:00:00,"F",40,NA,NA,21,"0a6e49cae7f649bcaed99de2b006c24c","CUS-527400765",NA,NA,"debit","Thu","18:00:00","18","October"
"10331","authorized","1","ACC-182446574","116.06","-32.00","SALES-POS","9550a2b5-7803-43af-b84f-856c9cee2455","Tonya",9287.42,2018-10-18 07:00:00,"F",27,"Eight Mile Plains","QLD",10.75,"a375cfa8d06e4c9fa7745fa4eaccb22d","CUS-3026014945","153.09","-27.58","debit","Thu","18:05:59","18","October"
"10332","authorized","1","ACC-2014856841","144.99","-37.90","POS","7e0fa6aa-b48a-4d55-afed-ff2034fda51c","Patrick",264998.56,2018-10-18 07:00:00,"M",46,"Northgate","QLD",135.19,"e34b4eb383ff4bfa92bc3c722f344b28","CUS-2370108457","153.07","-27.39","debit","Thu","18:30:59","18","October"
"10333","authorized","1","ACC-2270192619","138.56","-35.27","SALES-POS","26bdb9c2-f818-431b-853e-78ce1b811a06","Darren",17267.63,2018-10-18 07:00:00,"M",20,"Adelaide","SA",15.64,"0c8b4c6132184568a842911a9c543e27","CUS-2110742437","138.61","-34.92","debit","Thu","18:55:59","18","October"
"10334","posted",NA,"ACC-1222300524","151.23","-33.94","PAYMENT",NA,"Michael",2040.98,2018-10-18 07:00:00,"M",38,NA,NA,50,"b2b4422c51eb4c19aee4459e78500144","CUS-2142601169",NA,NA,"debit","Thu","19:00:00","19","October"
"10335","posted",NA,"ACC-2014856841","144.99","-37.90","PAYMENT",NA,"Patrick",264948.56,2018-10-18 07:00:00,"M",46,NA,NA,50,"7e427c854c8947609d0efd662b1c52dc","CUS-2370108457",NA,NA,"debit","Thu","19:00:00","19","October"
"10336","authorized","1","ACC-964839203","146.92","-36.07","SALES-POS","a0477f9c-ace4-4a03-9553-0e2b0b9080c8","Michael",39804.6,2018-10-18 07:00:00,"M",21,"Highett","VIC",27.09,"097ac11ffb264e98b9460a8e80a350c6","CUS-2059096722","145.04","-37.95","debit","Thu","19:09:13","19","October"
"10337","authorized","1","ACC-3084464802","145.15","-37.76","POS","7556256f-5f93-487d-be6d-e2f262447bf5","Susan",10843.06,2018-10-18 07:00:00,"F",19,"Williams Landing","VIC",10.47,"2a0e946f511d4d30a6e5783d054ad304","CUS-1928710999","144.74","-37.87","debit","Thu","19:20:13","19","October"
"10338","authorized","0","ACC-2528867619","138.58","-34.96","SALES-POS","7708f53b-813b-489b-9738-0e9e77a1c3ff","Abigail",17730.91,2018-10-18 07:00:00,"F",40,"Seacliff Park","SA",26.77,"141e47f25b1d40d089b58475291c7323","CUS-2505971401","138.53","-35.03","debit","Thu","19:31:12","19","October"
"10339","authorized","1","ACC-2305712452","138.61","-34.89","SALES-POS","f68ed3be-3303-40af-a2e3-fcd48d13c139","Debra",6370.68,2018-10-18 07:00:00,"F",18,"Reynella","SA",28.38,"19fe37826a9a436d91d71d7336cef28d","CUS-1842679196","138.53","-35.1","debit","Thu","19:42:11","19","October"
"10340","authorized","1","ACC-1349834573","145.17","-37.84","POS","fcff708f-9da5-4150-8650-d9aaa3cac19f","Matthew",16092.06,2018-10-18 07:00:00,"M",39,"Richmond","VIC",61.06,"414281c09f594ea59900ee7c0e142adf","CUS-1790886359","144.99","-37.83","debit","Thu","19:53:11","19","October"
"10341","posted",NA,"ACC-1279356312","144.79","-37.73","PAYMENT",NA,"Tyler",12569.91,2018-10-18 07:00:00,"M",44,NA,NA,41,"c37eca56b5084b9f9960cf929428339c","CUS-1892177589",NA,NA,"debit","Thu","20:00:00","20","October"
"10342","authorized","0","ACC-80388494","144.97","-37.42","POS","5d1d344f-30dc-468c-afc5-3fe3c241a550","Dustin",5834.75,2018-10-18 07:00:00,"M",28,"Melbourne","VIC",12.24,"27ec8fb12a184f0b88f452c030843f1b","CUS-1140341822","144.96","-37.81","debit","Thu","20:09:44","20","October"
"10343","authorized","0","ACC-2153562714","116.00","-31.88","SALES-POS","5a1d09a1-46a8-4ea2-a1fa-77e44588085c","Linda",6466.43,2018-10-18 07:00:00,"F",24,"Booragoon","WA",4.23,"4685421b6a50401788934aef3ad29c9c","CUS-423725039","115.83","-32.04","debit","Thu","20:35:23","20","October"
"10344","posted",NA,"ACC-854938045","147.63","-22.84","PHONE BANK",NA,"James",14058.41,2018-10-18 07:00:00,"M",28,NA,NA,58,"52ce8f5a82e94e5badbb67382ac76d2a","CUS-4023861240",NA,NA,"debit","Thu","21:00:00","21","October"
"10345","authorized","1","ACC-3827517394","151.12","-33.89","POS","dce0853b-745e-42f2-9e54-359e2aa99fdd","Craig",43874.77,2018-10-18 07:00:00,"M",28,"Baulkham Hills","NSW",17.68,"0046e875766d41d0b13fa616a1701a4e","CUS-2663907001","150.99","-33.76","debit","Thu","21:00:36","21","October"
"10346","authorized","0","ACC-3827517394","151.12","-33.89","SALES-POS","068795d4-3dcc-4929-bdae-82c2d4adf0f0","Craig",43788.56,2018-10-18 07:00:00,"M",28,"Merrylands","NSW",86.21,"7148935a81e24cc8b4f4bc70a28111ee","CUS-2663907001","150.99","-33.83","debit","Thu","21:15:59","21","October"
"10347","authorized","1","ACC-2305712452","138.61","-34.89","SALES-POS","40c4b236-8739-4a8d-8f48-5c330d670d4c","Debra",6353.98,2018-10-18 07:00:00,"F",18,"Birkenhead","SA",16.7,"513c694417304d77a7dce2380567ff0f","CUS-1842679196","138.5","-34.84","debit","Thu","21:31:23","21","October"
"10348","authorized","1","ACC-80388494","144.97","-37.42","SALES-POS","b7775d17-b9b8-4d0e-9d66-20760f186f8f","Dustin",5828.02,2018-10-18 07:00:00,"M",28,"Melbourne","VIC",6.73,"3e2893a0eda04ddc9fa88e02e5675322","CUS-1140341822","144.95","-37.82","debit","Thu","21:46:46","21","October"
"10349","posted",NA,"ACC-3741880913","150.50","-23.40","PAYMENT",NA,"Ashley",11862.79,2018-10-18 07:00:00,"F",25,NA,NA,32,"09a9f66c836a4f41b4921bad3a63228c","CUS-1220154422",NA,NA,"debit","Thu","22:00:00","22","October"
"10350","posted",NA,"ACC-90814749","151.68","-32.98","PAYMENT",NA,"Christopher",11198.53,2018-10-18 07:00:00,"M",35,NA,NA,36,"74f0a778b0514a1398f35c66e3dc145e","CUS-1896554896",NA,NA,"debit","Thu","22:00:00","22","October"
"10351","posted",NA,"ACC-2265520058","151.27","-33.85","PAYMENT",NA,"Catherine",5733.61,2018-10-18 07:00:00,"F",26,NA,NA,33,"cf29a5423c3d443eb68dd1e7b0108469","CUS-331942311",NA,NA,"debit","Thu","22:00:00","22","October"
"10352","posted",NA,"ACC-1056639002","145.03","-37.91","PAYMENT",NA,"Michael",53366.53,2018-10-18 07:00:00,"M",22,NA,NA,163,"7cf57aeade3e42cf91a24646ab76d0b7","CUS-3462882033",NA,NA,"debit","Thu","22:00:00","22","October"
"10353","authorized","1","ACC-3100725361","145.73","-17.03","POS","57c15e44-3bc5-4104-9470-f692191dbb74","Ronald",4925.68,2018-10-18 07:00:00,"M",25,"Dampier Peninsula","WA",9.49,"e10736a60ee84c1c90c74ada85e58fe4","CUS-2178051368","122.67","-16.98","debit","Thu","22:03:47","22","October"
"10354","authorized","1","ACC-53508546","150.62","-33.76","POS","5d3d4cce-eb06-43e8-b671-56f7f687598e","Kimberly",6554.84,2018-10-18 07:00:00,"F",35,"Parramatta","NSW",5.19,"a9afc245bc0f4ab8b50d5ffa51cb28db","CUS-72755508","151.01","-33.81","debit","Thu","22:30:48","22","October"
"10355","authorized","1","ACC-559365433","147.31","-42.88","POS","631c424b-3610-478b-bc31-b60b7b5248f0","Mary",3665.98,2018-10-18 07:00:00,"F",64,"Wagga Wagga","NSW",55.83,"d2d147eed33e401eaa9a785df16ab613","CUS-1654129794","147.34","-35.12","debit","Thu","22:57:50","22","October"
"10356","posted",NA,"ACC-354106658","151.04","-33.80","PAYMENT",NA,"Christine",23723.54,2018-10-18 07:00:00,"F",39,NA,NA,52,"62510e0ea18a4a8bab4842134c5c2cb6","CUS-2376382098",NA,NA,"debit","Thu","23:00:00","23","October"
"10357","posted",NA,"ACC-1334819143","145.13","-37.70","INTER BANK",NA,"Christopher",65610.02,2018-10-18 07:00:00,"M",33,NA,NA,59,"353dbad250c04f16954bde7449cf2f91","CUS-3117610635",NA,NA,"debit","Thu","23:00:00","23","October"
"10358","authorized","1","ACC-1222300524","151.23","-33.94","SALES-POS","3de16e20-02c7-47cb-9ad8-98ce5b04d22a","Michael",1951.87,2018-10-18 07:00:00,"M",38,"Sydney","NSW",89.11,"eebdc14ee5024a51a3811f60c922370d","CUS-2142601169","151.21","-33.87","debit","Thu","23:19:09","23","October"
"10359","authorized","1","ACC-1222300524","151.23","-33.94","POS","e7478dc3-3708-4b13-9852-871c2381bfb5","Michael",1926.87,2018-10-18 07:00:00,"M",38,"Hornsby","NSW",25,"8f993f88ecac4e84b00a9956d72d6e4c","CUS-2142601169","151.1","-33.7","debit","Thu","23:39:59","23","October"
"10360","authorized","1","ACC-3084464802","145.15","-37.76","POS","b12dc8da-322f-46a7-89ff-6e4f02973907","Susan",10825.63,2018-10-19 07:00:00,"F",19,"Essendon","VIC",17.43,"6964def307f3496f94fec29fb7941ef7","CUS-1928710999","144.91","-37.74","debit","Fri","00:01:59","00","October"
"10361","authorized","1","ACC-2970114956","144.89","-37.69","SALES-POS","b3f0ec8c-9033-4935-9826-6c7069dc80ab","Robert",11177.83,2018-10-19 07:00:00,"M",26,"Ferntree Gully","VIC",10.3,"6cf076fd40f44461ac7bc3dedd93109d","CUS-880898248","145.28","-37.88","debit","Fri","00:51:59","00","October"
"10362","authorized","1","ACC-3541460373","145.00","-37.83","POS","ae25e03e-2770-49f2-b1e1-4474577c194f","Jeffrey",4122.66,2018-10-19 07:00:00,"M",24,"Croydon","VIC",53.83,"bd5fc52792114408bad9752fd9107fa9","CUS-1433879684","145.27","-37.79","debit","Fri","01:22:06","01","October"
"10363","authorized","1","ACC-2673069055","152.99","-27.49","SALES-POS","04a8798a-5e53-4baa-bebe-23f3415ad780","Richard",15051.58,2018-10-19 07:00:00,"M",24,"Upper Mount Gravatt","QLD",12.83,"15d9ddc44b6745ab8d719a8a4a09b35f","CUS-51506836","153.08","-27.56","debit","Fri","01:48:25","01","October"
"10364","authorized","1","ACC-2970114956","144.89","-37.69","POS","466ed508-7fe5-4da2-aa2e-d4682e6b8aad","Robert",11159.53,2018-10-19 07:00:00,"M",26,"Werribee","VIC",18.3,"016e48cddac84b698346e76004ce3559","CUS-880898248","144.68","-37.88","debit","Fri","02:15:33","02","October"
"10365","authorized","1","ACC-80388494","144.97","-37.42","POS","c7744039-42d4-42b8-9976-9efde3e18264","Dustin",5810.53,2018-10-19 07:00:00,"M",28,"Ashburton","VIC",17.49,"8bf44614ab154e89857f92ee993c015d","CUS-1140341822","145.08","-37.86","debit","Fri","02:43:19","02","October"
"10366","posted",NA,"ACC-1683215619","138.67","-34.86","PAYMENT",NA,"Barry",11736.75,2018-10-19 07:00:00,"M",38,NA,NA,59,"162a23fb00674c93b2cfaec8a6fe6df2","CUS-1604596597",NA,NA,"debit","Fri","03:00:00","03","October"
"10367","posted",NA,"ACC-2673069055","152.99","-27.49","PAYMENT",NA,"Richard",15008.58,2018-10-19 07:00:00,"M",24,NA,NA,43,"edb31e620ae548ab9686bb0986438679","CUS-51506836",NA,NA,"debit","Fri","03:00:00","03","October"
"10368","posted",NA,"ACC-1496451953","145.16","-37.84","PAYMENT",NA,"Ricky",21707.31,2018-10-19 07:00:00,"M",43,NA,NA,23,"c0bfd071a8ea4c4eb0da4c271774a96f","CUS-3142625864",NA,NA,"debit","Fri","04:00:00","04","October"
"10369","posted",NA,"ACC-1710017148","150.82","-34.01","PAYMENT",NA,"Michelle",17490.92,2018-10-19 07:00:00,"F",19,NA,NA,40,"9f1ed67d032d4493bbbb0f96a6fba309","CUS-883482547",NA,NA,"debit","Fri","04:00:00","04","October"
"10370","authorized","1","ACC-1037050564","153.10","-27.66","SALES-POS","fec186f5-66e5-4c1c-ab30-8433fd33ab70","Rhonda",4950.49,2018-10-19 07:00:00,"F",40,"Chippendale","NSW",25.58,"5c33b65309c84393b33ce071b2194b30","CUS-1614226872","151.2","-33.89","debit","Fri","04:05:49","04","October"
"10371","authorized","1","ACC-2673069055","152.99","-27.49","SALES-POS","e8fbfa42-204a-4b7b-b9e1-518544981fdb","Richard",14985.91,2018-10-19 07:00:00,"M",24,"Hawthorne","QLD",22.67,"2f8428f8a6c842f28a80e5f1bbb2d554","CUS-51506836","153.06","-27.46","debit","Fri","04:26:39","04","October"
"10372","authorized","1","ACC-3084464802","145.15","-37.76","POS","de6f9dca-6637-4239-8fc9-f669e0846774","Susan",10790.92,2018-10-19 07:00:00,"F",19,"Maribyrnong","VIC",34.71,"482ebd50d5f44e208320db67c5be422d","CUS-1928710999","144.89","-37.77","debit","Fri","04:47:29","04","October"
"10373","posted",NA,"ACC-1344825761","151.09","-33.91","PAYMENT",NA,"Sarah",22438.41,2018-10-19 07:00:00,"F",46,NA,NA,155,"fbdf3381305844c484a9594a669594a9","CUS-1499065773",NA,NA,"debit","Fri","05:00:00","05","October"
"10374","posted",NA,"ACC-3827517394","151.12","-33.89","PAYMENT",NA,"Craig",43723.56,2018-10-19 07:00:00,"M",28,NA,NA,65,"435499437f68471fb4171cafe169739b","CUS-2663907001",NA,NA,"debit","Fri","05:00:00","05","October"
"10375","posted",NA,"ACC-3879258709","143.83","-37.66","PAYMENT",NA,"Natasha",205664.63,2018-10-19 07:00:00,"F",40,NA,NA,169,"058c45abe9fb479bb725b3d2551c4c06","CUS-527400765",NA,NA,"debit","Fri","05:00:00","05","October"
"10376","posted",NA,"ACC-1334819143","145.13","-37.70","PAYMENT",NA,"Christopher",65499.02,2018-10-19 07:00:00,"M",33,NA,NA,111,"97f4569e6cf9463a95fad49cad238d25","CUS-3117610635",NA,NA,"debit","Fri","06:00:00","06","October"
"10377","posted",NA,"ACC-3941181087","115.79","-31.94","PAYMENT",NA,"Paul",14879.43,2018-10-19 07:00:00,"M",25,NA,NA,28,"b0f501ffb60e4a1099304ba16c43d42d","CUS-3989008654",NA,NA,"debit","Fri","06:00:00","06","October"
"10378","posted",NA,"ACC-1990648130","114.62","-28.80","PAYMENT",NA,"Kaitlyn",8109.06,2018-10-19 07:00:00,"F",21,NA,NA,28,"ffa92d06b27e45c5bc25c7915e9e9083","CUS-809013380",NA,NA,"debit","Fri","06:00:00","06","October"
"10379","authorized","1","ACC-1973887809","115.78","-31.90","SALES-POS","fea95815-da8b-422d-980b-fbc2d189ef36","Antonio",7804.94,2018-10-19 07:00:00,"M",26,"Bunbury","WA",24.81,"2f5d5ba95fbf4b8b84dae410f658f797","CUS-1646621553","115.64","-33.32","debit","Fri","06:09:05","06","October"
"10380","posted",NA,"ACC-1496451953","145.16","-37.84","PAYMENT",NA,"Ricky",21690.31,2018-10-19 07:00:00,"M",43,NA,NA,17,"bc7dc5b8888c48788257aaf7e3cac3ed","CUS-3142625864",NA,NA,"debit","Fri","07:00:00","07","October"
"10381","posted",NA,"ACC-3941181087","115.79","-31.94","INTER BANK",NA,"Paul",14687.43,2018-10-19 07:00:00,"M",25,NA,NA,192,"e128e42d71aa49708efbc4539ec875ef","CUS-3989008654",NA,NA,"debit","Fri","07:00:00","07","October"
"10382","posted",NA,"ACC-211792489","138.63","-34.93","PAYMENT",NA,"Jacqueline",2953.46,2018-10-19 07:00:00,"F",30,NA,NA,168,"d4d6f65fd4154bcf82c05c547c61e0c0","CUS-497688347",NA,NA,"debit","Fri","07:00:00","07","October"
"10383","authorized","0","ACC-1037050564","153.10","-27.66","POS","789529cd-d84d-4dcd-b900-d0179cd7f092","Rhonda",4925.95,2018-10-19 07:00:00,"F",40,"Milton","QLD",24.54,"07052518b86b4e49b1521ca4e9c13e8a","CUS-1614226872","153.01","-27.47","debit","Fri","07:19:59","07","October"
"10384","authorized","1","ACC-1598451071","153.41","-27.95","POS","deec3013-7b5e-45b8-8ff5-b9c580651ef5","Diana",1539.7,2018-10-19 07:00:00,"F",26,"Southport","QLD",15.85,"f4dd41d078374a1da0b8d0a1239dbd52","CUS-2487424745","153.39","-27.97","debit","Fri","08:00:45","08","October"
"10385","authorized","0","ACC-2528867619","138.58","-34.96","SALES-POS","acb35a48-0bc5-4170-bd2f-9ed0601af1ad","Abigail",17681.43,2018-10-19 07:00:00,"F",40,"Stirling","SA",49.48,"70a863c7b2304cedad320d7cd725dc47","CUS-2505971401","138.71","-35.01","debit","Fri","08:07:05","08","October"
"10386","authorized","1","ACC-2970114956","144.89","-37.69","POS","ca81094e-ca7c-4d45-b6a6-bcd8fc0d5ac8","Robert",11107.3,2018-10-19 07:00:00,"M",26,"Frenchs Forest","NSW",52.23,"25b9831c8d1b4fc188045bb3c6b81228","CUS-880898248","151.24","-33.75","debit","Fri","08:13:25","08","October"
"10387","authorized","0","ACC-53508546","150.62","-33.76","SALES-POS","be524cb9-6f7d-406c-9cee-06e58260cc4c","Kimberly",6525.04,2018-10-19 07:00:00,"F",35,"Chatswood","NSW",29.8,"1a7895dd11b04ed4b81e1d107ac1e6a4","CUS-72755508","151.19","-33.79","debit","Fri","08:19:44","08","October"
"10388","authorized","0","ACC-854938045","147.63","-22.84","SALES-POS","d62043e3-70e5-4118-aeb5-1817c846538a","James",14026.48,2018-10-19 07:00:00,"M",28,"Melbourne","VIC",31.93,"3335c73a453d43a4a7f520f32516958c","CUS-4023861240","144.96","-37.82","debit","Fri","08:26:04","08","October"
"10389","authorized","1","ACC-2970114956","144.89","-37.69","POS","0671cb55-dcac-47a4-9a1e-d587cb7b189a","Robert",11069.79,2018-10-19 07:00:00,"M",26,"Ballarat Central","VIC",37.51,"7f80bb7ff7e34aa5b7961d1fb45d240c","CUS-880898248","143.86","-37.56","debit","Fri","08:32:24","08","October"
"10390","authorized","1","ACC-2270192619","138.56","-35.27","SALES-POS","898cce21-e7fb-466f-ae3f-946efc514eab","Darren",17245.06,2018-10-19 07:00:00,"M",20,"Salisbury","SA",22.57,"cfcd6e81528b451f8b45fce7b760e5d2","CUS-2110742437","138.64","-34.76","debit","Fri","08:38:44","08","October"
"10391","authorized","1","ACC-3233697971","151.04","-33.77","SALES-POS","d97a1736-4076-4aee-801d-a350f244aa30","Robin",13213.32,2018-10-19 07:00:00,"F",34,"Manly","NSW",44.3,"0bd009c1423c4caaa044ba1d400e169a","CUS-1147642491","151.29","-33.8","debit","Fri","08:45:03","08","October"
"10392","authorized","1","ACC-211792489","138.63","-34.93","POS","11d22c9c-8bb7-4001-b5c0-e2f015a37a35","Jacqueline",2879.85,2018-10-19 07:00:00,"F",30,"Aberfoyle Park","SA",73.61,"98eeddf4eafd446ea18d4eb346a122b5","CUS-497688347","138.59","-35.07","debit","Fri","08:51:23","08","October"
"10393","authorized","1","ACC-2673069055","152.99","-27.49","POS","d3ba1df4-47bc-4064-8ded-b0c1b4063950","Richard",14976.88,2018-10-19 07:00:00,"M",24,"Brisbane City","QLD",9.03,"3574f1b09a684b629cd1863222560436","CUS-51506836","153.03","-27.47","debit","Fri","08:57:43","08","October"
"10394","authorized","1","ACC-38923874","151.27","-33.90","POS","209d811a-8c93-4461-b334-5f62fffc53d8","Ryan",41902.57,2018-10-19 07:00:00,"M",38,"North Sydney","NSW",1178.89,"69ec0238d1f44676ac3298b7414323ec","CUS-3249305314","151.2","-33.83","debit","Fri","09:03:10","09","October"
"10395","authorized","1","ACC-3084464802","145.15","-37.76","SALES-POS","e67cbcbd-e44b-4cf0-b318-30827a7425af","Susan",10668.2,2018-10-19 07:00:00,"F",19,"Docklands","VIC",122.72,"cb1d564e2abe48dca02d14d8749e1ace","CUS-1928710999","144.95","-37.82","debit","Fri","09:08:07","09","October"
"10396","authorized","1","ACC-1598451071","153.41","-27.95","SALES-POS","9c722f27-2495-4ca1-a7ec-562652a3b98c","Diana",1533.7,2018-10-19 07:00:00,"F",26,"Coombabah","QLD",6,"b1fb0b157eb047bf97e79dd4358e7e51","CUS-2487424745","153.36","-27.92","debit","Fri","09:13:04","09","October"
"10397","authorized","1","ACC-1598451071","153.41","-27.95","POS","11b25409-e443-4612-a46b-823d75145d03","Diana",1479.52,2018-10-19 07:00:00,"F",26,"Helensvale","QLD",54.18,"948ea15c11b245c4983914914c4f00ed","CUS-2487424745","153.34","-27.92","debit","Fri","09:18:01","09","October"
"10398","authorized","0","ACC-1037050564","153.10","-27.66","POS","41fc5874-e10a-4671-9312-78e561c69efa","Rhonda",4912.07,2018-10-19 07:00:00,"F",40,"Indooroopilly","QLD",13.88,"b82bcab3e9064e5e84b30394bfe0a19c","CUS-1614226872","152.97","-27.5","debit","Fri","09:22:58","09","October"
"10399","authorized","1","ACC-1903037542","153.05","-27.61","POS","7f5d4734-3e9c-4a82-8ec5-ecab1682f244","Jeffrey",4209.97,2018-10-19 07:00:00,"M",30,"Hervey Bay","QLD",11.26,"a3b2b06eb01a40c18b3ebeccfff578e0","CUS-860700529","152.84","-25.29","debit","Fri","09:27:55","09","October"
"10400","authorized","0","ACC-3084464802","145.15","-37.76","POS","781be408-bdd3-4724-b81c-5b44bd29964a","Susan",10646.68,2018-10-19 07:00:00,"F",19,"Melbourne","VIC",21.52,"868ff4cce7e548e79bd17b0f5e5e40ab","CUS-1928710999","144.97","-37.81","debit","Fri","09:32:52","09","October"
"10401","authorized","1","ACC-1598451071","153.41","-27.95","POS","a03fe884-d8cf-4cf2-a8ed-5983901fce10","Diana",1471.68,2018-10-19 07:00:00,"F",26,"Runaway Bay","QLD",7.84,"4ca9578a4c6242be841362512b3d441a","CUS-2487424745","153.4","-27.91","debit","Fri","09:37:49","09","October"
"10402","authorized","1","ACC-90814749","151.68","-32.98","POS","df6d8273-44fb-479a-a2d0-091d6a7d300c","Christopher",11049.36,2018-10-19 07:00:00,"M",35,"Newcastle","NSW",149.17,"49bd5832bc2647f796d163e33aa9ac58","CUS-1896554896","151.78","-32.93","debit","Fri","09:42:46","09","October"
"10403","authorized","0","ACC-1037050564","153.10","-27.66","SALES-POS","4e04cb8b-7bfe-4515-aeb5-bb46a9aa332b","Rhonda",4818.54,2018-10-19 07:00:00,"F",40,"Clayfield","QLD",93.53,"ae0389cfc3d74277b638618281728991","CUS-1614226872","153.05","-27.42","debit","Fri","09:47:43","09","October"
"10404","authorized","0","ACC-1037050564","153.10","-27.66","SALES-POS","c345718d-3592-4faf-b0ae-6cc32cefbc38","Rhonda",4804.09,2018-10-19 07:00:00,"F",40,"Milton","QLD",14.45,"c6295a6fb7b24f8ca70b3f3995b1e8a3","CUS-1614226872","153.01","-27.47","debit","Fri","09:52:40","09","October"
"10405","authorized","1","ACC-1683215619","138.67","-34.86","SALES-POS","48637546-0e61-4273-a637-d57088f5ca29","Barry",11682.51,2018-10-19 07:00:00,"M",38,"Nowra","NSW",54.24,"99a7ef6990df41fb817e99104ab9a01e","CUS-1604596597","150.6","-34.87","debit","Fri","09:57:37","09","October"
"10406","posted",NA,"ACC-1334819143","145.13","-37.70","PAYMENT",NA,"Christopher",65449.02,2018-10-19 07:00:00,"M",33,NA,NA,50,"63a5a2f6efe841fab5bd8e1bf1f69264","CUS-3117610635",NA,NA,"debit","Fri","10:00:00","10","October"
"10407","authorized","1","ACC-2673069055","152.99","-27.49","POS","67e5bcbe-a2ad-400c-9b57-c539e50838e3","Richard",14971.67,2018-10-19 07:00:00,"M",24,"Melbourne","VIC",5.21,"bf8cffb32f4f4e5e8e92ed2b72aef40d","CUS-51506836","144.96","-37.82","debit","Fri","10:11:49","10","October"
"10408","authorized","1","ACC-4258502723","145.45","-37.74","POS","a7638d42-ff4e-43a8-9119-bdcfdb81d85b","Kimberly",5743,2018-10-19 07:00:00,"F",24,"Elsternwick","VIC",22.51,"b24087e4e0f84f80a13d26bdf9182250","CUS-3378712515","145","-37.88","debit","Fri","10:34:32","10","October"
"10409","authorized","1","ACC-90814749","151.68","-32.98","SALES-POS","48f2e156-4769-4b86-8372-f1e7900aba0f","Christopher",11019.22,2018-10-19 07:00:00,"M",35,"Whyalla Norrie","SA",30.14,"1a5f59bf3b34403a8c9f8d32e4b2b972","CUS-1896554896","137.53","-33.03","debit","Fri","10:57:16","10","October"
"10410","posted",NA,"ACC-1788473090","145.06","-37.95","INTER BANK",NA,"Rachael",9807.89,2018-10-19 07:00:00,"F",21,NA,NA,66,"d11989e4a38947468c0746de705fe21c","CUS-134193016",NA,NA,"debit","Fri","11:00:00","11","October"
"10411","posted",NA,"ACC-3536132544","144.93","-37.79","PAYMENT",NA,"Heather",8694.47,2018-10-19 07:00:00,"F",41,NA,NA,33,"9d0ef7c8bffa4709be861878f172c446","CUS-2348881191",NA,NA,"debit","Fri","11:00:00","11","October"
"10412","posted",NA,"ACC-414431115","142.77","-37.06","INTER BANK",NA,"Amy",5486.09,2018-10-19 07:00:00,"F",43,NA,NA,18,"a00b2d6fe2064f1db15f0df97a9be603","CUS-2599279756",NA,NA,"debit","Fri","11:00:00","11","October"
"10413","posted",NA,"ACC-38923874","151.27","-33.90","PAY/SALARY",NA,"Ryan",43783.52,2018-10-19 07:00:00,"M",38,NA,NA,1880.95,"22cf6b9739e74b40a3247e329e1b6252","CUS-3249305314",NA,NA,"credit","Fri","11:00:00","11","October"
"10414","authorized","1","ACC-1443681913","150.92","-33.77","SALES-POS","7273f476-4d39-48a6-835d-22704480b61a","Ryan",4586.25,2018-10-19 07:00:00,"M",31,"Campbelltown","NSW",55.04,"f160cfdf4e5e479d9e3e3d7e284a4506","CUS-3129499595","150.8","-34.08","debit","Fri","11:07:27","11","October"
"10415","authorized","1","ACC-1683215619","138.67","-34.86","POS","fa2c0cba-149d-47a1-b061-8313a7642d0e","Barry",11561.18,2018-10-19 07:00:00,"M",38,"Semaphore","SA",121.33,"a31fe2d39a364c48afd9cabe69ff2ded","CUS-1604596597","138.48","-34.84","debit","Fri","11:15:55","11","October"
"10416","authorized","1","ACC-90814749","151.68","-32.98","POS","e90a5311-1a4f-48ca-a08e-e61e144faf3e","Christopher",11003.07,2018-10-19 07:00:00,"M",35,"Warners Bay","NSW",16.15,"b9351919b6524db3a6cb825f7d3bc0a6","CUS-1896554896","151.66","-32.97","debit","Fri","11:24:24","11","October"
"10417","authorized","1","ACC-4258502723","145.45","-37.74","POS","e38e1715-8f87-41d5-9b2c-e1a2c88444d0","Kimberly",5720.84,2018-10-19 07:00:00,"F",24,"Heidelberg","VIC",22.16,"0b9dd936dba7409bb83f3909036066d2","CUS-3378712515","145.07","-37.76","debit","Fri","11:32:52","11","October"
"10418","authorized","1","ACC-819621312","145.04","-37.85","SALES-POS","c3eb7d47-28a1-42c1-9a27-d1f01e9c696f","Michele",9203.9,2018-10-19 07:00:00,"F",30,"Ascot Vale","VIC",25.74,"2ff89a655b3f49648dce5da81f38148e","CUS-1271030853","144.91","-37.78","debit","Fri","11:41:21","11","October"
"10419","authorized","0","ACC-1222300524","151.23","-33.94","SALES-POS","ea333a5f-9d67-4fa9-9687-c35b260732df","Michael",1922.11,2018-10-19 07:00:00,"M",38,"Kingsgrove","NSW",4.76,"f4795ca97dae4230a26e470cf7cb8d2e","CUS-2142601169","151.1","-33.94","debit","Fri","11:49:49","11","October"
"10420","authorized","0","ACC-1973887809","115.78","-31.90","POS","294d0299-6194-4e98-9236-c9579956d082","Antonio",7649.49,2018-10-19 07:00:00,"M",26,"Sydney","NSW",155.45,"e8acc8c6dfe24a6093c521519bd45cfa","CUS-1646621553","151.21","-33.86","debit","Fri","11:58:18","11","October"
"10421","posted",NA,"ACC-3485804958","138.52","-35.01","PAYMENT",NA,"Jessica",27579.77,2018-10-19 07:00:00,"F",34,NA,NA,16,"5c2183392dc64d3db7ac0addb4cc6280","CUS-1196156254",NA,NA,"debit","Fri","12:00:00","12","October"
"10422","posted",NA,"ACC-3689607373","115.79","-31.79","PAY/SALARY",NA,"Virginia",8236.54,2018-10-19 07:00:00,"F",20,NA,NA,1138.79,"5da79d054a1d4c6db216bc301a909d67","CUS-127297539",NA,NA,"credit","Fri","12:00:00","12","October"
"10423","posted",NA,"ACC-2890243754","153.32","-27.93","PAY/SALARY",NA,"Joseph",2293.8,2018-10-19 07:00:00,"M",37,NA,NA,917.45,"a559efbbf19f40aea79058f7bed954fc","CUS-2695611575",NA,NA,"credit","Fri","12:00:00","12","October"
"10424","authorized","0","ACC-80388494","144.97","-37.42","POS","2a61083e-9ff2-426f-8d3e-f48edcc6a4e6","Dustin",5755.73,2018-10-19 07:00:00,"M",28,"Melbourne","VIC",54.8,"251f84ecdaf344c9a2de7cc0512359a0","CUS-1140341822","144.98","-37.84","debit","Fri","12:14:48","12","October"
"10425","authorized","1","ACC-4258502723","145.45","-37.74","SALES-POS","01b9e70a-8f39-486d-9eae-b91cab542d80","Kimberly",5707.27,2018-10-19 07:00:00,"F",24,"Docklands","VIC",13.57,"ad1ddef9055947ba8c03e711eba0d0bf","CUS-3378712515","144.95","-37.82","debit","Fri","12:33:19","12","October"
"10426","authorized","1","ACC-1903037542","153.05","-27.61","POS","69efe0c2-5a9d-447b-87eb-30e60852534b","Jeffrey",4194.04,2018-10-19 07:00:00,"M",30,"Newstead","QLD",15.93,"891dc0c6e4674e25a65235c0ee85a7f4","CUS-860700529","153.04","-27.44","debit","Fri","12:51:51","12","October"
"10427","posted",NA,"ACC-721712940","145.09","-37.82","PHONE BANK",NA,"Andrew",57937.74,2018-10-19 07:00:00,"M",78,NA,NA,150,"003cb9026b5b4635983e4efa07505db4","CUS-1646183815",NA,NA,"debit","Fri","13:00:00","13","October"
"10428","posted",NA,"ACC-559365433","147.31","-42.88","PAY/SALARY",NA,"Mary",4241.98,2018-10-19 07:00:00,"F",64,NA,NA,576,"45127f74b9dc4f598b888488b0b78489","CUS-1654129794",NA,NA,"credit","Fri","13:00:00","13","October"
"10429","posted",NA,"ACC-3481401842","115.74","-31.72","PAY/SALARY",NA,"Tiffany",8302.41,2018-10-19 07:00:00,"F",25,NA,NA,1225.33,"89900560493f4877ac5b67987d2bb733","CUS-1669695324",NA,NA,"credit","Fri","13:00:00","13","October"
"10430","posted",NA,"ACC-1523339231","115.83","-31.90","PAY/SALARY",NA,"Tim",77054.31,2018-10-19 07:00:00,"M",40,NA,NA,8835.98,"873a3f11d03d41a99c55a5b1a3850e1a","CUS-1816693151",NA,NA,"credit","Fri","13:00:00","13","October"
"10431","posted",NA,"ACC-1523339231","115.83","-31.90","PAY/SALARY",NA,"Tim",85890.29,2018-10-19 07:00:00,"M",40,NA,NA,8835.98,"d996300131a641c8bf25f86e1aef9bc6","CUS-1816693151",NA,NA,"credit","Fri","13:00:00","13","October"
"10432","posted",NA,"ACC-1650504218","145.01","-37.93","PAYMENT",NA,"Marissa",16705.36,2018-10-19 07:00:00,"F",23,NA,NA,128,"8eb2acd8feb64dc9a7cba0363ffafc0d","CUS-2500783281",NA,NA,"debit","Fri","13:00:00","13","October"
"10433","posted",NA,"ACC-2528867619","138.58","-34.96","PAY/SALARY",NA,"Abigail",19628,2018-10-19 07:00:00,"F",40,NA,NA,1946.57,"06d1ce95c69d40c0950878e6b1f3f474","CUS-2505971401",NA,NA,"credit","Fri","13:00:00","13","October"
"10434","posted",NA,"ACC-38923874","151.27","-33.90","PAYMENT",NA,"Ryan",43703.52,2018-10-19 07:00:00,"M",38,NA,NA,80,"191abfaccd2644e89fc1c90780e3d54d","CUS-3249305314",NA,NA,"debit","Fri","13:00:00","13","October"
"10435","posted",NA,"ACC-1516130869","130.84","-12.45","PAYMENT",NA,"Jessica",6953.14,2018-10-19 07:00:00,"F",21,NA,NA,29,"cf5acdfcd73444e8bb31d4db79a5260c","CUS-325142416",NA,NA,"debit","Fri","13:00:00","13","October"
"10436","authorized","1","ACC-819621312","145.04","-37.85","SALES-POS","0b90bfd8-f29a-4398-b479-b9b438189819","Michele",9190.29,2018-10-19 07:00:00,"F",30,"Narre Warren","VIC",13.61,"06f8bbfc3cf54ccd8bcccee9bada5e22","CUS-1271030853","145.31","-38.02","debit","Fri","13:10:33","13","October"
"10437","authorized","1","ACC-2673069055","152.99","-27.49","POS","4169a179-5de6-4982-908b-8bd1469f9eef","Richard",14956.8,2018-10-19 07:00:00,"M",24,"Wooloowin","QLD",14.87,"ed170490e2804f84bb6ce0d4f19e1659","CUS-51506836","153.05","-27.41","debit","Fri","13:29:26","13","October"
"10438","authorized","1","ACC-1344825761","151.09","-33.91","SALES-POS","0d338c2f-cf2d-4f14-ae19-e9f79c5f90aa","Sarah",22409.52,2018-10-19 07:00:00,"F",46,"Manly","NSW",28.89,"f91b5b9d2f134e479d187391f0c76b0e","CUS-1499065773","151.28","-33.8","debit","Fri","13:48:18","13","October"
"10439","posted",NA,"ACC-1344825761","151.09","-33.91","PAYMENT",NA,"Sarah",22387.52,2018-10-19 07:00:00,"F",46,NA,NA,22,"1ee3f61cbfd74ceebe182cabcd3c52a4","CUS-1499065773",NA,NA,"debit","Fri","14:00:00","14","October"
"10440","posted",NA,"ACC-1523339231","115.83","-31.90","PAYMENT",NA,"Tim",85850.29,2018-10-19 07:00:00,"M",40,NA,NA,40,"f30989c717e94a7b9731397cc9c5436e","CUS-1816693151",NA,NA,"debit","Fri","14:00:00","14","October"
"10441","posted",NA,"ACC-964839203","146.92","-36.07","PAYMENT",NA,"Michael",39732.6,2018-10-19 07:00:00,"M",21,NA,NA,72,"88aa49774dfb4599a37e8efddcb93f74","CUS-2059096722",NA,NA,"debit","Fri","14:00:00","14","October"
"10442","posted",NA,"ACC-574997646","150.79","-33.64","PAY/SALARY",NA,"Mackenzie",6988.76,2018-10-19 07:00:00,"F",18,NA,NA,1952.29,"4ec0e86aff554c94b59b08df78d1d7d3","CUS-586638664",NA,NA,"credit","Fri","14:00:00","14","October"
"10443","authorized","0","ACC-90814749","151.68","-32.98","POS","cc64c86b-30e3-4bed-ac9b-a1faa39946b2","Christopher",10944.27,2018-10-19 07:00:00,"M",35,"Narrogin","WA",58.8,"0eb6cac2c3454c4fb6a9d503de01de07","CUS-1896554896","117.18","-32.94","debit","Fri","14:03:31","14","October"
"10444","authorized","1","ACC-1598451071","153.41","-27.95","SALES-POS","f2eb30ee-576c-4077-aec1-feca254ce541","Diana",1458.01,2018-10-19 07:00:00,"F",26,"Biggera Waters","QLD",13.67,"07ff1f6421db433a90b30655a91f6614","CUS-2487424745","153.4","-27.93","debit","Fri","14:12:46","14","October"
"10445","authorized","1","ACC-3741880913","150.50","-23.40","SALES-POS","633d03c8-2319-4802-aaa9-f2c9c366a820","Ashley",11714.24,2018-10-19 07:00:00,"F",25,"Newman","WA",148.55,"9e9a87c1fea74fdeb112e7196b4dfb63","CUS-1220154422","119.8","-23.39","debit","Fri","14:22:02","14","October"
"10446","authorized","1","ACC-1222300524","151.23","-33.94","POS","54875e18-471a-4dd6-bcb0-53cff32e4a56","Michael",1916.07,2018-10-19 07:00:00,"M",38,"Sydney Airport","NSW",6.04,"acdeb5f0410d4e5fa5a2ccb32153dd05","CUS-2142601169","151.18","-33.93","debit","Fri","14:31:17","14","October"
"10447","authorized","1","ACC-80388494","144.97","-37.42","POS","d681ecf5-579b-4b94-b1aa-0808dbe4fa0a","Dustin",5741.97,2018-10-19 07:00:00,"M",28,"Melbourne","VIC",13.76,"6f004569d8544998a8f845f85dae9770","CUS-1140341822","144.96","-37.81","debit","Fri","14:40:33","14","October"
"10448","authorized","1","ACC-854938045","147.63","-22.84","SALES-POS","d1c66cfe-1569-4918-bbb2-ca9f76a14e08","James",14010.65,2018-10-19 07:00:00,"M",28,"Sydney","NSW",15.83,"e4c69e04b5d64965aad72ab259e4b24a","CUS-4023861240","151.2","-33.87","debit","Fri","14:49:48","14","October"
"10449","authorized","0","ACC-38923874","151.27","-33.90","POS","4a42fde5-3611-42e0-a201-782c6762866b","Ryan",43676.64,2018-10-19 07:00:00,"M",38,"Parramatta","NSW",26.88,"6c5d95fe95be4ba09ba94b336653593d","CUS-3249305314","151","-33.82","debit","Fri","14:59:04","14","October"
"10450","posted",NA,"ACC-1890605467","143.88","-37.66","PAY/SALARY",NA,"Alexander",22337.94,2018-10-19 07:00:00,"M",38,NA,NA,3649.51,"ed2673045be1465888c5cf111629be77","CUS-1478398256",NA,NA,"credit","Fri","15:00:00","15","October"
"10451","posted",NA,"ACC-90814749","151.68","-32.98","PAY/SALARY",NA,"Christopher",13218.68,2018-10-19 07:00:00,"M",35,NA,NA,2308.67,"a3ffbe8303bf468c9f7a08d1dc040843","CUS-1896554896",NA,NA,"credit","Fri","15:00:00","15","October"
"10452","authorized","1","ACC-90814749","151.68","-32.98","POS","b0904b8b-80cf-40f0-a208-d190f5e565a1","Christopher",10910.01,2018-10-19 07:00:00,"M",35,"Whyalla Norrie","SA",34.26,"05efb45a736044ffa7f2c0ad49d35def","CUS-1896554896","137.54","-33.02","debit","Fri","15:08:34","15","October"
"10453","authorized","1","ACC-2231965366","144.96","-37.84","SALES-POS","ca09e293-0cc7-4cfc-9ee9-0ea53dbdca69","Linda",22872.45,2018-10-19 07:00:00,"F",35,"Doncaster","VIC",42.6,"b71426f9a97341e3b0b70e8c48cbb542","CUS-2155701614","145.13","-37.79","debit","Fri","15:18:05","15","October"
"10454","authorized","1","ACC-2270192619","138.56","-35.27","POS","24f4ff22-2ad7-4d26-80d1-58cf66962f8f","Darren",17222.17,2018-10-19 07:00:00,"M",20,"Firle","SA",22.89,"8af6fb9f5e6846fb9ccb1c54ce797294","CUS-2110742437","138.66","-34.9","debit","Fri","15:27:37","15","October"
"10455","authorized","1","ACC-1683215619","138.67","-34.86","POS","13b56cec-9433-473e-a12f-5c81d27a24ae","Barry",11552.24,2018-10-19 07:00:00,"M",38,"Albany","WA",8.94,"4928092ab7894401aa40455b54a4bc7f","CUS-1604596597","117.88","-35.02","debit","Fri","15:37:08","15","October"
"10456","authorized","1","ACC-2528867619","138.58","-34.96","SALES-POS","20237aa3-e234-4ed6-a70d-d58071f03083","Abigail",19611.05,2018-10-19 07:00:00,"F",40,"Goulburn","NSW",16.95,"e098df7e16a04272bf1a64d499c0b201","CUS-2505971401","149.72","-34.76","debit","Fri","15:46:39","15","October"
"10457","authorized","1","ACC-3741880913","150.50","-23.40","SALES-POS","30e1920f-6a0a-4405-b444-b48caeb2bc5c","Ashley",11693,2018-10-19 07:00:00,"F",25,"Newman","WA",21.24,"17addf108cdd440a884c6a634128b44b","CUS-1220154422","119.73","-23.37","debit","Fri","15:56:11","15","October"
"10458","posted",NA,"ACC-80388494","144.97","-37.42","PAY/SALARY",NA,"Dustin",7658.48,2018-10-19 07:00:00,"M",28,NA,NA,1916.51,"78db82cfc63341cbbdbf0c292723f9ab","CUS-1140341822",NA,NA,"credit","Fri","16:00:00","16","October"
"10459","posted",NA,"ACC-602667573","151.23","-33.96","PAYMENT",NA,"Michael",20099.91,2018-10-19 07:00:00,"M",40,NA,NA,41,"e992bc5e72dd4ec6bfe2a812eaa6ef52","CUS-2031327464",NA,NA,"debit","Fri","16:00:00","16","October"
"10460","posted",NA,"ACC-964839203","146.92","-36.07","PAY/SALARY",NA,"Michael",41292.8,2018-10-19 07:00:00,"M",21,NA,NA,1560.2,"b449a6085dd947d28189175278a1bf74","CUS-2059096722",NA,NA,"credit","Fri","16:00:00","16","October"
"10461","posted",NA,"ACC-3827517394","151.12","-33.89","PAYMENT",NA,"Craig",43680.56,2018-10-19 07:00:00,"M",28,NA,NA,43,"6e63695f607d4d9cb5cabf8f3d14ecb2","CUS-2663907001",NA,NA,"debit","Fri","16:00:00","16","October"
"10462","posted",NA,"ACC-1443681913","150.92","-33.77","PAYMENT",NA,"Ryan",4473.25,2018-10-19 07:00:00,"M",31,NA,NA,113,"bf9428e4741c47a492564187034ea45c","CUS-3129499595",NA,NA,"debit","Fri","16:00:00","16","October"
"10463","posted",NA,"ACC-2153562714","116.00","-31.88","PAYMENT",NA,"Linda",6439.43,2018-10-19 07:00:00,"F",24,NA,NA,27,"42da185bb31d47e6b905c024388afe0e","CUS-423725039",NA,NA,"debit","Fri","16:00:00","16","October"
"10464","authorized","1","ACC-854938045","147.63","-22.84","POS","4cd67a3e-2cac-4d3f-91c9-fc45b6c4483f","James",13938.05,2018-10-19 07:00:00,"M",28,"Bairnsdale","VIC",72.6,"66bfd78c0b5b4e56b66b88da94d15203","CUS-4023861240","147.63","-37.82","debit","Fri","16:10:10","16","October"
"10465","authorized","1","ACC-1598451071","153.41","-27.95","POS","75c749e4-e234-4ce3-aaf4-d058b01426dc","Diana",1444.43,2018-10-19 07:00:00,"F",26,"Mermaid Waters","QLD",13.58,"7b936a4376fa4439841ac87cc3995853","CUS-2487424745","153.41","-28.05","debit","Fri","16:27:07","16","October"
"10466","authorized","0","ACC-2674800293","144.96","-37.69","POS","d17237f0-23ad-4030-a39c-fa9ac4cab55f","Elizabeth",29626.6,2018-10-19 07:00:00,"F",50,"Bayswater","VIC",21.11,"8824a93fbbee4225a3c00b63572689e6","CUS-2977593493","145.27","-37.84","debit","Fri","16:44:04","16","October"
"10467","posted",NA,"ACC-1344825761","151.09","-33.91","PAY/SALARY",NA,"Sarah",24857.97,2018-10-19 07:00:00,"F",46,NA,NA,2470.45,"1adedffa7ab04aad9cfd277c1485de74","CUS-1499065773",NA,NA,"credit","Fri","17:00:00","17","October"
"10468","posted",NA,"ACC-2014856841","144.99","-37.90","PAY/SALARY",NA,"Patrick",267128.52,2018-10-19 07:00:00,"M",46,NA,NA,2179.96,"a6ac361f68cf4442804fa8aa785b3ac7","CUS-2370108457",NA,NA,"credit","Fri","17:00:00","17","October"
"10469","posted",NA,"ACC-3317636250","153.02","-27.66","PAY/SALARY",NA,"Kenneth",19130.97,2018-10-19 07:00:00,"M",35,NA,NA,2544.76,"3351a527c30845aab80520ccfc7103a5","CUS-2738291516",NA,NA,"credit","Fri","17:00:00","17","October"
"10470","authorized","1","ACC-1598451071","153.41","-27.95","POS","ca530086-b9a0-4443-a770-e88dd85ac56f","Diana",1435.51,2018-10-19 07:00:00,"F",26,"Pimpama","QLD",8.92,"a6f10dc1128c413782640caadda3ed3f","CUS-2487424745","153.29","-27.8","debit","Fri","17:00:38","17","October"
"10471","authorized","1","ACC-1349834573","145.17","-37.84","POS","c67d525b-f7f7-42b1-804a-feacef9f5736","Matthew",16076.99,2018-10-19 07:00:00,"M",39,"Abbotsford","VIC",15.07,"710482ea402a411d9cfb5791a549ecd2","CUS-1790886359","144.99","-37.8","debit","Fri","17:11:23","17","October"
"10472","authorized","1","ACC-1349834573","145.17","-37.84","POS","c9356757-73dd-4631-9a42-5f47faabeeed","Matthew",16027.8,2018-10-19 07:00:00,"M",39,"Saint Albans","VIC",49.19,"f6c9b77ebaeb41a2940e84548a65d912","CUS-1790886359","144.8","-37.75","debit","Fri","17:22:09","17","October"
"10473","authorized","1","ACC-3954677887","115.72","-32.28","POS","fa3a6b8e-fe87-45e8-96c1-c6560e487575","Ruth",8346.11,2018-10-19 07:00:00,"F",47,"Dubbo","NSW",13.96,"5ce0470731d240b48ec33c8bcaac5a7f","CUS-3716701010","148.6","-32.24","debit","Fri","17:32:54","17","October"
"10474","authorized","1","ACC-1903037542","153.05","-27.61","SALES-POS","7dbeae3d-bd81-4f52-bfd7-72c57ec57f1a","Jeffrey",4184.55,2018-10-19 07:00:00,"M",30,"Eight Mile Plains","QLD",9.49,"194e06615db34dabb11beee0e155d709","CUS-860700529","153.1","-27.58","debit","Fri","17:43:39","17","October"
"10475","authorized","1","ACC-1496451953","145.16","-37.84","SALES-POS","8ab80360-2816-4edd-bf54-44ae1c61be26","Ricky",21677.11,2018-10-19 07:00:00,"M",43,"Coburg","VIC",13.2,"58e72f0192fd40c1ac6d281b40c3eee8","CUS-3142625864","144.97","-37.74","debit","Fri","17:54:24","17","October"
"10476","posted",NA,"ACC-1788473090","145.06","-37.95","INTER BANK",NA,"Rachael",9774.89,2018-10-19 07:00:00,"F",21,NA,NA,33,"c585a11ca23d4a5bbcae104a2554e545","CUS-134193016",NA,NA,"debit","Fri","18:00:00","18","October"
"10477","posted",NA,"ACC-3541460373","145.00","-37.83","PAYMENT",NA,"Jeffrey",4069.66,2018-10-19 07:00:00,"M",24,NA,NA,53,"f3eb9dc18812474db33e92e6538b07f4","CUS-1433879684",NA,NA,"debit","Fri","18:00:00","18","October"
"10478","posted",NA,"ACC-1652235822","144.89","-37.81","PAYMENT",NA,"Renee",20984.61,2018-10-19 07:00:00,"F",38,NA,NA,66,"e59f50391bd84385aec2833277c70d1e","CUS-2206365095",NA,NA,"debit","Fri","18:00:00","18","October"
"10479","posted",NA,"ACC-2528867619","138.58","-34.96","PAYMENT",NA,"Abigail",19538.05,2018-10-19 07:00:00,"F",40,NA,NA,73,"b9a501ad13404f25af6e890e450fbed6","CUS-2505971401",NA,NA,"debit","Fri","18:00:00","18","October"
"10480","authorized","0","ACC-38923874","151.27","-33.90","POS","2f1e660e-07cf-4d46-8a06-14accd78203b","Ryan",43639.14,2018-10-19 07:00:00,"M",38,"Old Toongabbie","NSW",37.5,"f002e4ab94d74cc0b0aced5b197a853d","CUS-3249305314","150.97","-33.79","debit","Fri","18:11:09","18","October"
"10481","authorized","1","ACC-559365433","147.31","-42.88","POS","94466281-42f2-4aac-94a6-c07f3d6c996b","Mary",4187.67,2018-10-19 07:00:00,"F",64,"Wagga Wagga","NSW",54.31,"b9d5cf9c2be3473098cce3aef3ee9891","CUS-1654129794","147.37","-35.12","debit","Fri","18:34:25","18","October"
"10482","authorized","1","ACC-2673069055","152.99","-27.49","POS","c0fb68c6-935b-47ae-8594-e3da036d0f94","Richard",14936.38,2018-10-19 07:00:00,"M",24,"Gold Coast","QLD",20.42,"e91f065cc70b4d629bee91794a919db4","CUS-51506836","153.36","-28","debit","Fri","18:57:40","18","October"
"10483","posted",NA,"ACC-3485804958","138.52","-35.01","PAYMENT",NA,"Jessica",27516.77,2018-10-19 07:00:00,"F",34,NA,NA,63,"427d6ea7107e493ab06a734246588195","CUS-1196156254",NA,NA,"debit","Fri","19:00:00","19","October"
"10484","posted",NA,"ACC-3689607373","115.79","-31.79","INTER BANK",NA,"Virginia",8181.54,2018-10-19 07:00:00,"F",20,NA,NA,55,"75cb50a85498416ebf9b9928a112af20","CUS-127297539",NA,NA,"debit","Fri","19:00:00","19","October"
"10485","posted",NA,"ACC-2171593283","146.94","-36.04","PAYMENT",NA,"Fernando",17751.1,2018-10-19 07:00:00,"M",19,NA,NA,40,"fefff06b12094c0784ae95fa4261b775","CUS-2317998716",NA,NA,"debit","Fri","19:00:00","19","October"
"10486","posted",NA,"ACC-1438600314","138.69","-34.84","PAYMENT",NA,"Maria",5180.98,2018-10-19 07:00:00,"F",35,NA,NA,45,"4f65b57308c2404e8a39b261593482af","CUS-2650223890",NA,NA,"debit","Fri","19:00:00","19","October"
"10487","authorized","1","ACC-2305712452","138.61","-34.89","POS","02dc8434-5ba7-40ee-b1c5-5771560e0c1d","Debra",6301.55,2018-10-19 07:00:00,"F",18,"Nowra North","NSW",52.43,"d5711c7cd81e4227b515d84954df1796","CUS-1842679196","150.59","-34.87","debit","Fri","19:09:05","19","October"
"10488","authorized","1","ACC-4258502723","145.45","-37.74","SALES-POS","e24aeb44-5755-4e13-9d70-319cc9062bc0","Kimberly",5686.56,2018-10-19 07:00:00,"F",24,"Thornbury","VIC",20.71,"b1c566ece5a34298b8de83c3ab178b64","CUS-3378712515","145","-37.76","debit","Fri","19:19:11","19","October"
"10489","authorized","1","ACC-1344825761","151.09","-33.91","POS","d63d1e1a-8e49-4db3-ad8b-470a86e13f23","Sarah",24818.65,2018-10-19 07:00:00,"F",46,"Parramatta","NSW",39.32,"0401970285e64ceca576ccc468d52790","CUS-1499065773","151","-33.81","debit","Fri","19:29:17","19","October"
"10490","authorized","1","ACC-1903037542","153.05","-27.61","SALES-POS","994f51ea-1a1f-49a7-b117-6651005b4bec","Jeffrey",4179.56,2018-10-19 07:00:00,"M",30,"Brisbane City","QLD",4.99,"0eda01de8e00468ebeec3047ea15edc2","CUS-860700529","153.03","-27.47","debit","Fri","19:39:23","19","October"
"10491","authorized","0","ACC-854938045","147.63","-22.84","SALES-POS","91827347-8f24-4968-b614-92aca2eb5f35","James",13897.37,2018-10-19 07:00:00,"M",28,"Clermont","QLD",40.68,"ceb3130a5c144f948d3b4b78d970298b","CUS-4023861240","147.64","-22.83","debit","Fri","19:49:29","19","October"
"10492","authorized","1","ACC-2920611728","144.96","-37.76","POS","a61580ea-86e1-469c-84f6-b1e3bf8f81c5","Tyler",9994.94,2018-10-19 07:00:00,"M",69,"Croydon","VIC",32.3,"47996b9cbabb48b5a6a1b946a31cec39","CUS-1388323263","145.27","-37.78","debit","Fri","19:59:35","19","October"
"10493","posted",NA,"ACC-37709441","153.41","-28.01","PAYMENT",NA,"Charles",20612.81,2018-10-19 07:00:00,"M",18,NA,NA,27,"076dbfcde68240a4a04f31783e6fd1e8","CUS-3336454548",NA,NA,"debit","Fri","20:00:00","20","October"
"10494","authorized","1","ACC-1443681913","150.92","-33.77","SALES-POS","940afd8b-0802-41b8-b171-55dce1d15a18","Ryan",4457.08,2018-10-19 07:00:00,"M",31,"Westmead","NSW",16.17,"a49718c1d9f644beac8d75e29144f607","CUS-3129499595","150.99","-33.81","debit","Fri","20:12:09","20","October"
"10495","authorized","1","ACC-819621312","145.04","-37.85","SALES-POS","24a7ddf4-bed9-4b6a-a7f6-50e76cb2a34b","Michele",9182.79,2018-10-19 07:00:00,"F",30,"Moonee Ponds","VIC",7.5,"4f1a28346f814ad09f0046401993e42b","CUS-1271030853","144.92","-37.77","debit","Fri","20:24:48","20","October"
"10496","authorized","1","ACC-4258502723","145.45","-37.74","POS","0a142703-a518-46ac-b854-a98a334f9b27","Kimberly",5677.54,2018-10-19 07:00:00,"F",24,"Lakes Entrance","VIC",9.02,"e5943290cc6e47c7a5318df8f8818303","CUS-3378712515","147.99","-37.88","debit","Fri","20:37:28","20","October"
"10497","authorized","1","ACC-574997646","150.79","-33.64","SALES-POS","f2111cef-4de4-45c7-8bb5-17639c3d5662","Mackenzie",6935.77,2018-10-19 07:00:00,"F",18,"Melbourne","VIC",52.99,"e4edc48533c34fcd91f1a6a2492df628","CUS-586638664","144.96","-37.82","debit","Fri","20:50:07","20","October"
"10498","posted",NA,"ACC-3689607373","115.79","-31.79","PAYMENT",NA,"Virginia",8112.54,2018-10-19 07:00:00,"F",20,NA,NA,69,"6e3303b50001404290f8e96d1fd32637","CUS-127297539",NA,NA,"debit","Fri","21:00:00","21","October"
"10499","posted",NA,"ACC-721712940","145.09","-37.82","PAYMENT",NA,"Andrew",57899.74,2018-10-19 07:00:00,"M",78,NA,NA,38,"eae4ddf55ba54147993fe9e8c6210775","CUS-1646183815",NA,NA,"debit","Fri","21:00:00","21","October"
"10500","posted",NA,"ACC-2681137560","151.11","-33.99","PAYMENT",NA,"Nathaniel",11000.9,2018-10-19 07:00:00,"M",31,NA,NA,29,"f100730e87a34b7291d1a0fd387cd9d0","CUS-2083971310",NA,NA,"debit","Fri","21:00:00","21","October"
"10501","posted",NA,"ACC-2171593283","146.94","-36.04","PAYMENT",NA,"Fernando",17701.1,2018-10-19 07:00:00,"M",19,NA,NA,50,"cabc96cc5e924cf2924d8add1b9d30a6","CUS-2317998716",NA,NA,"debit","Fri","21:00:00","21","October"
"10502","posted",NA,"ACC-1903037542","153.05","-27.61","PAYMENT",NA,"Jeffrey",4122.34,2018-10-19 07:00:00,"M",30,NA,NA,23,"d043b3958a474ad2bafcefb5aa77885f","CUS-860700529",NA,NA,"debit","Fri","21:00:00","21","October"
"10503","authorized","1","ACC-1903037542","153.05","-27.61","POS","00c512dd-562d-4159-ae33-248dfcf6d9cd","Jeffrey",4168.57,2018-10-19 07:00:00,"M",30,"Browns Plains","QLD",10.99,"065e2e44875645ceb157f9dd20c7159d","CUS-860700529","153.04","-27.66","debit","Fri","21:01:48","21","October"
"10504","authorized","1","ACC-588564840","151.27","-33.76","POS","66729dac-f504-4c14-8aee-445cc8a28c2c","Isaiah",20787.64,2018-10-19 07:00:00,"M",23,"Mount Druitt","NSW",44.4,"b64ed207fe9c4902b4b3086fb94bcc57","CUS-1462656821","150.83","-33.77","debit","Fri","21:09:59","21","October"
"10505","authorized","1","ACC-3827517394","151.12","-33.89","POS","a538e8f1-1059-42cd-9701-aebd1a6fc122","Craig",43673.38,2018-10-19 07:00:00,"M",28,"Chatswood","NSW",7.18,"f0d0804402df406fa5ae2be19daf7bc4","CUS-2663907001","151.18","-33.8","debit","Fri","21:18:11","21","October"
"10506","authorized","1","ACC-1903037542","153.05","-27.61","POS","f58a09ad-ae82-442e-b66e-de1aa42d14df","Jeffrey",4145.34,2018-10-19 07:00:00,"M",30,"Mount Gravatt","QLD",23.23,"7a883c4989414c6882854e48b40afea1","CUS-860700529","153.07","-27.53","debit","Fri","21:26:23","21","October"
"10507","authorized","1","ACC-1438600314","138.69","-34.84","SALES-POS","9b8f5049-fe7e-484d-931d-c01f43615087","Maria",5154.53,2018-10-19 07:00:00,"F",35,"Belconnen","ACT",26.45,"b0ff0a96e9344fe496bd75d9ddb73eca","CUS-2650223890","149.07","-35.24","debit","Fri","21:34:35","21","October"
"10508","authorized","1","ACC-2107684084","145.03","-37.88","POS","f7a96331-a443-4dcd-bcc4-dfbf0dfcea6d","Richard",10366.69,2018-10-19 07:00:00,"M",22,"Brunswick","VIC",17.3,"754d937e84304f638fb358db35dae17d","CUS-2283904812","144.96","-37.78","debit","Fri","21:42:47","21","October"
"10509","authorized","1","ACC-3954677887","115.72","-32.28","POS","bcbd4135-4f71-489a-8267-93ceed452aba","Ruth",8209.92,2018-10-19 07:00:00,"F",47,"Preston","VIC",136.19,"d58952c9cd00476fbdaa3ded750cdab5","CUS-3716701010","145.03","-37.74","debit","Fri","21:50:59","21","October"
"10510","authorized","1","ACC-602667573","151.23","-33.96","POS","644526b1-01bf-4666-b476-f5b0a7f197aa","Michael",20041.15,2018-10-19 07:00:00,"M",40,"Bankstown","NSW",58.76,"a9324ada9d3b4984802f48edcc8b6dcd","CUS-2031327464","151.04","-33.92","debit","Fri","21:59:10","21","October"
"10511","posted",NA,"ACC-3326339947","151.18","-33.80","PAYMENT",NA,"Eric",11995.57,2018-10-19 07:00:00,"M",22,NA,NA,89,"89bb81e7d71c4dc9a65b8e11ff538141","CUS-326006476",NA,NA,"debit","Fri","22:00:00","22","October"
"10512","authorized","1","ACC-3827517394","151.12","-33.89","SALES-POS","2376c9a0-24dc-4ae8-8e18-fdda3764f731","Craig",43643.35,2018-10-19 07:00:00,"M",28,"Glenmore Park","NSW",30.03,"b10c04729fd848b5a85938b54e7095e0","CUS-2663907001","150.67","-33.79","debit","Fri","22:17:38","22","October"
"10513","authorized","1","ACC-3233697971","151.04","-33.77","SALES-POS","98b27c00-c03e-4bd5-82ad-8dd92890e57e","Robin",13133.11,2018-10-19 07:00:00,"F",34,"Brisbane City","QLD",80.21,"0b61ea3b699c4d28a04c5c7b2534e032","CUS-1147642491","153.02","-27.47","debit","Fri","22:37:15","22","October"
"10514","authorized","1","ACC-4258502723","145.45","-37.74","POS","d632171a-e91e-44b2-b83f-7266ec58c733","Kimberly",5669.24,2018-10-19 07:00:00,"F",24,"Mill Park","VIC",8.3,"29cb7cb0ec774f48ac9ff2021ae9f442","CUS-3378712515","145.07","-37.65","debit","Fri","22:56:51","22","October"
"10515","posted",NA,"ACC-3541460373","145.00","-37.83","PAYMENT",NA,"Jeffrey",4028.66,2018-10-19 07:00:00,"M",24,NA,NA,41,"561e01ec2fa343a59adca61afafc37a7","CUS-1433879684",NA,NA,"debit","Fri","23:00:00","23","October"
"10516","authorized","1","ACC-1344825761","151.09","-33.91","POS","e7bf1c3f-19c1-4bf8-87c3-53e4bb09742d","Sarah",24774.69,2018-10-19 07:00:00,"F",46,"Collaroy Plateau","NSW",43.96,"a7a575743ba54e588e64abb3f31e2712","CUS-1499065773","151.29","-33.73","debit","Fri","23:18:15","23","October"
"10517","authorized","0","ACC-4258502723","145.45","-37.74","SALES-POS","d8111957-c4a7-4485-b966-1d343291d1d4","Kimberly",5655.4,2018-10-19 07:00:00,"F",24,"Roxburgh Park","VIC",13.84,"f28a1a6d666d4cd18217df6a853309bd","CUS-3378712515","144.92","-37.63","debit","Fri","23:39:59","23","October"
"10518","authorized","1","ACC-1349834573","145.17","-37.84","SALES-POS","8471620b-c6c7-4a7f-8b60-781d0fd108d3","Matthew",16020.47,2018-10-20 07:00:00,"M",39,"Melbourne","VIC",7.33,"37fb69897215400e8313ae69e024b71c","CUS-1790886359","144.96","-37.82","debit","Sat","00:03:28","00","October"
"10519","authorized","1","ACC-4258502723","145.45","-37.74","POS","5211e4a0-2dd8-4e78-9801-1e7c1ba2b4c4","Kimberly",5642.56,2018-10-20 07:00:00,"F",24,"Melbourne","VIC",12.84,"3f1a6100951549db8a12ff4a202dfb25","CUS-3378712515","144.97","-37.82","debit","Sat","00:46:57","00","October"
"10520","authorized","1","ACC-80388494","144.97","-37.42","SALES-POS","37d3852c-39b1-4958-99e6-20658e47b693","Dustin",7605.35,2018-10-20 07:00:00,"M",28,"Glen Waverley","VIC",53.13,"699f2a571d88456cb047a752d3b05c9a","CUS-1140341822","145.16","-37.88","debit","Sat","01:17:29","01","October"
"10521","authorized","1","ACC-90814749","151.68","-32.98","POS","ed717c5e-9a81-4005-a370-36a30f2b59d8","Christopher",13199.65,2018-10-20 07:00:00,"M",35,"Toronto","NSW",19.03,"2965a807b20c4e4fb253251c7f4658c6","CUS-1896554896","151.59","-33.01","debit","Sat","01:42:29","01","October"
"10522","posted",NA,"ACC-3481401842","115.74","-31.72","PAYMENT",NA,"Tiffany",8276.41,2018-10-20 07:00:00,"F",25,NA,NA,26,"59e26a605b7740bea2b87be64b6e14c8","CUS-1669695324",NA,NA,"debit","Sat","02:00:00","02","October"
"10523","authorized","1","ACC-80388494","144.97","-37.42","SALES-POS","6f992a82-2718-4c13-998a-a161a1abf93a","Dustin",7593.05,2018-10-20 07:00:00,"M",28,"Melbourne","VIC",12.3,"3c1f0dab20a9491b9385ceec10be5574","CUS-1140341822","144.96","-37.81","debit","Sat","02:11:06","02","October"
"10524","authorized","1","ACC-182446574","116.06","-32.00","POS","ac52f8d3-161a-4bc7-92a3-f4beb57bb9dd","Tonya",9276.99,2018-10-20 07:00:00,"F",27,"Kensington","WA",10.43,"6eed411022b444649ce690697dd9e9d4","CUS-3026014945","115.88","-31.99","debit","Sat","02:48:08","02","October"
"10525","authorized","1","ACC-1683215619","138.67","-34.86","POS","42141f30-eb72-472f-8b0d-bb5d803fa00e","Barry",11522.67,2018-10-20 07:00:00,"M",38,"Nowra","NSW",29.57,"3f103a5d64024d6fa088f85c5f265e2d","CUS-1604596597","150.6","-34.88","debit","Sat","03:18:53","03","October"
"10526","authorized","0","ACC-1608363396","151.22","-33.87","POS","7c95bbd5-8846-47b7-ad12-d5548c08907c","Robert",9710.94,2018-10-20 07:00:00,"M",20,"Campsie","NSW",8.93,"7e37851b3ddc4595bf141f92997703d7","CUS-2688605418","151.1","-33.91","debit","Sat","03:46:39","03","October"
"10527","posted",NA,"ACC-964839203","146.92","-36.07","PAYMENT",NA,"Michael",41264.8,2018-10-20 07:00:00,"M",21,NA,NA,28,"ba68c9b1e38546f6b61d3f4cac2d3377","CUS-2059096722",NA,NA,"debit","Sat","04:00:00","04","October"
"10528","authorized","1","ACC-588564840","151.27","-33.76","SALES-POS","f230b989-cbdc-45b3-9303-f8c3f53cd562","Isaiah",20769.18,2018-10-20 07:00:00,"M",23,"Newtown","NSW",18.46,"54756498ae364a0396f63174333ccc73","CUS-1462656821","151.18","-33.9","debit","Sat","04:08:07","04","October"
"10529","authorized","1","ACC-240804743","121.48","-30.75","POS","ab835c75-1a73-45bf-8b06-40c4f53a1105","Kenneth",22026.94,2018-10-20 07:00:00,"M",29,"Sydney","NSW",123.41,"4a561bff15744172b678fc9b3c5a7877","CUS-261674136","151.21","-33.87","debit","Sat","04:23:44","04","October"
"10530","authorized","1","ACC-588564840","151.27","-33.76","SALES-POS","bf0044b7-e0dd-45c5-a9e9-627da9a4bfca","Isaiah",20756.19,2018-10-20 07:00:00,"M",23,"Kensington","NSW",12.99,"b57a0e99dd4745e3a5d574a1c0f5d47f","CUS-1462656821","151.22","-33.91","debit","Sat","04:39:22","04","October"
"10531","authorized","1","ACC-3954677887","115.72","-32.28","SALES-POS","3f1aa031-c119-45af-b171-87a3d87c866e","Ruth",8186.11,2018-10-20 07:00:00,"F",47,"Madeley","WA",23.81,"7fe40b4659124727bd75ee93e353002f","CUS-3716701010","115.82","-31.82","debit","Sat","04:54:59","04","October"
"10532","posted",NA,"ACC-721712940","145.09","-37.82","PAYMENT",NA,"Andrew",57752.74,2018-10-20 07:00:00,"M",78,NA,NA,147,"493257707680411c848b0dacc8e4a9b2","CUS-1646183815",NA,NA,"debit","Sat","05:00:00","05","October"
"10533","posted",NA,"ACC-2681137560","151.11","-33.99","PAYMENT",NA,"Nathaniel",10974.9,2018-10-20 07:00:00,"M",31,NA,NA,26,"d1bb4cbf3ef34ead8af97b4a6ca4759d","CUS-2083971310",NA,NA,"debit","Sat","05:00:00","05","October"
"10534","posted",NA,"ACC-1652235822","144.89","-37.81","PAYMENT",NA,"Renee",20939.61,2018-10-20 07:00:00,"F",38,NA,NA,45,"df18acc3bfab421bb225d0d0f02f87ca","CUS-2206365095",NA,NA,"debit","Sat","05:00:00","05","October"
"10535","posted",NA,"ACC-1650504218","145.01","-37.93","PAYMENT",NA,"Marissa",16662.36,2018-10-20 07:00:00,"F",23,NA,NA,43,"c43febe818674a61af2dc4c8ce129705","CUS-2500783281",NA,NA,"debit","Sat","05:00:00","05","October"
"10536","posted",NA,"ACC-4281711154","144.98","-37.84","PAYMENT",NA,"Eric",42214.02,2018-10-20 07:00:00,"M",42,NA,NA,37,"cdee7c78ef5d4fd297e3acdf063689a6","CUS-3151318058",NA,NA,"debit","Sat","05:00:00","05","October"
"10537","authorized","1","ACC-240804743","121.48","-30.75","POS","30d360f5-0df8-4949-997a-9ee51f7b9613","Kenneth",22018.61,2018-10-20 07:00:00,"M",29,"Somerville","WA",8.33,"dcdb8d3f4f6a47a79215bb6c8bd970f1","CUS-261674136","121.46","-30.76","debit","Sat","06:19:59","06","October"
"10538","authorized","0","ACC-3233697971","151.04","-33.77","SALES-POS","ffd41c3e-ba1d-4d09-8963-cf8a276f1700","Robin",13111.28,2018-10-20 07:00:00,"F",34,"Manly","NSW",21.83,"360eb3dc647c40be863a155861a95d6e","CUS-1147642491","151.29","-33.79","debit","Sat","07:19:59","07","October"
"10539","authorized","1","ACC-2673069055","152.99","-27.49","POS","cdad3e1b-8102-48e1-9834-318789a2e49b","Richard",14885.9,2018-10-20 07:00:00,"M",24,"Morayfield","QLD",50.48,"921e2f2e6a1f465eac637b0f0575cec0","CUS-51506836","152.95","-27.12","debit","Sat","08:00:27","08","October"
"10540","authorized","1","ACC-2920611728","144.96","-37.76","SALES-POS","e10fbfdd-dc68-4b63-a714-8288ab50db0c","Tyler",9967.1,2018-10-20 07:00:00,"M",69,"Saint Kilda","VIC",27.84,"79041a8ea9f64530bd28751a14c1646f","CUS-1388323263","144.98","-37.87","debit","Sat","08:12:05","08","October"
"10541","authorized","1","ACC-182446574","116.06","-32.00","SALES-POS","de9e8d67-1e9e-4964-8b10-c2b4f65135b1","Tonya",9262.49,2018-10-20 07:00:00,"F",27,"Ceduna","SA",14.5,"ae0014f2b8b94ec29c3e1275e3a2f427","CUS-3026014945","133.68","-32.13","debit","Sat","08:23:43","08","October"
"10542","authorized","1","ACC-559365433","147.31","-42.88","SALES-POS","7645bd89-9675-4b0b-a598-7a72e59483d7","Mary",4182.57,2018-10-20 07:00:00,"F",64,"Forest Hill","NSW",5.1,"aeaaec9abf3d45b3bf73c6a7471da2a0","CUS-1654129794","147.46","-35.15","debit","Sat","08:35:20","08","October"
"10543","authorized","1","ACC-2674800293","144.96","-37.69","POS","4a22bf35-14a5-412a-bfa7-2f335c2890b8","Elizabeth",29569.28,2018-10-20 07:00:00,"F",50,"Malvern","VIC",57.32,"68189b32603c47c9abd73be135285faf","CUS-2977593493","145.03","-37.86","debit","Sat","08:46:58","08","October"
"10544","authorized","0","ACC-4258502723","145.45","-37.74","SALES-POS","8b84934b-890b-4fcb-8102-b6b58156d048","Kimberly",5631.7,2018-10-20 07:00:00,"F",24,"South Yarra","VIC",10.86,"68c8d13fbc334449b5b4f5b6e0580b66","CUS-3378712515","144.98","-37.84","debit","Sat","08:58:36","08","October"
"10545","authorized","1","ACC-3233697971","151.04","-33.77","SALES-POS","7ec68ffc-ad74-4180-9996-c4657529944f","Robin",13093.49,2018-10-20 07:00:00,"F",34,"Wentworth Falls","NSW",17.79,"28581e1aae504053b928a191e9fe05cd","CUS-1147642491","150.38","-33.71","debit","Sat","09:07:35","09","October"
"10546","authorized","1","ACC-240804743","121.48","-30.75","POS","1b687605-2f01-43e0-84f2-297f3dd86f53","Kenneth",22000.92,2018-10-20 07:00:00,"M",29,"Boulder","WA",17.69,"39ea56011052484a98fefdc8e2baa1e2","CUS-261674136","121.48","-30.77","debit","Sat","09:16:12","09","October"
"10547","authorized","1","ACC-1683215619","138.67","-34.86","POS","f01cc8b4-1328-4501-8958-21e97b518510","Barry",11496.66,2018-10-20 07:00:00,"M",38,"Mount Melville","WA",26.01,"db4d9db6804f4cce8e912c8b215219ef","CUS-1604596597","117.87","-35.01","debit","Sat","09:24:49","09","October"
"10548","authorized","1","ACC-1598451071","153.41","-27.95","SALES-POS","aeaa9700-8b53-4bd9-923c-70adf228cf80","Diana",1428.24,2018-10-20 07:00:00,"F",26,"Broadbeach Waters","QLD",7.27,"38c23a83b181486289d93cdc8165a10f","CUS-2487424745","153.43","-28.04","debit","Sat","09:33:26","09","October"
"10549","authorized","1","ACC-588564840","151.27","-33.76","SALES-POS","b46defe4-52f3-40da-817e-ed4d2891aced","Isaiah",20717.69,2018-10-20 07:00:00,"M",23,"Randwick","NSW",38.5,"f12b4c9eb683445c94c5f684e58122a4","CUS-1462656821","151.24","-33.92","debit","Sat","09:42:04","09","October"
"10550","authorized","1","ACC-1710017148","150.82","-34.01","POS","c69a4e96-466b-4819-9318-484b6ed92b96","Michelle",17464.58,2018-10-20 07:00:00,"F",19,"Newtown","NSW",26.34,"f685b6a9facd4f18a63f6d2c95cff5a9","CUS-883482547","151.18","-33.9","debit","Sat","09:50:41","09","October"
"10551","authorized","0","ACC-1598451071","153.41","-27.95","SALES-POS","42c394f0-e22a-43e7-8c6d-b79da0684813","Diana",1406.18,2018-10-20 07:00:00,"F",26,"Biggera Waters","QLD",22.06,"8acce0ba25d041839466083d520646f1","CUS-2487424745","153.39","-27.93","debit","Sat","09:59:18","09","October"
"10552","posted",NA,"ACC-574997646","150.79","-33.64","PAYMENT",NA,"Mackenzie",6890.77,2018-10-20 07:00:00,"F",18,NA,NA,45,"2d65a25345fb442eb8a1bd57fa2a6dc9","CUS-586638664",NA,NA,"debit","Sat","10:00:00","10","October"
"10553","authorized","1","ACC-1598451071","153.41","-27.95","SALES-POS","9e569918-b62e-4730-a005-63940408281d","Diana",1394.09,2018-10-20 07:00:00,"F",26,"Mermaid Beach","QLD",12.09,"e2eae6d1fa50452999ea4b2948ac9965","CUS-2487424745","153.44","-28.06","debit","Sat","10:19:34","10","October"
"10554","authorized","1","ACC-2920611728","144.96","-37.76","POS","df6ddb5a-f5c5-4cff-9150-82829fcaf32a","Tyler",9910.17,2018-10-20 07:00:00,"M",69,"Caulfield North","VIC",56.93,"c5256d76ed5341de9c6f97599e282d2f","CUS-1388323263","145.03","-37.88","debit","Sat","10:40:51","10","October"
"10555","posted",NA,"ACC-2681137560","151.11","-33.99","PAYMENT",NA,"Nathaniel",10957.9,2018-10-20 07:00:00,"M",31,NA,NA,17,"8c2db3f1274b4d8686ee62fab2fdedc0","CUS-2083971310",NA,NA,"debit","Sat","11:00:00","11","October"
"10556","authorized","1","ACC-4258502723","145.45","-37.74","SALES-POS","8270b732-efc4-4639-8d91-111b39a30123","Kimberly",5619.62,2018-10-20 07:00:00,"F",24,"Docklands","VIC",12.08,"a93a128f6d5d410f8d2b38cb8cdbd668","CUS-3378712515","144.95","-37.82","debit","Sat","11:00:48","11","October"
"10557","authorized","1","ACC-1222300524","151.23","-33.94","POS","296a60e7-5693-4d50-8d33-b5b994093d2e","Michael",1896.12,2018-10-20 07:00:00,"M",38,"Sydney","NSW",19.95,"b965a2ef329e4f908a959923d0dccc99","CUS-2142601169","151.2","-33.86","debit","Sat","11:08:52","11","October"
"10558","authorized","1","ACC-3879258709","143.83","-37.66","SALES-POS","18625e36-e8c7-4ca4-a0fc-9a4bb4f28bff","Natasha",205653.26,2018-10-20 07:00:00,"F",40,"Diamond Creek","VIC",11.37,"f3fb0bdf0b7047248c43c957ce187b42","CUS-527400765","145.16","-37.67","debit","Sat","11:16:56","11","October"
"10559","authorized","1","ACC-414431115","142.77","-37.06","POS","106e1272-44ab-4dcb-a438-dd98e0071e51","Amy",5457.78,2018-10-20 07:00:00,"F",43,"Eden","NSW",28.31,"0b1ee05b07b948fca97d772de281f2c2","CUS-2599279756","149.9","-37.06","debit","Sat","11:24:59","11","October"
"10560","authorized","1","ACC-3879258709","143.83","-37.66","POS","257a6424-6bd6-4fca-96fc-8d31d902aff0","Natasha",205624.02,2018-10-20 07:00:00,"F",40,"Mernda","VIC",29.24,"3271055db3c94500899c1b2cccce4d9a","CUS-527400765","145.1","-37.6","debit","Sat","11:33:03","11","October"
"10561","authorized","1","ACC-2674800293","144.96","-37.69","POS","7577e8e3-de34-4032-b7ba-f83774cc62e9","Elizabeth",29530.46,2018-10-20 07:00:00,"F",50,"Chadstone","VIC",38.82,"918baec376ab4002b23a40a528454f68","CUS-2977593493","145.08","-37.89","debit","Sat","11:41:07","11","October"
"10562","authorized","1","ACC-4258502723","145.45","-37.74","POS","f9ead686-3a62-4217-8031-0a9a5c892fb1","Kimberly",5608.01,2018-10-20 07:00:00,"F",24,"Sunshine","VIC",11.61,"d1e7968b7b354621b1d4b75a3dd4aeb9","CUS-3378712515","144.83","-37.78","debit","Sat","11:49:11","11","October"
"10563","authorized","1","ACC-3233697971","151.04","-33.77","POS","a038df8c-bade-40e9-b864-9371758a8745","Robin",13055.1,2018-10-20 07:00:00,"F",34,"Pyrmont","NSW",38.39,"1fedcc3ec12c4eb5aa6c11b2adfcb739","CUS-1147642491","151.2","-33.87","debit","Sat","11:57:15","11","October"
"10564","posted",NA,"ACC-1998563091","149.03","-35.25","PAYMENT",NA,"David",18511.22,2018-10-20 07:00:00,"M",42,NA,NA,45,"428e9ea5d76d4f2eaa1ac8f90fd75227","CUS-3395687666",NA,NA,"debit","Sat","12:00:00","12","October"
"10565","authorized","0","ACC-3827517394","151.12","-33.89","POS","9b5aca21-07d3-44ee-9aa5-c6453401e129","Craig",43606.38,2018-10-20 07:00:00,"M",28,"South Wentworthville","NSW",36.97,"6ec3a1bbba354dff86f9d84dcae6af17","CUS-2663907001","150.97","-33.82","debit","Sat","12:11:47","12","October"
"10566","authorized","1","ACC-588564840","151.27","-33.76","SALES-POS","b7771d5f-e430-48ee-8671-9db06345ec35","Isaiah",20701.82,2018-10-20 07:00:00,"M",23,"Westmead","NSW",15.87,"6d0741e8b551448fa257311ea3e9cc0c","CUS-1462656821","150.99","-33.8","debit","Sat","12:29:38","12","October"
"10567","authorized","1","ACC-2673069055","152.99","-27.49","POS","60145aef-57a3-41b5-b5b2-1fbc2276d247","Richard",14866.81,2018-10-20 07:00:00,"M",24,"Jindalee","QLD",19.09,"02f640953ff84d8a82fee6afb1764221","CUS-51506836","152.94","-27.54","debit","Sat","12:47:29","12","October"
"10568","posted",NA,"ACC-90814749","151.68","-32.98","INTER BANK",NA,"Christopher",13155.65,2018-10-20 07:00:00,"M",35,NA,NA,44,"629a18b68d7947d2ac02e0bfd7d47ce6","CUS-1896554896",NA,NA,"debit","Sat","13:00:00","13","October"
"10569","authorized","0","ACC-240804743","121.48","-30.75","POS","c777afde-ae7d-43c4-9490-cb7e497fb790","Kenneth",21981.04,2018-10-20 07:00:00,"M",29,"Kalgoorlie","WA",19.88,"e5091fa737d74206909cd04534a8b51a","CUS-261674136","121.47","-30.75","debit","Sat","13:05:21","13","October"
"10570","authorized","0","ACC-1443681913","150.92","-33.77","SALES-POS","3f2b5da1-c3f3-4cab-a06e-21cd91403e68","Ryan",4451.53,2018-10-20 07:00:00,"M",31,"Roseville","NSW",5.55,"feaf09d2aea542819536c8777bd766a7","CUS-3129499595","151.18","-33.78","debit","Sat","13:23:12","13","October"
"10571","authorized","1","ACC-1222300524","151.23","-33.94","POS","b19f0688-a296-4826-9865-9c9eb8940db3","Michael",1855.75,2018-10-20 07:00:00,"M",38,"Peakhurst","NSW",40.37,"ef0739983d12468ab6c33d6aa606b395","CUS-2142601169","151.06","-33.96","debit","Sat","13:41:04","13","October"
"10572","authorized","1","ACC-182446574","116.06","-32.00","SALES-POS","79b26d70-74d5-4f1c-a5d0-91650431eeac","Tonya",9229.51,2018-10-20 07:00:00,"F",27,"Broken Hill","NSW",32.98,"46d71a238f7c41c1a8cc8146994424a5","CUS-3026014945","141.46","-31.96","debit","Sat","13:58:55","13","October"
"10573","posted",NA,"ACC-37709441","153.41","-28.01","INTER BANK",NA,"Charles",20567.81,2018-10-20 07:00:00,"M",18,NA,NA,45,"c238bfc4de1a41fc870bcee2fa4470e7","CUS-3336454548",NA,NA,"debit","Sat","14:00:00","14","October"
"10574","authorized","0","ACC-4059612845","130.98","-12.49","POS","b4ef8c0b-d288-4542-8be9-c310d56e2dff","Jonathan",61009.17,2018-10-20 07:00:00,"M",38,"Howard Springs","NT",121.88,"20053ca4eaa64f74b8836cf2fab8ae7a","CUS-495599312","131.04","-12.5","debit","Sat","14:07:42","14","October"
"10575","authorized","0","ACC-1222300524","151.23","-33.94","SALES-POS","a57eacaa-1a0f-4de6-8245-c193f5bb530f","Michael",1830.71,2018-10-20 07:00:00,"M",38,"Casula","NSW",25.04,"33700c6fae0f411c902cc0ea7bebb52a","CUS-2142601169","150.91","-33.94","debit","Sat","14:15:54","14","October"
"10576","authorized","1","ACC-3689607373","115.79","-31.79","SALES-POS","cb146e48-0447-41c9-989d-9454ba4c3e91","Virginia",8077.85,2018-10-20 07:00:00,"F",20,"Perth","WA",34.69,"7f16718dbec34f9d97e9c1c1677c9765","CUS-127297539","115.96","-31.93","debit","Sat","14:24:05","14","October"
"10577","authorized","1","ACC-182446574","116.06","-32.00","SALES-POS","6c84c219-96ea-4c6f-9de5-0a28bcaec62f","Tonya",9209.13,2018-10-20 07:00:00,"F",27,"Rainbow Flat","NSW",20.38,"0461afb65bf2498bb610cc2f17b1c19a","CUS-3026014945","152.47","-32.01","debit","Sat","14:32:17","14","October"
"10578","authorized","1","ACC-4258502723","145.45","-37.74","POS","3b19cf83-a361-4891-b084-feac44b4b5a3","Kimberly",5594.77,2018-10-20 07:00:00,"F",24,"Tarneit","VIC",13.24,"25dc25a93a9f4b8585c1a27a4b762611","CUS-3378712515","144.68","-37.84","debit","Sat","14:40:29","14","October"
"10579","authorized","1","ACC-182446574","116.06","-32.00","SALES-POS","a1393fa3-196b-4b47-bc66-91e287c25733","Tonya",9193.16,2018-10-20 07:00:00,"F",27,"North Sydney","NSW",15.97,"c14ba8110f61428ca71607c68e98ab63","CUS-3026014945","151.21","-33.84","debit","Sat","14:48:41","14","October"
"10580","authorized","1","ACC-847145727","115.90","-31.92","SALES-POS","2adaa70e-3522-462a-a64e-b4502c41614b","Michael",61236.87,2018-10-20 07:00:00,"M",19,"Leederville","WA",18.17,"eea9fddf6e134e57bd5c9531244507fa","CUS-1609060617","115.84","-31.94","debit","Sat","14:56:53","14","October"
"10581","authorized","1","ACC-4258502723","145.45","-37.74","POS","202453f5-0691-418b-9164-0ccab8209fe3","Kimberly",5506.86,2018-10-20 07:00:00,"F",24,"Strathpine","QLD",87.91,"f795c6f8858148ba8c9e60876c950a3f","CUS-3378712515","152.99","-27.31","debit","Sat","15:05:50","15","October"
"10582","authorized","1","ACC-847145727","115.90","-31.92","POS","4955db00-21af-4b83-8114-6ccddb0bf46a","Michael",61067.71,2018-10-20 07:00:00,"M",19,"Nedlands","WA",169.16,"de4e964c994546dcb24a30ddf6649c71","CUS-1609060617","115.8","-31.98","debit","Sat","15:15:16","15","October"
"10583","authorized","1","ACC-819621312","145.04","-37.85","POS","ab0a69ee-1395-4637-80b3-9be763c1080f","Michele",9170.1,2018-10-20 07:00:00,"F",30,"Ferntree Gully","VIC",12.69,"7e2ae8ab5c72464688da1e5660914605","CUS-1271030853","145.28","-37.89","debit","Sat","15:24:43","15","October"
"10584","authorized","1","ACC-3084464802","145.15","-37.76","POS","c507f3be-d1a7-4194-8481-78dd24a845f0","Susan",10622.95,2018-10-20 07:00:00,"F",19,"East Melbourne","VIC",23.73,"971561f75b9f4d2ba2f371ddf24df258","CUS-1928710999","144.99","-37.81","debit","Sat","15:34:09","15","October"
"10585","authorized","1","ACC-559365433","147.31","-42.88","SALES-POS","ff0d46d6-c939-474e-8a08-6974387a4ed9","Mary",4158.56,2018-10-20 07:00:00,"F",64,"Sunshine","VIC",24.01,"b9eba0b9c63b48dab2a77f78d2a4c0cc","CUS-1654129794","144.83","-37.78","debit","Sat","15:43:35","15","October"
"10586","authorized","1","ACC-1973887809","115.78","-31.90","POS","e957b3e1-e8d7-49a4-98a9-e5feba8b1a74","Antonio",7599.95,2018-10-20 07:00:00,"M",26,"Bondi Junction","NSW",49.54,"11b217a464434f38b028a1e76c71faac","CUS-1646621553","151.25","-33.89","debit","Sat","15:53:01","15","October"
"10587","posted",NA,"ACC-2920611728","144.96","-37.76","PAYMENT",NA,"Tyler",9893.17,2018-10-20 07:00:00,"M",69,NA,NA,17,"7710726a9b7b48b4965b1b28c039350e","CUS-1388323263",NA,NA,"debit","Sat","16:00:00","16","October"
"10588","posted",NA,"ACC-37709441","153.41","-28.01","PHONE BANK",NA,"Charles",20546.81,2018-10-20 07:00:00,"M",18,NA,NA,21,"86dced32fc8d481caca927790e2392ce","CUS-3336454548",NA,NA,"debit","Sat","16:00:00","16","October"
"10589","authorized","1","ACC-1598451071","153.41","-27.95","POS","8963ac9d-dbeb-46fc-997a-3a03d3925ba1","Diana",1385.26,2018-10-20 07:00:00,"F",26,"Nerang","QLD",8.83,"02bb08fdd9fd4ff6b954230beab2202d","CUS-2487424745","153.34","-27.99","debit","Sat","16:04:15","16","October"
"10590","authorized","0","ACC-1683215619","138.67","-34.86","POS","f01cc8b4-1328-4501-8958-21e97b518510","Barry",11469.96,2018-10-20 07:00:00,"M",38,"Mount Melville","WA",26.7,"1449c33f392c4d26979c0d1c2503c55a","CUS-1604596597","117.87","-35.01","debit","Sat","16:20:39","16","October"
"10591","authorized","1","ACC-80388494","144.97","-37.42","POS","b4cff616-0199-46b0-be22-3af073f2db42","Dustin",7565.51,2018-10-20 07:00:00,"M",28,"Sydney","NSW",27.54,"52544637d22c43189fa4684f7cb17c4e","CUS-1140341822","151.21","-33.87","debit","Sat","16:37:02","16","October"
"10592","authorized","0","ACC-1443681913","150.92","-33.77","SALES-POS","ee99aae3-23d3-47c2-b895-e2901b0ae3d5","Ryan",4433.07,2018-10-20 07:00:00,"M",31,"Artarmon","NSW",18.46,"b0f253fd08af4f099bb24ecd94986290","CUS-3129499595","151.18","-33.81","debit","Sat","16:53:26","16","October"
"10593","posted",NA,"ACC-854938045","147.63","-22.84","PAYMENT",NA,"James",13848.37,2018-10-20 07:00:00,"M",28,NA,NA,49,"b51aafd99ae242429f05d263ea8e2426","CUS-4023861240",NA,NA,"debit","Sat","17:00:00","17","October"
"10594","authorized","1","ACC-1598451071","153.41","-27.95","SALES-POS","aef30de1-c67e-4ab7-8577-2931a4bf3c7e","Diana",1372.96,2018-10-20 07:00:00,"F",26,"Yowah","QLD",12.3,"c1baf64f3e964ebf87c1e0f7ed694b39","CUS-2487424745","144.64","-27.97","debit","Sat","17:06:31","17","October"
"10595","authorized","1","ACC-1598451071","153.41","-27.95","SALES-POS","a5dd6907-a988-439e-8eff-cb953cf65f05","Diana",1366.69,2018-10-20 07:00:00,"F",26,"Helensvale","QLD",6.27,"9c845707d3fe44c6a1c9515a019915f0","CUS-2487424745","153.34","-27.93","debit","Sat","17:17:23","17","October"
"10596","authorized","1","ACC-3689607373","115.79","-31.79","POS","c9610cdb-c4d5-4e98-a37f-f42310d95c2e","Virginia",8073.86,2018-10-20 07:00:00,"F",20,"South Perth","WA",3.99,"704d1e839185467bae5d8dd1c1fac5b8","CUS-127297539","115.87","-31.98","debit","Sat","17:28:15","17","October"
"10597","authorized","1","ACC-1344825761","151.09","-33.91","SALES-POS","4ab1cd65-2ec6-4fc6-a4dd-f1db091a06fe","Sarah",24700.33,2018-10-20 07:00:00,"F",46,"Macquarie Fields","NSW",74.36,"b767f633e153416ca1e12e2449c584ae","CUS-1499065773","150.89","-33.99","debit","Sat","17:39:07","17","October"
"10598","authorized","0","ACC-1598451071","153.41","-27.95","SALES-POS","11c310e0-eaa4-495b-90c0-f34d99fa508c","Diana",1359.84,2018-10-20 07:00:00,"F",26,"Cambooya","QLD",6.85,"59c6779fe79a4ef2b82cf7b4fee0d4e5","CUS-2487424745","151.86","-27.71","debit","Sat","17:49:59","17","October"
"10599","posted",NA,"ACC-958000567","130.90","-12.37","PAYMENT",NA,"Sandra",11650.85,2018-10-20 07:00:00,"F",34,NA,NA,17,"6103ab0b462d404fa0865fd966bc5494","CUS-4142663097",NA,NA,"debit","Sat","18:00:00","18","October"
"10600","authorized","0","ACC-854938045","147.63","-22.84","SALES-POS","7645bd89-9675-4b0b-a598-7a72e59483d7","James",13840.91,2018-10-20 07:00:00,"M",28,"Forest Hill","NSW",7.46,"113e4284b3d744bba1a85c11138a3385","CUS-4023861240","147.46","-35.15","debit","Sat","18:01:42","18","October"
"10601","authorized","1","ACC-1598451071","153.41","-27.95","SALES-POS","e1b3c433-30f3-401a-845b-6f88747e1078","Diana",1352.22,2018-10-20 07:00:00,"F",26,"Helensvale","QLD",7.62,"8d8a182a221043e5881fe88d71446067","CUS-2487424745","153.32","-27.91","debit","Sat","18:22:58","18","October"
"10602","authorized","1","ACC-2920611728","144.96","-37.76","SALES-POS","dbe14c6d-105f-41ae-a6a8-f37a74377091","Tyler",9876.4,2018-10-20 07:00:00,"M",69,"Williamstown North","VIC",16.77,"583da878e6ae4defbe4d9bd6e328eedb","CUS-1388323263","144.87","-37.85","debit","Sat","18:44:15","18","October"
"10603","authorized","0","ACC-1973887809","115.78","-31.90","POS","b575b67e-2dea-4239-9270-d26fce82ed9c","Antonio",7592.16,2018-10-20 07:00:00,"M",26,"Karrinyup","WA",7.79,"e40cabdb58744b4dac10a03378af9211","CUS-1646621553","115.78","-31.88","debit","Sat","19:02:49","19","October"
"10604","authorized","1","ACC-3689607373","115.79","-31.79","SALES-POS","87d5733e-37a1-4c74-9520-ba063523472f","Virginia",8061.77,2018-10-20 07:00:00,"F",20,"Leederville","WA",12.09,"2280992446a44bee8b70ce4ae3b2856e","CUS-127297539","115.84","-31.94","debit","Sat","19:13:41","19","October"
"10605","authorized","1","ACC-3954677887","115.72","-32.28","SALES-POS","a6448b7f-1de5-47d5-bb6f-988fb1212955","Ruth",8162.98,2018-10-20 07:00:00,"F",47,"Dubbo","NSW",23.13,"af9b5acf2a2e4ff887c39fb4d82cc5af","CUS-3716701010","148.63","-32.26","debit","Sat","19:24:33","19","October"
"10606","authorized","1","ACC-2674800293","144.96","-37.69","POS","e288a819-9b84-424f-b17c-e4e4869472b4","Elizabeth",29480.32,2018-10-20 07:00:00,"F",50,"Mount Gambier","SA",50.14,"22dfd6c7a57649868f34a780dc8560e4","CUS-2977593493","140.78","-37.83","debit","Sat","19:35:26","19","October"
"10607","authorized","0","ACC-1598451071","153.41","-27.95","POS","e409298f-baab-4942-a431-beba6ea59c72","Diana",1333.39,2018-10-20 07:00:00,"F",26,"Mitcham","VIC",18.83,"732caab9543e4969b91a16f0e1523b0c","CUS-2487424745","145.2","-37.82","debit","Sat","19:46:18","19","October"
"10608","authorized","1","ACC-2650850707","148.16","-23.52","POS","e9059249-10c8-41aa-8d7f-2bbbe9c536f1","Brian",117989.4,2018-10-20 07:00:00,"M",42,"Saint Helens","TAS",114.01,"3f30061fde4645a392286a8d8770a209","CUS-2819545904","148.25","-41.32","debit","Sat","19:57:10","19","October"
"10609","posted",NA,"ACC-4258502723","145.45","-37.74","INTER BANK",NA,"Kimberly",5438.16,2018-10-20 07:00:00,"F",24,NA,NA,28,"9b80f04da2ad4f448c05313657535de1","CUS-3378712515",NA,NA,"debit","Sat","20:00:00","20","October"
"10610","authorized","1","ACC-80388494","144.97","-37.42","POS","4dba0b1c-b226-4169-8fa5-9844dfe9bf2c","Dustin",7461.95,2018-10-20 07:00:00,"M",28,"Camberwell","VIC",103.56,"d888c211cd7049c98a0f6af83e1c39ff","CUS-1140341822","145.06","-37.83","debit","Sat","20:04:44","20","October"
"10611","authorized","1","ACC-1349834573","145.17","-37.84","SALES-POS","6c97fa19-15f7-4be4-a1ce-2ef7ddb79eb6","Matthew",15966.48,2018-10-20 07:00:00,"M",39,"Marlo","VIC",53.99,"a2c7704c49d14d9b95fb4b5d200ef443","CUS-1790886359","148.53","-37.8","debit","Sat","20:11:09","20","October"
"10612","authorized","1","ACC-1443681913","150.92","-33.77","SALES-POS","ade8836d-78d7-4d5c-860f-972e9c88d476","Ryan",4416.37,2018-10-20 07:00:00,"M",31,"Pendle Hill","NSW",16.7,"3eec7f7c57ac4755b5bd57b5b0feeb2d","CUS-3129499595","150.96","-33.8","debit","Sat","20:17:33","20","October"
"10613","authorized","1","ACC-3233697971","151.04","-33.77","SALES-POS","7ce5471b-363c-46ab-b398-ca517347829a","Robin",13015.3,2018-10-20 07:00:00,"F",34,"Sydney","NSW",39.8,"b7f2d2c8f9eb42939f5a55ad2133a08a","CUS-1147642491","151.21","-33.87","debit","Sat","20:23:58","20","October"
"10614","authorized","1","ACC-1598451071","153.41","-27.95","POS","63d09405-ec4d-493d-9b38-0845505821d2","Diana",1326.46,2018-10-20 07:00:00,"F",26,"Palm Beach","QLD",6.93,"fee386600d5445449e7ee1b795a072a9","CUS-2487424745","153.47","-28.13","debit","Sat","20:30:23","20","October"
"10615","authorized","1","ACC-2153562714","116.00","-31.88","POS","b4c93406-b25f-4e7e-961b-af807d71e186","Linda",6232.24,2018-10-20 07:00:00,"F",24,"East Fremantle","WA",207.19,"4903f3b1973c42ffa78e44e5c4fa910f","CUS-423725039","115.76","-32.04","debit","Sat","20:36:47","20","October"
"10616","authorized","1","ACC-1608363396","151.22","-33.87","SALES-POS","26c92de4-4848-4c65-aba4-f33884e7545a","Robert",9610.03,2018-10-20 07:00:00,"M",20,"Ashmore","QLD",100.91,"d85ae84af8634143bc2c3c482757dd51","CUS-2688605418","153.39","-27.99","debit","Sat","20:43:12","20","October"
"10617","authorized","1","ACC-2650850707","148.16","-23.52","SALES-POS","e9059249-10c8-41aa-8d7f-2bbbe9c536f1","Brian",117874.57,2018-10-20 07:00:00,"M",42,"Saint Helens","TAS",114.83,"a8fab948ffac4f07a22a87c2d1ad93b0","CUS-2819545904","148.25","-41.32","debit","Sat","20:49:36","20","October"
"10618","authorized","1","ACC-4258502723","145.45","-37.74","SALES-POS","2cfe8040-ae8e-4735-94f0-352bea48bc86","Kimberly",5466.16,2018-10-20 07:00:00,"F",24,"Melbourne Airport","VIC",40.7,"106d3808747c4de9a8f8d916fb14b0c3","CUS-3378712515","144.85","-37.67","debit","Sat","20:56:01","20","October"
"10619","posted",NA,"ACC-1344825761","151.09","-33.91","PAYMENT",NA,"Sarah",24672.33,2018-10-20 07:00:00,"F",46,NA,NA,28,"0c5a330ea7934c06b799bf453e72ac9b","CUS-1499065773",NA,NA,"debit","Sat","21:00:00","21","October"
"10620","authorized","1","ACC-2153562714","116.00","-31.88","POS","00bddef1-a891-4701-90bc-44fe1d911839","Linda",6221.55,2018-10-20 07:00:00,"F",24,"Karawara","WA",10.69,"dbaf79b3a4a042d48499882e209d4b1a","CUS-423725039","115.89","-32.01","debit","Sat","21:01:39","21","October"
"10621","authorized","1","ACC-2014856841","144.99","-37.90","POS","d74f6467-029d-4ef5-9046-39db38104a5c","Patrick",267093.66,2018-10-20 07:00:00,"M",46,"Balwyn North","VIC",34.86,"ec6a8341a9464bffacad6c2cb7532023","CUS-2370108457","145.09","-37.79","debit","Sat","21:05:59","21","October"
"10622","authorized","1","ACC-3233697971","151.04","-33.77","SALES-POS","860b915d-93f8-4949-b412-0082b29d9591","Robin",12959.92,2018-10-20 07:00:00,"F",34,"Moore Park","NSW",55.38,"ed2dd2c0b1724fafadd9de49cb3f04ac","CUS-1147642491","151.23","-33.89","debit","Sat","21:10:20","21","October"
"10623","authorized","1","ACC-3954677887","115.72","-32.28","SALES-POS","11fac570-b721-4c16-9dd9-9b85a2d87a35","Ruth",7979.8,2018-10-20 07:00:00,"F",47,"Woodvale","WA",183.18,"b8e05e34d1b04649b0dea7561e80eea0","CUS-3716701010","115.79","-31.78","debit","Sat","21:14:41","21","October"
"10624","authorized","1","ACC-1608363396","151.22","-33.87","POS","5a856249-6d46-4c0e-b5dd-f75561a22575","Robert",9602.4,2018-10-20 07:00:00,"M",20,"Dee Why","NSW",7.63,"a86fc9c45a0e44beab283cdcde0f7420","CUS-2688605418","151.28","-33.76","debit","Sat","21:19:02","21","October"
"10625","authorized","1","ACC-1903037542","153.05","-27.61","SALES-POS","95ce5769-e4a1-4560-86dd-dc4dfc4a2345","Jeffrey",4068.63,2018-10-20 07:00:00,"M",30,"New Farm","QLD",53.71,"27d6d6d6e9904cf48ee8bdb089b192de","CUS-860700529","153.05","-27.47","debit","Sat","21:23:23","21","October"
"10626","authorized","1","ACC-1903037542","153.05","-27.61","POS","4e77a162-b3b9-411e-b3c9-955b93fb9fda","Jeffrey",4059.94,2018-10-20 07:00:00,"M",30,"Victoria Point","QLD",8.69,"80ed96393fe44c499b4b7f25f4b6f608","CUS-860700529","153.28","-27.59","debit","Sat","21:27:44","21","October"
"10627","authorized","1","ACC-854938045","147.63","-22.84","SALES-POS","4acb01fe-dc71-4c9b-ab97-e4ba75504be1","James",13822.45,2018-10-20 07:00:00,"M",28,"Roxburgh Park","VIC",18.46,"5dd5caa741474aa7805837c5bc09779d","CUS-4023861240","144.93","-37.64","debit","Sat","21:32:05","21","October"
"10628","authorized","0","ACC-1890605467","143.88","-37.66","SALES-POS","b53bc667-bb5c-4901-9955-3c4401cc6c7c","Alexander",22312.89,2018-10-20 07:00:00,"M",38,"Bairnsdale","VIC",25.05,"153eb93a063843ceb0700bc2e7e10db1","CUS-1478398256","147.6","-37.84","debit","Sat","21:36:26","21","October"
"10629","authorized","0","ACC-1349834573","145.17","-37.84","SALES-POS","56281b7c-c276-41fc-96bc-3ccd2d38659f","Matthew",15944.45,2018-10-20 07:00:00,"M",39,"Hawthorn","VIC",22.03,"c6e76ccdc88c44afb9b8f60b91dd2217","CUS-1790886359","145.04","-37.82","debit","Sat","21:40:46","21","October"
"10630","authorized","1","ACC-240804743","121.48","-30.75","POS","41aa5103-841a-4f87-8cd2-577fe3e2b269","Kenneth",21962.8,2018-10-20 07:00:00,"M",29,"Loganholme","QLD",18.24,"fc39f77ddd144680af7ad4a981acb77a","CUS-261674136","152.87","-30.8","debit","Sat","21:45:07","21","October"
"10631","authorized","0","ACC-240804743","121.48","-30.75","SALES-POS","e28c426d-cbef-4e2d-aa06-1ba0b6b1902f","Kenneth",21945.91,2018-10-20 07:00:00,"M",29,"Boggabri","NSW",16.89,"c088bc03684242db993889e5fc773ddb","CUS-261674136","150.04","-30.7","debit","Sat","21:49:28","21","October"
"10632","authorized","0","ACC-1217063613","147.61","-37.82","POS","c9a1d8c2-3d58-4bf4-a2a9-bb3671358c2c","Kimberly",4235.15,2018-10-20 07:00:00,"F",27,"Melton","VIC",8.16,"d1703583612940e9818d9ec8a64bf371","CUS-1739931018","144.58","-37.68","debit","Sat","21:53:49","21","October"
"10633","authorized","1","ACC-182446574","116.06","-32.00","SALES-POS","f8dcccf4-6ce1-4e04-94de-8390572e59e4","Tonya",9176.43,2018-10-20 07:00:00,"F",27,"Innaloo","WA",16.73,"787f69011e794c6da444aae34ee01c9e","CUS-3026014945","115.8","-31.9","debit","Sat","21:58:10","21","October"
"10634","posted",NA,"ACC-1799207998","150.68","-33.79","PAYMENT",NA,"Susan",9701.05,2018-10-20 07:00:00,"F",20,NA,NA,30,"f83a0aced358476fbe666256ed1b3a74","CUS-164374203",NA,NA,"debit","Sat","22:00:00","22","October"
"10635","authorized","1","ACC-1973887809","115.78","-31.90","SALES-POS","cebbf265-3b20-46f6-9ca5-6ce7fa174435","Antonio",7565.68,2018-10-20 07:00:00,"M",26,"Perth","WA",26.48,"3a025b5f051c42c8a3e181246adbedd2","CUS-1646621553","115.85","-31.95","debit","Sat","22:09:49","22","October"
"10636","authorized","1","ACC-1788473090","145.06","-37.95","SALES-POS","6ef2c3ff-dd5e-47a9-a2d4-be8ec90fab1f","Rachael",9761.81,2018-10-20 07:00:00,"F",21,"Melbourne","VIC",13.08,"78dca29b0d88489eb665d7d9859fa5c9","CUS-134193016","144.96","-37.81","debit","Sat","22:26:46","22","October"
"10637","authorized","1","ACC-414431115","142.77","-37.06","SALES-POS","959694dd-5121-4e68-9d7f-ad35790519e3","Amy",5431.87,2018-10-20 07:00:00,"F",43,"Mansfield","VIC",25.91,"fec561c1d47b48ab9baec24608b7023f","CUS-2599279756","146.09","-37.05","debit","Sat","22:43:43","22","October"
"10638","posted",NA,"ACC-2014856841","144.99","-37.90","PAYMENT",NA,"Patrick",267050.66,2018-10-20 07:00:00,"M",46,NA,NA,43,"782a6d26da574671a5b09aefb38bc3c3","CUS-2370108457",NA,NA,"debit","Sat","23:00:00","23","October"
"10639","posted",NA,"ACC-3954677887","115.72","-32.28","PAYMENT",NA,"Ruth",7955.8,2018-10-20 07:00:00,"F",47,NA,NA,24,"79b71ef16152488e85dfa03ca898f5e6","CUS-3716701010",NA,NA,"debit","Sat","23:00:00","23","October"
"10640","authorized","0","ACC-1903037542","153.05","-27.61","SALES-POS","11e234ec-e1d6-4db1-8a7f-11fbccc23802","Jeffrey",4049.41,2018-10-20 07:00:00,"M",30,"Victoria Point","QLD",10.53,"a013612e27b0476dbc776fa5bfd6679d","CUS-860700529","153.28","-27.59","debit","Sat","23:00:45","23","October"
"10641","authorized","1","ACC-3771436525","145.04","-37.92","SALES-POS","7917b4c2-560c-45b8-941a-89f803e8d67a","Derek",6798.56,2018-10-20 07:00:00,"M",20,"Wantirna South","VIC",21.91,"2e6ee2084098454f9a3de4e731ca541a","CUS-3325710106","145.22","-37.88","debit","Sat","23:19:37","23","October"
"10642","authorized","1","ACC-574997646","150.79","-33.64","SALES-POS","b3ee89aa-e70a-403d-a1e3-e35baef1b515","Mackenzie",6876.43,2018-10-20 07:00:00,"F",18,"Marrickville","NSW",14.34,"8cd8b577c91d4b0ca19d76a33de3af4c","CUS-586638664","151.15","-33.91","debit","Sat","23:38:29","23","October"
"10643","authorized","1","ACC-559365433","147.31","-42.88","POS","d3dc2938-b8a8-4338-8910-d867ed21df1a","Mary",4147.71,2018-10-20 07:00:00,"F",64,"Springvale","VIC",10.85,"0ef94b9c9dea4014bc10e4ba95242933","CUS-1654129794","145.15","-37.95","debit","Sat","23:57:21","23","October"
"10644","authorized","1","ACC-1598451071","153.41","-27.95","POS","9aaf116a-c3b7-47c4-acc1-849f426bb73b","Diana",1309.55,2018-10-21 07:00:00,"F",26,"Robina","QLD",16.91,"9b865a0ebcc6461d98b408073cad6d6b","CUS-2487424745","153.38","-28.07","debit","Sun","00:57:19","00","October"
"10645","authorized","1","ACC-1903037542","153.05","-27.61","SALES-POS","51a0e373-c056-47b5-b397-40888ccc5b24","Jeffrey",4039.11,2018-10-21 07:00:00,"M",30,"Acacia Ridge","QLD",10.3,"7e8131c35a1a4a599b9554621905cb74","CUS-860700529","153.03","-27.59","debit","Sun","01:16:16","01","October"
"10646","authorized","1","ACC-2920611728","144.96","-37.76","SALES-POS","a8460564-f18e-4c13-a2de-893f64597ecc","Tyler",9857.26,2018-10-21 07:00:00,"M",69,"Wyndham Vale","VIC",19.14,"73edb8ee294b4edfac1e0c8b80da4248","CUS-1388323263","144.61","-37.88","debit","Sun","01:33:13","01","October"
"10647","authorized","1","ACC-3317636250","153.02","-27.66","POS","af8c71f9-7ff7-42f6-8a8e-11cf83ac7c56","Kenneth",18907.91,2018-10-21 07:00:00,"M",35,"Woolloongabba","QLD",223.06,"88aff565e636499b8687684e5f9b1a56","CUS-2738291516","153.04","-27.5","debit","Sun","01:50:10","01","October"
"10648","posted",NA,"ACC-80388494","144.97","-37.42","PAYMENT",NA,"Dustin",7273.95,2018-10-21 07:00:00,"M",28,NA,NA,188,"feb30f4949ed4825ab2ddecd6b98b15a","CUS-1140341822",NA,NA,"debit","Sun","02:00:00","02","October"
"10649","posted",NA,"ACC-2107684084","145.03","-37.88","PAYMENT",NA,"Richard",10341.69,2018-10-21 07:00:00,"M",22,NA,NA,25,"511a4c3daacc46eab1646a0af4f972d7","CUS-2283904812",NA,NA,"debit","Sun","02:00:00","02","October"
"10650","authorized","1","ACC-1598451071","153.41","-27.95","SALES-POS","4cdce227-c258-41f7-930a-6dcd4f2d62c1","Diana",1305.42,2018-10-21 07:00:00,"F",26,"Palm Beach","QLD",4.13,"6d68b78205e14f749c51c40d7bdad35f","CUS-2487424745","153.47","-28.12","debit","Sun","02:11:03","02","October"
"10651","authorized","1","ACC-2171593283","146.94","-36.04","SALES-POS","d2f34121-afbd-4082-90ce-6607213ead1d","Fernando",17652.94,2018-10-21 07:00:00,"M",19,"Derrimut","VIC",48.16,"d6199a13bba6436b8df33152d4f502a0","CUS-2317998716","144.78","-37.78","debit","Sun","02:37:22","02","October"
"10652","posted",NA,"ACC-1056639002","145.03","-37.91","INTER BANK",NA,"Michael",53330.53,2018-10-21 07:00:00,"M",22,NA,NA,36,"917656fda4664f9c8ab6abbeea444e73","CUS-3462882033",NA,NA,"debit","Sun","03:00:00","03","October"
"10653","authorized","1","ACC-182446574","116.06","-32.00","SALES-POS","e431b193-ae23-4cd0-87f0-878a042070bd","Tonya",9162.37,2018-10-21 07:00:00,"F",27,"Bennett Springs","WA",14.06,"04dd598280364c66947d7619057e5bab","CUS-3026014945","115.92","-31.86","debit","Sun","03:04:39","03","October"
"10654","authorized","1","ACC-819621312","145.04","-37.85","POS","0506581e-580e-461c-a49e-8db72058b808","Michele",9144.23,2018-10-21 07:00:00,"F",30,"Croydon","VIC",25.87,"7304a6874ef84073a2356155e2c6a67d","CUS-1271030853","145.28","-37.79","debit","Sun","03:37:59","03","October"
"10655","posted",NA,"ACC-4258502723","145.45","-37.74","PAYMENT",NA,"Kimberly",5400.16,2018-10-21 07:00:00,"F",24,NA,NA,38,"17b653787c9d4dc5b2aa3dbf5235f715","CUS-3378712515",NA,NA,"debit","Sun","04:00:00","04","October"
"10656","authorized","1","ACC-1598451071","153.41","-27.95","SALES-POS","01b38778-2604-44f7-a36e-9f6f88de6851","Diana",1299.87,2018-10-21 07:00:00,"F",26,"Southport","QLD",5.55,"d634dc8fbc1e40b3becdd6d348649381","CUS-2487424745","153.4","-27.96","debit","Sun","04:07:14","04","October"
"10657","authorized","1","ACC-1443681913","150.92","-33.77","SALES-POS","9ff63b41-279f-4da3-af7c-2eec227ccff5","Ryan",4396.62,2018-10-21 07:00:00,"M",31,"Wahroonga","NSW",19.75,"ad3c0d9f23d34ad08378a2e1d223b658","CUS-3129499595","151.12","-33.72","debit","Sun","04:28:30","04","October"
"10658","authorized","1","ACC-3771436525","145.04","-37.92","SALES-POS","e91d53ff-54bd-4a99-9161-c77d8f43d82c","Derek",6783.83,2018-10-21 07:00:00,"M",20,"Bairnsdale","VIC",14.73,"c6db39aa72b84449ab88951222040745","CUS-3325710106","147.62","-37.83","debit","Sun","04:49:47","04","October"
"10659","posted",NA,"ACC-3485804958","138.52","-35.01","PAYMENT",NA,"Jessica",27485.77,2018-10-21 07:00:00,"F",34,NA,NA,31,"225f9fe696074d9b92299a820134d036","CUS-1196156254",NA,NA,"debit","Sun","05:00:00","05","October"
"10660","posted",NA,"ACC-559365433","147.31","-42.88","PAYMENT",NA,"Mary",4117.71,2018-10-21 07:00:00,"F",64,NA,NA,30,"f760c7763bbe4f50a8728a1bca45fc88","CUS-1654129794",NA,NA,"debit","Sun","05:00:00","05","October"
"10661","posted",NA,"ACC-1523339231","115.83","-31.90","INTER BANK",NA,"Tim",85811.29,2018-10-21 07:00:00,"M",40,NA,NA,39,"bd1ea3210fd14f4db389d805fbda4453","CUS-1816693151",NA,NA,"debit","Sun","06:00:00","06","October"
"10662","authorized","0","ACC-1608363396","151.22","-33.87","SALES-POS","346cfe2d-980c-4625-a2bc-4eb772e3b1d3","Robert",9576.47,2018-10-21 07:00:00,"M",20,"Blacktown","NSW",25.93,"1f2b84f02bce416bafaba1b97d0257bc","CUS-2688605418","150.89","-33.78","debit","Sun","06:19:59","06","October"
"10663","posted",NA,"ACC-2528867619","138.58","-34.96","PAYMENT",NA,"Abigail",19422.05,2018-10-21 07:00:00,"F",40,NA,NA,116,"874b23dd65e8493ba2e8bf2e7ca796e3","CUS-2505971401",NA,NA,"debit","Sun","07:00:00","07","October"
"10664","posted",NA,"ACC-3771436525","145.04","-37.92","PAYMENT",NA,"Derek",6734.83,2018-10-21 07:00:00,"M",20,NA,NA,49,"7730d946d329424cbd98de711bff8b6e","CUS-3325710106",NA,NA,"debit","Sun","07:00:00","07","October"
"10665","authorized","0","ACC-2673069055","152.99","-27.49","POS","941e4ce3-dc1e-45af-8e77-1b3c809a879c","Richard",14849.17,2018-10-21 07:00:00,"M",24,"Daisy Hill","QLD",17.64,"e017e000e18b4ba495eef35307460f69","CUS-51506836","153.15","-27.64","debit","Sun","07:20:44","07","October"
"10666","authorized","1","ACC-847145727","115.90","-31.92","SALES-POS","976e9595-fdf4-4662-aaf2-476681a0291f","Michael",60826.98,2018-10-21 07:00:00,"M",19,"Sydney","NSW",240.73,"a045e2c9b9a142708679a4392e2e11aa","CUS-1609060617","151.2","-33.87","debit","Sun","07:57:46","07","October"
"10667","posted",NA,"ACC-2107684084","145.03","-37.88","INTER BANK",NA,"Richard",10308.69,2018-10-21 07:00:00,"M",22,NA,NA,33,"e9ffc01948a445358a773ac94d88d68b","CUS-2283904812",NA,NA,"debit","Sun","08:00:00","08","October"
"10668","posted",NA,"ACC-574997646","150.79","-33.64","PAYMENT",NA,"Mackenzie",6687.43,2018-10-21 07:00:00,"F",18,NA,NA,189,"3146692e26b74f39a1acb08f0eadd02a","CUS-586638664",NA,NA,"debit","Sun","08:00:00","08","October"
"10669","authorized","0","ACC-2231965366","144.96","-37.84","SALES-POS","a83cc4b9-cc95-4f83-b47a-d3a67eb87967","Linda",22855.27,2018-10-21 07:00:00,"F",35,"Forest Hill","VIC",17.18,"1b0865ab85ad4ece95b97c024ea69979","CUS-2155701614","145.17","-37.84","debit","Sun","08:27:38","08","October"
"10670","authorized","1","ACC-3689607373","115.79","-31.79","POS","cb61bd65-20c3-48ab-a92b-2589637547c0","Virginia",8047.11,2018-10-21 07:00:00,"F",20,"Kewdale","WA",14.66,"ed58c6a189614460a43e97d60741bd67","CUS-127297539","115.93","-31.97","debit","Sun","08:57:03","08","October"
"10671","authorized","1","ACC-3317636250","153.02","-27.66","SALES-POS","00b75ac3-5f25-44cf-879b-2f9d80ca6c53","Kenneth",18885.33,2018-10-21 07:00:00,"M",35,"Morningside","QLD",22.58,"a19313b5e051435f98f9dc9a5c177a7e","CUS-2738291516","153.07","-27.47","debit","Sun","09:06:22","09","October"
"10672","authorized","1","ACC-414431115","142.77","-37.06","SALES-POS","66029090-5982-4b1d-bc91-a23383b48058","Amy",5407.83,2018-10-21 07:00:00,"F",43,"Maryborough","VIC",24.04,"ea7dd45293d44f298b09c927ad98b3ac","CUS-2599279756","143.74","-37.05","debit","Sun","09:13:28","09","October"
"10673","authorized","1","ACC-211792489","138.63","-34.93","POS","63bbd5c3-b880-4a7f-8414-c45bd5a9e18b","Jacqueline",2759.51,2018-10-21 07:00:00,"F",30,"Queanbeyan East","NSW",120.34,"598de3d1bdd74268b636761827887e0d","CUS-497688347","149.24","-35.34","debit","Sun","09:20:34","09","October"
"10674","authorized","1","ACC-1598451071","153.41","-27.95","POS","5c09d618-0deb-466f-9ec3-7dad7778b9f0","Diana",1285.62,2018-10-21 07:00:00,"F",26,"Darwin City","NT",14.25,"4e79cdf1a7384d3490be89da6c4c9c65","CUS-2487424745","130.84","-12.46","debit","Sun","09:27:39","09","October"
"10675","authorized","1","ACC-2890243754","153.32","-27.93","SALES-POS","f66f5f5a-ebd4-4fd5-9471-3dbbc4c65894","Joseph",2250.11,2018-10-21 07:00:00,"M",37,"Milton","QLD",43.69,"bca0df564c104e888427f4cf88b6e249","CUS-2695611575","153","-27.47","debit","Sun","09:34:45","09","October"
"10676","authorized","1","ACC-4258502723","145.45","-37.74","POS","42ad63fa-ddda-481b-95dd-80bdc3e3851a","Kimberly",5377.58,2018-10-21 07:00:00,"F",24,"Coburg","VIC",22.58,"0fd4905a5ed6424ebf8c36852cd62927","CUS-3378712515","144.97","-37.74","debit","Sun","09:41:50","09","October"
"10677","authorized","0","ACC-2890243754","153.32","-27.93","SALES-POS","33f9e5f9-f8ab-4abd-b558-aa5a81b5ba5f","Joseph",2244.44,2018-10-21 07:00:00,"M",37,"Southport","QLD",5.67,"794f857b943e4ca48e1e205be3a57894","CUS-2695611575","153.42","-27.97","debit","Sun","09:48:56","09","October"
"10678","authorized","1","ACC-182446574","116.06","-32.00","POS","65124281-f65d-4b9d-9e45-8a6a4dada399","Tonya",9147.66,2018-10-21 07:00:00,"F",27,"Karrinyup","WA",14.71,"379c5b4bc85748ca9d8412279076bf4e","CUS-3026014945","115.78","-31.88","debit","Sun","09:56:01","09","October"
"10679","posted",NA,"ACC-964839203","146.92","-36.07","PAYMENT",NA,"Michael",41222.8,2018-10-21 07:00:00,"M",21,NA,NA,42,"3fcd581452d048529b5202ef31b44233","CUS-2059096722",NA,NA,"debit","Sun","10:00:00","10","October"
"10680","posted",NA,"ACC-3941181087","115.79","-31.94","PAYMENT",NA,"Paul",14598.43,2018-10-21 07:00:00,"M",25,NA,NA,89,"7c0dec77be64434da2a7d0c449148b78","CUS-3989008654",NA,NA,"debit","Sun","10:00:00","10","October"
"10681","authorized","1","ACC-4258502723","145.45","-37.74","SALES-POS","187bc0a4-053a-414d-9ff3-af7d49ef536d","Kimberly",5206.89,2018-10-21 07:00:00,"F",24,"Sydney","NSW",170.69,"5e07b452aed44b81bad162a879c05531","CUS-3378712515","151.21","-33.87","debit","Sun","10:05:51","10","October"
"10682","authorized","1","ACC-2231965366","144.96","-37.84","POS","2d3f9099-eb95-48d7-8e34-ef4c4f1e492b","Linda",22796.11,2018-10-21 07:00:00,"F",35,"Cremorne","VIC",59.16,"46a7de58c7674fc7afe9882804416a16","CUS-2155701614","144.99","-37.83","debit","Sun","10:19:11","10","October"
"10683","authorized","1","ACC-2890243754","153.32","-27.93","POS","96771859-4bff-4c75-8db7-0132179e1380","Joseph",2226.96,2018-10-21 07:00:00,"M",37,"Southport","QLD",17.48,"d6d697cd14fa48d39662c55bb0cb964d","CUS-2695611575","153.42","-27.97","debit","Sun","10:32:31","10","October"
"10684","authorized","1","ACC-1683215619","138.67","-34.86","SALES-POS","a18e3adf-6e64-4d48-b236-5f5f58f0d3df","Barry",11450.81,2018-10-21 07:00:00,"M",38,"Holt","ACT",19.15,"487634e755f2478aa66be896301df6de","CUS-1604596597","149.02","-35.22","debit","Sun","10:45:51","10","October"
"10685","authorized","1","ACC-1890605467","143.88","-37.66","POS","b6db740d-3adc-420c-9efc-96e0bd670fc4","Alexander",22293.75,2018-10-21 07:00:00,"M",38,"Melbourne","VIC",19.14,"6d2d00d5a5a54380b8d30459bc299431","CUS-1478398256","144.97","-37.81","debit","Sun","10:59:11","10","October"
"10686","posted",NA,"ACC-3827517394","151.12","-33.89","PAYMENT",NA,"Craig",43578.38,2018-10-21 07:00:00,"M",28,NA,NA,28,"7f87bc91159b441f869e49e271d355c4","CUS-2663907001",NA,NA,"debit","Sun","11:00:00","11","October"
"10687","posted",NA,"ACC-1496451953","145.16","-37.84","INTER BANK",NA,"Ricky",21646.11,2018-10-21 07:00:00,"M",43,NA,NA,31,"4c33f264877c472391b3df625dbd65a7","CUS-3142625864",NA,NA,"debit","Sun","11:00:00","11","October"
"10688","posted",NA,"ACC-2615038700","145.35","-38.03","INTER BANK",NA,"Emily",33281.64,2018-10-21 07:00:00,"F",43,NA,NA,38,"223a8c642ece4461a0dc87636cc4e059","CUS-3255104878",NA,NA,"debit","Sun","11:00:00","11","October"
"10689","posted",NA,"ACC-854938045","147.63","-22.84","PAYMENT",NA,"James",13788.45,2018-10-21 07:00:00,"M",28,NA,NA,34,"3acfbf3878a8419f947fd5e58c58736d","CUS-4023861240",NA,NA,"debit","Sun","11:00:00","11","October"
"10690","authorized","1","ACC-182446574","116.06","-32.00","SALES-POS","36a1a359-3c31-4938-93ed-ec0a85c79654","Tonya",9128.77,2018-10-21 07:00:00,"F",27,"Subiaco","WA",18.89,"cf115f3ebff945ba8208c23571eea094","CUS-3026014945","115.82","-31.94","debit","Sun","11:07:42","11","October"
"10691","authorized","1","ACC-588564840","151.27","-33.76","SALES-POS","11f3f86e-b56b-40e8-b331-3f016359865c","Isaiah",20674.2,2018-10-21 07:00:00,"M",23,"Chatswood","NSW",27.62,"88a4750d2baa433f9f6d85e6da4658f5","CUS-1462656821","151.18","-33.8","debit","Sun","11:15:54","11","October"
"10692","authorized","0","ACC-588564840","151.27","-33.76","SALES-POS","32100f2e-5efd-4abc-bedf-71003ce39e63","Isaiah",20655.29,2018-10-21 07:00:00,"M",23,"Merrylands West","NSW",18.91,"38b9f9a9f41b44caad12e3dc345bff1e","CUS-1462656821","150.97","-33.83","debit","Sun","11:24:05","11","October"
"10693","authorized","1","ACC-3771436525","145.04","-37.92","SALES-POS","9bf1a1f0-92a2-4492-ab6d-e541bee98d43","Derek",6713.64,2018-10-21 07:00:00,"M",20,"Ringwood","VIC",21.19,"c2d63c4e60f64addbc4a99ad09cfc719","CUS-3325710106","145.23","-37.81","debit","Sun","11:32:17","11","October"
"10694","authorized","1","ACC-1608363396","151.22","-33.87","SALES-POS","97cf6689-55c4-4f14-9418-293e2e224e4e","Robert",9515.49,2018-10-21 07:00:00,"M",20,"Surry Hills","NSW",60.98,"21ddfe34ccf64166a70f700749f9c6e3","CUS-2688605418","151.21","-33.89","debit","Sun","11:40:29","11","October"
"10695","authorized","1","ACC-90814749","151.68","-32.98","POS","a038df8c-bade-40e9-b864-9371758a8745","Christopher",13120.59,2018-10-21 07:00:00,"M",35,"Pyrmont","NSW",35.06,"7821f46e93ae47d4bb735f34d3e6fcaf","CUS-1896554896","151.2","-33.87","debit","Sun","11:48:41","11","October"
"10696","authorized","1","ACC-2650850707","148.16","-23.52","SALES-POS","c97702a0-6251-4ff6-a6a1-4cb4084ef276","Brian",117816.55,2018-10-21 07:00:00,"M",42,"Longreach","QLD",58.02,"b7273319cfbd4e35ac0dae6231547bc4","CUS-2819545904","144.25","-23.44","debit","Sun","11:56:53","11","October"
"10697","posted",NA,"ACC-1650504218","145.01","-37.93","PAYMENT",NA,"Marissa",16483.36,2018-10-21 07:00:00,"F",23,NA,NA,179,"793f22d4774e4a02a32d2f17bbaecfb8","CUS-2500783281",NA,NA,"debit","Sun","12:00:00","12","October"
"10698","posted",NA,"ACC-2249586092","115.98","-32.07","PAYMENT",NA,"Edward",11448.94,2018-10-21 07:00:00,"M",19,NA,NA,37,"37324ea0b88f472a84084b302d6984aa","CUS-443776336",NA,NA,"debit","Sun","12:00:00","12","October"
"10699","authorized","0","ACC-574997646","150.79","-33.64","SALES-POS","8bf2f3e1-c41e-4264-9c2e-67202ac3b5b3","Mackenzie",6678.38,2018-10-21 07:00:00,"F",18,"Macquarie Park","NSW",9.05,"fa7a444fab684be4a1ab1f16f64d5f32","CUS-586638664","151.13","-33.79","debit","Sun","12:11:04","12","October"
"10700","authorized","1","ACC-1683215619","138.67","-34.86","SALES-POS","d3981e68-8c08-4c2b-89c4-99b017c1c831","Barry",11428.95,2018-10-21 07:00:00,"M",38,"Greenwith","SA",21.86,"86c85f87df9c48268192682d60a7bf98","CUS-1604596597","138.7","-34.77","debit","Sun","12:28:55","12","October"
"10701","authorized","1","ACC-966140392","147.08","-37.97","POS","85a5071c-3b9f-435b-8481-85fdf7d1c78f","Joseph",9904.65,2018-10-21 07:00:00,"M",21,"Chelsea Heights","VIC",35.84,"3c6dc095d7664377b6ea53b08c83deb4","CUS-537508723","145.14","-38.04","debit","Sun","12:46:47","12","October"
"10702","authorized","1","ACC-966140392","147.08","-37.97","SALES-POS","885220a2-2c75-4709-85a8-54c7ad4ee65e","Joseph",9895.14,2018-10-21 07:00:00,"M",21,"Flemington","VIC",9.51,"2b7390cd5c72499fa5f49b937cda7779","CUS-537508723","144.93","-37.79","debit","Sun","13:04:48","13","October"
"10703","authorized","1","ACC-1222300524","151.23","-33.94","SALES-POS","b0e3fc82-a4d3-4740-bfb1-e2339a5e96de","Michael",1785.66,2018-10-21 07:00:00,"M",38,"Richmond","VIC",45.05,"98036e3a80fa4285b1c3f90e1dbdb400","CUS-2142601169","145.01","-37.83","debit","Sun","13:23:19","13","October"
"10704","authorized","1","ACC-966140392","147.08","-37.97","SALES-POS","ac9f582e-054e-483a-97c1-f276da0691ef","Joseph",9886.02,2018-10-21 07:00:00,"M",21,"South Melbourne","VIC",9.12,"af7fac477fea42bfaccd7aa0d983113f","CUS-537508723","144.95","-37.83","debit","Sun","13:41:51","13","October"
"10705","posted",NA,"ACC-37709441","153.41","-28.01","INTER BANK",NA,"Charles",20506.81,2018-10-21 07:00:00,"M",18,NA,NA,40,"4ca6bb153fe7438f95a78ad54af665dd","CUS-3336454548",NA,NA,"debit","Sun","14:00:00","14","October"
"10706","authorized","0","ACC-3741880913","150.50","-23.40","POS","633d03c8-2319-4802-aaa9-f2c9c366a820","Ashley",11544.78,2018-10-21 07:00:00,"F",25,"Newman","WA",148.22,"d27d9acea4fa4f02955f2c2f2a10daa3","CUS-1220154422","119.8","-23.39","debit","Sun","14:00:09","14","October"
"10707","authorized","0","ACC-2681137560","151.11","-33.99","SALES-POS","2c5f2074-e8cc-4e01-ac39-30fd936dd547","Nathaniel",10935.74,2018-10-21 07:00:00,"M",31,"Chatswood","NSW",22.16,"379e5c3d326f4d16bd5b52c8b12dad19","CUS-2083971310","151.18","-33.8","debit","Sun","14:08:25","14","October"
"10708","authorized","1","ACC-182446574","116.06","-32.00","POS","fbb901d4-6d0d-4b7a-9b4e-82cd9ec119d5","Tonya",9051.67,2018-10-21 07:00:00,"F",27,"Mirrabooka","WA",77.1,"27a10d70e8f743cab2d1b8c4e35da6b7","CUS-3026014945","115.86","-31.87","debit","Sun","14:16:41","14","October"
"10709","authorized","1","ACC-2153562714","116.00","-31.88","SALES-POS","b8fa60ab-e122-4f63-b92f-83526fb63090","Linda",6205.05,2018-10-21 07:00:00,"F",24,"Scarborough","WA",16.5,"79d98ff8a1844c00bfb54a05471a03da","CUS-423725039","115.76","-31.89","debit","Sun","14:24:57","14","October"
"10710","authorized","1","ACC-2014856841","144.99","-37.90","SALES-POS","8b13dcb3-04e0-43aa-b3f2-f8f452d06c2d","Patrick",267028.97,2018-10-21 07:00:00,"M",46,"Sunshine","VIC",21.69,"bf40d52ea2a940a1bc2c529bced62b71","CUS-2370108457","144.83","-37.78","debit","Sun","14:33:13","14","October"
"10711","authorized","1","ACC-154431271","153.09","-27.48","POS","ab90254d-100d-4012-ab40-040195b23a62","Lori",3454.32,2018-10-21 07:00:00,"F",18,"South Brisbane","QLD",5.71,"f8f40f49437844cd95af5d8e2e6b9dba","CUS-3702001629","153.02","-27.48","debit","Sun","14:41:29","14","October"
"10712","authorized","1","ACC-819621312","145.04","-37.85","POS","af835ef4-60b7-4283-9d9a-5d0a8ab9cd6f","Michele",2063.14,2018-10-21 07:00:00,"F",30,"South Brisbane","QLD",7081.09,"2a882afd1d1c4eb28c3b5ccba14e240d","CUS-1271030853","153.02","-27.48","debit","Sun","14:49:45","14","October"
"10713","authorized","0","ACC-2153562714","116.00","-31.88","SALES-POS","7a696b6f-7586-4d4d-a2c6-e32904de84dd","Linda",6176.43,2018-10-21 07:00:00,"F",24,"Ceduna","SA",28.62,"bf888cd9c3b7425894d0d64c202e5ada","CUS-423725039","133.67","-32.13","debit","Sun","14:58:00","14","October"
"10714","posted",NA,"ACC-2828321672","153.03","-27.51","PAYMENT",NA,"Stephanie",7679.09,2018-10-21 07:00:00,"F",53,NA,NA,156,"2f8f9256249940c6977eb1ac8feb1ffa","CUS-1005756958",NA,NA,"debit","Sun","15:00:00","15","October"
"10715","authorized","1","ACC-2897221629","150.90","-34.37","POS","fbad8b2e-513f-4a34-b9a6-841953d98ab0","Scott",7674.68,2018-10-21 07:00:00,"M",23,"Pyrmont","NSW",8.58,"51852cc2eb33468e909c3fc860131cfd","CUS-511326734","151.19","-33.87","debit","Sun","15:08:15","15","October"
"10716","authorized","1","ACC-2014856841","144.99","-37.90","POS","37ef33f1-3421-43ca-941f-38ddfbfe61d2","Patrick",266981.3,2018-10-21 07:00:00,"M",46,"Melbourne","VIC",47.67,"0ffb3be1e1c3479ea008836af0e0c64d","CUS-2370108457","144.96","-37.82","debit","Sun","15:19:07","15","October"
"10717","authorized","0","ACC-1598451071","153.41","-27.95","POS","75757c49-5f18-4fce-b71b-967829284115","Diana",1268.21,2018-10-21 07:00:00,"F",26,"Broadbeach","QLD",17.41,"1ffd25c494074c01a540de0a5aa58af9","CUS-2487424745","153.43","-28.03","debit","Sun","15:29:59","15","October"
"10718","authorized","1","ACC-3879258709","143.83","-37.66","SALES-POS","84e73232-245a-4d2c-b0d2-ee9a9b6771d4","Natasha",205572.57,2018-10-21 07:00:00,"F",40,"Airport West","VIC",51.45,"aefe5a68a0524b5f86a0fbbd547f216b","CUS-527400765","144.89","-37.72","debit","Sun","15:40:52","15","October"
"10719","authorized","1","ACC-3741880913","150.50","-23.40","POS","21ea414a-1c7a-4de2-8a0e-d2e579d38c03","Ashley",11473.14,2018-10-21 07:00:00,"F",25,"Melbourne","VIC",71.64,"d7e4f6348c034946925974a94676a24f","CUS-1220154422","144.98","-37.84","debit","Sun","15:51:44","15","October"
"10720","authorized","0","ACC-574997646","150.79","-33.64","SALES-POS","c091541c-c2cc-4657-a44d-8ce2611f2951","Mackenzie",6665.89,2018-10-21 07:00:00,"F",18,"Botany","NSW",12.49,"b6e40214a9674766b4303c726a58f987","CUS-586638664","151.2","-33.94","debit","Sun","16:03:56","16","October"
"10721","authorized","1","ACC-3233697971","151.04","-33.77","SALES-POS","c6ef8420-7cca-4837-b2c7-79c4a60c3835","Robin",12642.77,2018-10-21 07:00:00,"F",34,"Ryde","NSW",317.15,"2c7c360bb5cd4faa9a5946e3cc7dec16","CUS-1147642491","151.11","-33.81","debit","Sun","16:20:19","16","October"
"10722","authorized","1","ACC-182446574","116.06","-32.00","SALES-POS","256ca061-7997-468c-a278-0e21bb3fff68","Tonya",9038.65,2018-10-21 07:00:00,"F",27,"Welshpool","WA",13.02,"916db39ab79c44b3ae0c2368f4f4f00a","CUS-3026014945","115.93","-31.99","debit","Sun","16:36:43","16","October"
"10723","authorized","1","ACC-1598451071","153.41","-27.95","SALES-POS","bb68bf24-00e2-484e-8407-36b43a045110","Diana",1244.58,2018-10-21 07:00:00,"F",26,"Broadbeach","QLD",23.63,"8c4cf2d8657348d798094683ec6e2419","CUS-2487424745","153.43","-28.04","debit","Sun","16:53:06","16","October"
"10724","posted",NA,"ACC-211792489","138.63","-34.93","PAYMENT",NA,"Jacqueline",2737.51,2018-10-21 07:00:00,"F",30,NA,NA,22,"102577dcf4f348af98d04237b32f1fd0","CUS-497688347",NA,NA,"debit","Sun","17:00:00","17","October"
"10725","authorized","1","ACC-847145727","115.90","-31.92","POS","79b26d70-74d5-4f1c-a5d0-91650431eeac","Michael",60779.69,2018-10-21 07:00:00,"M",19,"Broken Hill","NSW",47.29,"23a0016abcdb446db38ea2a0ce62fbd9","CUS-1609060617","141.46","-31.96","debit","Sun","17:05:44","17","October"
"10726","authorized","0","ACC-3689607373","115.79","-31.79","POS","9e6d0aa9-3bf5-4964-9d63-e6a43960a77d","Virginia",8039.11,2018-10-21 07:00:00,"F",20,"Morley","WA",8,"83af96403a90471c94124b7dacbb6eed","CUS-127297539","115.9","-31.9","debit","Sun","17:15:38","17","October"
"10727","authorized","1","ACC-90814749","151.68","-32.98","SALES-POS","018eef24-15d1-480b-82c7-616d1588ccdd","Christopher",13105.33,2018-10-21 07:00:00,"M",35,"Narrogin","WA",15.26,"009c3c7fd967422eab9fbbccec63faea","CUS-1896554896","117.18","-32.94","debit","Sun","17:25:32","17","October"
"10728","authorized","0","ACC-3879258709","143.83","-37.66","SALES-POS","e58a6e08-d5dd-4146-9b9b-6aedd7e98905","Natasha",205531.29,2018-10-21 07:00:00,"F",40,"Brunswick West","VIC",41.28,"ec5e60a2a3f74fbdbd711445ff438ca6","CUS-527400765","144.95","-37.75","debit","Sun","17:35:26","17","October"
"10729","authorized","1","ACC-2305712452","138.61","-34.89","POS","900a7524-eff2-42b5-930b-ef1f516130e2","Debra",6285.5,2018-10-21 07:00:00,"F",18,"Prospect","SA",16.05,"4ec78bc4604a47f48c126abd52a100b7","CUS-1842679196","138.59","-34.89","debit","Sun","17:45:20","17","October"
"10730","authorized","0","ACC-2681137560","151.11","-33.99","POS","3d4eeb49-5fb4-445a-8365-ea8e82595b86","Nathaniel",10927.59,2018-10-21 07:00:00,"M",31,"Sydney","NSW",8.15,"91e80e030917476a84dce326be857162","CUS-2083971310","150.9","-33.86","debit","Sun","17:55:14","17","October"
"10731","posted",NA,"ACC-2681137560","151.11","-33.99","PAYMENT",NA,"Nathaniel",10865.23,2018-10-21 07:00:00,"M",31,NA,NA,45,"961b3a3a24b84756ad2760ee7c310d91","CUS-2083971310",NA,NA,"debit","Sun","18:00:00","18","October"
"10732","posted",NA,"ACC-1496451953","145.16","-37.84","PAYMENT",NA,"Ricky",20518.11,2018-10-21 07:00:00,"M",43,NA,NA,1128,"afc9470e8efa4eec8c09e559488627a0","CUS-3142625864",NA,NA,"debit","Sun","18:00:00","18","October"
"10733","authorized","1","ACC-1598451071","153.41","-27.95","SALES-POS","42c394f0-e22a-43e7-8c6d-b79da0684813","Diana",1223.39,2018-10-21 07:00:00,"F",26,"Biggera Waters","QLD",21.19,"b692a782fa3d44cdb138ae170ad76dd6","CUS-2487424745","153.39","-27.93","debit","Sun","18:12:05","18","October"
"10734","authorized","1","ACC-1344825761","151.09","-33.91","SALES-POS","d2372bc1-5983-4d93-8759-489362ab5377","Sarah",24596.3,2018-10-21 07:00:00,"F",46,"Kadina","SA",76.03,"3024e10212e348d3bfa7b7487e151b2f","CUS-1499065773","137.72","-33.96","debit","Sun","18:35:20","18","October"
"10735","authorized","1","ACC-2681137560","151.11","-33.99","SALES-POS","51c8920e-230e-436f-b2bf-f838c4d6ff65","Nathaniel",10910.23,2018-10-21 07:00:00,"M",31,"Beaconsfield","NSW",17.36,"b2011b35c71e4bcc8617176402bfaf38","CUS-2083971310","151.2","-33.91","debit","Sun","18:58:36","18","October"
"10736","posted",NA,"ACC-1650504218","145.01","-37.93","PAYMENT",NA,"Marissa",16465.36,2018-10-21 07:00:00,"F",23,NA,NA,18,"72cb4af74ac8461caa1c2c50f57e5d5e","CUS-2500783281",NA,NA,"debit","Sun","19:00:00","19","October"
"10737","posted",NA,"ACC-37709441","153.41","-28.01","INTER BANK",NA,"Charles",20479.81,2018-10-21 07:00:00,"M",18,NA,NA,27,"59499bb323c6463ea582db26b6f6f3de","CUS-3336454548",NA,NA,"debit","Sun","19:00:00","19","October"
"10738","posted",NA,"ACC-1990648130","114.62","-28.80","PAYMENT",NA,"Kaitlyn",8031.06,2018-10-21 07:00:00,"F",21,NA,NA,78,"4e309a3456354eaf8fc31b95f84df8ea","CUS-809013380",NA,NA,"debit","Sun","19:00:00","19","October"
"10739","authorized","0","ACC-1598451071","153.41","-27.95","POS","897c9336-d7d7-40aa-81d1-4d68b79ad71b","Diana",1214.04,2018-10-21 07:00:00,"F",26,"Cannon Hill","QLD",9.35,"ca4cd328a01c4bdca4110724cf4769ca","CUS-2487424745","153.1","-27.47","debit","Sun","19:09:59","19","October"
"10740","authorized","1","ACC-1903037542","153.05","-27.61","SALES-POS","0073ac09-8f1f-4de8-b83b-3dbe45bf504d","Jeffrey",4014.49,2018-10-21 07:00:00,"M",30,"Moorooka","QLD",24.62,"5dd36df5576b48a094378efbf3fea030","CUS-860700529","153.02","-27.53","debit","Sun","19:20:38","19","October"
"10741","authorized","1","ACC-1598451071","153.41","-27.95","SALES-POS","bf25b889-6876-4393-b98a-9f87f813e461","Diana",1209.33,2018-10-21 07:00:00,"F",26,"Surfers Paradise","QLD",4.71,"39afbb8bb38243fabd5cf4a805adb876","CUS-2487424745","153.43","-28","debit","Sun","19:31:16","19","October"
"10742","authorized","1","ACC-3941181087","115.79","-31.94","POS","1b585c58-bada-4784-8bb2-5ca0ee2543c1","Paul",14579.41,2018-10-21 07:00:00,"M",25,"Lakelands","WA",19.02,"3fcc7f085361475dbbd14e857280d219","CUS-3989008654","115.76","-32.47","debit","Sun","19:41:54","19","October"
"10743","authorized","0","ACC-1037050564","153.10","-27.66","SALES-POS","3974bac0-1e4a-4e81-a55d-91a19c905ad9","Rhonda",4767.58,2018-10-21 07:00:00,"F",40,"Woolloongabba","QLD",36.51,"8153517231324625812f69dc7b9101c5","CUS-1614226872","153.04","-27.49","debit","Sun","19:52:33","19","October"
"10744","posted",NA,"ACC-240804743","121.48","-30.75","PAYMENT",NA,"Kenneth",21897.91,2018-10-21 07:00:00,"M",29,NA,NA,48,"39d8acf98c1f4f3ca9ef65d68d3c2cbe","CUS-261674136",NA,NA,"debit","Sun","20:00:00","20","October"
"10745","posted",NA,"ACC-2897221629","150.90","-34.37","PAYMENT",NA,"Scott",7632.68,2018-10-21 07:00:00,"M",23,NA,NA,42,"73320dc260a14e7ead6fecc619513760","CUS-511326734",NA,NA,"debit","Sun","20:00:00","20","October"
"10746","authorized","1","ACC-4258502723","145.45","-37.74","SALES-POS","7556256f-5f93-487d-be6d-e2f262447bf5","Kimberly",5196.81,2018-10-21 07:00:00,"F",24,"Williams Landing","VIC",10.08,"b54cd188510d4df3b6c1f7a23d4764f9","CUS-3378712515","144.74","-37.87","debit","Sun","20:01:56","20","October"
"10747","authorized","0","ACC-3021093232","149.83","-29.47","POS","b6d0f324-1572-4a02-87be-7f22f97f5d4c","Melissa",11234.72,2018-10-21 07:00:00,"F",30,"Bega","NSW",7.08,"41fe73d9c418427ba23b64a049fb1d6b","CUS-55310383","149.85","-36.67","debit","Sun","20:08:26","20","October"
"10748","authorized","1","ACC-3941181087","115.79","-31.94","SALES-POS","c6f1642d-7309-4970-a380-da4656c569ed","Paul",14526.08,2018-10-21 07:00:00,"M",25,"Edgewater","WA",53.33,"78edab8aef774e37b2bae31b64c160b5","CUS-3989008654","115.78","-31.77","debit","Sun","20:14:56","20","October"
"10749","authorized","1","ACC-1037050564","153.10","-27.66","POS","ee8da3ce-8019-4d4d-b7ea-5deab9b79046","Rhonda",4749.91,2018-10-21 07:00:00,"F",40,"Crestmead","QLD",17.67,"8cad1b946427419eb243c4eab8a66eea","CUS-1614226872","153.09","-27.68","debit","Sun","20:21:25","20","October"
"10750","authorized","1","ACC-3941181087","115.79","-31.94","POS","5f7e261c-4366-49a3-baf6-0257e0017c8a","Paul",14508.08,2018-10-21 07:00:00,"M",25,"Herne Hill","WA",18,"a483839daaa14f2eaa17fda059b9058f","CUS-3989008654","116.02","-31.83","debit","Sun","20:27:55","20","October"
"10751","authorized","1","ACC-2265520058","151.27","-33.85","POS","1995af85-039f-4d54-b08e-808b632f98cf","Catherine",5693.65,2018-10-21 07:00:00,"F",26,"Lane Cove","NSW",39.96,"382e882cd0494f5d9afebe4487f5b923","CUS-331942311","151.17","-33.81","debit","Sun","20:34:24","20","October"
"10752","authorized","0","ACC-1973887809","115.78","-31.90","POS","4ed24c8f-9362-44fb-99dd-eb5bd1eaddb5","Antonio",7548.05,2018-10-21 07:00:00,"M",26,"Glen Iris","WA",17.63,"dd54be52d9c74aaea3762c56d2faa658","CUS-1646621553","115.67","-33.34","debit","Sun","20:40:54","20","October"
"10753","authorized","1","ACC-2681137560","151.11","-33.99","SALES-POS","dfe86507-89bd-4ebc-883e-977a09338586","Nathaniel",10855.25,2018-10-21 07:00:00,"M",31,"Neutral Bay","NSW",9.98,"a2b12f8911f54bb1baacf73823baaa82","CUS-2083971310","151.22","-33.83","debit","Sun","20:47:24","20","October"
"10754","authorized","1","ACC-2673069055","152.99","-27.49","POS","028bc621-f7ce-4c0f-88e1-116a536b34f5","Richard",14810.43,2018-10-21 07:00:00,"M",24,"Lidcombe","NSW",38.74,"9c583bdf37d0424a8d24e08fc8d8bbc0","CUS-51506836","151.05","-33.86","debit","Sun","20:53:53","20","October"
"10755","posted",NA,"ACC-154431271","153.09","-27.48","PAYMENT",NA,"Lori",3404.32,2018-10-21 07:00:00,"F",18,NA,NA,50,"18a9628bb43c40b2ac75ae70e24cb596","CUS-3702001629",NA,NA,"debit","Sun","21:00:00","21","October"
"10756","authorized","1","ACC-3021093232","149.83","-29.47","POS","9c7a33fe-c1e9-48cd-b740-26325adc0457","Melissa",11166.53,2018-10-21 07:00:00,"F",30,"Sydney","NSW",68.19,"402cd21d2e2f4a11b7a559f87442d584","CUS-55310383","151.21","-33.87","debit","Sun","21:00:16","21","October"
"10757","authorized","1","ACC-4258502723","145.45","-37.74","POS","59dbd618-ed1a-4931-adc6-62cae6a53768","Kimberly",5181.62,2018-10-21 07:00:00,"F",24,"Melbourne","VIC",15.19,"47af7c742cdf48bf9064a8e3b240071f","CUS-3378712515","144.97","-37.81","debit","Sun","21:04:53","21","October"
"10758","authorized","1","ACC-2231965366","144.96","-37.84","POS","3a899489-e3d9-4b09-8023-9d5b79126026","Linda",22780.09,2018-10-21 07:00:00,"F",35,"Fitzroy","VIC",16.02,"c0c11d32a0b94ec6888f17faa769d7d2","CUS-2155701614","144.98","-37.81","debit","Sun","21:09:29","21","October"
"10759","authorized","1","ACC-574997646","150.79","-33.64","POS","79d5a9b0-3e0e-4d2d-ab76-f4e969977c9c","Mackenzie",6645.35,2018-10-21 07:00:00,"F",18,"Albion Park Rail","NSW",20.54,"c1adb54d25464ae68ad8f35f27bfb669","CUS-586638664","150.79","-34.55","debit","Sun","21:14:06","21","October"
"10760","authorized","1","ACC-1037050564","153.10","-27.66","POS","ea4c41e3-334e-476f-a78a-bb01917158d0","Rhonda",4686.67,2018-10-21 07:00:00,"F",40,"Coffs Harbour","NSW",63.24,"017824b84f6c49779f28329b4276a947","CUS-1614226872","153.12","-30.3","debit","Sun","21:18:42","21","October"
"10761","authorized","1","ACC-182446574","116.06","-32.00","SALES-POS","84fd2f0d-1cb8-471e-9033-0cc2f4e465e8","Tonya",9027.92,2018-10-21 07:00:00,"F",27,"Nedlands","WA",10.73,"6371d344cd9c4d9888ad9dc9f0562ba3","CUS-3026014945","115.81","-31.97","debit","Sun","21:23:19","21","October"
"10762","authorized","1","ACC-4258502723","145.45","-37.74","SALES-POS","c0fab9eb-a843-4853-a6f7-5ccdc0010fe2","Kimberly",5166.93,2018-10-21 07:00:00,"F",24,"Airport West","VIC",14.69,"f39d56bffb384457938385a0f5072bea","CUS-3378712515","144.89","-37.71","debit","Sun","21:27:55","21","October"
"10763","authorized","1","ACC-1973887809","115.78","-31.90","POS","70ee15ee-54a0-4d05-8c7b-1c61170092e4","Antonio",7531.25,2018-10-21 07:00:00,"M",26,"Jindalee","WA",16.8,"6a576d4444104eae974e7de15f3ec670","CUS-1646621553","115.7","-31.65","debit","Sun","21:32:32","21","October"
"10764","authorized","1","ACC-2673069055","152.99","-27.49","POS","1b21994f-95ad-43f1-9837-6937fff1d688","Richard",14784.14,2018-10-21 07:00:00,"M",24,"Beenleigh","QLD",26.29,"f6ed1d6da59140788115b001adb432ff","CUS-51506836","153.2","-27.71","debit","Sun","21:37:08","21","October"
"10765","authorized","1","ACC-4258502723","145.45","-37.74","POS","35b4eb35-f89c-4691-8d78-719ed4f4b397","Kimberly",5161.91,2018-10-21 07:00:00,"F",24,"Carnegie","VIC",5.02,"61ad3802aefc45e9984b0c4cc7c9281e","CUS-3378712515","145.06","-37.89","debit","Sun","21:41:45","21","October"
"10766","authorized","1","ACC-2681137560","151.11","-33.99","POS","460fb2e0-6ee2-481b-b6ab-33aa4dfe0126","Nathaniel",10831.39,2018-10-21 07:00:00,"M",31,"Marrickville","NSW",23.86,"b3acf0e6f9364e15985dd2fbdf595f8e","CUS-2083971310","151.15","-33.91","debit","Sun","21:46:21","21","October"
"10767","authorized","1","ACC-38923874","151.27","-33.90","SALES-POS","26731ba8-e9ac-4898-9747-6374079c8510","Ryan",43591.06,2018-10-21 07:00:00,"M",38,"Blacktown","NSW",48.08,"41ad579c9b344c76bd97747be347ac26","CUS-3249305314","150.92","-33.78","debit","Sun","21:50:58","21","October"
"10768","authorized","1","ACC-4258502723","145.45","-37.74","SALES-POS","bf93e7e4-948f-4d9d-b86d-a9c736e1b87f","Kimberly",5155.56,2018-10-21 07:00:00,"F",24,"Surrey Hills","VIC",6.35,"4d8148c557cf4813aeda5a4bc14c95be","CUS-3378712515","145.11","-37.84","debit","Sun","21:55:34","21","October"
"10769","posted",NA,"ACC-602667573","151.23","-33.96","PAYMENT",NA,"Michael",20016.15,2018-10-21 07:00:00,"M",40,NA,NA,25,"6ba6e9285a044d86ab04a4d9e3281a1f","CUS-2031327464",NA,NA,"debit","Sun","22:00:00","22","October"
"10770","authorized","1","ACC-2265520058","151.27","-33.85","POS","d6191103-722d-4593-b4e2-b6d4bf7a40b5","Catherine",5653.51,2018-10-21 07:00:00,"F",26,"Sydney","NSW",40.14,"7b7f14e8d53d403ba1168c4ac0a31a87","CUS-331942311","151.2","-33.86","debit","Sun","22:00:45","22","October"
"10771","authorized","1","ACC-2673069055","152.99","-27.49","SALES-POS","3822c5bf-f1b6-4cfa-be2b-765be53cb95c","Richard",14775.24,2018-10-21 07:00:00,"M",24,"Upper Mount Gravatt","QLD",8.9,"2f1cf4ab1dab404da2929deba63a94f5","CUS-51506836","153.08","-27.55","debit","Sun","22:19:37","22","October"
"10772","authorized","0","ACC-1037050564","153.10","-27.66","POS","ac77239d-b4ed-4e2c-a52a-98c393341cca","Rhonda",4678.75,2018-10-21 07:00:00,"F",40,"Taringa","QLD",7.92,"ad65f54a4e4c434480419f7c9194b014","CUS-1614226872","152.98","-27.49","debit","Sun","22:38:29","22","October"
"10773","authorized","1","ACC-1037050564","153.10","-27.66","SALES-POS","df271e23-5dfa-4d26-9a47-ed2441cdee3a","Rhonda",4668.46,2018-10-21 07:00:00,"F",40,"Toowoomba City","QLD",10.29,"5854ab2647e74a22817a603858f3ed05","CUS-1614226872","151.95","-27.56","debit","Sun","22:57:21","22","October"
"10774","authorized","0","ACC-4258502723","145.45","-37.74","SALES-POS","12516b1d-40f0-4f78-ae05-c501dc709386","Kimberly",5143.8,2018-10-21 07:00:00,"F",24,"Hamilton","VIC",11.76,"11a6eb0036434ddca436d20deacb6362","CUS-3378712515","142.02","-37.74","debit","Sun","23:16:13","23","October"
"10775","authorized","1","ACC-3541460373","145.00","-37.83","POS","0359e1a0-5efd-4921-8c41-89f1f0783aa1","Jeffrey",3994.47,2018-10-21 07:00:00,"M",24,"Sydney","NSW",34.19,"07657281851b4d3198008bb99f1461bc","CUS-1433879684","151.2","-33.86","debit","Sun","23:35:05","23","October"
"10776","authorized","0","ACC-3536132544","144.93","-37.79","SALES-POS","98b1745c-e4d7-4363-8c2a-9d04ca89f1e4","Heather",8562.74,2018-10-21 07:00:00,"F",41,"Melbourne","VIC",131.73,"fc62f458e6764f15a3c6361400b5dd22","CUS-2348881191","144.97","-37.82","debit","Sun","23:53:57","23","October"
"10777","authorized","0","ACC-1598451071","153.41","-27.95","POS","d7038675-b547-403d-a211-ec940d56ba75","Diana",1201.68,2018-10-22 07:00:00,"F",26,"Sydney","NSW",7.65,"fc2a13e1f47d445c94aae83e2878ac62","CUS-2487424745","151.21","-33.87","debit","Mon","01:08:19","01","October"
"10778","authorized","1","ACC-3689607373","115.79","-31.79","POS","a7750c41-afed-4b4e-954f-b503ecf69d0e","Virginia",8030.47,2018-10-22 07:00:00,"F",20,"Dubbo","NSW",8.64,"96cbf7331a9847c5a4af803e6570e9a9","CUS-127297539","148.6","-32.25","debit","Mon","01:49:59","01","October"
"10779","posted",NA,"ACC-1496451953","145.16","-37.84","PAYMENT",NA,"Ricky",19975.11,2018-10-22 07:00:00,"M",43,NA,NA,543,"bb694c37c1aa4cad9ff0acf94f5c7f27","CUS-3142625864",NA,NA,"debit","Mon","02:00:00","02","October"
"10780","posted",NA,"ACC-1788473090","145.06","-37.95","PAYMENT",NA,"Rachael",9568.81,2018-10-22 07:00:00,"F",21,NA,NA,193,"7fccff7ca5884789afa4c83d7110f985","CUS-134193016",NA,NA,"debit","Mon","03:00:00","03","October"
"10781","posted",NA,"ACC-1349834573","145.17","-37.84","INTER BANK",NA,"Matthew",15911.45,2018-10-22 07:00:00,"M",39,NA,NA,33,"74e765ec93f04eb1be69cc89850bc163","CUS-1790886359",NA,NA,"debit","Mon","03:00:00","03","October"
"10782","posted",NA,"ACC-3084464802","145.15","-37.76","INTER BANK",NA,"Susan",10598.95,2018-10-22 07:00:00,"F",19,NA,NA,24,"1a39c2e619fb4f5384d2af4b079636d2","CUS-1928710999",NA,NA,"debit","Mon","03:00:00","03","October"
"10783","posted",NA,"ACC-819621312","145.04","-37.85","PAYMENT",NA,"Michele",1997.14,2018-10-22 07:00:00,"F",30,NA,NA,66,"b1cc3b74596948b2b08e560f963f2122","CUS-1271030853",NA,NA,"debit","Mon","04:00:00","04","October"
"10784","posted",NA,"ACC-2107684084","145.03","-37.88","PAYMENT",NA,"Richard",10274.69,2018-10-22 07:00:00,"M",22,NA,NA,34,"e60e376d0001430d82aa79312bb151fc","CUS-2283904812",NA,NA,"debit","Mon","05:00:00","05","October"
"10785","posted",NA,"ACC-1438600314","138.69","-34.84","PAYMENT",NA,"Maria",5119.53,2018-10-22 07:00:00,"F",35,NA,NA,35,"e144a76e57d3445dbfa8b5d8794efb94","CUS-2650223890",NA,NA,"debit","Mon","06:00:00","06","October"
"10786","authorized","1","ACC-3741880913","150.50","-23.40","POS","6f7d6056-ab46-4f90-8c33-840e1986c030","Ashley",11462.61,2018-10-22 07:00:00,"F",25,"Narrawallee","NSW",10.53,"6c833d1acf824f418dd829b951465659","CUS-1220154422","150.47","-35.32","debit","Mon","06:55:59","06","October"
"10787","posted",NA,"ACC-2528867619","138.58","-34.96","PAYMENT",NA,"Abigail",19340.05,2018-10-22 07:00:00,"F",40,NA,NA,82,"8fce4d03fa1144d3adc9ecffa5289e96","CUS-2505971401",NA,NA,"debit","Mon","08:00:00","08","October"
"10788","posted",NA,"ACC-3879258709","143.83","-37.66","INTER BANK",NA,"Natasha",205480.29,2018-10-22 07:00:00,"F",40,NA,NA,51,"cd736d35fab749ae8a39018bfafd72f1","CUS-527400765",NA,NA,"debit","Mon","08:00:00","08","October"
"10789","authorized","0","ACC-414431115","142.77","-37.06","POS","df59f83b-b2e2-4625-85ba-58d31275e329","Amy",5374.07,2018-10-22 07:00:00,"F",43,"Mansfield","VIC",33.76,"eadf99577329489e8d26f449d1098f99","CUS-2599279756","146.07","-37.05","debit","Mon","08:13:44","08","October"
"10790","authorized","1","ACC-1598451071","153.41","-27.95","SALES-POS","3276a7a6-7fba-4312-a45d-5f2d27f6a55f","Diana",1192.14,2018-10-22 07:00:00,"F",26,"Southport","QLD",9.54,"60435085921f445085b2d40eb76b6f2b","CUS-2487424745","153.41","-27.98","debit","Mon","08:44:59","08","October"
"10791","posted",NA,"ACC-2673069055","152.99","-27.49","INTER BANK",NA,"Richard",14733.7,2018-10-22 07:00:00,"M",24,NA,NA,39,"bb36f892208f468695a6ea6f4af62f23","CUS-51506836",NA,NA,"debit","Mon","09:00:00","09","October"
"10792","authorized","1","ACC-1598451071","153.41","-27.95","POS","16f87b35-bf91-4632-83c5-b4d9041c7cbe","Diana",1182.86,2018-10-22 07:00:00,"F",26,"Wilsonton Heights","QLD",9.28,"be7c5c74d49d4bd9985827c012e0d2d6","CUS-2487424745","151.93","-27.53","debit","Mon","09:01:59","09","October"
"10793","authorized","1","ACC-3100725361","145.73","-17.03","POS","b35c25d1-84f3-43d0-bfd6-f0763b1e17fa","Ronald",4911.67,2018-10-22 07:00:00,"M",25,"Cairns City","QLD",14.01,"dd819e1b3ae04d2a824a01440084959e","CUS-2178051368","145.78","-16.92","debit","Mon","09:05:48","09","October"
"10794","authorized","1","ACC-414431115","142.77","-37.06","SALES-POS","02383a7d-f0f7-4696-a94c-81cf6af67141","Amy",5358.28,2018-10-22 07:00:00,"F",43,"Mansfield","VIC",15.79,"a0f4cbf0e53c4589baaa39590db51160","CUS-2599279756","146.09","-37.05","debit","Mon","09:09:37","09","October"
"10795","authorized","1","ACC-2305712452","138.61","-34.89","POS","61bd7354-f2de-4839-a4db-896e7edcd333","Debra",6277.55,2018-10-22 07:00:00,"F",18,"Albany","WA",7.95,"0e3435cd89bd46ad93224837ebc65904","CUS-1842679196","117.88","-35.03","debit","Mon","09:13:26","09","October"
"10796","authorized","1","ACC-958000567","130.90","-12.37","SALES-POS","8f3cf4a8-e240-4fa7-9a9d-fda6e0f5ad41","Sandra",11605.85,2018-10-22 07:00:00,"F",34,"Darwin","NT",45,"05f2cc00ef484ca1a6cfd44f0d7c8ba3","CUS-4142663097","130.84","-12.47","debit","Mon","09:17:15","09","October"
"10797","authorized","1","ACC-211792489","138.63","-34.93","SALES-POS","59dab1d0-a572-4f34-a6c1-7556ecc8b28e","Jacqueline",2715.77,2018-10-22 07:00:00,"F",30,"Athol Park","SA",21.74,"f6635e52ca7243b4b8165b9745cd0b48","CUS-497688347","138.55","-34.86","debit","Mon","09:21:04","09","October"
"10798","authorized","1","ACC-819621312","145.04","-37.85","POS","55a53c13-6560-4e2f-9ad2-2944650a7ac9","Michele",1994.57,2018-10-22 07:00:00,"F",30,"Reservoir","VIC",2.57,"c4d187b7630449c7ac7f701d2b449b48","CUS-1271030853","145.01","-37.72","debit","Mon","09:24:53","09","October"
"10799","authorized","1","ACC-3481401842","115.74","-31.72","POS","7ed90641-b744-4b56-9be6-5e1a399a5d4a","Tiffany",8247.45,2018-10-22 07:00:00,"F",25,"Lakelands","WA",28.96,"3f96f4432792467ba2a9c54243ef2d89","CUS-1669695324","115.76","-32.47","debit","Mon","09:28:42","09","October"
"10800","authorized","1","ACC-3317636250","153.02","-27.66","SALES-POS","f7a4ce77-7c3e-4fde-afb5-456995ce97bc","Kenneth",18876.19,2018-10-22 07:00:00,"M",35,"Toowoomba City","QLD",9.14,"27eba3806d9b43b98587bf5c509ae578","CUS-2738291516","151.95","-27.56","debit","Mon","09:32:31","09","October"
"10801","authorized","1","ACC-3021093232","149.83","-29.47","SALES-POS","8f49e7a9-c5ca-4c7a-81dc-911ec5e52ba6","Melissa",11130.59,2018-10-22 07:00:00,"F",30,"Ringwood","VIC",35.94,"6ff0aa576c604940bf1f0ca700849c4b","CUS-55310383","145.15","-37.71","debit","Mon","09:36:20","09","October"
"10802","authorized","1","ACC-3481401842","115.74","-31.72","SALES-POS","96741fed-bcec-44fd-941a-1f606bd107ed","Tiffany",8220.31,2018-10-22 07:00:00,"F",25,"Hillarys","WA",27.14,"01dc9f1352d0403a84157248f83f36df","CUS-1669695324","115.75","-31.8","debit","Mon","09:40:09","09","October"
"10803","authorized","1","ACC-2681137560","151.11","-33.99","POS","611783f0-977f-45d3-a38e-2d8640ff3491","Nathaniel",10820.14,2018-10-22 07:00:00,"M",31,"New Town","SA",11.25,"61df0300ed3a4111a4bf3c1f0ca6e0bf","CUS-2083971310","137.69","-33.96","debit","Mon","09:43:58","09","October"
"10804","authorized","1","ACC-2673069055","152.99","-27.49","POS","7a293d4b-3c01-4f5d-8610-d18dbcaf5c7b","Richard",14772.7,2018-10-22 07:00:00,"M",24,"Woombye","QLD",2.54,"2d2367391a22443d9f232a72e41204c9","CUS-51506836","152.97","-26.66","debit","Mon","09:47:47","09","October"
"10805","authorized","1","ACC-1037050564","153.10","-27.66","POS","52c4dff2-fc03-4044-90a3-0355c8df3a3a","Rhonda",4654.98,2018-10-22 07:00:00,"F",40,"Kangaroo Point","QLD",13.48,"081e0405da334288a6f97f970dfa00b8","CUS-1614226872","153.04","-27.48","debit","Mon","09:51:36","09","October"
"10806","authorized","1","ACC-958000567","130.90","-12.37","SALES-POS","a1393fa3-196b-4b47-bc66-91e287c25733","Sandra",11577.54,2018-10-22 07:00:00,"F",34,"North Sydney","NSW",28.31,"ef7502bf9fd64290a873e17c926fb10c","CUS-4142663097","151.21","-33.84","debit","Mon","09:55:25","09","October"
"10807","authorized","1","ACC-3481401842","115.74","-31.72","POS","af46b006-44d1-4a57-b83a-4c9d4e6f02d7","Tiffany",8205.65,2018-10-22 07:00:00,"F",25,"Murrurundi","NSW",14.66,"f77755e88b3642778d1c8e4b917c2aab","CUS-1669695324","150.83","-31.76","debit","Mon","09:59:14","09","October"
"10808","authorized","1","ACC-2650850707","148.16","-23.52","POS","3f35e14e-a975-44b0-8e88-be3b6bc32502","Brian",117775.48,2018-10-22 07:00:00,"M",42,"Moranbah","QLD",41.07,"2a9b7cb2b1ee429498495080f8c5603a","CUS-2819545904","148.07","-22.05","debit","Mon","10:09:11","10","October"
"10809","authorized","1","ACC-3317636250","153.02","-27.66","SALES-POS","87898f6b-97a4-4a26-80a8-c15f0322af30","Kenneth",18841.04,2018-10-22 07:00:00,"M",35,"Woolloongabba","QLD",35.15,"69d856871f5f47209e69dc82aa526869","CUS-2738291516","153.03","-27.49","debit","Mon","10:20:41","10","October"
"10810","authorized","1","ACC-1222300524","151.23","-33.94","POS","b828e4d7-0d82-47fd-a4da-2b6cb543b96e","Michael",1764.11,2018-10-22 07:00:00,"M",38,"Hinchinbrook","NSW",21.55,"3ca35dd90d8848d389c29b6c7c12cdd6","CUS-2142601169","150.87","-33.91","debit","Mon","10:32:11","10","October"
"10811","authorized","1","ACC-602667573","151.23","-33.96","POS","32aa73dc-b7c2-4161-b14d-6271b96ce792","Michael",20006.06,2018-10-22 07:00:00,"M",40,"Ringwood","VIC",10.09,"c59f32a32e784a9fab94b69512e67363","CUS-2031327464","145.23","-37.81","debit","Mon","10:43:40","10","October"
"10812","authorized","1","ACC-3481401842","115.74","-31.72","POS","600727c2-601e-4d6e-a3af-5464c3a2f402","Tiffany",8183.37,2018-10-22 07:00:00,"F",25,"Taree West","NSW",22.28,"a99bc2c211cd49f3988cad74b1069f17","CUS-1669695324","152.45","-31.91","debit","Mon","10:55:10","10","October"
"10813","posted",NA,"ACC-80388494","144.97","-37.42","INTER BANK",NA,"Dustin",7183.95,2018-10-22 07:00:00,"M",28,NA,NA,90,"bb2ef65ece2346d8bfd089c0ffa8eba9","CUS-1140341822",NA,NA,"debit","Mon","11:00:00","11","October"
"10814","posted",NA,"ACC-3233697971","151.04","-33.77","PAY/SALARY",NA,"Robin",14354.16,2018-10-22 07:00:00,"F",34,NA,NA,1711.39,"a7e2d7f1ab0b4d058028a3cc5c03224f","CUS-1147642491",NA,NA,"credit","Mon","11:00:00","11","October"
"10815","posted",NA,"ACC-3233697971","151.04","-33.77","PAYMENT",NA,"Robin",14308.16,2018-10-22 07:00:00,"F",34,NA,NA,46,"b89db0bfa89446529669a076dbde3c16","CUS-1147642491",NA,NA,"debit","Mon","11:00:00","11","October"
"10816","posted",NA,"ACC-847145727","115.90","-31.92","PAYMENT",NA,"Michael",60742.69,2018-10-22 07:00:00,"M",19,NA,NA,37,"376d79fd93fb4262a86a4d1e313665f7","CUS-1609060617",NA,NA,"debit","Mon","11:00:00","11","October"
"10817","posted",NA,"ACC-1037050564","153.10","-27.66","PAY/SALARY",NA,"Rhonda",5524.86,2018-10-22 07:00:00,"F",40,NA,NA,892.09,"05a4c832470f4a5aad166b965be8862c","CUS-1614226872",NA,NA,"credit","Mon","11:00:00","11","October"
"10818","posted",NA,"ACC-38923874","151.27","-33.90","PAYMENT",NA,"Ryan",43549.06,2018-10-22 07:00:00,"M",38,NA,NA,42,"5d049e43a1494267a1baa89a627af3b7","CUS-3249305314",NA,NA,"debit","Mon","11:00:00","11","October"
"10819","posted",NA,"ACC-2265520058","151.27","-33.85","PAY/SALARY",NA,"Catherine",7496.65,2018-10-22 07:00:00,"F",26,NA,NA,1843.14,"1fd90ea0181f4a608c5ebb59976ce1c1","CUS-331942311",NA,NA,"credit","Mon","11:00:00","11","October"
"10820","authorized","1","ACC-3100725361","145.73","-17.03","POS","b12ca92c-cb07-4af7-92ef-891c05ec4af2","Ronald",4892.55,2018-10-22 07:00:00,"M",25,"Alexandra","VIC",19.12,"1debe35412dd44c2832380ba730dabbe","CUS-2178051368","145.71","-37.19","debit","Mon","11:13:10","11","October"
"10821","authorized","1","ACC-1037050564","153.10","-27.66","POS","aef30de1-c67e-4ab7-8577-2931a4bf3c7e","Rhonda",4632.77,2018-10-22 07:00:00,"F",40,"Yowah","QLD",22.21,"c37117b7166b43f68c10a6383b414017","CUS-1614226872","144.64","-27.97","debit","Mon","11:35:54","11","October"
"10822","authorized","1","ACC-3536132544","144.93","-37.79","POS","e37ce39f-47f3-4371-9e1f-f029449547cc","Heather",8528.08,2018-10-22 07:00:00,"F",41,"Chirnside Park","VIC",34.66,"52778f0193e445f28d9f3ae79aabd89a","CUS-2348881191","145.31","-37.74","debit","Mon","11:58:38","11","October"
"10823","posted",NA,"ACC-4274272854","145.23","-37.86","PAY/SALARY",NA,"Timothy",10064.07,2018-10-22 07:00:00,"M",20,NA,NA,1640.83,"2f02a833bff945128e76ccd29539816a","CUS-2484453271",NA,NA,"credit","Mon","12:00:00","12","October"
"10824","posted",NA,"ACC-1438600314","138.69","-34.84","PAY/SALARY",NA,"Maria",5982.48,2018-10-22 07:00:00,"F",35,NA,NA,862.95,"305ba9623dea4bc0877305340b947c03","CUS-2650223890",NA,NA,"credit","Mon","12:00:00","12","October"
"10825","posted",NA,"ACC-2173390920","144.71","-37.58","INTER BANK",NA,"Luis",11112.52,2018-10-22 07:00:00,"M",27,NA,NA,140,"3fcb334bb44c42dbb9b8c5aecb7f31c4","CUS-3180318393",NA,NA,"debit","Mon","12:00:00","12","October"
"10826","posted",NA,"ACC-37709441","153.41","-28.01","PAYMENT",NA,"Charles",20306.81,2018-10-22 07:00:00,"M",18,NA,NA,173,"0ae3c62a5bdd4a9a9dc311ce068d4e2a","CUS-3336454548",NA,NA,"debit","Mon","12:00:00","12","October"
"10827","posted",NA,"ACC-2897221629","150.90","-34.37","INTER BANK",NA,"Scott",7533.68,2018-10-22 07:00:00,"M",23,NA,NA,99,"147e70b1cc9f46c9892924cb227cff1d","CUS-511326734",NA,NA,"debit","Mon","12:00:00","12","October"
"10828","authorized","1","ACC-211792489","138.63","-34.93","SALES-POS","a722d174-679d-43b2-beb3-926e781a8cd1","Jacqueline",2677.11,2018-10-22 07:00:00,"F",30,"Nowra","NSW",38.66,"3096a95559c94e2ab3748a723b8eeecb","CUS-497688347","150.6","-34.88","debit","Mon","12:20:26","12","October"
"10829","authorized","0","ACC-2650850707","148.16","-23.52","SALES-POS","f7f1a4c4-9947-47f5-a461-2fed2ca3324c","Brian",117730.45,2018-10-22 07:00:00,"M",42,"Melbourne","VIC",45.03,"423de7f8c2ba4770886404266f54e659","CUS-2819545904","144.96","-37.82","debit","Mon","12:42:10","12","October"
"10830","posted",NA,"ACC-2681137560","151.11","-33.99","PAY/SALARY",NA,"Nathaniel",13706.66,2018-10-22 07:00:00,"M",31,NA,NA,2886.52,"0a789c20ba26446e8b48e4c85f014ee9","CUS-2083971310",NA,NA,"credit","Mon","13:00:00","13","October"
"10831","posted",NA,"ACC-1496451953","145.16","-37.84","PAY/SALARY",NA,"Ricky",22563.12,2018-10-22 07:00:00,"M",43,NA,NA,2588.01,"7d2216dd562a46fa9415243401d50f26","CUS-3142625864",NA,NA,"credit","Mon","13:00:00","13","October"
"10832","posted",NA,"ACC-2173390920","144.71","-37.58","PAY/SALARY",NA,"Luis",12508.75,2018-10-22 07:00:00,"M",27,NA,NA,1396.23,"c6999b0ddd1343e6a6b76bf0abbaf997","CUS-3180318393",NA,NA,"credit","Mon","13:00:00","13","October"
"10833","posted",NA,"ACC-2615038700","145.35","-38.03","PAY/SALARY",NA,"Emily",33946.07,2018-10-22 07:00:00,"F",43,NA,NA,664.43,"508dab8973a34d6381ab03dd068d9e62","CUS-3255104878",NA,NA,"credit","Mon","13:00:00","13","October"
"10834","posted",NA,"ACC-4258502723","145.45","-37.74","PAY/SALARY",NA,"Kimberly",6203.64,2018-10-22 07:00:00,"F",24,NA,NA,1059.84,"fd84456331d7452fae73be187e0aadcf","CUS-3378712515",NA,NA,"credit","Mon","13:00:00","13","October"
"10835","posted",NA,"ACC-2249586092","115.98","-32.07","PAY/SALARY",NA,"Edward",12439.49,2018-10-22 07:00:00,"M",19,NA,NA,990.55,"f9e39276a7294b6cb46600878c0aaac6","CUS-443776336",NA,NA,"credit","Mon","13:00:00","13","October"
"10836","authorized","1","ACC-1516130869","130.84","-12.45","SALES-POS","28d6a5ac-52c7-42f0-96ee-80140a350d8d","Jessica",3272.43,2018-10-22 07:00:00,"F",21,"Melbourne","VIC",3680.71,"ea74926b67764c0e889490aa5f04d34c","CUS-325142416","144.96","-37.82","debit","Mon","13:03:59","13","October"
"10837","authorized","0","ACC-3233697971","151.04","-33.77","POS","529d6637-d8df-4877-9024-d259a2884ccd","Robin",14294.81,2018-10-22 07:00:00,"F",34,"Mcmahons Point","NSW",13.35,"ce9eae4e13c5459284b54623d8c8cdb0","CUS-1147642491","151.2","-33.84","debit","Mon","13:26:13","13","October"
"10838","authorized","1","ACC-3481401842","115.74","-31.72","POS","a7fc9d32-5614-4a92-9f8c-2a834bf2bbcf","Tiffany",8180.04,2018-10-22 07:00:00,"F",25,"Como","WA",3.33,"dc8e16b9093643a5a2187d1f29d8a141","CUS-1669695324","115.87","-31.99","debit","Mon","13:48:26","13","October"
"10839","posted",NA,"ACC-4065652575","115.81","-31.82","PAYMENT",NA,"Lucas",15543.86,2018-10-22 07:00:00,"M",21,NA,NA,40,"b2cbdbcda6ca4d748450f3281f73fd02","CUS-1117979751",NA,NA,"debit","Mon","14:00:00","14","October"
"10840","posted",NA,"ACC-602667573","151.23","-33.96","PAY/SALARY",NA,"Michael",22286.42,2018-10-22 07:00:00,"M",40,NA,NA,2280.36,"f49cfbabae804c0b85bd2abbae5807b3","CUS-2031327464",NA,NA,"credit","Mon","14:00:00","14","October"
"10841","posted",NA,"ACC-3827517394","151.12","-33.89","PAYMENT",NA,"Craig",43558.38,2018-10-22 07:00:00,"M",28,NA,NA,20,"4c38192290414d45ab2c2cf5d24f845d","CUS-2663907001",NA,NA,"debit","Mon","14:00:00","14","October"
"10842","posted",NA,"ACC-2673069055","152.99","-27.49","PAYMENT",NA,"Richard",14663.7,2018-10-22 07:00:00,"M",24,NA,NA,70,"ddf5de75ee344bb39f11454029aa58db","CUS-51506836",NA,NA,"debit","Mon","14:00:00","14","October"
"10843","posted",NA,"ACC-3021093232","149.83","-29.47","PAY/SALARY",NA,"Melissa",12739.58,2018-10-22 07:00:00,"F",30,NA,NA,1636.72,"b4887960610f4ee387a235759f87bc8b","CUS-55310383",NA,NA,"credit","Mon","14:00:00","14","October"
"10844","authorized","1","ACC-3021093232","149.83","-29.47","POS","7ce5471b-363c-46ab-b398-ca517347829a","Melissa",11102.86,2018-10-22 07:00:00,"F",30,"Sydney","NSW",27.73,"529bdf3e174c48649b34ccd03b88e7ca","CUS-55310383","151.21","-33.87","debit","Mon","14:11:25","14","October"
"10845","authorized","1","ACC-588564840","151.27","-33.76","POS","e9c95a83-b406-414e-b447-0ec282d38faf","Isaiah",20638.26,2018-10-22 07:00:00,"M",23,"Margaret River","WA",17.03,"101a40b544de4fd4aebd97de8d1dfa43","CUS-1462656821","115.07","-33.95","debit","Mon","14:35:14","14","October"
"10846","authorized","1","ACC-1243371644","150.90","-33.78","POS","30e4d545-b0b3-46ff-8a79-c9840ba0caab","Gregory",6546.24,2018-10-22 07:00:00,"M",42,"Curl Curl","NSW",53.44,"83166a86357746e3a528be62d5257d33","CUS-3904958894","151.29","-33.77","debit","Mon","14:59:02","14","October"
"10847","posted",NA,"ACC-819621312","145.04","-37.85","INTER BANK",NA,"Michele",1939.57,2018-10-22 07:00:00,"F",30,NA,NA,55,"e25b4df85f224641967c37b4efecf7ca","CUS-1271030853",NA,NA,"debit","Mon","15:00:00","15","October"
"10848","posted",NA,"ACC-1650504218","145.01","-37.93","PAYMENT",NA,"Marissa",16443.36,2018-10-22 07:00:00,"F",23,NA,NA,22,"ce384a10f20f4620bbcc0ff90d546aa8","CUS-2500783281",NA,NA,"debit","Mon","15:00:00","15","October"
"10849","authorized","1","ACC-2173390920","144.71","-37.58","POS","798f87f6-f0d5-4165-b84b-d2801c47ccd2","Luis",12489.52,2018-10-22 07:00:00,"M",27,"Epping","VIC",19.23,"70caa4ed02fd4429a71234f3ddd34e9c","CUS-3180318393","145.01","-37.65","debit","Mon","15:22:19","15","October"
"10850","authorized","1","ACC-2681137560","151.11","-33.99","POS","a20827bf-4aa3-4845-99ef-14a0f887f5c6","Nathaniel",13687.31,2018-10-22 07:00:00,"M",31,"Mitchell","ACT",19.35,"9543a66561474ab2b19b80f246dfd525","CUS-2083971310","149.14","-35.22","debit","Mon","15:45:34","15","October"
"10851","authorized","0","ACC-1799207998","150.68","-33.79","POS","f0ae3f23-1564-4a89-bb6e-c020b7a3e5a7","Susan",9626.74,2018-10-22 07:00:00,"F",20,"Parramatta","NSW",74.31,"61a3e5813f7144fdb00f7c838ecf927b","CUS-164374203","151","-33.82","debit","Mon","16:10:33","16","October"
"10852","authorized","1","ACC-2171593283","146.94","-36.04","SALES-POS","c8750382-8e65-4892-94be-5df15266ab82","Fernando",17619,2018-10-22 07:00:00,"M",19,"Narre Warren","VIC",33.94,"50fbe6b0ec36478b9e9050f2f6ce9988","CUS-2317998716","145.3","-38.02","debit","Mon","16:38:19","16","October"
"10853","posted",NA,"ACC-847145727","115.90","-31.92","PAY/SALARY",NA,"Michael",63597.43,2018-10-22 07:00:00,"M",19,NA,NA,2854.74,"9c5ad1a8017f42b1baec387eb08c1959","CUS-1609060617",NA,NA,"credit","Mon","17:00:00","17","October"
"10854","posted",NA,"ACC-3084464802","145.15","-37.76","PAYMENT",NA,"Susan",10562.95,2018-10-22 07:00:00,"F",19,NA,NA,36,"002834705cf24578a3d40a95e1408051","CUS-1928710999",NA,NA,"debit","Mon","17:00:00","17","October"
"10855","posted",NA,"ACC-3827517394","151.12","-33.89","PAY/SALARY",NA,"Craig",47613.15,2018-10-22 07:00:00,"M",28,NA,NA,4054.77,"b21ec763f9854b73aabffed94511e72a","CUS-2663907001",NA,NA,"credit","Mon","17:00:00","17","October"
"10856","posted",NA,"ACC-3317636250","153.02","-27.66","PAYMENT",NA,"Kenneth",18720.04,2018-10-22 07:00:00,"M",35,NA,NA,121,"cdd5839c03034761907cf81f484f3838","CUS-2738291516",NA,NA,"debit","Mon","17:00:00","17","October"
"10857","posted",NA,"ACC-4258502723","145.45","-37.74","PAYMENT",NA,"Kimberly",6150.64,2018-10-22 07:00:00,"F",24,NA,NA,53,"93f317d4d9ee42cdb95f1218f4f249c1","CUS-3378712515",NA,NA,"debit","Mon","17:00:00","17","October"
"10858","authorized","1","ACC-3100725361","145.73","-17.03","SALES-POS","ebfe5260-d925-4a3f-84a9-9a1612a0c818","Ronald",4882.34,2018-10-22 07:00:00,"M",25,"Park Grove","TAS",10.21,"fdbf12267c584fd299daedfd6b899df0","CUS-2178051368","145.88","-41.05","debit","Mon","17:06:52","17","October"
"10859","authorized","0","ACC-1037050564","153.10","-27.66","POS","f66b8549-7586-4571-b7ec-7ddc5f8bd9af","Rhonda",5369.9,2018-10-22 07:00:00,"F",40,"South Brisbane","QLD",154.96,"4fe25e2b01ae4d80b0a492d99ba44ce3","CUS-1614226872","153.02","-27.47","debit","Mon","17:38:07","17","October"
"10860","posted",NA,"ACC-3021093232","149.83","-29.47","INTER BANK",NA,"Melissa",12584.58,2018-10-22 07:00:00,"F",30,NA,NA,155,"67c1cbb7a55544e1be50cd8f791fc183","CUS-55310383",NA,NA,"debit","Mon","18:00:00","18","October"
"10861","authorized","1","ACC-1349834573","145.17","-37.84","POS","c8d2f552-2a94-4ed2-93d6-3c665c46963e","Matthew",15894.34,2018-10-22 07:00:00,"M",39,"Melbourne","VIC",17.11,"9130058541f9441f9aaf8fc3ba064944","CUS-1790886359","144.98","-37.85","debit","Mon","18:09:40","18","October"
"10862","authorized","1","ACC-1443681913","150.92","-33.77","POS","a05dbb7f-df3c-441c-a427-66a43729bb0f","Ryan",4329.69,2018-10-22 07:00:00,"M",31,"Surry Hills","NSW",66.93,"c03766980bed407c8ba2ee5de775d861","CUS-3129499595","151.21","-33.88","debit","Mon","18:41:56","18","October"
"10863","posted",NA,"ACC-4274272854","145.23","-37.86","PAYMENT",NA,"Timothy",9948.07,2018-10-22 07:00:00,"M",20,NA,NA,116,"dddf2a8b8b88458482a0c96d72bbf688","CUS-2484453271",NA,NA,"debit","Mon","19:00:00","19","October"
"10864","posted",NA,"ACC-37709441","153.41","-28.01","PAYMENT",NA,"Charles",20251.81,2018-10-22 07:00:00,"M",18,NA,NA,55,"043a67d347eb491a86b5062a22e9a994","CUS-3336454548",NA,NA,"debit","Mon","19:00:00","19","October"
"10865","authorized","1","ACC-1598451071","153.41","-27.95","POS","7d20a31e-9caf-411e-849c-87f510e7029f","Diana",1161.23,2018-10-22 07:00:00,"F",26,"Robina","QLD",21.63,"b107fa088c6f4fb68f5750b950957170","CUS-2487424745","153.38","-28.08","debit","Mon","19:16:17","19","October"
"10866","authorized","1","ACC-3100725361","145.73","-17.03","SALES-POS","660f5b62-2cd1-44d1-93b3-5934909c059a","Ronald",4796.15,2018-10-22 07:00:00,"M",25,"Frankston","VIC",86.19,"c815c2a4208440fa9c374e405062e197","CUS-2178051368","145.12","-38.14","debit","Mon","19:53:19","19","October"
"10867","posted",NA,"ACC-2920611728","144.96","-37.76","PAYMENT",NA,"Tyler",9793.26,2018-10-22 07:00:00,"M",69,NA,NA,64,"0ecfaff40cc24b028afd752e62952514","CUS-1388323263",NA,NA,"debit","Mon","20:00:00","20","October"
"10868","posted",NA,"ACC-2650850707","148.16","-23.52","PAYMENT",NA,"Brian",117697.45,2018-10-22 07:00:00,"M",42,NA,NA,33,"5d9c3ee1a3e74fb5bf39a441aed38090","CUS-2819545904",NA,NA,"debit","Mon","20:00:00","20","October"
"10869","posted",NA,"ACC-154431271","153.09","-27.48","PAYMENT",NA,"Lori",3343.32,2018-10-22 07:00:00,"F",18,NA,NA,61,"e2ba2ce77fa94a44af36e3334315a4e5","CUS-3702001629",NA,NA,"debit","Mon","20:00:00","20","October"
"10870","posted",NA,"ACC-3954677887","115.72","-32.28","INTER BANK",NA,"Ruth",7834.8,2018-10-22 07:00:00,"F",47,NA,NA,121,"07479c5b3c7d4f9fb612fc04027ad0d4","CUS-3716701010",NA,NA,"debit","Mon","20:00:00","20","October"
"10871","authorized","1","ACC-1598451071","153.41","-27.95","SALES-POS","f38a29b7-7468-4617-810b-9de0342575d6","Diana",1147.08,2018-10-22 07:00:00,"F",26,"Melbourne","VIC",14.15,"326cda2e301642e597b82cf2418f47ca","CUS-2487424745","144.96","-37.82","debit","Mon","20:09:12","20","October"
"10872","authorized","1","ACC-1903037542","153.05","-27.61","SALES-POS","f9d98b4b-8222-4769-a6f2-0aebfb134efe","Jeffrey",4006.27,2018-10-22 07:00:00,"M",30,"Sunnybank Hills","QLD",8.22,"408b87899cbc42368d6bd261105c0cf9","CUS-860700529","153.06","-27.59","debit","Mon","20:20:26","20","October"
"10873","authorized","1","ACC-1243371644","150.90","-33.78","SALES-POS","3ff909c2-3323-4ec5-885e-c6f6cf0b5038","Gregory",6528.89,2018-10-22 07:00:00,"M",42,"Alexandria","NSW",17.35,"5de4dc08e203465094ca68aa08f8cc6e","CUS-3904958894","151.2","-33.9","debit","Mon","20:31:41","20","October"
"10874","authorized","1","ACC-1349834573","145.17","-37.84","POS","d8bfe16f-cf4e-4d66-a307-b6bc8a817a12","Matthew",15811.96,2018-10-22 07:00:00,"M",39,"Melbourne","VIC",82.38,"ff543cd3beb04a9bbaef248be92a1583","CUS-1790886359","144.97","-37.81","debit","Mon","20:42:55","20","October"
"10875","authorized","1","ACC-559365433","147.31","-42.88","SALES-POS","b22b39e0-0daa-4e47-94a3-bc5c16021bbe","Mary",4095.32,2018-10-22 07:00:00,"F",64,"Hawthorn","VIC",22.39,"c6693a37bf8e4f7abb642727a9f48b95","CUS-1654129794","145.04","-37.82","debit","Mon","20:54:09","20","October"
"10876","authorized","0","ACC-240804743","121.48","-30.75","SALES-POS","d17bf82c-2b7c-4def-afa0-56c15b9aa8a3","Kenneth",20859.59,2018-10-22 07:00:00,"M",29,"Sydney","NSW",1038.32,"be3effe674074c4a91563f26033517f9","CUS-261674136","151.21","-33.86","debit","Mon","21:04:12","21","October"
"10877","authorized","1","ACC-2673069055","152.99","-27.49","POS","94a687cc-6a8a-4129-b2d2-f55e494bd74c","Richard",14657.52,2018-10-22 07:00:00,"M",24,"Brisbane City","QLD",6.18,"28075625036747d5a624c3eff594f58f","CUS-51506836","153.02","-27.47","debit","Mon","21:12:58","21","October"
"10878","authorized","1","ACC-964839203","146.92","-36.07","SALES-POS","a4ed3be6-20d8-4c32-a81b-7dd8fe50993e","Michael",41199.9,2018-10-22 07:00:00,"M",21,"Frankston","VIC",22.9,"6e703e8b8dfe45ca99526b4aeedb17c0","CUS-2059096722","145.17","-38.15","debit","Mon","21:21:45","21","October"
"10879","authorized","1","ACC-1608363396","151.22","-33.87","SALES-POS","b2ba4056-175b-4216-90d8-e6663de0a6aa","Robert",9491.97,2018-10-22 07:00:00,"M",20,"Manly Vale","NSW",23.52,"dd12970143a2465e96aed6ec1d9a58e5","CUS-2688605418","151.27","-33.79","debit","Mon","21:30:31","21","October"
"10880","authorized","1","ACC-4258502723","145.45","-37.74","SALES-POS","6eec64c9-d8e9-4d2f-a4bb-f9f503757727","Kimberly",6123.85,2018-10-22 07:00:00,"F",24,"Ringwood","VIC",26.79,"1c0321d8040e417e9d226049ab0e8574","CUS-3378712515","145.22","-37.82","debit","Mon","21:39:17","21","October"
"10881","authorized","1","ACC-958000567","130.90","-12.37","POS","d1ac359e-415c-42a7-abae-8d2bcce24af0","Sandra",11545.53,2018-10-22 07:00:00,"F",34,"Fannie Bay","NT",32.01,"ff79cab1eefd437496893390020c36cd","CUS-4142663097","130.84","-12.42","debit","Mon","21:48:04","21","October"
"10882","authorized","1","ACC-1598451071","153.41","-27.95","SALES-POS","701440eb-e95b-4fa2-99b5-93b5356fbc08","Diana",1105.11,2018-10-22 07:00:00,"F",26,"Carrara","QLD",41.97,"4649bf1aa0284571a93c9f3f06ab1fa4","CUS-2487424745","153.39","-28.03","debit","Mon","21:56:50","21","October"
"10883","posted",NA,"ACC-2249586092","115.98","-32.07","PAYMENT",NA,"Edward",12408.49,2018-10-22 07:00:00,"M",19,NA,NA,31,"39f4954870064edb9cf87b24021522ea","CUS-443776336",NA,NA,"debit","Mon","22:00:00","22","October"
"10884","authorized","1","ACC-2673069055","152.99","-27.49","SALES-POS","d0000853-c09a-4c7d-a17c-b8d2ef4ec535","Richard",14644.52,2018-10-22 07:00:00,"M",24,"Capalaba","QLD",13,"3b29ad82516c4d09abbedcc77b39b9dc","CUS-51506836","153.2","-27.52","debit","Mon","22:16:50","22","October"
"10885","authorized","1","ACC-2265520058","151.27","-33.85","SALES-POS","cb3563c8-e066-43f0-85e8-95c20411624c","Catherine",7486.44,2018-10-22 07:00:00,"F",26,"Bella Vista","NSW",10.21,"23438c8bcd1e4359b585ecfa57e2e20e","CUS-331942311","150.95","-33.74","debit","Mon","22:43:09","22","October"
"10886","posted",NA,"ACC-1217063613","147.61","-37.82","INTER BANK",NA,"Kimberly",4215.15,2018-10-22 07:00:00,"F",27,NA,NA,20,"91ac28fe5f134587b7618af3a0154c28","CUS-1739931018",NA,NA,"debit","Mon","23:00:00","23","October"
"10887","posted",NA,"ACC-2970114956","144.89","-37.69","PAYMENT",NA,"Robert",11008.79,2018-10-22 07:00:00,"M",26,NA,NA,61,"92eada9c08ae43aaac33aa349caa0f89","CUS-880898248",NA,NA,"debit","Mon","23:00:00","23","October"
"10888","authorized","0","ACC-1799207998","150.68","-33.79","POS","6616b896-520e-465a-88b4-2fe33239bbd4","Susan",9592.62,2018-10-22 07:00:00,"F",20,"Parramatta","NSW",34.12,"5f286f98e5834be6ad0d5b4fb13d36be","CUS-164374203","151","-33.82","debit","Mon","23:39:59","23","October"
"10889","posted",NA,"ACC-1598451071","153.41","-27.95","INTER BANK",NA,"Diana",1085.11,2018-10-23 07:00:00,"F",26,NA,NA,20,"e03bddb5eb464b29a9741789048eb048","CUS-2487424745",NA,NA,"debit","Tue","02:00:00","02","October"
"10890","posted",NA,"ACC-2231965366","144.96","-37.84","INTER BANK",NA,"Linda",22763.09,2018-10-23 07:00:00,"F",35,NA,NA,17,"16099e0e084849a0839cf49370150722","CUS-2155701614",NA,NA,"debit","Tue","03:00:00","03","October"
"10891","posted",NA,"ACC-240804743","121.48","-30.75","PHONE BANK",NA,"Kenneth",20816.59,2018-10-23 07:00:00,"M",29,NA,NA,43,"bf0e01ba11e845a9849878e246e0eecd","CUS-261674136",NA,NA,"debit","Tue","03:00:00","03","October"
"10892","posted",NA,"ACC-1516130869","130.84","-12.45","PAYMENT",NA,"Jessica",3091.43,2018-10-23 07:00:00,"F",21,NA,NA,181,"a7bcce89b4034ca8a31ea79079bcee11","CUS-325142416",NA,NA,"debit","Tue","03:00:00","03","October"
"10893","posted",NA,"ACC-37709441","153.41","-28.01","INTER BANK",NA,"Charles",20150.81,2018-10-23 07:00:00,"M",18,NA,NA,101,"0c0d8d77bdee4af28b0bca30c0f3cccb","CUS-3336454548",NA,NA,"debit","Tue","03:00:00","03","October"
"10894","posted",NA,"ACC-1788473090","145.06","-37.95","INTER BANK",NA,"Rachael",9548.81,2018-10-23 07:00:00,"F",21,NA,NA,20,"c695895061164cb28e69c7bd8f06a5f9","CUS-134193016",NA,NA,"debit","Tue","04:00:00","04","October"
"10895","posted",NA,"ACC-3827517394","151.12","-33.89","PAYMENT",NA,"Craig",47583.15,2018-10-23 07:00:00,"M",28,NA,NA,30,"12c09a928d5f499d851ee28dd845c1f9","CUS-2663907001",NA,NA,"debit","Tue","04:00:00","04","October"
"10896","authorized","1","ACC-3689607373","115.79","-31.79","POS","e2591002-0bb4-4adc-a30a-49e3505355b5","Virginia",8020.51,2018-10-23 07:00:00,"F",20,"Warwick","WA",9.96,"5f9d36c1b6ef4ec8a760317dd251fd95","CUS-127297539","115.81","-31.85","debit","Tue","04:14:32","04","October"
"10897","posted",NA,"ACC-1890605467","143.88","-37.66","INTER BANK",NA,"Alexander",22251.75,2018-10-23 07:00:00,"M",38,NA,NA,42,"c1abaee0db264951a4ef56c0d20dc0a1","CUS-1478398256",NA,NA,"debit","Tue","05:00:00","05","October"
"10898","posted",NA,"ACC-958000567","130.90","-12.37","PAYMENT",NA,"Sandra",11525.53,2018-10-23 07:00:00,"F",34,NA,NA,20,"d4204902ee554b82804f7325dbca3824","CUS-4142663097",NA,NA,"debit","Tue","05:00:00","05","October"
"10899","posted",NA,"ACC-602667573","151.23","-33.96","INTER BANK",NA,"Michael",22174.42,2018-10-23 07:00:00,"M",40,NA,NA,112,"160039829926429fbea15015d33b8595","CUS-2031327464",NA,NA,"debit","Tue","06:00:00","06","October"
"10900","posted",NA,"ACC-354106658","151.04","-33.80","PAYMENT",NA,"Christine",23702.54,2018-10-23 07:00:00,"F",39,NA,NA,21,"db5ddda0322944c7b668897365a0a2ea","CUS-2376382098",NA,NA,"debit","Tue","06:00:00","06","October"
"10901","authorized","1","ACC-1598451071","153.41","-27.95","POS","88b6c03f-d7d0-4093-801d-e9b38a077a36","Diana",1072.8,2018-10-23 07:00:00,"F",26,"Broadbeach","QLD",12.31,"af1e47417d164350be5d97d2b8d66520","CUS-2487424745","153.43","-28.04","debit","Tue","06:39:59","06","October"
"10902","posted",NA,"ACC-2270192619","138.56","-35.27","PAYMENT",NA,"Darren",17183.17,2018-10-23 07:00:00,"M",20,NA,NA,39,"121ec8d554ef4a3a9a403277ba83b945","CUS-2110742437",NA,NA,"debit","Tue","07:00:00","07","October"
"10903","posted",NA,"ACC-4274272854","145.23","-37.86","PAYMENT",NA,"Timothy",9914.07,2018-10-23 07:00:00,"M",20,NA,NA,34,"3698e9d041f84e0e9144c96b6b057d6d","CUS-2484453271",NA,NA,"debit","Tue","07:00:00","07","October"
"10904","posted",NA,"ACC-1598451071","153.41","-27.95","PAYMENT",NA,"Diana",1036.8,2018-10-23 07:00:00,"F",26,NA,NA,36,"3ea95a29b106404f9ea7902368fb0ac3","CUS-2487424745",NA,NA,"debit","Tue","07:00:00","07","October"
"10905","posted",NA,"ACC-2920611728","144.96","-37.76","PAYMENT",NA,"Tyler",9599.26,2018-10-23 07:00:00,"M",69,NA,NA,194,"65c2fb22309b4254a416a97e43e66967","CUS-1388323263",NA,NA,"debit","Tue","08:00:00","08","October"
"10906","posted",NA,"ACC-2231965366","144.96","-37.84","PAYMENT",NA,"Linda",22727.09,2018-10-23 07:00:00,"F",35,NA,NA,36,"4b08de331a404bb4b1a59b94f0df918d","CUS-2155701614",NA,NA,"debit","Tue","08:00:00","08","October"
"10907","authorized","1","ACC-588564840","151.27","-33.76","POS","b18df733-2a92-4973-938b-ae213db39546","Isaiah",20572.21,2018-10-23 07:00:00,"M",23,"Silverwater","NSW",66.05,"aee261ce5792424bb2e76b7deab88fa6","CUS-1462656821","151.05","-33.83","debit","Tue","08:26:23","08","October"
"10908","posted",NA,"ACC-3827517394","151.12","-33.89","INTER BANK",NA,"Craig",47554.15,2018-10-23 07:00:00,"M",28,NA,NA,29,"b6f40b47eaa24d2394ea46ae54e914d9","CUS-2663907001",NA,NA,"debit","Tue","09:00:00","09","October"
"10909","posted",NA,"ACC-1710017148","150.82","-34.01","PAYMENT",NA,"Michelle",17410.58,2018-10-23 07:00:00,"F",19,NA,NA,54,"640dbb4497e24533922d88bc1b07dbc8","CUS-883482547",NA,NA,"debit","Tue","09:00:00","09","October"
"10910","authorized","0","ACC-3689607373","115.79","-31.79","POS","d75b1665-af5d-40ca-a3c1-146e3225dbab","Virginia",8012.13,2018-10-23 07:00:00,"F",20,"Laurieton","NSW",8.38,"c312a940390b4c9ea6065fa7362f39bb","CUS-127297539","152.8","-31.65","debit","Tue","09:00:39","09","October"
"10911","authorized","1","ACC-847145727","115.90","-31.92","SALES-POS","f5446956-20a9-4c2f-8df8-3d93ce458ccf","Michael",63544.15,2018-10-23 07:00:00,"M",19,"Ceduna","SA",53.28,"de052020d806472d81ff333fd4302cf2","CUS-1609060617","133.67","-32.13","debit","Tue","09:04:48","09","October"
"10912","authorized","1","ACC-1443681913","150.92","-33.77","SALES-POS","9559ad81-51a1-4ead-ba0f-2cf2103a6615","Ryan",4303.44,2018-10-23 07:00:00,"M",31,"East Corrimal","NSW",26.25,"ecdee3f951904bcb98cdfdb8a8e209c9","CUS-3129499595","150.91","-34.38","debit","Tue","09:08:57","09","October"
"10913","authorized","0","ACC-1349834573","145.17","-37.84","SALES-POS","d3a6299c-38b6-44d7-9dda-0aea7c6476f9","Matthew",15779.81,2018-10-23 07:00:00,"M",39,"Mount Gambier","SA",32.15,"d69f495c4423417f856a74621afaea55","CUS-1790886359","140.78","-37.83","debit","Tue","09:13:06","09","October"
"10914","authorized","1","ACC-847145727","115.90","-31.92","SALES-POS","870c9f0e-3c5b-45a1-b611-693c9020b9ed","Michael",63520.27,2018-10-23 07:00:00,"M",19,"Morley","WA",23.88,"3896bc291ace4a8faf3745719976b6da","CUS-1609060617","115.89","-31.9","debit","Tue","09:17:15","09","October"
"10915","authorized","0","ACC-182446574","116.06","-32.00","POS","2c7850af-0a3e-4287-b471-05c190412937","Tonya",9014.65,2018-10-23 07:00:00,"F",27,"Warwick","WA",13.27,"130495c0a4a74f2c8f096d161473d096","CUS-3026014945","115.81","-31.84","debit","Tue","09:21:24","09","October"
"10916","authorized","1","ACC-3536132544","144.93","-37.79","SALES-POS","dfe0ab17-6b66-460c-b731-001226f7a8e7","Heather",8517.14,2018-10-23 07:00:00,"F",41,"Carlton","VIC",10.94,"698cf288adac4462b4b880db7a14653c","CUS-2348881191","144.96","-37.8","debit","Tue","09:25:33","09","October"
"10917","authorized","1","ACC-1598451071","153.41","-27.95","SALES-POS","78f3d5fa-1ff6-435f-bdfb-faaf702fa37d","Diana",1028,2018-10-23 07:00:00,"F",26,"Miami","QLD",8.8,"3131234b2a4042a484ae0bbaf5412d88","CUS-2487424745","153.44","-28.06","debit","Tue","09:29:42","09","October"
"10918","authorized","0","ACC-2674800293","144.96","-37.69","POS","798f87f6-f0d5-4165-b84b-d2801c47ccd2","Elizabeth",29455.47,2018-10-23 07:00:00,"F",50,"Epping","VIC",24.85,"f5abbf3a1e2d42f6a0ad08a780c4d9a6","CUS-2977593493","145.01","-37.65","debit","Tue","09:33:51","09","October"
"10919","authorized","1","ACC-3771436525","145.04","-37.92","SALES-POS","128a4561-435b-4489-832b-04b87d5c14ca","Derek",6674.03,2018-10-23 07:00:00,"M",20,"Boronia","VIC",39.61,"9ebe7d0f86d44b428bff6083beeef822","CUS-3325710106","145.29","-37.86","debit","Tue","09:38:00","09","October"
"10920","authorized","1","ACC-2265520058","151.27","-33.85","SALES-POS","052fee4a-a751-435f-9dbd-20f01b906420","Catherine",7468.08,2018-10-23 07:00:00,"F",26,"Stanhope Gardens","NSW",18.36,"9e6f649d36734e4da740a6fe6dd7a249","CUS-331942311","150.92","-33.72","debit","Tue","09:42:09","09","October"
"10921","authorized","1","ACC-211792489","138.63","-34.93","POS","7ec296e9-6feb-46b0-b755-115ce31678c1","Jacqueline",2486.69,2018-10-23 07:00:00,"F",30,"Chatswood","NSW",190.42,"ce161bc68bcc44bf86cf3afe7cf00f66","CUS-497688347","151.18","-33.8","debit","Tue","09:46:18","09","October"
"10922","authorized","1","ACC-1598451071","153.41","-27.95","SALES-POS","b0a6a7f9-b9c9-45b3-ac1b-eaf2e65a141c","Diana",1023.72,2018-10-23 07:00:00,"F",26,"Kalbarri","WA",4.28,"bdf35cdc48064a4a9edac49a020466bf","CUS-2487424745","114.17","-27.71","debit","Tue","09:50:27","09","October"
"10923","authorized","1","ACC-1903037542","153.05","-27.61","POS","cc34d375-e0e1-4abb-b6af-4e0a7789e15b","Jeffrey",3996.16,2018-10-23 07:00:00,"M",30,"Sunnybank","QLD",10.11,"af2a67f0c2c54b2a9e14a434b6a4426f","CUS-860700529","153.06","-27.57","debit","Tue","09:54:36","09","October"
"10924","authorized","1","ACC-3481401842","115.74","-31.72","SALES-POS","bedfaec0-2483-449c-9d0f-b8492469a4a2","Tiffany",8165.99,2018-10-23 07:00:00,"F",25,"Taree","NSW",14.05,"d7600bbb46e74b0d8fc3d5c374ef765c","CUS-1669695324","152.46","-31.91","debit","Tue","09:58:45","09","October"
"10925","posted",NA,"ACC-1683215619","138.67","-34.86","PAYMENT",NA,"Barry",11347.95,2018-10-23 07:00:00,"M",38,NA,NA,81,"843a8f5c2cb946d4b2fcddd8809899a3","CUS-1604596597",NA,NA,"debit","Tue","10:00:00","10","October"
"10926","authorized","1","ACC-1349834573","145.17","-37.84","POS","42b108e1-a8e2-4a0b-90d8-c28f59129ac0","Matthew",15705.94,2018-10-23 07:00:00,"M",39,"Fitzroy","VIC",73.87,"b3ae836698064d27a2a816bff6497471","CUS-1790886359","144.98","-37.8","debit","Tue","10:09:12","10","October"
"10927","authorized","1","ACC-2249586092","115.98","-32.07","POS","1830374b-8ebf-475e-b329-7e76ddab2e73","Edward",12391.44,2018-10-23 07:00:00,"M",19,"Wangara","WA",17.05,"77cf10326ff246aa8434e485d492585d","CUS-443776336","115.82","-31.79","debit","Tue","10:22:22","10","October"
"10928","authorized","1","ACC-4258502723","145.45","-37.74","SALES-POS","ec7db81a-e46d-457b-be49-aea6d57f508b","Kimberly",6095.05,2018-10-23 07:00:00,"F",24,"Altona North","VIC",28.8,"634c28a22a164ae194d93a091bda763a","CUS-3378712515","144.85","-37.83","debit","Tue","10:35:31","10","October"
"10929","authorized","0","ACC-2249586092","115.98","-32.07","POS","aa2f5168-8ddd-4f07-963e-25a9eacd8729","Edward",12359.58,2018-10-23 07:00:00,"M",19,"Kiara","WA",31.86,"46c405cba9da4c37b000cdcef3165f0c","CUS-443776336","115.94","-31.89","debit","Tue","10:48:41","10","October"
"10930","posted",NA,"ACC-2231965366","144.96","-37.84","PAYMENT",NA,"Linda",22682.09,2018-10-23 07:00:00,"F",35,NA,NA,45,"9fdf7f6dab3d4ef789bf133fa2d61d34","CUS-2155701614",NA,NA,"debit","Tue","11:00:00","11","October"
"10931","authorized","1","ACC-240804743","121.48","-30.75","POS","efbb9b50-63af-4660-bb5c-37e05fca9f3f","Kenneth",20801.63,2018-10-23 07:00:00,"M",29,"Morayfield","QLD",14.96,"60c4d11f6b3f4e41944d7deae4f04953","CUS-261674136","152.95","-27.12","debit","Tue","11:04:22","11","October"
"10932","authorized","1","ACC-3481401842","115.74","-31.72","SALES-POS","8e984c0d-f986-46c6-808f-a6b757f985e8","Tiffany",8148.27,2018-10-23 07:00:00,"F",25,"East Perth","WA",17.72,"2fc52ac8e076478d8a68993d05f368e4","CUS-1669695324","115.88","-31.95","debit","Tue","11:35:37","11","October"
"10933","posted",NA,"ACC-2231965366","144.96","-37.84","PAY/SALARY",NA,"Linda",25125.33,2018-10-23 07:00:00,"F",35,NA,NA,2443.24,"8908b2659e2b4eda9cf4b0aec7b9222b","CUS-2155701614",NA,NA,"credit","Tue","12:00:00","12","October"
"10934","posted",NA,"ACC-1334819143","145.13","-37.70","PAY/SALARY",NA,"Christopher",68167.53,2018-10-23 07:00:00,"M",33,NA,NA,2718.51,"67f05b89b3664e6d8c2fdd31884d55b0","CUS-3117610635",NA,NA,"credit","Tue","12:00:00","12","October"
"10935","authorized","1","ACC-2153562714","116.00","-31.88","SALES-POS","dcb265cb-9288-453e-95f4-a0e1ed4224aa","Linda",6158.93,2018-10-23 07:00:00,"F",24,"Morley","WA",17.5,"d9625dca48414ed48f5c39678cf1eba2","CUS-423725039","115.9","-31.89","debit","Tue","12:06:06","12","October"
"10936","authorized","1","ACC-182446574","116.06","-32.00","POS","6f6848ab-1b4d-429a-a201-0a30830b0e33","Tonya",9008.63,2018-10-23 07:00:00,"F",27,"Cottesloe","WA",6.02,"3f883dc856ec44728c3772a64175be07","CUS-3026014945","115.75","-31.99","debit","Tue","12:33:53","12","October"
"10937","posted",NA,"ACC-1443681913","150.92","-33.77","PAY/SALARY",NA,"Ryan",5299.68,2018-10-23 07:00:00,"M",31,NA,NA,996.24,"04e4894977834fb0b4459127fcd4ba7f","CUS-3129499595",NA,NA,"credit","Tue","13:00:00","13","October"
"10938","posted",NA,"ACC-1998563091","149.03","-35.25","PAY/SALARY",NA,"David",20269.03,2018-10-23 07:00:00,"M",42,NA,NA,1757.81,"b7b5b719587c4e66af1d4b60e9b83284","CUS-3395687666",NA,NA,"credit","Tue","13:00:00","13","October"
"10939","authorized","1","ACC-3689607373","115.79","-31.79","POS","a43b5201-efc3-420d-8fdd-5579e4d876df","Virginia",7984.82,2018-10-23 07:00:00,"F",20,"Leederville","WA",27.31,"00383c372c854f52b9bea5eddbad6b0b","CUS-127297539","115.84","-31.94","debit","Tue","13:01:37","13","October"
"10940","authorized","1","ACC-2673069055","152.99","-27.49","SALES-POS","56c12657-9a47-4bec-8e3e-fdef6095f510","Richard",14625.78,2018-10-23 07:00:00,"M",24,"Lowood","QLD",18.74,"c447fe9bd6a34e208982d1c7c8c821c9","CUS-51506836","152.58","-27.46","debit","Tue","13:28:38","13","October"
"10941","authorized","1","ACC-2305712452","138.61","-34.89","POS","a0c40ba9-0cc6-49b1-8bdf-743091136426","Debra",6261.02,2018-10-23 07:00:00,"F",18,"Albany","WA",16.53,"fb294b937b5b44ebbaf4987c919461b7","CUS-1842679196","117.88","-35.03","debit","Tue","13:55:40","13","October"
"10942","posted",NA,"ACC-3485804958","138.52","-35.01","PAYMENT",NA,"Jessica",27446.77,2018-10-23 07:00:00,"F",34,NA,NA,39,"62785c5b034f436cb194d509552f4d30","CUS-1196156254",NA,NA,"debit","Tue","14:00:00","14","October"
"10943","posted",NA,"ACC-2305712452","138.61","-34.89","PAY/SALARY",NA,"Debra",7022.35,2018-10-23 07:00:00,"F",18,NA,NA,761.33,"1de0ae45570441fbab71959b5a4b8c63","CUS-1842679196",NA,NA,"credit","Tue","14:00:00","14","October"
"10944","posted",NA,"ACC-2173390920","144.71","-37.58","PAYMENT",NA,"Luis",12461.52,2018-10-23 07:00:00,"M",27,NA,NA,28,"c391372fdc3b4bf9afb46b578bcd358b","CUS-3180318393",NA,NA,"debit","Tue","14:00:00","14","October"
"10945","posted",NA,"ACC-1990648130","114.62","-28.80","PAY/SALARY",NA,"Kaitlyn",9068.13,2018-10-23 07:00:00,"F",21,NA,NA,1037.07,"28ef582e6b044e539a251589c0860b8a","CUS-809013380",NA,NA,"credit","Tue","14:00:00","14","October"
"10946","authorized","1","ACC-182446574","116.06","-32.00","SALES-POS","4fe3642e-1e41-409c-80f7-444a531ba62f","Tonya",9001.3,2018-10-23 07:00:00,"F",27,"Nullarbor","SA",7.33,"f477dd33a6e44c08ae2b05059169e526","CUS-3026014945","129.96","-31.57","debit","Tue","14:23:19","14","October"
"10947","authorized","1","ACC-847145727","115.90","-31.92","SALES-POS","3cd49f10-fdcc-47a6-922a-003eba2420c3","Michael",63489.52,2018-10-23 07:00:00,"M",19,"Booragoon","WA",30.75,"98fad88d9b0147f1ad19a8fcbbfe67e2","CUS-1609060617","115.82","-32.04","debit","Tue","14:51:06","14","October"
"10948","posted",NA,"ACC-3481401842","115.74","-31.72","PAYMENT",NA,"Tiffany",8116.27,2018-10-23 07:00:00,"F",25,NA,NA,32,"a3a2e863421d446b99dcafc931a91c44","CUS-1669695324",NA,NA,"debit","Tue","15:00:00","15","October"
"10949","authorized","1","ACC-1598451071","153.41","-27.95","SALES-POS","92f28af9-2da9-48d4-8aac-5f89a5c1ae85","Diana",1014.11,2018-10-23 07:00:00,"F",26,"Palm Beach","QLD",9.61,"4265cbe6249a4b58bb76d405cebeb389","CUS-2487424745","153.47","-28.12","debit","Tue","15:12:49","15","October"
"10950","authorized","0","ACC-182446574","116.06","-32.00","SALES-POS","cc9d4dc9-b76d-4dc9-98ed-a2baa0de78c1","Tonya",8988.76,2018-10-23 07:00:00,"F",27,"Mt Lawley","WA",12.54,"32550ece9ddc4770850cc184d0533416","CUS-3026014945","115.88","-31.93","debit","Tue","15:31:41","15","October"
"10951","authorized","0","ACC-1243371644","150.90","-33.78","POS","28ee26b2-8127-40b6-91b6-73b25bdbbfc0","Gregory",6502.39,2018-10-23 07:00:00,"M",42,"Clare","SA",26.5,"88c3607a0d5543ce8d17a707cc7b0b33","CUS-3904958894","138.61","-33.83","debit","Tue","15:50:33","15","October"
"10952","posted",NA,"ACC-2828321672","153.03","-27.51","PAY/SALARY",NA,"Stephanie",8649.56,2018-10-23 07:00:00,"F",53,NA,NA,970.47,"e0caf4357a4e42e09fd7879463af07fa","CUS-1005756958",NA,NA,"credit","Tue","16:00:00","16","October"
"10953","posted",NA,"ACC-3941181087","115.79","-31.94","PAYMENT",NA,"Paul",14462.08,2018-10-23 07:00:00,"M",25,NA,NA,46,"f27426a9fa0542b7b478a6c9528a8e99","CUS-3989008654",NA,NA,"debit","Tue","16:00:00","16","October"
"10954","authorized","1","ACC-3689607373","115.79","-31.79","POS","5a6d6308-dd3e-4e8a-972d-720a18cb746d","Virginia",7969.38,2018-10-23 07:00:00,"F",20,"Cunderdin","WA",15.44,"4c29596655e24aa1a07352e5088e1f4d","CUS-127297539","117.24","-31.65","debit","Tue","16:16:07","16","October"
"10955","authorized","0","ACC-4258502723","145.45","-37.74","SALES-POS","fb69e1a8-26b5-4280-ba02-5a52d287426f","Kimberly",6024.75,2018-10-23 07:00:00,"F",24,"Boronia","VIC",70.3,"8b502206120e4f4aa073462948eb32a5","CUS-3378712515","145.29","-37.86","debit","Tue","16:48:23","16","October"
"10956","posted",NA,"ACC-1279356312","144.79","-37.73","PAYMENT",NA,"Tyler",12542.91,2018-10-23 07:00:00,"M",44,NA,NA,27,"d66d04d6457c491faea18ea75085d75c","CUS-1892177589",NA,NA,"debit","Tue","17:00:00","17","October"
"10957","posted",NA,"ACC-1222300524","151.23","-33.94","PAY/SALARY",NA,"Michael",2758.28,2018-10-23 07:00:00,"M",38,NA,NA,1002.13,"38b5147f9a6641a2b8e0d1a0b8b9daaf","CUS-2142601169",NA,NA,"credit","Tue","17:00:00","17","October"
"10958","posted",NA,"ACC-1652235822","144.89","-37.81","PAY/SALARY",NA,"Renee",22480.73,2018-10-23 07:00:00,"F",38,NA,NA,1541.12,"15788b98824e4807a729ace08b686444","CUS-2206365095",NA,NA,"credit","Tue","17:00:00","17","October"
"10959","posted",NA,"ACC-3771436525","145.04","-37.92","PAY/SALARY",NA,"Derek",7773.73,2018-10-23 07:00:00,"M",20,NA,NA,1099.7,"825c2410daab4f88b3b22604a15c48d9","CUS-3325710106",NA,NA,"credit","Tue","17:00:00","17","October"
"10960","posted",NA,"ACC-1424176027","151.08","-33.93","PAYMENT",NA,"Donald",8331.91,2018-10-23 07:00:00,"M",22,NA,NA,1854,"894539f2f12448f8943f248d98aac0e9","CUS-3431016847",NA,NA,"debit","Tue","17:00:00","17","October"
"10961","posted",NA,"ACC-3954677887","115.72","-32.28","PAY/SALARY",NA,"Ruth",9107.27,2018-10-23 07:00:00,"F",47,NA,NA,1272.47,"55a77ed50d834a9b9c728b9a7d6f1626","CUS-3716701010",NA,NA,"credit","Tue","17:00:00","17","October"
"10962","posted",NA,"ACC-1243371644","150.90","-33.78","INTER BANK",NA,"Gregory",6482.39,2018-10-23 07:00:00,"M",42,NA,NA,20,"93f6f39e928c4942aaf4095c5dcb8eed","CUS-3904958894",NA,NA,"debit","Tue","17:00:00","17","October"
"10963","posted",NA,"ACC-211792489","138.63","-34.93","PAY/SALARY",NA,"Jacqueline",7397.59,2018-10-23 07:00:00,"F",30,NA,NA,4910.9,"1c410d75288f4fbb832f88d7f612693b","CUS-497688347",NA,NA,"credit","Tue","17:00:00","17","October"
"10964","posted",NA,"ACC-2897221629","150.90","-34.37","PAY/SALARY",NA,"Scott",8516.39,2018-10-23 07:00:00,"M",23,NA,NA,982.71,"7da6310cf41a4ebd9c40340dfbd256df","CUS-511326734",NA,NA,"credit","Tue","17:00:00","17","October"
"10965","authorized","1","ACC-1496451953","145.16","-37.84","SALES-POS","289957e7-8cf1-4f81-8d81-37a65a3273ad","Ricky",22555.57,2018-10-23 07:00:00,"M",43,"Melbourne","VIC",7.55,"1e19c609fc0c41c2a13a39b081a02b19","CUS-3142625864","144.97","-37.81","debit","Tue","17:22:51","17","October"
"10966","authorized","1","ACC-1222300524","151.23","-33.94","SALES-POS","e597c518-a64e-4091-a7a2-0bf8bc8e7159","Michael",1756.15,2018-10-23 07:00:00,"M",38,"Bridgetown","WA",7.96,"f7ebe2adc01d4b169dcabf61f59fb412","CUS-2142601169","116.14","-33.96","debit","Tue","17:58:34","17","October"
"10967","posted",NA,"ACC-1344825761","151.09","-33.91","PAYMENT",NA,"Sarah",24551.3,2018-10-23 07:00:00,"F",46,NA,NA,45,"764584ef2cda4d34a1a7d09717915b4b","CUS-1499065773",NA,NA,"debit","Tue","18:00:00","18","October"
"10968","posted",NA,"ACC-38923874","151.27","-33.90","INTER BANK",NA,"Ryan",43520.06,2018-10-23 07:00:00,"M",38,NA,NA,29,"c04daa1f34b44d3581e24ce7d4b36c03","CUS-3249305314",NA,NA,"debit","Tue","18:00:00","18","October"
"10969","posted",NA,"ACC-3879258709","143.83","-37.66","PAYMENT",NA,"Natasha",205451.29,2018-10-23 07:00:00,"F",40,NA,NA,29,"baa9b3f6331a4afea06e952a50d8045b","CUS-527400765",NA,NA,"debit","Tue","18:00:00","18","October"
"10970","authorized","1","ACC-3689607373","115.79","-31.79","SALES-POS","04f1f4ef-1ffa-4038-9ff2-e2924bdd6efb","Virginia",7935.6,2018-10-23 07:00:00,"F",20,"Ashmore","QLD",33.78,"35edb10566c34bb4b938d7631c01caed","CUS-127297539","153.34","-27.98","debit","Tue","18:36:55","18","October"
"10971","posted",NA,"ACC-1710017148","150.82","-34.01","PHONE BANK",NA,"Michelle",17231.58,2018-10-23 07:00:00,"F",19,NA,NA,179,"92af4e0ca14f4117bbf2128b3ef5492d","CUS-883482547",NA,NA,"debit","Tue","19:00:00","19","October"
"10972","authorized","1","ACC-1349834573","145.17","-37.84","SALES-POS","c3f58ae3-51e2-48c4-a5e7-445bb24d1f6b","Matthew",15667.06,2018-10-23 07:00:00,"M",39,"Tarneit","VIC",38.88,"166e43be28b247d3810f9e4d1e3cab54","CUS-1790886359","144.67","-37.86","debit","Tue","19:18:10","19","October"
"10973","posted",NA,"ACC-1199531521","116.02","-31.87","PAYMENT",NA,"Billy",17657.63,2018-10-23 07:00:00,"M",52,NA,NA,20,"0399ef21b4d84a2c84081bf5f849f7d5","CUS-134833760",NA,NA,"debit","Tue","20:00:00","20","October"
"10974","posted",NA,"ACC-1349834573","145.17","-37.84","PAYMENT",NA,"Matthew",15633.06,2018-10-23 07:00:00,"M",39,NA,NA,34,"116c44485607425d82e946e93b166e5a","CUS-1790886359",NA,NA,"debit","Tue","20:00:00","20","October"
"10975","posted",NA,"ACC-4281711154","144.98","-37.84","PAYMENT",NA,"Eric",42063.02,2018-10-23 07:00:00,"M",42,NA,NA,151,"976947f8906d4a7b9e17d2b11dead57e","CUS-3151318058",NA,NA,"debit","Tue","20:00:00","20","October"
"10976","authorized","1","ACC-2249586092","115.98","-32.07","POS","35f860db-ab81-4d83-827f-216d5eb95ce7","Edward",12344.25,2018-10-23 07:00:00,"M",19,"Yokine","WA",15.33,"4874fa5e8efb4a279c01ef885e34f65c","CUS-443776336","115.85","-31.9","debit","Tue","20:01:51","20","October"
"10977","authorized","1","ACC-1496451953","145.16","-37.84","SALES-POS","662a443c-8a1d-46e6-9904-e23f8fc53c50","Ricky",22533.12,2018-10-23 07:00:00,"M",43,"Woolloongabba","QLD",22.45,"3429a615c12a4ebebc0f1eb7eb09d55d","CUS-3142625864","153.03","-27.49","debit","Tue","20:25:06","20","October"
"10978","authorized","0","ACC-1243371644","150.90","-33.78","SALES-POS","4cb86aec-ce5c-41d0-b0bf-1b7f56cf4d4a","Gregory",6462.89,2018-10-23 07:00:00,"M",42,"Thornleigh","NSW",19.5,"0e533d86c9424cfe913686ff4a0a1793","CUS-3904958894","151.09","-33.72","debit","Tue","20:48:22","20","October"
"10979","authorized","1","ACC-964839203","146.92","-36.07","POS","d582810b-04c5-4fec-9016-ab0ee3c27e01","Michael",41167.85,2018-10-23 07:00:00,"M",21,"Tarneit","VIC",32.05,"0249cba2ce284b7790426dfb1af17d85","CUS-2059096722","144.69","-37.84","debit","Tue","21:09:48","21","October"
"10980","authorized","1","ACC-4258502723","145.45","-37.74","POS","4b2fbc4b-533f-4084-8cd8-02132e2acea0","Kimberly",6003.89,2018-10-23 07:00:00,"F",24,"Wollert","VIC",20.86,"c4bca638ea6944599f98f782da8864ce","CUS-3378712515","145.03","-37.62","debit","Tue","21:29:24","21","October"
"10981","authorized","0","ACC-2305712452","138.61","-34.89","SALES-POS","83c94359-a845-4aec-8e1f-f1be9d80efb4","Debra",6986.42,2018-10-23 07:00:00,"F",18,"Adelaide","SA",35.93,"0b5b7a7f8d854803b175cdadaaac72ec","CUS-1842679196","138.6","-34.93","debit","Tue","21:49:01","21","October"
"10982","authorized","1","ACC-1243371644","150.90","-33.78","SALES-POS","3a44104b-a925-4094-bc0e-1667f820c189","Gregory",6447.07,2018-10-23 07:00:00,"M",42,"Oatley","NSW",15.82,"bf3015956516431884c9d9059ffb6b64","CUS-3904958894","151.08","-33.98","debit","Tue","22:15:42","22","October"
"10983","authorized","1","ACC-574997646","150.79","-33.64","SALES-POS","dd91411c-36d1-46d7-af1b-6267a7c0799f","Mackenzie",6633.9,2018-10-23 07:00:00,"F",18,"Kogarah","NSW",11.45,"91085812e8d049e392406bbdfe9e7d82","CUS-586638664","151.14","-33.97","debit","Tue","22:51:25","22","October"
"10984","posted",NA,"ACC-2901672282","255.00","-573.00","PAYMENT",NA,"Daniel",11568.46,2018-10-23 07:00:00,"M",22,NA,NA,40,"a89ff25555584da79787436589b93eac","CUS-1617121891",NA,NA,"debit","Tue","23:00:00","23","October"
"10985","authorized","1","ACC-240804743","121.48","-30.75","POS","bc0c2a50-9134-47da-bbab-0dd01f39fe6c","Kenneth",20793.5,2018-10-24 07:00:00,"M",29,"Kalgoorlie","WA",8.13,"7d04220ee9f84696a5b2fc98b05d1741","CUS-261674136","121.47","-30.75","debit","Wed","00:12:13","00","October"
"10986","authorized","1","ACC-2674800293","144.96","-37.69","SALES-POS","e51b7681-9e22-43d1-911b-62ea1a0ef165","Elizabeth",29445.42,2018-10-24 07:00:00,"F",50,"Melbourne","VIC",10.05,"3284b0896bc54d92aeadbd09337f45d7","CUS-2977593493","144.96","-37.82","debit","Wed","01:02:58","01","October"
"10987","authorized","1","ACC-1598451071","153.41","-27.95","POS","87db1ac8-75c4-4b0e-ab42-2a27b2b85fdc","Diana",999.37,2018-10-24 07:00:00,"F",26,"Highland Park","QLD",14.74,"b861f13421ed43579e895820677f925f","CUS-2487424745","153.34","-28.01","debit","Wed","01:24:15","01","October"
"10988","authorized","1","ACC-2014856841","144.99","-37.90","POS","6a044bfa-6fd1-460d-920a-db6ed0ea5227","Patrick",266916.32,2018-10-24 07:00:00,"M",46,"Ferntree Gully","VIC",64.98,"08e074cfdf8d4154bc20f66a5e30a4d0","CUS-2370108457","145.29","-37.89","debit","Wed","01:45:31","01","October"
"10989","posted",NA,"ACC-3881031190","149.19","-21.15","INTER BANK",NA,"Richard",8415.79,2018-10-24 07:00:00,"M",37,NA,NA,86,"c3589ca259eb431c8d1d4daf17b3f417","CUS-3201519139",NA,NA,"debit","Wed","02:00:00","02","October"
"10990","authorized","1","ACC-1037050564","153.10","-27.66","POS","fd879e84-6bd7-4559-8713-00a99a911606","Rhonda",5360.48,2018-10-24 07:00:00,"F",40,"Brisbane City","QLD",9.42,"e92835318d53433a8b9f75c10fcf3691","CUS-1614226872","153.02","-27.47","debit","Wed","02:19:59","02","October"
"10991","posted",NA,"ACC-2673069055","152.99","-27.49","PAYMENT",NA,"Richard",13240.78,2018-10-24 07:00:00,"M",24,NA,NA,1385,"e2436775113d466f96d53a591f017849","CUS-51506836",NA,NA,"debit","Wed","03:00:00","03","October"
"10992","authorized","1","ACC-1598451071","153.41","-27.95","SALES-POS","572f66c0-da75-4c06-b538-4bc89f841fa9","Diana",989.86,2018-10-24 07:00:00,"F",26,"Main Beach","QLD",9.51,"66dff7cdafd645b6a7130c20412d0443","CUS-2487424745","153.43","-27.97","debit","Wed","04:11:06","04","October"
"10993","authorized","1","ACC-966140392","147.08","-37.97","POS","ae69a7c0-72bb-400e-91e4-5c390739aaaf","Joseph",9877.83,2018-10-24 07:00:00,"M",21,"Dandenong South","VIC",8.19,"702f946987b64817bf6a144bd4344b9a","CUS-537508723","145.2","-38.03","debit","Wed","04:48:08","04","October"
"10994","posted",NA,"ACC-1217063613","147.61","-37.82","PAYMENT",NA,"Kimberly",4042.15,2018-10-24 07:00:00,"F",27,NA,NA,173,"1cf8d3beea034c749c1af7231dba693b","CUS-1739931018",NA,NA,"debit","Wed","06:00:00","06","October"
"10995","posted",NA,"ACC-602667573","151.23","-33.96","INTER BANK",NA,"Michael",22153.42,2018-10-24 07:00:00,"M",40,NA,NA,21,"319ce0a5d63748c2915139a95afd330b","CUS-2031327464",NA,NA,"debit","Wed","06:00:00","06","October"
"10996","posted",NA,"ACC-2171593283","146.94","-36.04","PAYMENT",NA,"Fernando",17592,2018-10-24 07:00:00,"M",19,NA,NA,27,"386bec7bcfc24563826963714f824ca8","CUS-2317998716",NA,NA,"debit","Wed","06:00:00","06","October"
"10997","posted",NA,"ACC-2890243754","153.32","-27.93","PAYMENT",NA,"Joseph",2060.96,2018-10-24 07:00:00,"M",37,NA,NA,166,"8bfd1538e37d456682cd2e7b53546ffb","CUS-2695611575",NA,NA,"debit","Wed","06:00:00","06","October"
"10998","posted",NA,"ACC-2776252858","144.95","-37.76","PAYMENT",NA,"Kristin",8744.27,2018-10-24 07:00:00,"F",43,NA,NA,29,"ffcb83fc26b14b1fa859449ef69330a5","CUS-4123612273",NA,NA,"debit","Wed","06:00:00","06","October"
"10999","posted",NA,"ACC-588564840","151.27","-33.76","INTER BANK",NA,"Isaiah",20547.21,2018-10-24 07:00:00,"M",23,NA,NA,25,"7764dee5231b4fa492b85aa2b8fd4850","CUS-1462656821",NA,NA,"debit","Wed","07:00:00","07","October"
"11000","posted",NA,"ACC-1496451953","145.16","-37.84","INTER BANK",NA,"Ricky",22494.12,2018-10-24 07:00:00,"M",43,NA,NA,39,"f619fefcee314e5a97509ea90b02209f","CUS-3142625864",NA,NA,"debit","Wed","07:00:00","07","October"
"11001","posted",NA,"ACC-574997646","150.79","-33.64","PAYMENT",NA,"Mackenzie",6542.9,2018-10-24 07:00:00,"F",18,NA,NA,91,"d24be31f3ba34aceac2401f831cf5a48","CUS-586638664",NA,NA,"debit","Wed","07:00:00","07","October"
"11002","authorized","1","ACC-847145727","115.90","-31.92","POS","6096ea3e-85d4-496a-904d-0dd8a0722c85","Michael",63464.99,2018-10-24 07:00:00,"M",19,"Brentwood","WA",24.53,"18ca4dc86a1c4c73be23074ee315c7a0","CUS-1609060617","115.85","-32.04","debit","Wed","07:03:38","07","October"
"11003","authorized","1","ACC-847145727","115.90","-31.92","SALES-POS","58774670-0725-45f2-9b4d-0e30f1d3e8cb","Michael",63453.8,2018-10-24 07:00:00,"M",19,"Perth","WA",11.19,"a7e75368580444ddb63f8514ff1b0ef7","CUS-1609060617","116.01","-31.94","debit","Wed","07:49:05","07","October"
"11004","posted",NA,"ACC-2014856841","144.99","-37.90","INTER BANK",NA,"Patrick",266894.32,2018-10-24 07:00:00,"M",46,NA,NA,22,"49b707cec9454739a06dd80eb90da4a0","CUS-2370108457",NA,NA,"debit","Wed","08:00:00","08","October"
"11005","posted",NA,"ACC-4163822186","149.03","-34.97","PAYMENT",NA,"Karen",10995.06,2018-10-24 07:00:00,"F",26,NA,NA,55,"ba53f4d5e893492d8f819d994856b292","CUS-2630892467",NA,NA,"debit","Wed","08:00:00","08","October"
"11006","posted",NA,"ACC-3954677887","115.72","-32.28","PAYMENT",NA,"Ruth",9049.27,2018-10-24 07:00:00,"F",47,NA,NA,58,"851dbd1fadfa4149b72461675a422e36","CUS-3716701010",NA,NA,"debit","Wed","08:00:00","08","October"
"11007","authorized","1","ACC-1443681913","150.92","-33.77","SALES-POS","a566e35d-eaba-41d7-a8d7-31d750fce2d3","Ryan",5271.42,2018-10-24 07:00:00,"M",31,"Loxton","SA",28.26,"f09b0f0aaa504ca6b34a766ea73e6dc6","CUS-3129499595","140.57","-34.45","debit","Wed","08:11:41","08","October"
"11008","authorized","0","ACC-2249586092","115.98","-32.07","SALES-POS","b96a0f57-98d5-46c7-b3ab-93e88dc8ad54","Edward",12333.25,2018-10-24 07:00:00,"M",19,"Stirling","WA",11,"1e878988f14a45709d7ed1a76bcf2ec3","CUS-443776336","115.81","-31.88","debit","Wed","08:27:04","08","October"
"11009","authorized","1","ACC-90814749","151.68","-32.98","POS","45bc960b-329f-4f2f-bb8b-ed8cc90699e1","Christopher",13089.85,2018-10-24 07:00:00,"M",35,"Newcastle","NSW",15.48,"c6118dc823e64adcb7248caf16411041","CUS-1896554896","151.77","-32.93","debit","Wed","08:42:27","08","October"
"11010","authorized","1","ACC-1598451071","153.41","-27.95","SALES-POS","d1914cd8-5226-4cb0-9adc-8c5eb35d07ce","Diana",979.28,2018-10-24 07:00:00,"F",26,"Highland Park","QLD",10.58,"05ca354bb87d4aafb30301db2ee6dd07","CUS-2487424745","153.33","-28.01","debit","Wed","08:57:50","08","October"
"11011","posted",NA,"ACC-354106658","151.04","-33.80","INTER BANK",NA,"Christine",23677.54,2018-10-24 07:00:00,"F",39,NA,NA,25,"e88189f5a90b4bdfbc699a9ac18ed7d1","CUS-2376382098",NA,NA,"debit","Wed","09:00:00","09","October"
"11012","posted",NA,"ACC-1443681913","150.92","-33.77","PAYMENT",NA,"Ryan",5235.42,2018-10-24 07:00:00,"M",31,NA,NA,36,"c4cbf73973e3459a96f9b67ea0643b2d","CUS-3129499595",NA,NA,"debit","Wed","09:00:00","09","October"
"11013","authorized","1","ACC-1903037542","153.05","-27.61","SALES-POS","e4f97038-2b5a-4530-81c5-1fe235bd5830","Jeffrey",3971.64,2018-10-24 07:00:00,"M",30,"Southport","QLD",24.52,"20112a29f9e94f9ab0d1bac96535fcb1","CUS-860700529","153.41","-27.97","debit","Wed","09:03:53","09","October"
"11014","authorized","1","ACC-2014856841","144.99","-37.90","SALES-POS","3a5bdc06-632f-4104-9194-1c5da4c1461b","Patrick",266877.26,2018-10-24 07:00:00,"M",46,"Brunswick","VIC",17.06,"39cf9edbf4e24e3aa61ef6420ff89ecd","CUS-2370108457","144.97","-37.78","debit","Wed","09:08:24","09","October"
"11015","authorized","1","ACC-2249586092","115.98","-32.07","SALES-POS","3f143907-c5f5-488c-8787-03f135e1ea1f","Edward",12318.88,2018-10-24 07:00:00,"M",19,"Ardross","WA",14.37,"fa671bf4a0834680abd2d431d7585903","CUS-443776336","115.83","-32.02","debit","Wed","09:12:56","09","October"
"11016","authorized","1","ACC-1903037542","153.05","-27.61","POS","bcf746b5-7bf5-44fc-934b-9c44540ed213","Jeffrey",3955.91,2018-10-24 07:00:00,"M",30,"Cleveland","QLD",15.73,"490522847fe6404ea9b2d271c0f3fdf4","CUS-860700529","153.27","-27.53","debit","Wed","09:17:27","09","October"
"11017","authorized","1","ACC-1496451953","145.16","-37.84","POS","000ac2ae-b188-4c3c-b035-aa5f5ffac2ba","Ricky",22458.58,2018-10-24 07:00:00,"M",43,"Melton","VIC",35.54,"53a0f7c042b8485b97108213b91d9179","CUS-3142625864","144.58","-37.69","debit","Wed","09:21:59","09","October"
"11018","authorized","1","ACC-3771436525","145.04","-37.92","SALES-POS","adc6d252-4f87-4daa-99ac-e290fda9df4f","Derek",7747.29,2018-10-24 07:00:00,"M",20,"South Wharf","VIC",26.44,"f4b6a9c91a3347b59d3018e2e73a75d8","CUS-3325710106","144.95","-37.82","debit","Wed","09:26:30","09","October"
"11019","authorized","1","ACC-958000567","130.90","-12.37","SALES-POS","73c0924f-dc35-4ab1-8136-2b5775cf4280","Sandra",11501.78,2018-10-24 07:00:00,"F",34,"Stuart Park","NT",23.75,"396b33969f47458cac536467d0293707","CUS-4142663097","130.84","-12.44","debit","Wed","09:31:02","09","October"
"11020","authorized","1","ACC-182446574","116.06","-32.00","POS","a59f8ca4-2ddd-4e26-a907-29093ba5961d","Tonya",8983.36,2018-10-24 07:00:00,"F",27,"Malaga","WA",5.4,"d97137f8fea140bfbe2c30886ebcaee7","CUS-3026014945","115.88","-31.85","debit","Wed","09:35:33","09","October"
"11021","authorized","1","ACC-3233697971","151.04","-33.77","POS","71ad796b-9872-4a78-bb73-cd418e50c801","Robin",14253.15,2018-10-24 07:00:00,"F",34,"Berkshire Park","NSW",41.66,"618d2287da634b449b25e8f4cbe87dea","CUS-1147642491","150.81","-33.67","debit","Wed","09:40:05","09","October"
"11022","authorized","1","ACC-4258502723","145.45","-37.74","SALES-POS","dd1ae7a0-7fff-494b-9943-241e82a59683","Kimberly",5981.3,2018-10-24 07:00:00,"F",24,"Box Hill North","VIC",22.59,"0488ee38a7b6473585a810a32a0e5d86","CUS-3378712515","145.13","-37.8","debit","Wed","09:44:36","09","October"
"11023","authorized","1","ACC-3317636250","153.02","-27.66","SALES-POS","68ee595c-7a0b-48b6-8093-73442f894183","Kenneth",18659.43,2018-10-24 07:00:00,"M",35,"Greenslopes","QLD",60.61,"2b56c494d3f14f7094ba5deda9073b85","CUS-2738291516","153.05","-27.51","debit","Wed","09:49:08","09","October"
"11024","authorized","1","ACC-574997646","150.79","-33.64","SALES-POS","a9e473d9-ab9d-4ab8-921e-85177fc04b39","Mackenzie",6519.72,2018-10-24 07:00:00,"F",18,"Mona Vale","NSW",23.18,"3ec93b4cc3074ff6ab8c36e7e580c7e8","CUS-586638664","151.3","-33.68","debit","Wed","09:53:39","09","October"
"11025","authorized","1","ACC-1598451071","153.41","-27.95","POS","51f03efa-4903-425b-b27e-c7ecfbc7789d","Diana",962.4,2018-10-24 07:00:00,"F",26,"Parramatta","NSW",16.88,"cfcd71491fda4de18bae7f8307f7bf5e","CUS-2487424745","151.02","-33.81","debit","Wed","09:58:11","09","October"
"11026","posted",NA,"ACC-1037050564","153.10","-27.66","PAYMENT",NA,"Rhonda",5328.48,2018-10-24 07:00:00,"F",40,NA,NA,32,"674f93920d434e5c96850cd63551a1c9","CUS-1614226872",NA,NA,"debit","Wed","10:00:00","10","October"
"11027","posted",NA,"ACC-1799207998","150.68","-33.79","INTER BANK",NA,"Susan",9553.62,2018-10-24 07:00:00,"F",20,NA,NA,39,"04f51cecee264d13be546cf4faeb8bc7","CUS-164374203",NA,NA,"debit","Wed","10:00:00","10","October"
"11028","posted",NA,"ACC-2107684084","145.03","-37.88","PAYMENT",NA,"Richard",10240.69,2018-10-24 07:00:00,"M",22,NA,NA,34,"5658c2f86a344e4b878756c813a0a371","CUS-2283904812",NA,NA,"debit","Wed","10:00:00","10","October"
"11029","posted",NA,"ACC-2173390920","144.71","-37.58","PAYMENT",NA,"Luis",12432.52,2018-10-24 07:00:00,"M",27,NA,NA,29,"2241612aa14f47879ce09b00ef5d7764","CUS-3180318393",NA,NA,"debit","Wed","10:00:00","10","October"
"11030","posted",NA,"ACC-966140392","147.08","-37.97","PAYMENT",NA,"Joseph",9847.83,2018-10-24 07:00:00,"M",21,NA,NA,30,"52d9f2ac49e04ee3938d7c19646bd1fe","CUS-537508723",NA,NA,"debit","Wed","10:00:00","10","October"
"11031","authorized","1","ACC-1222300524","151.23","-33.94","POS","51b5442f-31a4-44a4-bb86-bddb39381290","Michael",2739.69,2018-10-24 07:00:00,"M",38,"Punchbowl","NSW",18.59,"e0a087f3ea1f4111a04eb3ae4e2a7b17","CUS-2142601169","151.06","-33.93","debit","Wed","10:06:31","10","October"
"11032","authorized","1","ACC-1903037542","153.05","-27.61","SALES-POS","2c3eb181-cb33-418f-a96e-2f062dede376","Jeffrey",3935.01,2018-10-24 07:00:00,"M",30,"Sydney","NSW",20.9,"5e7f5a0ef6b74ffb8ee0b975b6116110","CUS-860700529","151.2","-33.86","debit","Wed","10:17:23","10","October"
"11033","authorized","1","ACC-2249586092","115.98","-32.07","POS","294193ff-d76e-445f-b240-dea59df2caf8","Edward",12311.71,2018-10-24 07:00:00,"M",19,"Broken Hill","NSW",7.17,"de48e45e5f0d440ea227707c4ac937c0","CUS-443776336","141.47","-31.94","debit","Wed","10:28:15","10","October"
"11034","authorized","1","ACC-3100725361","145.73","-17.03","SALES-POS","efa3eb4e-376f-45d3-b1e8-ad3b03a66dbb","Ronald",4784.38,2018-10-24 07:00:00,"M",25,"Taylors Lakes","VIC",11.77,"acc8300c08424d319761f220925d150b","CUS-2178051368","144.8","-37.7","debit","Wed","10:39:07","10","October"
"11035","authorized","1","ACC-1516130869","130.84","-12.45","POS","8f3cf4a8-e240-4fa7-9a9d-fda6e0f5ad41","Jessica",3068.8,2018-10-24 07:00:00,"F",21,"Darwin","NT",22.63,"8b1f360933414055973482981497817a","CUS-325142416","130.84","-12.47","debit","Wed","10:49:59","10","October"
"11036","posted",NA,"ACC-588564840","151.27","-33.76","PAY/SALARY",NA,"Isaiah",24451.16,2018-10-24 07:00:00,"M",23,NA,NA,3903.95,"d14a8667671948e8b688486d2f97d97f","CUS-1462656821",NA,NA,"credit","Wed","11:00:00","11","October"
"11037","posted",NA,"ACC-1334819143","145.13","-37.70","PAYMENT",NA,"Christopher",68043.53,2018-10-24 07:00:00,"M",33,NA,NA,124,"2a18f3c7783b4a739573ca21122016ca","CUS-3117610635",NA,NA,"debit","Wed","11:00:00","11","October"
"11038","authorized","1","ACC-354106658","151.04","-33.80","SALES-POS","f31f4b14-2040-40ec-a120-b141bb274cbd","Christine",23645.52,2018-10-24 07:00:00,"F",39,"Mascot","NSW",32.02,"733556a2f8e843bd8f2886cca9ae61bb","CUS-2376382098","151.19","-33.93","debit","Wed","11:00:26","11","October"
"11039","authorized","1","ACC-3317636250","153.02","-27.66","POS","a7abcaee-3216-438d-8419-15b60e3f5646","Kenneth",18651.39,2018-10-24 07:00:00,"M",35,"Brisbane City","QLD",8.04,"ea76ae18d73e4b41a180d76d1475795b","CUS-2738291516","153.02","-27.47","debit","Wed","11:06:04","11","October"
"11040","authorized","1","ACC-3317636250","153.02","-27.66","POS","bb114176-22b5-4fc2-b6cb-3878142c3e20","Kenneth",18604.74,2018-10-24 07:00:00,"M",35,"Moonie","QLD",46.65,"df4944f589c04cff99f8ec69f9a0ef6d","CUS-2738291516","150.25","-27.76","debit","Wed","11:11:41","11","October"
"11041","authorized","1","ACC-3100725361","145.73","-17.03","SALES-POS","165ae310-aa9e-43b6-b875-f996db6586bd","Ronald",4752.26,2018-10-24 07:00:00,"M",25,"Brisbane City","QLD",32.12,"84f3c375caf240419d799f419e2a9eac","CUS-2178051368","153.03","-27.47","debit","Wed","11:17:18","11","October"
"11042","authorized","1","ACC-1438600314","138.69","-34.84","SALES-POS","3c90e5e5-31ae-4e20-b78d-6b0cd3537178","Maria",5955.4,2018-10-24 07:00:00,"F",35,"Modbury","SA",27.08,"00bde5de15184e7ca669f7efc1143f9a","CUS-2650223890","138.69","-34.83","debit","Wed","11:22:55","11","October"
"11043","authorized","1","ACC-1598451071","153.41","-27.95","POS","0c63889c-e2cc-482b-be44-774f70fdceaf","Diana",953.11,2018-10-24 07:00:00,"F",26,"Broadbeach","QLD",9.29,"7376e30efbbf498983f7848b33ba95b1","CUS-2487424745","153.43","-28.04","debit","Wed","11:28:32","11","October"
"11044","authorized","1","ACC-1243371644","150.90","-33.78","POS","f105d727-4616-4411-be10-3834a2f08f90","Gregory",6431.12,2018-10-24 07:00:00,"M",42,"Manly","NSW",15.95,"d54152bac9564c5e82a5c8028a349f2d","CUS-3904958894","151.29","-33.8","debit","Wed","11:34:09","11","October"
"11045","authorized","1","ACC-2153562714","116.00","-31.88","POS","4c90fdf3-5b7d-4fdc-b734-8bd894ed6a89","Linda",6145.59,2018-10-24 07:00:00,"F",24,"Ceduna","SA",13.34,"3f662a1d46764ffb8ebe76a68c9a2fcf","CUS-423725039","133.67","-32.12","debit","Wed","11:39:46","11","October"
"11046","authorized","1","ACC-2153562714","116.00","-31.88","SALES-POS","ae795fdc-a1a3-4dce-8869-2a39ea3231cf","Linda",5995.21,2018-10-24 07:00:00,"F",24,"Hawthorn East","VIC",150.38,"4a47a5fd38c444b390dd4365f10ffe89","CUS-423725039","145.06","-37.83","debit","Wed","11:45:23","11","October"
"11047","authorized","1","ACC-3941181087","115.79","-31.94","SALES-POS","ebfc6c9f-9558-4df8-9184-7ee02271ee8d","Paul",14426.31,2018-10-24 07:00:00,"M",25,"Perth","WA",35.77,"955ec0f29a96483ea262d8632499b8b7","CUS-3989008654","115.86","-31.95","debit","Wed","11:51:00","11","October"
"11048","authorized","0","ACC-38923874","151.27","-33.90","SALES-POS","6205d718-e3fd-478f-b553-5d465e11fab9","Ryan",43463.53,2018-10-24 07:00:00,"M",38,"Eastwood","NSW",56.53,"10167b59b80d483ea2456c356baec36d","CUS-3249305314","151.08","-33.79","debit","Wed","11:56:37","11","October"
"11049","posted",NA,"ACC-1650504218","145.01","-37.93","PAY/SALARY",NA,"Marissa",18069.84,2018-10-24 07:00:00,"F",23,NA,NA,1626.48,"b28872b3f95c4619a3739e94295c669e","CUS-2500783281",NA,NA,"credit","Wed","12:00:00","12","October"
"11050","posted",NA,"ACC-4163822186","149.03","-34.97","PAYMENT",NA,"Karen",10949.06,2018-10-24 07:00:00,"F",26,NA,NA,46,"1ccf548487cf4ec3aec6011b6b9062f8","CUS-2630892467",NA,NA,"debit","Wed","12:00:00","12","October"
"11051","posted",NA,"ACC-182446574","116.06","-32.00","INTER BANK",NA,"Tonya",8920.08,2018-10-24 07:00:00,"F",27,NA,NA,57,"4f87101e2db54f66bc53bdf7e84da440","CUS-3026014945",NA,NA,"debit","Wed","12:00:00","12","October"
"11052","posted",NA,"ACC-3326339947","151.18","-33.80","PAY/SALARY",NA,"Eric",12978.93,2018-10-24 07:00:00,"M",22,NA,NA,983.36,"8860723cc2ea444cb328f0d46e7c4c7f","CUS-326006476",NA,NA,"credit","Wed","12:00:00","12","October"
"11053","authorized","1","ACC-1799207998","150.68","-33.79","SALES-POS","f03b1d54-1cde-4213-9df6-93c3a7f5f6e1","Susan",9511.37,2018-10-24 07:00:00,"F",20,"Darlinghurst","NSW",42.25,"6bd143a1498c4340801521676d1d4d7c","CUS-164374203","151.21","-33.88","debit","Wed","12:07:32","12","October"
"11054","authorized","1","ACC-182446574","116.06","-32.00","POS","7cdb62b5-6632-4d1d-8e28-a4d26f5cbb74","Tonya",8977.08,2018-10-24 07:00:00,"F",27,"Ceduna","SA",6.28,"1ece77a4cd96420b88b95b65d1443345","CUS-3026014945","133.67","-32.11","debit","Wed","12:26:24","12","October"
"11055","authorized","1","ACC-3233697971","151.04","-33.77","SALES-POS","919e5c7e-4032-4143-94f4-0b18e5a5e1f0","Robin",14241.71,2018-10-24 07:00:00,"F",34,"Darlinghurst","NSW",11.44,"ceda5dc0c81b444da4afcf26d2e6b93f","CUS-1147642491","151.22","-33.88","debit","Wed","12:45:16","12","October"
"11056","posted",NA,"ACC-3541460373","145.00","-37.83","PAY/SALARY",NA,"Jeffrey",5402.55,2018-10-24 07:00:00,"M",24,NA,NA,1408.08,"c11717ecdff1467f9bb7383bf1348ec4","CUS-1433879684",NA,NA,"credit","Wed","13:00:00","13","October"
"11057","posted",NA,"ACC-3100725361","145.73","-17.03","INTER BANK",NA,"Ronald",4726.26,2018-10-24 07:00:00,"M",25,NA,NA,26,"bc81e9f8957e4ea681ba3deaec8b3fb1","CUS-2178051368",NA,NA,"debit","Wed","13:00:00","13","October"
"11058","posted",NA,"ACC-2776252858","144.95","-37.76","PAY/SALARY",NA,"Kristin",9812.31,2018-10-24 07:00:00,"F",43,NA,NA,1068.04,"9df3fba7d7914127882bc71fa392cfab","CUS-4123612273",NA,NA,"credit","Wed","13:00:00","13","October"
"11059","authorized","1","ACC-3317636250","153.02","-27.66","POS","5dce61ef-78ab-492a-9124-486ff9b84665","Kenneth",18576.33,2018-10-24 07:00:00,"M",35,"Newmarket","QLD",28.41,"679c151e64b24b2d86b5b24b271f4bb0","CUS-2738291516","153.01","-27.44","debit","Wed","13:04:18","13","October"
"11060","authorized","1","ACC-1903037542","153.05","-27.61","POS","1246f7c0-606a-4ad2-9c6b-3a44edbdab64","Jeffrey",3899.09,2018-10-24 07:00:00,"M",30,"Carindale","QLD",35.92,"be9baabbe12749eba8cbb98a129cc1e4","CUS-860700529","153.11","-27.51","debit","Wed","13:23:55","13","October"
"11061","authorized","1","ACC-1799207998","150.68","-33.79","POS","6fc4c2ae-41d9-4c66-ae7b-193fa3ddd699","Susan",9501.61,2018-10-24 07:00:00,"F",20,"Marsden Park","NSW",9.76,"2c5a015d2ec649ab9e040afb9808a587","CUS-164374203","150.84","-33.72","debit","Wed","13:43:31","13","October"
"11062","posted",NA,"ACC-4065652575","115.81","-31.82","PAYMENT",NA,"Lucas",15449.86,2018-10-24 07:00:00,"M",21,NA,NA,94,"8e8aa67f92c44031998ae9b85773dda1","CUS-1117979751",NA,NA,"debit","Wed","14:00:00","14","October"
"11063","posted",NA,"ACC-1598451071","153.41","-27.95","PAY/SALARY",NA,"Diana",1966.78,2018-10-24 07:00:00,"F",26,NA,NA,1013.67,"5a911352401c4d53928b8f08e34f5c47","CUS-2487424745",NA,NA,"credit","Wed","14:00:00","14","October"
"11064","posted",NA,"ACC-240804743","121.48","-30.75","PAYMENT",NA,"Kenneth",20737.5,2018-10-24 07:00:00,"M",29,NA,NA,56,"7b9dd5c186d34d6cb6183feb7786e288","CUS-261674136",NA,NA,"debit","Wed","14:00:00","14","October"
"11065","posted",NA,"ACC-2153562714","116.00","-31.88","PAY/SALARY",NA,"Linda",9707.77,2018-10-24 07:00:00,"F",24,NA,NA,3712.56,"fe1b1a6bdd9b43f7985acc4af7b0a101","CUS-423725039",NA,NA,"credit","Wed","14:00:00","14","October"
"11066","authorized","1","ACC-3100725361","145.73","-17.03","SALES-POS","bfbb283f-f5a2-4b5b-b1e3-9e5edc057ae3","Ronald",4710.32,2018-10-24 07:00:00,"M",25,"Chatswood","NSW",15.94,"43e364c68a9a4110b85e7cf1df7134f1","CUS-2178051368","151.18","-33.8","debit","Wed","14:01:34","14","October"
"11067","authorized","0","ACC-2249586092","115.98","-32.07","POS","7e2d1c13-5e8b-479a-9654-a927787c2688","Edward",12292.01,2018-10-24 07:00:00,"M",19,"Balcatta","WA",19.7,"bf7011fc243942eba8133ed92b854c94","CUS-443776336","115.81","-31.86","debit","Wed","14:11:22","14","October"
"11068","authorized","0","ACC-1799207998","150.68","-33.79","SALES-POS","2ff8350d-f9a4-4475-ba42-77901e30112c","Susan",9495.11,2018-10-24 07:00:00,"F",20,"North Sydney","NSW",6.5,"45cb7f6022154714a644e48c95011884","CUS-164374203","151.21","-33.84","debit","Wed","14:21:10","14","October"
"11069","authorized","1","ACC-2890243754","153.32","-27.93","POS","af2ca819-8779-43d7-adb7-cf050485abd3","Joseph",2057.32,2018-10-24 07:00:00,"M",37,"Runaway Bay","QLD",3.64,"0beb8a4560724d8ca1ee3267e2003d43","CUS-2695611575","153.4","-27.92","debit","Wed","14:30:58","14","October"
"11070","authorized","1","ACC-38923874","151.27","-33.90","SALES-POS","3716e385-33dd-4645-bd4d-6a6e42dcf6eb","Ryan",43408.64,2018-10-24 07:00:00,"M",38,"Busselton","WA",54.89,"0419eb68e0214923a342cde75283e81f","CUS-3249305314","115.35","-33.65","debit","Wed","14:40:47","14","October"
"11071","authorized","1","ACC-1516130869","130.84","-12.45","POS","2b4c4504-09a4-4055-b52d-d410a85c4a78","Jessica",3053.91,2018-10-24 07:00:00,"F",21,"Yarrawonga","NT",14.89,"b28df6ea38b44d448e0669ca27971a91","CUS-325142416","130.99","-12.47","debit","Wed","14:50:35","14","October"
"11072","posted",NA,"ACC-2305712452","138.61","-34.89","PAYMENT",NA,"Debra",6950.42,2018-10-24 07:00:00,"F",18,NA,NA,36,"ce42cf60c74d4696b9e7c2d9a953b37e","CUS-1842679196",NA,NA,"debit","Wed","15:00:00","15","October"
"11073","posted",NA,"ACC-2231965366","144.96","-37.84","PAYMENT",NA,"Linda",24945.33,2018-10-24 07:00:00,"F",35,NA,NA,180,"dd0a58bae94b4bfd8e278a7dd5dd039c","CUS-2155701614",NA,NA,"debit","Wed","15:00:00","15","October"
"11074","posted",NA,"ACC-38923874","151.27","-33.90","PAYMENT",NA,"Ryan",43344.96,2018-10-24 07:00:00,"M",38,NA,NA,35,"cec7a582521f4c7d90078a2f64a69838","CUS-3249305314",NA,NA,"debit","Wed","15:00:00","15","October"
"11075","authorized","1","ACC-1222300524","151.23","-33.94","SALES-POS","d377fe00-3eb5-4bb6-9546-31ff7875d454","Michael",2321.06,2018-10-24 07:00:00,"M",38,"Artarmon","NSW",418.63,"93ce4eedc86a439888dfc15c580d527a","CUS-2142601169","151.18","-33.81","debit","Wed","15:00:15","15","October"
"11076","authorized","0","ACC-3689607373","115.79","-31.79","SALES-POS","6f6848ab-1b4d-429a-a201-0a30830b0e33","Virginia",7929.28,2018-10-24 07:00:00,"F",20,"Cottesloe","WA",6.32,"56895fb483bd4debadb6a974df5df1c7","CUS-127297539","115.75","-31.99","debit","Wed","15:06:34","15","October"
"11077","authorized","1","ACC-80388494","144.97","-37.42","POS","c43bcdfc-1133-49c1-b76f-0a74497b8998","Dustin",7137.49,2018-10-24 07:00:00,"M",28,"Hawthorn","VIC",46.46,"8d8ba1b269ae4e72bb207c5742833b51","CUS-1140341822","145.03","-37.83","debit","Wed","15:12:54","15","October"
"11078","authorized","1","ACC-38923874","151.27","-33.90","POS","b9b05a84-937a-4e0e-90d9-8358e3b23129","Ryan",43379.96,2018-10-24 07:00:00,"M",38,"Wahroonga","NSW",28.68,"af1fe01b9f27450c810538987692b3d7","CUS-3249305314","151.12","-33.72","debit","Wed","15:19:14","15","October"
"11079","authorized","0","ACC-3941181087","115.79","-31.94","SALES-POS","294193ff-d76e-445f-b240-dea59df2caf8","Paul",14410.09,2018-10-24 07:00:00,"M",25,"Broken Hill","NSW",16.22,"140cfa4e960442a6b8712168805bdd4a","CUS-3989008654","141.47","-31.94","debit","Wed","15:25:34","15","October"
"11080","authorized","1","ACC-80388494","144.97","-37.42","SALES-POS","0e976dfc-9444-4756-930f-164e5d5aaa21","Dustin",7132.92,2018-10-24 07:00:00,"M",28,"Hawthorn East","VIC",4.57,"1687587d961a4ae8ab6b5e2f2b6c81ba","CUS-1140341822","145.05","-37.85","debit","Wed","15:31:53","15","October"
"11081","authorized","0","ACC-602667573","151.23","-33.96","SALES-POS","e83070b0-ae4f-4f55-8cc1-b0964d5bf730","Michael",22042.05,2018-10-24 07:00:00,"M",40,"Newtown","NSW",111.37,"ac312f07d3a4468b8bd8efb8d1e14ff7","CUS-2031327464","151.18","-33.91","debit","Wed","15:38:13","15","October"
"11082","authorized","1","ACC-1683215619","138.67","-34.86","POS","5da9f113-d911-4709-b6a3-5ff1fbb0c7be","Barry",11335.49,2018-10-24 07:00:00,"M",38,"Bomaderry","NSW",12.46,"e58f76836cc04f4dbb297c2bd12ea6df","CUS-1604596597","150.61","-34.85","debit","Wed","15:44:33","15","October"
"11083","authorized","1","ACC-182446574","116.06","-32.00","SALES-POS","da5702cd-7e57-4415-81a0-0d1ccda9f8c7","Tonya",8887.67,2018-10-24 07:00:00,"F",27,"Ardross","WA",32.41,"dd404cf2a6e84410bad5201cd40b86a9","CUS-3026014945","115.83","-32.03","debit","Wed","15:50:53","15","October"
"11084","authorized","0","ACC-847145727","115.90","-31.92","POS","550c0b83-5997-4ac2-b699-2e68d81b6655","Michael",63368.86,2018-10-24 07:00:00,"M",19,"Hillarys","WA",84.94,"0bb6a2d026aa40128a13b34a3402ca36","CUS-1609060617","115.75","-31.8","debit","Wed","15:57:12","15","October"
"11085","posted",NA,"ACC-4065652575","115.81","-31.82","PAYMENT",NA,"Lucas",15394.86,2018-10-24 07:00:00,"M",21,NA,NA,55,"98b54111833b43cf8969351b29b2ef33","CUS-1117979751",NA,NA,"debit","Wed","16:00:00","16","October"
"11086","posted",NA,"ACC-3485804958","138.52","-35.01","PAY/SALARY",NA,"Jessica",31350.5,2018-10-24 07:00:00,"F",34,NA,NA,3903.73,"ffb451002a8e4812888e7196cc1ce48a","CUS-1196156254",NA,NA,"credit","Wed","16:00:00","16","October"
"11087","posted",NA,"ACC-1799207998","150.68","-33.79","PAYMENT",NA,"Susan",9460.11,2018-10-24 07:00:00,"F",20,NA,NA,35,"ea4b0b99a0664e86ad151a575dc63b26","CUS-164374203",NA,NA,"debit","Wed","16:00:00","16","October"
"11088","posted",NA,"ACC-1973887809","115.78","-31.90","PAY/SALARY",NA,"Antonio",8630.16,2018-10-24 07:00:00,"M",26,NA,NA,1098.91,"ebabf4cff088457bbf72e60f289b706d","CUS-1646621553",NA,NA,"credit","Wed","16:00:00","16","October"
"11089","posted",NA,"ACC-4059612845","130.98","-12.49","PAY/SALARY",NA,"Jonathan",63656.55,2018-10-24 07:00:00,"M",38,NA,NA,2647.38,"4fc58f9dfba14f7ea4d363b0de723c92","CUS-495599312",NA,NA,"credit","Wed","16:00:00","16","October"
"11090","authorized","1","ACC-80388494","144.97","-37.42","POS","c9c1f612-a297-482f-9712-d0e9c611efd3","Dustin",7100.5,2018-10-24 07:00:00,"M",28,"Melbourne","VIC",32.42,"b6fb507c8c714b6e961e7fd1496b77a0","CUS-1140341822","144.97","-37.81","debit","Wed","16:10:10","16","October"
"11091","authorized","1","ACC-1903037542","153.05","-27.61","POS","8c1e002f-70cd-4fae-8ecd-7492afdddb76","Jeffrey",3865.96,2018-10-24 07:00:00,"M",30,"Yamanto","QLD",33.13,"dbd85b69d2574ea9acd0de45502fbeea","CUS-860700529","152.74","-27.66","debit","Wed","16:28:21","16","October"
"11092","authorized","1","ACC-964839203","146.92","-36.07","POS","5ed245da-0805-4fcf-b011-6c5f0d885cb2","Michael",41157.39,2018-10-24 07:00:00,"M",21,"Geelong","VIC",10.46,"0e2464180695459f87b3c43372eeff2a","CUS-2059096722","144.36","-38.15","debit","Wed","16:46:32","16","October"
"11093","posted",NA,"ACC-819621312","145.04","-37.85","PAY/SALARY",NA,"Michele",3097.72,2018-10-24 07:00:00,"F",30,NA,NA,1158.15,"1d73be98a5db44b2a9d969909d1b8e52","CUS-1271030853",NA,NA,"credit","Wed","17:00:00","17","October"
"11094","posted",NA,"ACC-2920611728","144.96","-37.76","PAY/SALARY",NA,"Tyler",10642.38,2018-10-24 07:00:00,"M",69,NA,NA,1043.12,"98ab35051ca0478d992adbf000ab5578","CUS-1388323263",NA,NA,"credit","Wed","17:00:00","17","October"
"11095","posted",NA,"ACC-2901672282","255.00","-573.00","PAYMENT",NA,"Daniel",11535.46,2018-10-24 07:00:00,"M",22,NA,NA,33,"64733ce8979142feaaf6733e5fba2c39","CUS-1617121891",NA,NA,"debit","Wed","17:00:00","17","October"
"11096","posted",NA,"ACC-1799207998","150.68","-33.79","PAY/SALARY",NA,"Susan",10855.6,2018-10-24 07:00:00,"F",20,NA,NA,1395.49,"fb5a19f43ed34c878a2830c7585e7f68","CUS-164374203",NA,NA,"credit","Wed","17:00:00","17","October"
"11097","posted",NA,"ACC-1349834573","145.17","-37.84","PAY/SALARY",NA,"Matthew",18686.76,2018-10-24 07:00:00,"M",39,NA,NA,3071.14,"c68353c3fdd2475ba768b22edb0126af","CUS-1790886359",NA,NA,"credit","Wed","17:00:00","17","October"
"11098","posted",NA,"ACC-4163822186","149.03","-34.97","PAYMENT",NA,"Karen",10899.06,2018-10-24 07:00:00,"F",26,NA,NA,50,"6e623d509f4b42e3a38de619059a6b2c","CUS-2630892467",NA,NA,"debit","Wed","17:00:00","17","October"
"11099","posted",NA,"ACC-958000567","130.90","-12.37","PAYMENT",NA,"Sandra",10235.78,2018-10-24 07:00:00,"F",34,NA,NA,1266,"41002c92afa248a994dee3972c951b2a","CUS-4142663097",NA,NA,"debit","Wed","17:00:00","17","October"
"11100","authorized","1","ACC-1443681913","150.92","-33.77","SALES-POS","4f1bd388-4717-4fa6-8c32-1090324e34b4","Ryan",5228.66,2018-10-24 07:00:00,"M",31,"Wollstonecraft","NSW",6.76,"dbea872440ed436faea8cab0c5e9cda5","CUS-3129499595","151.19","-33.83","debit","Wed","17:03:27","17","October"
"11101","authorized","1","ACC-354106658","151.04","-33.80","SALES-POS","abe64210-3df3-4615-83d7-5cc2c28964d6","Christine",23615.12,2018-10-24 07:00:00,"F",39,"Ultimo","NSW",30.4,"cc4baf6591fe4b9da6b3daa2589e672d","CUS-2376382098","151.2","-33.88","debit","Wed","17:16:47","17","October"
"11102","authorized","0","ACC-854938045","147.63","-22.84","SALES-POS","c52203b5-920c-4eb9-ae43-34c065f1e8b2","James",13702.68,2018-10-24 07:00:00,"M",28,"Tempe","NSW",85.77,"1128d77869b54ba4b85fd91b26103f11","CUS-4023861240","151.16","-33.92","debit","Wed","17:30:07","17","October"
"11103","authorized","0","ACC-1349834573","145.17","-37.84","SALES-POS","3c3c3250-e466-408c-94dd-54763b8f579c","Matthew",15615.62,2018-10-24 07:00:00,"M",39,"Sunshine","VIC",17.44,"66d48849ecae4ad4bdc304526806516b","CUS-1790886359","144.81","-37.81","debit","Wed","17:43:27","17","October"
"11104","authorized","1","ACC-4274272854","145.23","-37.86","SALES-POS","ff10333e-4d6e-4e46-8195-80d940ce7c75","Timothy",9904.85,2018-10-24 07:00:00,"M",20,"Melbourne","VIC",9.22,"01211dfc6e1f4217b6bed0c90269ab91","CUS-2484453271","144.97","-37.82","debit","Wed","17:56:47","17","October"
"11105","posted",NA,"ACC-2153562714","116.00","-31.88","PAYMENT",NA,"Linda",9661.77,2018-10-24 07:00:00,"F",24,NA,NA,46,"2161555cefe44ccdb882a75a617f3233","CUS-423725039",NA,NA,"debit","Wed","18:00:00","18","October"
"11106","authorized","1","ACC-602667573","151.23","-33.96","SALES-POS","6d5a36a7-9f83-40c2-94b9-4fb9e5f2dc23","Michael",22015.28,2018-10-24 07:00:00,"M",40,"Fyshwick","ACT",26.77,"981bc0c4e92e44c897d8a0869e5510b3","CUS-2031327464","149.18","-35.32","debit","Wed","18:21:42","18","October"
"11107","authorized","1","ACC-4274272854","145.23","-37.86","SALES-POS","635f047e-65f0-4c24-8596-9ef6c1df36fb","Timothy",9879.08,2018-10-24 07:00:00,"M",20,"Camberwell","VIC",25.77,"de63a22ce837487c86bfa52df802fb84","CUS-2484453271","145.06","-37.85","debit","Wed","18:50:17","18","October"
"11108","posted",NA,"ACC-1349834573","145.17","-37.84","PAYMENT",NA,"Matthew",18638.76,2018-10-24 07:00:00,"M",39,NA,NA,48,"52ca920a000145ffbffeeb4a4f35bd8f","CUS-1790886359",NA,NA,"debit","Wed","19:00:00","19","October"
"11109","authorized","1","ACC-1799207998","150.68","-33.79","SALES-POS","8050b69d-673c-438f-b4a9-e031efccdc90","Susan",10846.5,2018-10-24 07:00:00,"F",20,"North Sydney","NSW",9.1,"a25416be32fa4f728df47a75b5b30eb1","CUS-164374203","151.21","-33.84","debit","Wed","19:09:33","19","October"
"11110","authorized","1","ACC-2890243754","153.32","-27.93","SALES-POS","d2ed2ec3-a995-4fcf-99f9-1b85ca2c917d","Joseph",2052.89,2018-10-24 07:00:00,"M",37,"Biggera Waters","QLD",4.43,"ef5e344ae0024bbab8204dbc5a49631b","CUS-2695611575","153.39","-27.93","debit","Wed","19:24:03","19","October"
"11111","authorized","1","ACC-182446574","116.06","-32.00","POS","d2b3ea9f-e96e-46ca-b761-a0605dbbbd1b","Tonya",8876.74,2018-10-24 07:00:00,"F",27,"East Perth","WA",10.93,"cf4118c53bd3489b9af38a496394c5a0","CUS-3026014945","115.88","-31.96","debit","Wed","19:38:33","19","October"
"11112","authorized","1","ACC-602667573","151.23","-33.96","SALES-POS","ddf730bc-ba3a-43ea-a891-767447ddd563","Michael",21984.55,2018-10-24 07:00:00,"M",40,"Melbourne","VIC",30.73,"2fcbb181eb904a0e9156faa23b314fbe","CUS-2031327464","144.96","-37.81","debit","Wed","19:53:02","19","October"
"11113","posted",NA,"ACC-2171593283","146.94","-36.04","PAYMENT",NA,"Fernando",17575,2018-10-24 07:00:00,"M",19,NA,NA,17,"1eaa2a568c994378a7ad72468ab97577","CUS-2317998716",NA,NA,"debit","Wed","20:00:00","20","October"
"11114","posted",NA,"ACC-1650504218","145.01","-37.93","PAYMENT",NA,"Marissa",18036.84,2018-10-24 07:00:00,"F",23,NA,NA,33,"7eaf2a9dd4fe41e893ad27081bf08f32","CUS-2500783281",NA,NA,"debit","Wed","20:00:00","20","October"
"11115","posted",NA,"ACC-182446574","116.06","-32.00","INTER BANK",NA,"Tonya",8814.78,2018-10-24 07:00:00,"F",27,NA,NA,33,"049428485a6848ff8893e207219a255b","CUS-3026014945",NA,NA,"debit","Wed","20:00:00","20","October"
"11116","posted",NA,"ACC-4281711154","144.98","-37.84","PHONE BANK",NA,"Eric",42027.02,2018-10-24 07:00:00,"M",42,NA,NA,36,"17598114fa564d13a2e7200d733305ee","CUS-3151318058",NA,NA,"debit","Wed","20:00:00","20","October"
"11117","authorized","1","ACC-1799207998","150.68","-33.79","SALES-POS","43bc965b-6a74-4723-906f-3c2635fd5d02","Susan",10838.32,2018-10-24 07:00:00,"F",20,"Moore Park","NSW",8.18,"7151a7fec62a4937a7a95a7a44188895","CUS-164374203","151.23","-33.89","debit","Wed","20:14:03","20","October"
"11118","authorized","0","ACC-182446574","116.06","-32.00","POS","f920b7a2-ccb6-4df8-b203-a6bf5e013423","Tonya",8847.78,2018-10-24 07:00:00,"F",27,"Cannington","WA",28.96,"8ad596c18c2a43c1873fbe7c70b175e9","CUS-3026014945","115.94","-32.02","debit","Wed","20:41:04","20","October"
"11119","posted",NA,"ACC-3536132544","144.93","-37.79","INTER BANK",NA,"Heather",8474.14,2018-10-24 07:00:00,"F",41,NA,NA,43,"9a0b8566f04240e4ad4cc58f2bef17bc","CUS-2348881191",NA,NA,"debit","Wed","21:00:00","21","October"
"11120","posted",NA,"ACC-2173390920","144.71","-37.58","PHONE BANK",NA,"Luis",12365.52,2018-10-24 07:00:00,"M",27,NA,NA,67,"7308304cc8754ff18d5663bf3076fcf1","CUS-3180318393",NA,NA,"debit","Wed","21:00:00","21","October"
"11121","authorized","1","ACC-3741880913","150.50","-23.40","POS","633d03c8-2319-4802-aaa9-f2c9c366a820","Ashley",11313.97,2018-10-24 07:00:00,"F",25,"Newman","WA",148.64,"ebefd824dd0248eaa969337719c0a673","CUS-1220154422","119.8","-23.39","debit","Wed","21:05:05","21","October"
"11122","authorized","1","ACC-1496451953","145.16","-37.84","SALES-POS","5a4388e1-76b4-4c52-87b6-f0a3e791fb8d","Ricky",22369.26,2018-10-24 07:00:00,"M",43,"Noble Park North","VIC",89.32,"25741fe785c24af58b4f4f9b0a67ef95","CUS-3142625864","145.18","-37.95","debit","Wed","21:22:02","21","October"
"11123","authorized","1","ACC-2231965366","144.96","-37.84","SALES-POS","727fd7de-ac0a-4e5b-af2b-2d7e4be15c44","Linda",24913.02,2018-10-24 07:00:00,"F",35,"Chadstone","VIC",32.31,"afb19d562c724a57bbfd768b837a3f0e","CUS-2155701614","145.08","-37.89","debit","Wed","21:38:58","21","October"
"11124","authorized","1","ACC-2014856841","144.99","-37.90","POS","c93d3a14-a29c-4fde-b1df-93b331a66ffc","Patrick",266754.88,2018-10-24 07:00:00,"M",46,"Chatswood","NSW",122.38,"fbd3a546ace84da780508aae0f9369be","CUS-2370108457","151.18","-33.8","debit","Wed","21:55:55","21","October"
"11125","posted",NA,"ACC-1710017148","150.82","-34.01","PAYMENT",NA,"Michelle",17198.58,2018-10-24 07:00:00,"F",19,NA,NA,33,"a4bbe7cb57434440b4d8bcdf6fd71908","CUS-883482547",NA,NA,"debit","Wed","22:00:00","22","October"
"11126","authorized","0","ACC-1799207998","150.68","-33.79","POS","805e2d12-0bb1-44ca-bf7f-ede7377f09db","Susan",10819.45,2018-10-24 07:00:00,"F",20,"Brookvale","NSW",18.87,"d3570342f1484fe0913e5762063ef3c5","CUS-164374203","151.26","-33.77","debit","Wed","22:23:44","22","October"
"11127","authorized","1","ACC-1516130869","130.84","-12.45","SALES-POS","73c0924f-dc35-4ab1-8136-2b5775cf4280","Jessica",3040.57,2018-10-24 07:00:00,"F",21,"Stuart Park","NT",13.34,"ac94dee99d7748a8907b7b73c5e5caa4","CUS-325142416","130.84","-12.44","debit","Wed","22:54:59","22","October"
"11128","posted",NA,"ACC-1973887809","115.78","-31.90","PAYMENT",NA,"Antonio",8601.16,2018-10-24 07:00:00,"M",26,NA,NA,29,"500b937aa5d846a9bf4dc16c85120083","CUS-1646621553",NA,NA,"debit","Wed","23:00:00","23","October"
"11129","posted",NA,"ACC-1349834573","145.17","-37.84","PAYMENT",NA,"Matthew",18606.76,2018-10-24 07:00:00,"M",39,NA,NA,32,"b8342dee502b471dbf9ba484f4cfc4b7","CUS-1790886359",NA,NA,"debit","Wed","23:00:00","23","October"
"11130","posted",NA,"ACC-240804743","121.48","-30.75","PAYMENT",NA,"Kenneth",20698.5,2018-10-24 07:00:00,"M",29,NA,NA,39,"8b65d7c55ced476fabedd23b8191e3a7","CUS-261674136",NA,NA,"debit","Wed","23:00:00","23","October"
"11131","authorized","1","ACC-602667573","151.23","-33.96","POS","3ca1545b-9b43-412b-af36-b57407c970b3","Michael",21934.48,2018-10-24 07:00:00,"M",40,"Denistone East","NSW",50.07,"5a2a807864bb4efea1512a54daaf03a2","CUS-2031327464","151.09","-33.79","debit","Wed","23:19:05","23","October"
"11132","authorized","0","ACC-182446574","116.06","-32.00","SALES-POS","d0a5e33c-4a72-49db-b9bd-67e9f45453c2","Tonya",8805.89,2018-10-24 07:00:00,"F",27,"Gloucester","NSW",8.89,"c73b397faee2428ba26c8b73064f6562","CUS-3026014945","151.96","-32.01","debit","Wed","23:41:49","23","October"
"11133","authorized","1","ACC-958000567","130.90","-12.37","POS","8420f84b-ac16-498e-be44-f3b2e01c1637","Sandra",10175.16,2018-10-25 07:00:00,"F",34,"Shoal Bay","NT",60.62,"045b441ff4064eb2961bf417ef89850b","CUS-4142663097","130.98","-12.44","debit","Thu","00:09:31","00","October"
"11134","authorized","1","ACC-3827517394","151.12","-33.89","POS","41e36ec1-b35f-4cc5-b928-117a0682c972","Craig",47537.31,2018-10-25 07:00:00,"M",28,"Naremburn","NSW",16.84,"673bc5beebfb4dfe819c343fb0ccb586","CUS-2663907001","151.2","-33.82","debit","Thu","00:57:08","00","October"
"11135","authorized","1","ACC-964839203","146.92","-36.07","POS","59f24819-82a5-4772-a88c-a023496d11dd","Michael",41132.46,2018-10-25 07:00:00,"M",21,"Geelong","VIC",24.93,"f98177af516d4bc196e5ce183edc7dc0","CUS-2059096722","144.36","-38.15","debit","Thu","01:24:06","01","October"
"11136","authorized","0","ACC-602667573","151.23","-33.96","SALES-POS","6b7bc24c-90dc-449e-9e3a-77846113bfbd","Michael",21920.49,2018-10-25 07:00:00,"M",40,"Katoomba","NSW",13.99,"406237e6e8c1478196bf1c509b27c18f","CUS-2031327464","150.31","-33.72","debit","Thu","01:49:44","01","October"
"11137","posted",NA,"ACC-4065652575","115.81","-31.82","PAYMENT",NA,"Lucas",15264.86,2018-10-25 07:00:00,"M",21,NA,NA,130,"57b84324a85840d0805741bfb94e2083","CUS-1117979751",NA,NA,"debit","Thu","02:00:00","02","October"
"11138","posted",NA,"ACC-2988263882","145.18","-37.90","PAYMENT",NA,"Michael",5967.79,2018-10-25 07:00:00,"M",44,NA,NA,1251,"0e891c029745461b86465d1a3ec6ba45","CUS-1233833708",NA,NA,"debit","Thu","02:00:00","02","October"
"11139","posted",NA,"ACC-1523339231","115.83","-31.90","PAYMENT",NA,"Tim",85655.29,2018-10-25 07:00:00,"M",40,NA,NA,156,"deefbfc3881c4fc9a279d8e3213fd151","CUS-1816693151",NA,NA,"debit","Thu","02:00:00","02","October"
"11140","posted",NA,"ACC-1496451953","145.16","-37.84","INTER BANK",NA,"Ricky",22353.26,2018-10-25 07:00:00,"M",43,NA,NA,16,"8f6881c1c0b247e2aede0c835a8ebb01","CUS-3142625864",NA,NA,"debit","Thu","02:00:00","02","October"
"11141","posted",NA,"ACC-1523339231","115.83","-31.90","PAYMENT",NA,"Tim",85608.29,2018-10-25 07:00:00,"M",40,NA,NA,47,"9dfddb92316e4d1c9543e2324016bce0","CUS-1816693151",NA,NA,"debit","Thu","03:00:00","03","October"
"11142","posted",NA,"ACC-2890243754","153.32","-27.93","PAYMENT",NA,"Joseph",2000.89,2018-10-25 07:00:00,"M",37,NA,NA,52,"85a164b3336f48feaaa4d194d62ba9b3","CUS-2695611575",NA,NA,"debit","Thu","03:00:00","03","October"
"11143","posted",NA,"ACC-2828321672","153.03","-27.51","PHONE BANK",NA,"Stephanie",8467.56,2018-10-25 07:00:00,"F",53,NA,NA,182,"c6f9f40883324bb8a0e30eb7d1ccbbbe","CUS-1005756958",NA,NA,"debit","Thu","04:00:00","04","October"
"11144","posted",NA,"ACC-2270192619","138.56","-35.27","PAYMENT",NA,"Darren",17144.17,2018-10-25 07:00:00,"M",20,NA,NA,39,"a0a3729ffa5e489faeebeb637caa7acb","CUS-2110742437",NA,NA,"debit","Thu","04:00:00","04","October"
"11145","posted",NA,"ACC-3536132544","144.93","-37.79","PAYMENT",NA,"Heather",8452.14,2018-10-25 07:00:00,"F",41,NA,NA,22,"d534d20143d6434ca8c38bdf5e4332eb","CUS-2348881191",NA,NA,"debit","Thu","04:00:00","04","October"
"11146","authorized","1","ACC-3481401842","115.74","-31.72","POS","dbb1b4e2-04ae-4f77-b40c-7ea9495c7f21","Tiffany",8110.9,2018-10-25 07:00:00,"F",25,"Westminster","WA",5.37,"967b9ec189174142a301ef5a264b0e5d","CUS-1669695324","115.84","-31.87","debit","Thu","04:13:32","04","October"
"11147","authorized","1","ACC-2231965366","144.96","-37.84","POS","552a2246-f940-4e3d-86e1-b12a892390f1","Linda",24906.21,2018-10-25 07:00:00,"F",35,"Hamilton","VIC",6.81,"6c54adf4bfee4d55a2bcda76316ea3bf","CUS-2155701614","142.03","-37.74","debit","Thu","04:45:48","04","October"
"11148","posted",NA,"ACC-2171593283","146.94","-36.04","PAYMENT",NA,"Fernando",17542,2018-10-25 07:00:00,"M",19,NA,NA,33,"37a54115870f48068b3d4bb130b4682c","CUS-2317998716",NA,NA,"debit","Thu","05:00:00","05","October"
"11149","posted",NA,"ACC-2890243754","153.32","-27.93","PAYMENT",NA,"Joseph",1982.89,2018-10-25 07:00:00,"M",37,NA,NA,18,"38a938374ac04e2e9a0baf16f166f1a9","CUS-2695611575",NA,NA,"debit","Thu","05:00:00","05","October"
"11150","posted",NA,"ACC-588564840","151.27","-33.76","PAYMENT",NA,"Isaiah",24374.16,2018-10-25 07:00:00,"M",23,NA,NA,77,"9515f90bdad94fa899d9c842d414eae7","CUS-1462656821",NA,NA,"debit","Thu","06:00:00","06","October"
"11151","posted",NA,"ACC-3481401842","115.74","-31.72","PAYMENT",NA,"Tiffany",8064.9,2018-10-25 07:00:00,"F",25,NA,NA,46,"1db70ef1fba2478dbfe9ef344d2647e2","CUS-1669695324",NA,NA,"debit","Thu","06:00:00","06","October"
"11152","posted",NA,"ACC-211792489","138.63","-34.93","PAYMENT",NA,"Jacqueline",7350.59,2018-10-25 07:00:00,"F",30,NA,NA,47,"b47e85daceda43eb89aace211e744cba","CUS-497688347",NA,NA,"debit","Thu","06:00:00","06","October"
"11153","authorized","1","ACC-847145727","115.90","-31.92","SALES-POS","353f2e6b-4949-490a-8062-adaa1c238790","Michael",63322.53,2018-10-25 07:00:00,"M",19,"Wembley","WA",46.33,"202d095645aa481d8001c368231bae12","CUS-1609060617","115.81","-31.93","debit","Thu","06:42:13","06","October"
"11154","posted",NA,"ACC-2231965366","144.96","-37.84","PAYMENT",NA,"Linda",24873.21,2018-10-25 07:00:00,"F",35,NA,NA,33,"d1ca9103eda5434d877c04f4f13c5512","CUS-2155701614",NA,NA,"debit","Thu","07:00:00","07","October"
"11155","posted",NA,"ACC-2259139624","144.66","-37.91","INTER BANK",NA,"Cindy",20671.72,2018-10-25 07:00:00,"F",19,NA,NA,22,"1e48fbdf4c034ca9bddc0e77f38fdd36","CUS-3174332735",NA,NA,"debit","Thu","07:00:00","07","October"
"11156","authorized","1","ACC-602667573","151.23","-33.96","SALES-POS","142d45ab-8d51-47d2-87ad-cb2bbf7e23fc","Michael",21894.61,2018-10-25 07:00:00,"M",40,"Margaret River","WA",25.88,"b993bbcf0c19461a869b32c1bf06c714","CUS-2031327464","115.07","-33.95","debit","Thu","07:44:12","07","October"
"11157","posted",NA,"ACC-2776252858","144.95","-37.76","PAYMENT",NA,"Kristin",9769.31,2018-10-25 07:00:00,"F",43,NA,NA,43,"d34af01583e6438cbc0dc850eaa95f9d","CUS-4123612273",NA,NA,"debit","Thu","08:00:00","08","October"
"11158","authorized","1","ACC-3481401842","115.74","-31.72","SALES-POS","78850610-c975-4e9d-8736-0c20b9111921","Tiffany",8032.82,2018-10-25 07:00:00,"F",25,"Bunbury","WA",32.08,"7f147fd84fca4cafb40fc6a1b5536666","CUS-1669695324","115.66","-33.34","debit","Thu","08:05:20","08","October"
"11159","authorized","1","ACC-1199531521","116.02","-31.87","SALES-POS","8dc4d831-3b44-45c7-87b9-eeae39a4afd2","Billy",17650.85,2018-10-25 07:00:00,"M",52,"Hamilton Hill","WA",6.78,"873c2c075e954a5496fe20f838e1c001","CUS-134833760","115.78","-32.08","debit","Thu","08:12:58","08","October"
"11160","authorized","1","ACC-3481401842","115.74","-31.72","SALES-POS","8c2d75c6-eb2d-4aaa-9978-3c77872d80b1","Tiffany",8015.01,2018-10-25 07:00:00,"F",25,"Perth","WA",17.81,"1fc7889e8d1548d0b8af84b4cfb49749","CUS-1669695324","115.86","-31.95","debit","Thu","08:20:36","08","October"
"11161","authorized","0","ACC-2153562714","116.00","-31.88","POS","8d1075d3-05c6-4a8b-8e97-6171a08a5921","Linda",9651.36,2018-10-25 07:00:00,"F",24,"York","WA",10.41,"8c3822b3d6c340bea0900eeeea3912c2","CUS-423725039","116.77","-31.89","debit","Thu","08:28:14","08","October"
"11162","authorized","1","ACC-2153562714","116.00","-31.88","POS","7d6c834c-8d38-4dea-bd0e-5c3e858525ef","Linda",9637.42,2018-10-25 07:00:00,"F",24,"Scarborough","WA",13.94,"ee9489b6ce9441f6b96457dba0995018","CUS-423725039","115.76","-31.89","debit","Thu","08:35:52","08","October"
"11163","authorized","1","ACC-3879258709","143.83","-37.66","POS","80f556e8-cff2-4dad-bbb6-9f3f9672bb55","Natasha",205420.86,2018-10-25 07:00:00,"F",40,"Surry Hills","NSW",30.43,"1d1229d7c16149579cbb1828f95a8e46","CUS-527400765","151.21","-33.89","debit","Thu","08:43:30","08","October"
"11164","authorized","1","ACC-182446574","116.06","-32.00","SALES-POS","9d25e263-200f-42a4-98b2-aa84ad6e5034","Tonya",8784.53,2018-10-25 07:00:00,"F",27,"Applecross","WA",21.36,"498effa60e254601b65c79a5b2d85a58","CUS-3026014945","115.83","-32.02","debit","Thu","08:51:08","08","October"
"11165","authorized","1","ACC-2650850707","148.16","-23.52","SALES-POS","fdecec5d-579d-4384-874e-565034c484da","Brian",117629.01,2018-10-25 07:00:00,"M",42,"Gracemere","QLD",68.44,"5d77708bc24a4795aa37e7402c03561b","CUS-2819545904","150.46","-23.43","debit","Thu","08:58:46","08","October"
"11166","posted",NA,"ACC-3485804958","138.52","-35.01","PAYMENT",NA,"Jessica",31323.5,2018-10-25 07:00:00,"F",34,NA,NA,27,"3b43174736fc408b8088a2834b49b506","CUS-1196156254",NA,NA,"debit","Thu","09:00:00","09","October"
"11167","posted",NA,"ACC-1516130869","130.84","-12.45","INTER BANK",NA,"Jessica",3001.57,2018-10-25 07:00:00,"F",21,NA,NA,39,"dd38764d5c1e41578add0c9cdc055fb6","CUS-325142416",NA,NA,"debit","Thu","09:00:00","09","October"
"11168","posted",NA,"ACC-3954677887","115.72","-32.28","INTER BANK",NA,"Ruth",8936.27,2018-10-25 07:00:00,"F",47,NA,NA,113,"46930c1076f14c4bac6a3d4f1b45f3af","CUS-3716701010",NA,NA,"debit","Thu","09:00:00","09","October"
"11169","authorized","0","ACC-1199531521","116.02","-31.87","POS","16749edf-3f58-4cd1-98c5-b1fb8a5e6cdb","Billy",17201.88,2018-10-25 07:00:00,"M",52,"Camberwell","VIC",448.97,"078888f817c343a681dba47821896a00","CUS-134833760","145.08","-37.85","debit","Thu","09:03:55","09","October"
"11170","authorized","1","ACC-3741880913","150.50","-23.40","POS","30e1920f-6a0a-4405-b444-b48caeb2bc5c","Ashley",11292.18,2018-10-25 07:00:00,"F",25,"Newman","WA",21.79,"332fe3dd9305452b995a2985db548aae","CUS-1220154422","119.73","-23.37","debit","Thu","09:08:35","09","October"
"11171","authorized","1","ACC-2153562714","116.00","-31.88","POS","d0a5e33c-4a72-49db-b9bd-67e9f45453c2","Linda",9628.3,2018-10-25 07:00:00,"F",24,"Gloucester","NSW",9.12,"edd39eb0dc2147bf8da183c4791ed0dd","CUS-423725039","151.96","-32.01","debit","Thu","09:13:16","09","October"
"11172","authorized","1","ACC-2153562714","116.00","-31.88","SALES-POS","2fe5541a-1d32-4a82-b8f9-b011dafb5ce4","Linda",9608.34,2018-10-25 07:00:00,"F",24,"Munster","WA",19.96,"05c934191a254f89a9262a1ff09fb1aa","CUS-423725039","115.78","-32.12","debit","Thu","09:17:56","09","October"
"11173","authorized","1","ACC-53508546","150.62","-33.76","POS","e234cbd2-be0c-4e7d-8e4b-2b84b5bac0d6","Kimberly",6464.64,2018-10-25 07:00:00,"F",35,"Sydney","NSW",60.4,"a8d9b4bb62704ee69e7cd3073c4fb39c","CUS-72755508","151.21","-33.87","debit","Thu","09:22:37","09","October"
"11174","authorized","1","ACC-958000567","130.90","-12.37","SALES-POS","281346a6-a8aa-4180-a14b-1408c707e55e","Sandra",10163.72,2018-10-25 07:00:00,"F",34,"Ramingining","NT",11.44,"2985e36b69cd4365ba803622e02dfc23","CUS-4142663097","134.93","-12.33","debit","Thu","09:27:17","09","October"
"11175","authorized","1","ACC-2681137560","151.11","-33.99","POS","a46906c1-9d2d-498d-8f9a-ba9b448b583d","Nathaniel",13647.79,2018-10-25 07:00:00,"M",31,"Sydney","NSW",39.52,"086abaafb7e0432eadd4778a66698a2c","CUS-2083971310","151.21","-33.87","debit","Thu","09:31:57","09","October"
"11176","authorized","1","ACC-3879258709","143.83","-37.66","SALES-POS","01aa962e-70a1-4e8a-8df2-590e790a00d9","Natasha",205383.29,2018-10-25 07:00:00,"F",40,"Heidelberg","VIC",37.57,"a8ca0a26b3e7479b88358e31cbc52d86","CUS-527400765","145.06","-37.76","debit","Thu","09:36:38","09","October"
"11177","authorized","1","ACC-354106658","151.04","-33.80","SALES-POS","d119230c-f05a-44bd-a6dc-9ab0dc67e8c5","Christine",23598.76,2018-10-25 07:00:00,"F",39,"Newtown","NSW",16.36,"147b428a95904d49a08463f366bef400","CUS-2376382098","151.19","-33.89","debit","Thu","09:41:18","09","October"
"11178","authorized","1","ACC-2890243754","153.32","-27.93","POS","f4160573-2809-4dfb-8590-180a7ae9f43b","Joseph",1963.34,2018-10-25 07:00:00,"M",37,"Southport","QLD",19.55,"ab56e46d62634d6bb5f9923855b9a0b5","CUS-2695611575","153.41","-27.98","debit","Thu","09:45:58","09","October"
"11179","authorized","1","ACC-2650850707","148.16","-23.52","SALES-POS","98b1745c-e4d7-4363-8c2a-9d04ca89f1e4","Brian",117373.11,2018-10-25 07:00:00,"M",42,"Melbourne","VIC",255.9,"b4cb03e43c5f40858fbc52735bc6f451","CUS-2819545904","144.97","-37.82","debit","Thu","09:50:39","09","October"
"11180","authorized","1","ACC-3536132544","144.93","-37.79","POS","2be31ea9-1909-4173-80e6-6ab1a2d3ad13","Heather",8425.84,2018-10-25 07:00:00,"F",41,"Malvern","VIC",26.3,"bbc1682f3bfc4c1eabede613e1c4c9b2","CUS-2348881191","145.04","-37.85","debit","Thu","09:55:19","09","October"
"11181","authorized","1","ACC-2890243754","153.32","-27.93","SALES-POS","9641257e-eee4-40dd-8d53-3a7f532050c8","Joseph",1951.52,2018-10-25 07:00:00,"M",37,"Biggera Waters","QLD",11.82,"92feafe16be1436cb16d7c1c579daa5a","CUS-2695611575","153.4","-27.93","debit","Thu","09:59:59","09","October"
"11182","authorized","1","ACC-3481401842","115.74","-31.72","SALES-POS","9089e516-f497-4a9a-9613-1878b51f1be0","Tiffany",8007.81,2018-10-25 07:00:00,"F",25,"Crawley","WA",7.2,"56f01118c3f049d19f4389b3d14be183","CUS-1669695324","115.82","-31.98","debit","Thu","10:15:52","10","October"
"11183","authorized","1","ACC-847145727","115.90","-31.92","SALES-POS","5605b47f-95a3-4928-826d-a1e3a78be850","Michael",63278.61,2018-10-25 07:00:00,"M",19,"Spearwood","WA",43.92,"3451bfc8fc3c46b9ad263bf056a9b337","CUS-1609060617","115.78","-32.1","debit","Thu","10:31:44","10","October"
"11184","authorized","1","ACC-182446574","116.06","-32.00","POS","1442095a-d3ee-4536-9d80-2ddc67f4836a","Tonya",8763.89,2018-10-25 07:00:00,"F",27,"Bassendean","WA",20.64,"20ab27399e464ec58f3fda114bb42c13","CUS-3026014945","115.95","-31.91","debit","Thu","10:47:37","10","October"
"11185","posted",NA,"ACC-3541460373","145.00","-37.83","PAYMENT",NA,"Jeffrey",5361.55,2018-10-25 07:00:00,"M",24,NA,NA,41,"aae9efb461f14213ba1d0e9f214d8942","CUS-1433879684",NA,NA,"debit","Thu","11:00:00","11","October"
"11186","posted",NA,"ACC-4163822186","149.03","-34.97","PAY/SALARY",NA,"Karen",11819.77,2018-10-25 07:00:00,"F",26,NA,NA,920.71,"7bf75da46f6a4041bf306f6fca6f7beb","CUS-2630892467",NA,NA,"credit","Thu","11:00:00","11","October"
"11187","posted",NA,"ACC-1608363396","151.22","-33.87","INTER BANK",NA,"Robert",9467.97,2018-10-25 07:00:00,"M",20,NA,NA,24,"e10b46abc1734aba92b0ae82076ebad1","CUS-2688605418",NA,NA,"debit","Thu","11:00:00","11","October"
"11188","posted",NA,"ACC-3954677887","115.72","-32.28","PAYMENT",NA,"Ruth",8890.27,2018-10-25 07:00:00,"F",47,NA,NA,46,"9c9a8f85e6574449971a5c74eaf6a743","CUS-3716701010",NA,NA,"debit","Thu","11:00:00","11","October"
"11189","authorized","1","ACC-1973887809","115.78","-31.90","SALES-POS","d4caaefd-864d-4b52-8040-0139e86f4169","Antonio",8534.31,2018-10-25 07:00:00,"M",26,"Wa","WA",66.85,"a06e82b71c7f436bb2cd40c3d0b60108","CUS-1646621553","115.97","-31.78","debit","Thu","11:02:08","11","October"
"11190","authorized","0","ACC-2681137560","151.11","-33.99","SALES-POS","e18bf45f-a268-426f-b817-8d0340dff41d","Nathaniel",13581.04,2018-10-25 07:00:00,"M",31,"Coogee","NSW",66.75,"53b67bbab3da4df9939f705e71b1843e","CUS-2083971310","151.26","-33.92","debit","Thu","11:11:50","11","October"
"11191","authorized","1","ACC-3827517394","151.12","-33.89","SALES-POS","27446105-6402-4bad-b9f0-6da3d21f0dcd","Craig",47519.22,2018-10-25 07:00:00,"M",28,"Epping","NSW",18.09,"f183feb9cbf84e95a4390ae6a21975f9","CUS-2663907001","151.08","-33.77","debit","Thu","11:21:33","11","October"
"11192","authorized","1","ACC-3536132544","144.93","-37.79","POS","bbbb441c-8b2a-47aa-aaa9-7edec39dae37","Heather",8374.19,2018-10-25 07:00:00,"F",41,"Box Hill South","VIC",51.65,"50118aff69d943878f18e15c3ac9433d","CUS-2348881191","145.12","-37.84","debit","Thu","11:31:15","11","October"
"11193","authorized","1","ACC-2970114956","144.89","-37.69","POS","5c1caf8e-7772-4e9a-a69d-53dc0397c1b2","Robert",10992.89,2018-10-25 07:00:00,"M",26,"Glen Waverley","VIC",15.9,"823d9bb527fb486184dc1269b7d8af08","CUS-880898248","145.16","-37.88","debit","Thu","11:40:58","11","October"
"11194","authorized","0","ACC-240804743","121.48","-30.75","SALES-POS","30d360f5-0df8-4949-997a-9ee51f7b9613","Kenneth",20692.39,2018-10-25 07:00:00,"M",29,"Somerville","WA",6.11,"1e432db8fbb84f08b7f6be7fc9f6a678","CUS-261674136","121.46","-30.76","debit","Thu","11:50:40","11","October"
"11195","posted",NA,"ACC-721712940","145.09","-37.82","PAY/SALARY",NA,"Andrew",58535.16,2018-10-25 07:00:00,"M",78,NA,NA,782.42,"22366563746249fa966149c7de940a19","CUS-1646183815",NA,NA,"credit","Thu","12:00:00","12","October"
"11196","posted",NA,"ACC-602667573","151.23","-33.96","PAYMENT",NA,"Michael",21750.61,2018-10-25 07:00:00,"M",40,NA,NA,144,"58cac4ce5c0a4ebf9979c7b93fc51981","CUS-2031327464",NA,NA,"debit","Thu","12:00:00","12","October"
"11197","posted",NA,"ACC-3879258709","143.83","-37.66","PHONE BANK",NA,"Natasha",205342.29,2018-10-25 07:00:00,"F",40,NA,NA,41,"646fa1884aa94ecbaaee2be8257229a2","CUS-527400765",NA,NA,"debit","Thu","12:00:00","12","October"
"11198","posted",NA,"ACC-966140392","147.08","-37.97","PAYMENT",NA,"Joseph",9812.83,2018-10-25 07:00:00,"M",21,NA,NA,35,"4f3d3dcbcfb2493299b853842432279d","CUS-537508723",NA,NA,"debit","Thu","12:00:00","12","October"
"11199","authorized","1","ACC-182446574","116.06","-32.00","POS","bb11bbea-1c3f-4b71-b146-f5fecf468970","Tonya",8749.95,2018-10-25 07:00:00,"F",27,"Mirrabooka","WA",13.94,"0b8add9b96e642199dc82f12a92dbd37","CUS-3026014945","115.86","-31.87","debit","Thu","12:00:47","12","October"
"11200","authorized","1","ACC-1349834573","145.17","-37.84","SALES-POS","0063d66f-b665-435f-9282-ab648d9e68cd","Matthew",18568.48,2018-10-25 07:00:00,"M",39,"Kew","VIC",38.28,"794256cb2d5e4371a05d1508e1f84aaa","CUS-1790886359","145.03","-37.81","debit","Thu","12:20:47","12","October"
"11201","authorized","1","ACC-1516130869","130.84","-12.45","POS","512ead5e-8685-4c6f-825c-2441cd95892d","Jessica",2991.89,2018-10-25 07:00:00,"F",21,"Bakewell","NT",9.68,"646816695c4c456fb0d6bb07534376e5","CUS-325142416","130.99","-12.5","debit","Thu","12:40:47","12","October"
"11202","posted",NA,"ACC-2107684084","145.03","-37.88","PAY/SALARY",NA,"Richard",12459.42,2018-10-25 07:00:00,"M",22,NA,NA,2218.73,"69ff5a565de643268f0bdffce3bfabe4","CUS-2283904812",NA,NA,"credit","Thu","13:00:00","13","October"
"11203","posted",NA,"ACC-4274272854","145.23","-37.86","PAYMENT",NA,"Timothy",9864.08,2018-10-25 07:00:00,"M",20,NA,NA,15,"5b9e570b0a5446e487f649766fcb8d33","CUS-2484453271",NA,NA,"debit","Thu","13:00:00","13","October"
"11204","authorized","1","ACC-1598451071","153.41","-27.95","POS","47173446-e8b0-47fb-ac21-5b01208409b5","Diana",1957.65,2018-10-25 07:00:00,"F",26,"Beaudesert","QLD",9.13,"870abd77919446e196efbbe8ae3299a9","CUS-2487424745","152.99","-27.99","debit","Thu","13:00:49","13","October"
"11205","authorized","0","ACC-2890243754","153.32","-27.93","POS","ede2a706-042c-4083-b942-27a85e179de4","Joseph",1934.21,2018-10-25 07:00:00,"M",37,"West Melbourne","VIC",17.31,"23505aa24bac4536b213180cc4097281","CUS-2695611575","144.95","-37.81","debit","Thu","13:21:39","13","October"
"11206","authorized","1","ACC-3954677887","115.72","-32.28","POS","fe41c89b-1d15-41a0-aa74-547a6c50d681","Ruth",8863.27,2018-10-25 07:00:00,"F",47,"Clarkson","WA",27,"a4b774269c2843c5aa3ff356e617e325","CUS-3716701010","115.72","-31.69","debit","Thu","13:42:29","13","October"
"11207","posted",NA,"ACC-1349834573","145.17","-37.84","PAYMENT",NA,"Matthew",18508.48,2018-10-25 07:00:00,"M",39,NA,NA,60,"e8bf8bd965a14a298b3620d498af0e19","CUS-1790886359",NA,NA,"debit","Thu","14:00:00","14","October"
"11208","posted",NA,"ACC-1903037542","153.05","-27.61","PAY/SALARY",NA,"Jeffrey",5674.58,2018-10-25 07:00:00,"M",30,NA,NA,1808.62,"5e77cc006c364167b34c340cfd879e8f","CUS-860700529",NA,NA,"credit","Thu","14:00:00","14","October"
"11209","authorized","0","ACC-1598451071","153.41","-27.95","SALES-POS","4541999d-0fcc-40e5-8450-07ea95175e72","Diana",1950.2,2018-10-25 07:00:00,"F",26,"Labrador","QLD",7.45,"7bc9893eb21f48d892d6af12646ba41c","CUS-2487424745","153.41","-27.94","debit","Thu","14:01:47","14","October"
"11210","authorized","0","ACC-2890243754","153.32","-27.93","SALES-POS","f6cb6b79-8707-4c6d-a6bc-2b2012de5aed","Joseph",1907.38,2018-10-25 07:00:00,"M",37,"Pyrmont","NSW",26.83,"37f9f2c8d4f947038bf655c93acfe968","CUS-2695611575","151.19","-33.87","debit","Thu","14:13:02","14","October"
"11211","authorized","1","ACC-1598451071","153.41","-27.95","POS","65049f44-035f-4e42-ace7-f73689049758","Diana",1924.32,2018-10-25 07:00:00,"F",26,"Peak Crossing","QLD",25.88,"d6d782ec57664bd189442d5be347afc5","CUS-2487424745","152.73","-27.78","debit","Thu","14:24:16","14","October"
"11212","authorized","1","ACC-53508546","150.62","-33.76","SALES-POS","22f1dbd9-7510-4dc8-a34b-512013ffa50f","Kimberly",6437.75,2018-10-25 07:00:00,"F",35,"Chatswood","NSW",26.89,"cd74314b14c84f749aae2a784d5430f6","CUS-72755508","151.19","-33.79","debit","Thu","14:35:30","14","October"
"11213","authorized","1","ACC-38923874","151.27","-33.90","POS","6b25bf92-b5f4-4238-9d2e-b816b48f4dd9","Ryan",43324.36,2018-10-25 07:00:00,"M",38,"Saint Clair","NSW",20.6,"a4321f290a724314a6957bd806a76306","CUS-3249305314","150.79","-33.79","debit","Thu","14:46:44","14","October"
"11214","authorized","1","ACC-3741880913","150.50","-23.40","POS","fe89d1fa-f803-47e8-aa9b-ec996ce2593e","Ashley",11208.24,2018-10-25 07:00:00,"F",25,"Braemar","NSW",83.94,"2a2821d393c94de6b69f732b6273f517","CUS-1220154422","150.49","-34.43","debit","Thu","14:57:58","14","October"
"11215","posted",NA,"ACC-2988263882","145.18","-37.90","PAY/SALARY",NA,"Michael",6564.12,2018-10-25 07:00:00,"M",44,NA,NA,596.33,"c18f443163a84db4bdced431c17388fb","CUS-1233833708",NA,NA,"credit","Thu","15:00:00","15","October"
"11216","posted",NA,"ACC-1037050564","153.10","-27.66","PAYMENT",NA,"Rhonda",5295.48,2018-10-25 07:00:00,"F",40,NA,NA,33,"7d53183d19544de99bcbb12fcc8f3272","CUS-1614226872",NA,NA,"debit","Thu","15:00:00","15","October"
"11217","posted",NA,"ACC-1799207998","150.68","-33.79","PAYMENT",NA,"Susan",10622.45,2018-10-25 07:00:00,"F",20,NA,NA,197,"b3238b4539df4b3ea9e7f9c5a0ce5aa6","CUS-164374203",NA,NA,"debit","Thu","15:00:00","15","October"
"11218","posted",NA,"ACC-2970114956","144.89","-37.69","PAY/SALARY",NA,"Robert",12426.87,2018-10-25 07:00:00,"M",26,NA,NA,1433.98,"424299897e94489abae3b3a1eb29cb62","CUS-880898248",NA,NA,"credit","Thu","15:00:00","15","October"
"11219","authorized","0","ACC-182446574","116.06","-32.00","SALES-POS","c8102c73-8f6a-4c5d-a452-797d9aaba5d4","Tonya",8741.63,2018-10-25 07:00:00,"F",27,"Trigg","WA",8.32,"52b4b28dc535406ab7b36b5cbc7045ec","CUS-3026014945","115.76","-31.87","debit","Thu","15:05:59","15","October"
"11220","authorized","1","ACC-958000567","130.90","-12.37","POS","880922a8-b065-4a7b-942f-db523006e273","Sandra",9682.72,2018-10-25 07:00:00,"F",34,"Coconut Grove","NT",481,"33d649945b474bd9ae7f870c034d3e60","CUS-4142663097","130.85","-12.4","debit","Thu","15:13:17","15","October"
"11221","authorized","1","ACC-354106658","151.04","-33.80","POS","146cffd0-87c3-47e3-b0f3-815483a532b9","Christine",23558.38,2018-10-25 07:00:00,"F",39,"Kadina","SA",40.38,"8767f89802144187834542f2414deb27","CUS-2376382098","137.71","-33.96","debit","Thu","15:20:35","15","October"
"11222","authorized","1","ACC-3827517394","151.12","-33.89","POS","50e08532-0ad3-406b-96a9-4ce7a34f68fb","Craig",47491,2018-10-25 07:00:00,"M",28,"Leonay","NSW",28.22,"cf2390c5f08948629af515857b4f82bf","CUS-2663907001","150.65","-33.76","debit","Thu","15:27:52","15","October"
"11223","authorized","1","ACC-2890243754","153.32","-27.93","SALES-POS","6e611b46-b2f3-40bb-a965-cca9ac455e9a","Joseph",1894.44,2018-10-25 07:00:00,"M",37,"Surfers Paradise","QLD",12.94,"90f91821c1a94764a44cf6f76c88668e","CUS-2695611575","153.43","-28.01","debit","Thu","15:35:10","15","October"
"11224","authorized","1","ACC-3233697971","151.04","-33.77","POS","0699be84-d893-4775-b1b2-baa2abcfaabe","Robin",14203.64,2018-10-25 07:00:00,"F",34,"Penrith","NSW",38.07,"712d255cc883401ab42aa0bf989e6e91","CUS-1147642491","150.69","-33.75","debit","Thu","15:42:28","15","October"
"11225","authorized","1","ACC-2528867619","138.58","-34.96","SALES-POS","02cb9aab-54b3-489e-9189-e7750e0879aa","Abigail",19317.35,2018-10-25 07:00:00,"F",40,"Nowra","NSW",22.7,"2a7b3f6730944dc2afbe343a47af691e","CUS-2505971401","150.61","-34.88","debit","Thu","15:49:46","15","October"
"11226","authorized","1","ACC-2231965366","144.96","-37.84","POS","1ade38f2-2fd0-491a-ba3c-a893f96335ce","Linda",24815.53,2018-10-25 07:00:00,"F",35,"Adelaide","SA",57.68,"c08be1b88cd04bed8899aac2f35248b7","CUS-2155701614","138.6","-34.93","debit","Thu","15:57:04","15","October"
"11227","posted",NA,"ACC-414431115","142.77","-37.06","PAY/SALARY",NA,"Amy",6988.64,2018-10-25 07:00:00,"F",43,NA,NA,1630.36,"a1f2848d6308429c946021b9b6326a2e","CUS-2599279756",NA,NA,"credit","Thu","16:00:00","16","October"
"11228","posted",NA,"ACC-3881031190","149.19","-21.15","PAY/SALARY",NA,"Richard",9332.54,2018-10-25 07:00:00,"M",37,NA,NA,916.75,"bc18d1eef23346b8b067c4641dc1e5ff","CUS-3201519139",NA,NA,"credit","Thu","16:00:00","16","October"
"11229","authorized","1","ACC-1199531521","116.02","-31.87","POS","c130a12f-4c13-44e4-9947-cbca5d64c7b0","Billy",17183.08,2018-10-25 07:00:00,"M",52,"York","WA",18.8,"edfef312dc3e4918bc8df3f1ff3e841e","CUS-134833760","116.77","-31.89","debit","Thu","16:11:19","16","October"
"11230","authorized","1","ACC-1443681913","150.92","-33.77","SALES-POS","0f28e5da-0266-480b-8c72-c6e743128a95","Ryan",5215.9,2018-10-25 07:00:00,"M",31,"Chatswood","NSW",12.76,"bd4ef86f5d354026ba60b3de39ac4daf","CUS-3129499595","151.18","-33.8","debit","Thu","16:30:11","16","October"
"11231","authorized","1","ACC-37709441","153.41","-28.01","POS","7c091d9b-2e6f-48b1-b682-05f0d46f4875","Charles",20138.53,2018-10-25 07:00:00,"M",18,"Broadbeach Waters","QLD",12.28,"1c8a039ac5674d90a747213c5fd27476","CUS-3336454548","153.42","-28.04","debit","Thu","16:49:03","16","October"
"11232","posted",NA,"ACC-1279356312","144.79","-37.73","PAYMENT",NA,"Tyler",12527.91,2018-10-25 07:00:00,"M",44,NA,NA,15,"0b3f97ae98f74d39b38c23b8d6b9376e","CUS-1892177589",NA,NA,"debit","Thu","17:00:00","17","October"
"11233","posted",NA,"ACC-2173390920","144.71","-37.58","PAYMENT",NA,"Luis",12336.52,2018-10-25 07:00:00,"M",27,NA,NA,29,"9d556a73ee5e4a24879badb62df909d8","CUS-3180318393",NA,NA,"debit","Thu","17:00:00","17","October"
"11234","posted",NA,"ACC-1056639002","145.03","-37.91","PAY/SALARY",NA,"Michael",56525.54,2018-10-25 07:00:00,"M",22,NA,NA,3195.01,"e32f1cd8333547079e088a95fa166aa8","CUS-3462882033",NA,NA,"credit","Thu","17:00:00","17","October"
"11235","posted",NA,"ACC-958000567","130.90","-12.37","PAYMENT",NA,"Sandra",9645.72,2018-10-25 07:00:00,"F",34,NA,NA,37,"167b6712f0d548f7a31a2758d200af81","CUS-4142663097",NA,NA,"debit","Thu","17:00:00","17","October"
"11236","posted",NA,"ACC-53508546","150.62","-33.76","PAY/SALARY",NA,"Kimberly",7163.07,2018-10-25 07:00:00,"F",35,NA,NA,725.32,"663eadefacc64323966b8bb02f704a16","CUS-72755508",NA,NA,"credit","Thu","17:00:00","17","October"
"11237","authorized","1","ACC-4258502723","145.45","-37.74","POS","1029c910-b7e8-41b5-a081-17c4fbad1cd3","Kimberly",4733.21,2018-10-25 07:00:00,"F",24,"Maribyrnong","VIC",1248.09,"35740efb6eb9482abb7565fc5017da66","CUS-3378712515","144.89","-37.77","debit","Thu","17:05:23","17","October"
"11238","authorized","0","ACC-1799207998","150.68","-33.79","POS","65b288bd-7c00-47a4-8b82-e5f4e0ef18bc","Susan",10605.96,2018-10-25 07:00:00,"F",20,"West Pennant Hills","NSW",16.49,"c9a1ff53d4e845eaa0d8937c8c3fada5","CUS-164374203","151.05","-33.75","debit","Thu","17:18:12","17","October"
"11239","authorized","1","ACC-1037050564","153.10","-27.66","POS","2e61fcfd-9986-4926-bc9e-3977bae5a41b","Rhonda",5278.83,2018-10-25 07:00:00,"F",40,"Harlaxton","QLD",16.65,"b5dba5f5fa6e45a8977c7a59d0a6f6c0","CUS-1614226872","151.96","-27.53","debit","Thu","17:31:01","17","October"
"11240","authorized","1","ACC-1199531521","116.02","-31.87","SALES-POS","ec3d42e8-4ddd-4a32-a150-cc0bc63799f8","Billy",17155.86,2018-10-25 07:00:00,"M",52,"Armadale","WA",27.22,"cb284273ded84daa8cc255e1e5541433","CUS-134833760","115.99","-32.15","debit","Thu","17:43:50","17","October"
"11241","authorized","1","ACC-3941181087","115.79","-31.94","SALES-POS","1dc3155c-3786-4bb5-9109-2a21867accc8","Paul",14371.91,2018-10-25 07:00:00,"M",25,"Secret Harbour","WA",38.18,"ef700d0ba66d43ab908fd0619c7e1dc7","CUS-3989008654","115.76","-32.41","debit","Thu","17:56:39","17","October"
"11242","posted",NA,"ACC-588564840","151.27","-33.76","PAYMENT",NA,"Isaiah",24333.16,2018-10-25 07:00:00,"M",23,NA,NA,41,"524d00cf8d2d49e982b02f73f26cfc44","CUS-1462656821",NA,NA,"debit","Thu","18:00:00","18","October"
"11243","posted",NA,"ACC-1683215619","138.67","-34.86","PAYMENT",NA,"Barry",11286.49,2018-10-25 07:00:00,"M",38,NA,NA,49,"347fb1b22ce14871aa4e0a8269c1f1b8","CUS-1604596597",NA,NA,"debit","Thu","18:00:00","18","October"
"11244","posted",NA,"ACC-3879258709","143.83","-37.66","PAYMENT",NA,"Natasha",205321.29,2018-10-25 07:00:00,"F",40,NA,NA,21,"53996dad03eb45ada3daddbf47a65e8d","CUS-527400765",NA,NA,"debit","Thu","18:00:00","18","October"
"11245","authorized","0","ACC-1890605467","143.88","-37.66","SALES-POS","14334930-efd3-42a8-98b2-1adbf32213cc","Alexander",22213.77,2018-10-25 07:00:00,"M",38,"Sunbury","VIC",37.98,"4e1569bbcb684c68a5428d2784f0b19e","CUS-1478398256","144.73","-37.58","debit","Thu","18:18:58","18","October"
"11246","authorized","1","ACC-1903037542","153.05","-27.61","POS","4fa1856a-561b-4a9e-8e9d-4bb9a6019939","Jeffrey",5653.4,2018-10-25 07:00:00,"M",30,"Indooroopilly","QLD",21.18,"10dfafb4ca6b4343b8adb6cc066a9f7b","CUS-860700529","152.97","-27.5","debit","Thu","18:44:36","18","October"
"11247","posted",NA,"ACC-1222300524","151.23","-33.94","PAYMENT",NA,"Michael",2271.06,2018-10-25 07:00:00,"M",38,NA,NA,50,"8100e63373ce47eeb792b26c06d2a35f","CUS-2142601169",NA,NA,"debit","Thu","19:00:00","19","October"
"11248","posted",NA,"ACC-2014856841","144.99","-37.90","PAYMENT",NA,"Patrick",266704.88,2018-10-25 07:00:00,"M",46,NA,NA,50,"c426496c514647bc8f9d73d471c0bc19","CUS-2370108457",NA,NA,"debit","Thu","19:00:00","19","October"
"11249","authorized","1","ACC-53508546","150.62","-33.76","SALES-POS","c9744c93-e984-40f0-82b4-aa09b945fe50","Kimberly",7137.09,2018-10-25 07:00:00,"F",35,"Wollongong","NSW",25.98,"499e689b3a7a48d080f5d3fc328e5cd8","CUS-72755508","150.89","-34.43","debit","Thu","19:04:20","19","October"
"11250","authorized","1","ACC-1799207998","150.68","-33.79","POS","eae15c76-42bb-4996-9534-b655eb82128c","Susan",10584.54,2018-10-25 07:00:00,"F",20,"Hillsdale","NSW",21.42,"ba2fc6a4f1d14fa78c3b05e918289650","CUS-164374203","151.23","-33.95","debit","Thu","19:15:13","19","October"
"11251","authorized","1","ACC-1799207998","150.68","-33.79","POS","3ce2653e-5bde-4459-9aef-af93e8ebaf1c","Susan",10577.05,2018-10-25 07:00:00,"F",20,"North Sydney","NSW",7.49,"23df5a73e31b41a8a5a0e536acb05415","CUS-164374203","151.21","-33.84","debit","Thu","19:26:05","19","October"
"11252","authorized","1","ACC-1344825761","151.09","-33.91","POS","cc697036-cf95-4d7e-857c-48031c0d5f86","Sarah",24511.41,2018-10-25 07:00:00,"F",46,"Chippendale","NSW",39.89,"108d2ed489f548bfbc5e8e2e49d74521","CUS-1499065773","151.2","-33.88","debit","Thu","19:36:57","19","October"
"11253","authorized","1","ACC-2890243754","153.32","-27.93","SALES-POS","be57cb22-32af-4722-988b-17380a235734","Joseph",1889.95,2018-10-25 07:00:00,"M",37,"Southport","QLD",4.49,"9450ca83be444de680f9e9ef73da2103","CUS-2695611575","153.38","-27.96","debit","Thu","19:47:49","19","October"
"11254","authorized","1","ACC-1037050564","153.10","-27.66","POS","e12478ed-63bc-4625-96f9-ae5f94d84bb6","Rhonda",5237.87,2018-10-25 07:00:00,"F",40,"Kenmore","QLD",40.96,"ad60eb068b8247aab2b18b15a82ed1b3","CUS-1614226872","152.94","-27.51","debit","Thu","19:58:41","19","October"
"11255","posted",NA,"ACC-1279356312","144.79","-37.73","PAYMENT",NA,"Tyler",12486.91,2018-10-25 07:00:00,"M",44,NA,NA,41,"98c6698009be415a84d6e7778454777f","CUS-1892177589",NA,NA,"debit","Thu","20:00:00","20","October"
"11256","authorized","1","ACC-2249586092","115.98","-32.07","SALES-POS","b35c0649-12ba-428b-a82d-09ad6bb11bdb","Edward",12248.12,2018-10-25 07:00:00,"M",19,"Ellenbrook","WA",43.89,"88ebb920f1334e87afed8292b6208cb3","CUS-443776336","115.97","-31.78","debit","Thu","20:22:33","20","October"
"11257","authorized","0","ACC-3941181087","115.79","-31.94","SALES-POS","629a092b-8b4a-4182-bace-d7c632aa921a","Paul",14347.9,2018-10-25 07:00:00,"M",25,"Secret Harbour","WA",24.01,"85a3b876d0504cdf937aab525ada2530","CUS-3989008654","115.76","-32.41","debit","Thu","20:48:12","20","October"
"11258","posted",NA,"ACC-854938045","147.63","-22.84","PHONE BANK",NA,"James",13644.68,2018-10-25 07:00:00,"M",28,NA,NA,58,"3d6a8775cc974b5d9a12c9b5d316e2ff","CUS-4023861240",NA,NA,"debit","Thu","21:00:00","21","October"
"11259","authorized","1","ACC-2970114956","144.89","-37.69","SALES-POS","6102e64f-516d-4b51-bc28-87dbfe089f5c","Robert",12407.59,2018-10-25 07:00:00,"M",26,"Southbank","VIC",19.28,"a9776242e8be45b19429e5c7f5d0cfb0","CUS-880898248","144.97","-37.83","debit","Thu","21:08:18","21","October"
"11260","authorized","1","ACC-182446574","116.06","-32.00","POS","c8102c73-8f6a-4c5d-a452-797d9aaba5d4","Tonya",8733.6,2018-10-25 07:00:00,"F",27,"Trigg","WA",8.03,"07556b09e2ac4b2e8308bb293807d0db","CUS-3026014945","115.76","-31.87","debit","Thu","21:23:41","21","October"
"11261","authorized","1","ACC-1037050564","153.10","-27.66","POS","6a4cf7db-784c-40e2-91ba-391dbedb400b","Rhonda",5186.96,2018-10-25 07:00:00,"F",40,"South Brisbane","QLD",50.91,"4dfb9dda8f1544718f9a083259bf55c8","CUS-1614226872","153.02","-27.48","debit","Thu","21:39:04","21","October"
"11262","authorized","1","ACC-1516130869","130.84","-12.45","SALES-POS","dec91e23-6fd7-4a9e-9f46-58c5dad66a3f","Jessica",2977.9,2018-10-25 07:00:00,"F",21,"Coconut Grove","NT",13.99,"9927aa3ae6704814bf5571498d26b9d6","CUS-325142416","130.85","-12.39","debit","Thu","21:54:27","21","October"
"11263","posted",NA,"ACC-3741880913","150.50","-23.40","PAYMENT",NA,"Ashley",11176.24,2018-10-25 07:00:00,"F",25,NA,NA,32,"565c9b6921354b21a8b1c3f93cefcc76","CUS-1220154422",NA,NA,"debit","Thu","22:00:00","22","October"
"11264","posted",NA,"ACC-90814749","151.68","-32.98","PAYMENT",NA,"Christopher",13053.85,2018-10-25 07:00:00,"M",35,NA,NA,36,"b5b02b46774144358aa6240c4e660309","CUS-1896554896",NA,NA,"debit","Thu","22:00:00","22","October"
"11265","posted",NA,"ACC-2265520058","151.27","-33.85","PAYMENT",NA,"Catherine",7435.08,2018-10-25 07:00:00,"F",26,NA,NA,33,"2a1b6db0eb044e6d82fa3cc0e4f6eafa","CUS-331942311",NA,NA,"debit","Thu","22:00:00","22","October"
"11266","authorized","1","ACC-3827517394","151.12","-33.89","POS","2d6a19c0-bc02-44a9-9014-aaf637d16225","Craig",47481.37,2018-10-25 07:00:00,"M",28,"Manly","NSW",9.63,"a3bb68d53cba42ebb3fac8dfa2240120","CUS-2663907001","151.29","-33.8","debit","Thu","22:14:53","22","October"
"11267","authorized","0","ACC-1222300524","151.23","-33.94","SALES-POS","cb39705d-436f-4b8b-b543-d339e092c99d","Michael",2263.52,2018-10-25 07:00:00,"M",38,"Baulkham Hills","NSW",7.54,"746d0f0e942a4b1092ea9eb93dd5534a","CUS-2142601169","150.96","-33.73","debit","Thu","22:38:08","22","October"
"11268","posted",NA,"ACC-354106658","151.04","-33.80","PAYMENT",NA,"Christine",23506.38,2018-10-25 07:00:00,"F",39,NA,NA,52,"51ccef462b2440269a33d596264952ec","CUS-2376382098",NA,NA,"debit","Thu","23:00:00","23","October"
"11269","posted",NA,"ACC-1334819143","145.13","-37.70","INTER BANK",NA,"Christopher",67984.53,2018-10-25 07:00:00,"M",33,NA,NA,59,"955dc81df3d9412287f6c07c559761dc","CUS-3117610635",NA,NA,"debit","Thu","23:00:00","23","October"
"11270","authorized","1","ACC-3100725361","145.73","-17.03","POS","9b396220-0ff3-473d-8ad3-a169f8b37757","Ronald",4696.41,2018-10-25 07:00:00,"M",25,"Notting Hill","VIC",13.91,"18f7fff51e224845af64ec2808f69a75","CUS-2178051368","145.13","-37.9","debit","Thu","23:01:29","23","October"
"11271","authorized","1","ACC-37709441","153.41","-28.01","POS","36667e0b-9c3b-463e-8030-8fee972c3aea","Charles",20129.95,2018-10-25 07:00:00,"M",18,"Southport","QLD",8.58,"34fa7901dc5f459eac3488e454f14a12","CUS-3336454548","153.38","-27.96","debit","Thu","23:26:29","23","October"
"11272","authorized","1","ACC-3879258709","143.83","-37.66","POS","2f3bc0c3-93fd-41a4-a1cc-5ad551adbecc","Natasha",205177.72,2018-10-25 07:00:00,"F",40,"Sydney","NSW",143.57,"c6d730cf7cda4f3f8f0ae2881ca15a61","CUS-527400765","151.2","-33.87","debit","Thu","23:51:29","23","October"
"11273","authorized","1","ACC-3100725361","145.73","-17.03","SALES-POS","0cb93a9c-d9a8-4043-88f4-d1aea4b6e5bd","Ronald",4674.84,2018-10-26 07:00:00,"M",25,"Mareeba","QLD",21.57,"afacf793d33c4125a0121c2b423d9ff6","CUS-2178051368","145.42","-16.99","debit","Fri","00:22:45","00","October"
"11274","authorized","0","ACC-1903037542","153.05","-27.61","SALES-POS","ace23a98-572b-490c-a151-2bd1105db8ef","Jeffrey",5643.32,2018-10-26 07:00:00,"M",30,"Toowoomba","QLD",10.08,"abc4e782207c4f1bbce420a156e203f4","CUS-860700529","151.95","-27.57","debit","Fri","00:57:14","00","October"
"11275","authorized","0","ACC-3879258709","143.83","-37.66","POS","80e53a6b-a952-4d9b-972d-a0ab82735076","Natasha",205165.49,2018-10-26 07:00:00,"F",40,"Burwood East","VIC",12.23,"f8a2cb5068ab433c97ea214d6740bed9","CUS-527400765","145.15","-37.85","debit","Fri","01:26:17","01","October"
"11276","authorized","1","ACC-182446574","116.06","-32.00","SALES-POS","294193ff-d76e-445f-b240-dea59df2caf8","Tonya",8720.82,2018-10-26 07:00:00,"F",27,"Broken Hill","NSW",12.78,"96a8b992d1e140d9860692ede0c3a42d","CUS-3026014945","141.47","-31.94","debit","Fri","01:54:51","01","October"
"11277","authorized","1","ACC-38923874","151.27","-33.90","SALES-POS","8658d9bd-bbcd-4c43-be31-3b21f9072cef","Ryan",43301.07,2018-10-26 07:00:00,"M",38,"Saint Ives","NSW",23.29,"899163a13ec6461882467087371af0d0","CUS-3249305314","151.16","-33.73","debit","Fri","02:24:07","02","October"
"11278","authorized","1","ACC-182446574","116.06","-32.00","POS","28f19ff8-59dc-4c40-b942-602707872786","Tonya",8713.16,2018-10-26 07:00:00,"F",27,"North Perth","WA",7.66,"4afe85fa90794b0bb288a188d782d505","CUS-3026014945","115.85","-31.92","debit","Fri","02:53:31","02","October"
"11279","posted",NA,"ACC-4065652575","115.81","-31.82","PAYMENT",NA,"Lucas",15181.86,2018-10-26 07:00:00,"M",21,NA,NA,83,"bb23d017076b4c728c8a873c6c306f93","CUS-1117979751",NA,NA,"debit","Fri","03:00:00","03","October"
"11280","posted",NA,"ACC-1683215619","138.67","-34.86","PAYMENT",NA,"Barry",11227.49,2018-10-26 07:00:00,"M",38,NA,NA,59,"82344efc80be482a9743ab9f4956b565","CUS-1604596597",NA,NA,"debit","Fri","03:00:00","03","October"
"11281","posted",NA,"ACC-2673069055","152.99","-27.49","PAYMENT",NA,"Richard",13197.78,2018-10-26 07:00:00,"M",24,NA,NA,43,"64eb54fff74248beb22b4cc0d9049f44","CUS-51506836",NA,NA,"debit","Fri","03:00:00","03","October"
"11282","posted",NA,"ACC-2890243754","153.32","-27.93","INTER BANK",NA,"Joseph",1762.95,2018-10-26 07:00:00,"M",37,NA,NA,127,"fcdd367d12c2499bbf6db15635cc0b36","CUS-2695611575",NA,NA,"debit","Fri","04:00:00","04","October"
"11283","posted",NA,"ACC-1496451953","145.16","-37.84","PAYMENT",NA,"Ricky",22330.26,2018-10-26 07:00:00,"M",43,NA,NA,23,"5f419425cbd849ccaf8af5e1d0dd13f7","CUS-3142625864",NA,NA,"debit","Fri","04:00:00","04","October"
"11284","posted",NA,"ACC-1710017148","150.82","-34.01","PAYMENT",NA,"Michelle",17158.58,2018-10-26 07:00:00,"F",19,NA,NA,40,"7fdc3c0551174a738613dac5f966575d","CUS-883482547",NA,NA,"debit","Fri","04:00:00","04","October"
"11285","authorized","1","ACC-1037050564","153.10","-27.66","POS","4c63ec01-a539-4c39-9ea8-82af29368091","Rhonda",5172.93,2018-10-26 07:00:00,"F",40,"Indooroopilly","QLD",14.03,"f50ba71adf6f4666a4cdd614dcc264db","CUS-1614226872","152.97","-27.5","debit","Fri","04:05:08","04","October"
"11286","authorized","1","ACC-2528867619","138.58","-34.96","POS","1c72944b-5615-4b0c-99f4-f7ed041af92e","Abigail",19286.88,2018-10-26 07:00:00,"F",40,"Kent Town","SA",30.47,"37083fb7fdc94420ac81acea04027071","CUS-2505971401","138.62","-34.92","debit","Fri","04:33:42","04","October"
"11287","posted",NA,"ACC-3827517394","151.12","-33.89","PAYMENT",NA,"Craig",47416.37,2018-10-26 07:00:00,"M",28,NA,NA,65,"da932df56a6b4a4ca045902419097281","CUS-2663907001",NA,NA,"debit","Fri","05:00:00","05","October"
"11288","posted",NA,"ACC-4059612845","130.98","-12.49","PAYMENT",NA,"Jonathan",63531.55,2018-10-26 07:00:00,"M",38,NA,NA,125,"386d69cf1743410f823069eaadeed433","CUS-495599312",NA,NA,"debit","Fri","05:00:00","05","October"
"11289","authorized","1","ACC-4258502723","145.45","-37.74","SALES-POS","336d86a3-de1e-4675-b98d-7c4f68a767ae","Kimberly",4726.81,2018-10-26 07:00:00,"F",24,"Elsternwick","VIC",6.4,"dde7a24a93e84d4bb4ff7220a2100664","CUS-3378712515","145","-37.88","debit","Fri","05:13:19","05","October"
"11290","posted",NA,"ACC-1344825761","151.09","-33.91","INTER BANK",NA,"Sarah",24329.41,2018-10-26 07:00:00,"F",46,NA,NA,182,"ca9eb86ba4ab4d7eaa90ecf4732dba67","CUS-1499065773",NA,NA,"debit","Fri","06:00:00","06","October"
"11291","posted",NA,"ACC-3941181087","115.79","-31.94","PAYMENT",NA,"Paul",14319.9,2018-10-26 07:00:00,"M",25,NA,NA,28,"dbc06b576ba44311966dfd68d4550247","CUS-3989008654",NA,NA,"debit","Fri","06:00:00","06","October"
"11292","posted",NA,"ACC-1990648130","114.62","-28.80","PAYMENT",NA,"Kaitlyn",9040.13,2018-10-26 07:00:00,"F",21,NA,NA,28,"27ed12ec4ccf4f9589ed059e98a13d21","CUS-809013380",NA,NA,"debit","Fri","06:00:00","06","October"
"11293","posted",NA,"ACC-1496451953","145.16","-37.84","PAYMENT",NA,"Ricky",22313.26,2018-10-26 07:00:00,"M",43,NA,NA,17,"5c3c1b02543a44c284bc151985e54895","CUS-3142625864",NA,NA,"debit","Fri","07:00:00","07","October"
"11294","authorized","0","ACC-1799207998","150.68","-33.79","POS","cd5eff86-8ffc-4e62-a5d2-31685882a236","Susan",10555.43,2018-10-26 07:00:00,"F",20,"Saint Ives","NSW",21.62,"283d5dc77f8d4257944f28e9ee815ec6","CUS-164374203","151.16","-33.73","debit","Fri","07:02:29","07","October"
"11295","authorized","1","ACC-3536132544","144.93","-37.79","POS","b0bfc66e-5739-461d-bf38-b02bd1c3b9ec","Heather",8335.32,2018-10-26 07:00:00,"F",41,"Greensborough","VIC",38.87,"45114ac7b7f74ba4bb5a152650a973f5","CUS-2348881191","145.1","-37.7","debit","Fri","07:44:09","07","October"
"11296","posted",NA,"ACC-1890605467","143.88","-37.66","INTER BANK",NA,"Alexander",22079.77,2018-10-26 07:00:00,"M",38,NA,NA,134,"1b2501a1ec504268acfe75a3c705755c","CUS-1478398256",NA,NA,"debit","Fri","08:00:00","08","October"
"11297","authorized","1","ACC-1973887809","115.78","-31.90","POS","c1661c94-86be-4a14-b01c-8bb10fe4a1c1","Antonio",8428.03,2018-10-26 07:00:00,"M",26,"Nedlands","WA",106.28,"eb1aa100411d44d6be16b2ee40a2265d","CUS-1646621553","115.81","-31.97","debit","Fri","08:04:01","08","October"
"11298","authorized","1","ACC-4274272854","145.23","-37.86","SALES-POS","bdfe0723-af65-4d90-9c84-0a7298c4e5ca","Timothy",9837.2,2018-10-26 07:00:00,"M",20,"Essendon Fields","VIC",26.88,"1da12aa736224d549e04db8d684cbedf","CUS-2484453271","144.89","-37.73","debit","Fri","08:10:31","08","October"
"11299","authorized","1","ACC-3100725361","145.73","-17.03","SALES-POS","12a1e4a6-4d48-4984-9afe-c16a4c1f623d","Ronald",4645.79,2018-10-26 07:00:00,"M",25,"Cobram","VIC",29.05,"d54538c8143840e29f53e54bf82b8779","CUS-2178051368","145.64","-35.92","debit","Fri","08:17:00","08","October"
"11300","authorized","1","ACC-2249586092","115.98","-32.07","SALES-POS","d64a5790-6114-4e1c-9e76-71e9f06677a5","Edward",12239.8,2018-10-26 07:00:00,"M",19,"Hillarys","WA",8.32,"776d39ce265a466faf8f3794ff7761f0","CUS-443776336","115.75","-31.8","debit","Fri","08:23:30","08","October"
"11301","authorized","0","ACC-3536132544","144.93","-37.79","SALES-POS","144d3c22-44c2-4dc3-8077-a850796e6043","Heather",8312.95,2018-10-26 07:00:00,"F",41,"Laverton North","VIC",22.37,"cb441cbc33af4759a7ed842821397d6d","CUS-2348881191","144.78","-37.84","debit","Fri","08:29:59","08","October"
"11302","authorized","1","ACC-1516130869","130.84","-12.45","SALES-POS","f96002fc-55ea-4fa9-a6df-7d7cd8b15596","Jessica",2964.74,2018-10-26 07:00:00,"F",21,"Jingili","NT",13.16,"87a3cb9d3a6547d19b403244cd196f06","CUS-325142416","130.88","-12.39","debit","Fri","08:36:29","08","October"
"11303","authorized","0","ACC-37709441","153.41","-28.01","SALES-POS","4ffa903b-455f-4193-9d80-d54b92d6bc18","Charles",20079.87,2018-10-26 07:00:00,"M",18,"Surfers Paradise","QLD",50.08,"69f4e271ac224acf923abfad600669b3","CUS-3336454548","153.43","-28","debit","Fri","08:42:59","08","October"
"11304","authorized","1","ACC-2249586092","115.98","-32.07","POS","6cf56f91-9c53-4cfa-b945-000628ec0508","Edward",12233.67,2018-10-26 07:00:00,"M",19,"Murdoch","WA",6.13,"8becdf479d5c4fc9aadcb5658b407b81","CUS-443776336","115.83","-32.07","debit","Fri","08:49:28","08","October"
"11305","authorized","1","ACC-964839203","146.92","-36.07","SALES-POS","342e0729-4bb1-4a11-8275-a0c7ec77521d","Michael",41110.72,2018-10-26 07:00:00,"M",21,"Camberwell","VIC",21.74,"6fd857ab973e4eeab38832138353df36","CUS-2059096722","145.06","-37.83","debit","Fri","08:55:58","08","October"
"11306","posted",NA,"ACC-38923874","151.27","-33.90","INTER BANK",NA,"Ryan",43151.07,2018-10-26 07:00:00,"M",38,NA,NA,150,"1b7b0206f89e494f99874457df1364d9","CUS-3249305314",NA,NA,"debit","Fri","09:00:00","09","October"
"11307","authorized","0","ACC-1799207998","150.68","-33.79","POS","8eadfdca-0676-4c6d-abe6-78c30088e131","Susan",10534.46,2018-10-26 07:00:00,"F",20,"Castle Hill","NSW",20.97,"661816e563874280a4007c20851319a3","CUS-164374203","151.01","-33.73","debit","Fri","09:01:52","09","October"
"11308","authorized","1","ACC-1598451071","153.41","-27.95","POS","c921ac57-7434-456f-b3ae-f6527fdf9441","Diana",1916.2,2018-10-26 07:00:00,"F",26,"Southport","QLD",8.12,"68a1c7ccc73e4fcda03dadd53d1c3b0e","CUS-2487424745","153.39","-27.96","debit","Fri","09:06:47","09","October"
"11309","authorized","0","ACC-240804743","121.48","-30.75","SALES-POS","0772f158-8ebc-4fc6-bedd-7146a68a3219","Kenneth",20658.32,2018-10-26 07:00:00,"M",29,"Kalgoorlie","WA",34.07,"b261d4ee83c54d959722559a690fa85a","CUS-261674136","121.47","-30.75","debit","Fri","09:11:43","09","October"
"11310","authorized","1","ACC-2528867619","138.58","-34.96","POS","d6da0a73-531c-4df4-9afa-90c883149a9f","Abigail",19275.36,2018-10-26 07:00:00,"F",40,"Gundagai","NSW",11.52,"257a250f5f744838b42e0dede0d7f05d","CUS-2505971401","148.11","-35.01","debit","Fri","09:16:39","09","October"
"11311","authorized","1","ACC-1222300524","151.23","-33.94","POS","e5ed6561-f07b-4255-8cfe-62f905a3416c","Michael",2254.13,2018-10-26 07:00:00,"M",38,"Liverpool","NSW",9.39,"a5be72dd4b614231bc060d7e8ef5f4b0","CUS-2142601169","150.92","-33.91","debit","Fri","09:21:34","09","October"
"11312","authorized","0","ACC-1496451953","145.16","-37.84","SALES-POS","a071fbe0-788d-46dc-a3a2-71ee19e8670a","Ricky",22301.76,2018-10-26 07:00:00,"M",43,"Ascot Vale","VIC",11.5,"c0ef1019c64c45598a53082eb0edff98","CUS-3142625864","144.92","-37.77","debit","Fri","09:26:30","09","October"
"11313","authorized","1","ACC-574997646","150.79","-33.64","POS","fec31452-e20c-436e-8138-f6429bc3d99a","Mackenzie",6506.74,2018-10-26 07:00:00,"F",18,"Eastgardens","NSW",12.98,"8127e7210cf140abba8768db5fe1d10b","CUS-586638664","151.22","-33.94","debit","Fri","09:31:25","09","October"
"11314","authorized","0","ACC-3233697971","151.04","-33.77","SALES-POS","fe87d8f6-9502-418a-8ce7-851b86b8f819","Robin",14164.59,2018-10-26 07:00:00,"F",34,"Ringwood","VIC",39.05,"a51f5606f9e94694a2b95585a51174a4","CUS-1147642491","145.22","-37.82","debit","Fri","09:36:21","09","October"
"11315","authorized","0","ACC-1598451071","153.41","-27.95","SALES-POS","e4f97038-2b5a-4530-81c5-1fe235bd5830","Diana",1898.77,2018-10-26 07:00:00,"F",26,"Southport","QLD",17.43,"f3703355e1aa4a92851f636dde402967","CUS-2487424745","153.41","-27.97","debit","Fri","09:41:16","09","October"
"11316","authorized","0","ACC-4258502723","145.45","-37.74","POS","b0944786-a71a-4e5a-9379-a5dab8097205","Kimberly",4713.26,2018-10-26 07:00:00,"F",24,"Epping","VIC",13.55,"8fbd767969d1439db42045f42bde055f","CUS-3378712515","145.02","-37.65","debit","Fri","09:46:12","09","October"
"11317","authorized","1","ACC-80388494","144.97","-37.42","POS","3289fe78-47c2-47f2-a6ff-d2092de82f8e","Dustin",7087.97,2018-10-26 07:00:00,"M",28,"Docklands","VIC",12.53,"5bb0648ac9474b1cbd3e5bd127d9f2ff","CUS-1140341822","144.95","-37.82","debit","Fri","09:51:07","09","October"
"11318","authorized","0","ACC-4258502723","145.45","-37.74","POS","b7c9f1cd-dfc8-4831-ad48-03bdeb2cac6a","Kimberly",4695.05,2018-10-26 07:00:00,"F",24,"Greensborough","VIC",18.21,"94fd5d676ea447fd94764e03c84de5a6","CUS-3378712515","145.1","-37.7","debit","Fri","09:56:03","09","October"
"11319","posted",NA,"ACC-1334819143","145.13","-37.70","PAYMENT",NA,"Christopher",67934.53,2018-10-26 07:00:00,"M",33,NA,NA,50,"7fa07b71ad8d415baef488206e1daaa5","CUS-3117610635",NA,NA,"debit","Fri","10:00:00","10","October"
"11320","authorized","0","ACC-2674800293","144.96","-37.69","POS","8c17f994-bf4e-4045-ad13-7cbf4173eea4","Elizabeth",29436.89,2018-10-26 07:00:00,"F",50,"Geraldton","WA",8.53,"f2f866dde7144a1fa64c24329bc929fb","CUS-2977593493","114.61","-28.77","debit","Fri","10:04:32","10","October"
"11321","authorized","1","ACC-2153562714","116.00","-31.88","POS","0cc03d95-bf40-41a7-9248-2d7c42e95c04","Linda",9594.74,2018-10-26 07:00:00,"F",24,"Ceduna","SA",13.6,"1ee51bb4958442bfa926f6affb52aaaf","CUS-423725039","133.67","-32.13","debit","Fri","10:27:16","10","October"
"11322","authorized","1","ACC-1598451071","153.41","-27.95","POS","34d6657a-ebdf-489d-bb90-86dcf4d94639","Diana",1887.86,2018-10-26 07:00:00,"F",26,"Robina","QLD",10.91,"4f5b805879c949b08ec4b0c16c556cda","CUS-2487424745","153.39","-28.09","debit","Fri","10:49:59","10","October"
"11323","posted",NA,"ACC-1788473090","145.06","-37.95","INTER BANK",NA,"Rachael",9482.81,2018-10-26 07:00:00,"F",21,NA,NA,66,"1096b2bbdc774d0096cec6f238cefae9","CUS-134193016",NA,NA,"debit","Fri","11:00:00","11","October"
"11324","posted",NA,"ACC-3536132544","144.93","-37.79","PAYMENT",NA,"Heather",8279.95,2018-10-26 07:00:00,"F",41,NA,NA,33,"2cbf0ecbdca04830a45a8fa9ce816fdd","CUS-2348881191",NA,NA,"debit","Fri","11:00:00","11","October"
"11325","posted",NA,"ACC-414431115","142.77","-37.06","INTER BANK",NA,"Amy",6970.64,2018-10-26 07:00:00,"F",43,NA,NA,18,"7c714f4b2388462ebffe3d6114e75638","CUS-2599279756",NA,NA,"debit","Fri","11:00:00","11","October"
"11326","posted",NA,"ACC-1608363396","151.22","-33.87","INTER BANK",NA,"Robert",9284.97,2018-10-26 07:00:00,"M",20,NA,NA,183,"22ee567e213d41c4b5754365e61f969f","CUS-2688605418",NA,NA,"debit","Fri","11:00:00","11","October"
"11327","posted",NA,"ACC-38923874","151.27","-33.90","PAY/SALARY",NA,"Ryan",45032.02,2018-10-26 07:00:00,"M",38,NA,NA,1880.95,"b30130e82f0c435f8fb986a60d7a7220","CUS-3249305314",NA,NA,"credit","Fri","11:00:00","11","October"
"11328","authorized","1","ACC-1598451071","153.41","-27.95","POS","c8c21dd8-ec60-40b2-bded-8d7be0022c95","Diana",1878.21,2018-10-26 07:00:00,"F",26,"Southport","QLD",9.65,"e677adc8ecfe4b6a92ec1ded5b16ab4b","CUS-2487424745","153.41","-27.97","debit","Fri","11:04:49","11","October"
"11329","authorized","1","ACC-1598451071","153.41","-27.95","SALES-POS","13a86f3d-9de1-4ab0-9700-e31af20b9133","Diana",1872.61,2018-10-26 07:00:00,"F",26,"Coomera","QLD",5.6,"8253b032840344a483d6b49565988817","CUS-2487424745","153.33","-27.87","debit","Fri","11:13:26","11","October"
"11330","authorized","1","ACC-966140392","147.08","-37.97","POS","ba21da3a-f63d-4e65-a4f1-14112c466406","Joseph",9797.16,2018-10-26 07:00:00,"M",21,"Mulgrave","VIC",15.67,"327aeb5b04934a3e943c0c21da558087","CUS-537508723","145.19","-37.93","debit","Fri","11:22:04","11","October"
"11331","authorized","1","ACC-2249586092","115.98","-32.07","SALES-POS","7cdb62b5-6632-4d1d-8e28-a4d26f5cbb74","Edward",12228.95,2018-10-26 07:00:00,"M",19,"Ceduna","SA",4.72,"d8dd1acc2408461d97896148946af4c3","CUS-443776336","133.67","-32.11","debit","Fri","11:30:41","11","October"
"11332","authorized","1","ACC-2528867619","138.58","-34.96","POS","b4f2522e-2473-4dc5-a69c-4495f11d7de9","Abigail",19266.89,2018-10-26 07:00:00,"F",40,"Glenelg","SA",8.47,"60085e928d2748ecbf8badf5996161fc","CUS-2505971401","138.51","-34.98","debit","Fri","11:39:18","11","October"
"11333","authorized","1","ACC-966140392","147.08","-37.97","SALES-POS","6e53a85a-92d6-4b9b-a5b2-2652146a0af6","Joseph",9782.31,2018-10-26 07:00:00,"M",21,"Melbourne","VIC",14.85,"ae6bea406fa14901a78f92c05b8803b6","CUS-537508723","144.96","-37.81","debit","Fri","11:47:55","11","October"
"11334","authorized","1","ACC-966140392","147.08","-37.97","POS","fe1d02d0-77d1-46d3-9a1e-9b7ace613d16","Joseph",9771.43,2018-10-26 07:00:00,"M",21,"Box Hill","VIC",10.88,"e0052ac827cc40cc92202f42c11fe5f7","CUS-537508723","145.12","-37.83","debit","Fri","11:56:33","11","October"
"11335","posted",NA,"ACC-3485804958","138.52","-35.01","PAYMENT",NA,"Jessica",31307.5,2018-10-26 07:00:00,"F",34,NA,NA,16,"a474dea83dec4735a6d3b6ae637bcb7e","CUS-1196156254",NA,NA,"debit","Fri","12:00:00","12","October"
"11336","posted",NA,"ACC-3689607373","115.79","-31.79","PAY/SALARY",NA,"Virginia",9068.07,2018-10-26 07:00:00,"F",20,NA,NA,1138.79,"ee30c05d28544a908eda8efe78f90477","CUS-127297539",NA,NA,"credit","Fri","12:00:00","12","October"
"11337","posted",NA,"ACC-2890243754","153.32","-27.93","PAY/SALARY",NA,"Joseph",2680.4,2018-10-26 07:00:00,"M",37,NA,NA,917.45,"ab567a84f5444da4b1f870c332a01539","CUS-2695611575",NA,NA,"credit","Fri","12:00:00","12","October"
"11338","authorized","1","ACC-2776252858","144.95","-37.76","POS","56ab0ba2-6cad-47af-9805-5487aac6381c","Kristin",9744.21,2018-10-26 07:00:00,"F",43,"Chadstone","VIC",25.1,"343395be1de7448e8147355a187db574","CUS-4123612273","145.08","-37.88","debit","Fri","12:10:54","12","October"
"11339","authorized","1","ACC-3084464802","145.15","-37.76","POS","6e88a20f-2cde-46f6-b457-2b4727c9a3c5","Susan",10544.78,2018-10-26 07:00:00,"F",19,"Brunswick East","VIC",18.17,"7c6c069a0fbc42f3bf191be9824fc236","CUS-1928710999","144.98","-37.77","debit","Fri","12:29:05","12","October"
"11340","authorized","1","ACC-1443681913","150.92","-33.77","SALES-POS","18809615-6921-4f17-9cd5-ee10421047e8","Ryan",5191.86,2018-10-26 07:00:00,"M",31,"Petersham","NSW",24.04,"7641ad7c0ea349c182fdde522c92b4cd","CUS-3129499595","151.15","-33.9","debit","Fri","12:47:16","12","October"
"11341","posted",NA,"ACC-1788473090","145.06","-37.95","PAY/SALARY",NA,"Rachael",11506.49,2018-10-26 07:00:00,"F",21,NA,NA,2023.68,"26c5b005b0e44c6384129ac0d87f1a75","CUS-134193016",NA,NA,"credit","Fri","13:00:00","13","October"
"11342","posted",NA,"ACC-1199531521","116.02","-31.87","PAY/SALARY",NA,"Billy",20941.64,2018-10-26 07:00:00,"M",52,NA,NA,3785.78,"f7fe613453934cf0b130c4f9c23ba55b","CUS-134833760",NA,NA,"credit","Fri","13:00:00","13","October"
"11343","posted",NA,"ACC-559365433","147.31","-42.88","PAY/SALARY",NA,"Mary",4671.32,2018-10-26 07:00:00,"F",64,NA,NA,576,"26b1f45ae6ff425e9d23de19d53de83c","CUS-1654129794",NA,NA,"credit","Fri","13:00:00","13","October"
"11344","posted",NA,"ACC-3481401842","115.74","-31.72","PAY/SALARY",NA,"Tiffany",9233.14,2018-10-26 07:00:00,"F",25,NA,NA,1225.33,"e7a3fd8af7d64276a6bb3cc6fb8ceab8","CUS-1669695324",NA,NA,"credit","Fri","13:00:00","13","October"
"11345","posted",NA,"ACC-1217063613","147.61","-37.82","PAY/SALARY",NA,"Kimberly",8905.77,2018-10-26 07:00:00,"F",27,NA,NA,4863.62,"e6d8f31d269d4e8388e115719a59dd98","CUS-1739931018",NA,NA,"credit","Fri","13:00:00","13","October"
"11346","posted",NA,"ACC-2528867619","138.58","-34.96","PAY/SALARY",NA,"Abigail",21213.46,2018-10-26 07:00:00,"F",40,NA,NA,1946.57,"85f0eef2dc9d4bd4b2cfa41e35c2bb6a","CUS-2505971401",NA,NA,"credit","Fri","13:00:00","13","October"
"11347","posted",NA,"ACC-1516130869","130.84","-12.45","PAYMENT",NA,"Jessica",2935.74,2018-10-26 07:00:00,"F",21,NA,NA,29,"46e09a0e4a9b40419e49dce42a47dee8","CUS-325142416",NA,NA,"debit","Fri","13:00:00","13","October"
"11348","authorized","1","ACC-1598451071","153.41","-27.95","SALES-POS","44518ff8-179f-436a-afea-e2e5814ba172","Diana",1652.23,2018-10-26 07:00:00,"F",26,"Brisbane City","QLD",220.38,"3f7f7fc57cda42ab8decda7f24b16463","CUS-2487424745","153.03","-27.47","debit","Fri","13:05:39","13","October"
"11349","authorized","0","ACC-354106658","151.04","-33.80","POS","5b69624b-b549-4426-89c2-9d65f517e1b7","Christine",23460.09,2018-10-26 07:00:00,"F",39,"Wetherill Park","NSW",46.29,"65c384e4df5041879410086ce2562d87","CUS-2376382098","150.9","-33.85","debit","Fri","13:24:31","13","October"
"11350","authorized","1","ACC-2776252858","144.95","-37.76","SALES-POS","2735c3d5-de46-422e-a7ca-d7c55067f463","Kristin",9721.93,2018-10-26 07:00:00,"F",43,"Ascot Vale","VIC",22.28,"0e0b7d6ff20640e8aa1bfd415d2b9d57","CUS-4123612273","144.92","-37.77","debit","Fri","13:43:23","13","October"
"11351","posted",NA,"ACC-1344825761","151.09","-33.91","PAYMENT",NA,"Sarah",24307.41,2018-10-26 07:00:00,"F",46,NA,NA,22,"e0291be4177445eaab414752d4a5e0d7","CUS-1499065773",NA,NA,"debit","Fri","14:00:00","14","October"
"11352","posted",NA,"ACC-1523339231","115.83","-31.90","PAYMENT",NA,"Tim",85568.29,2018-10-26 07:00:00,"M",40,NA,NA,40,"5fb9911206a74d8bbc0f5c7c27b17183","CUS-1816693151",NA,NA,"debit","Fri","14:00:00","14","October"
"11353","posted",NA,"ACC-2674800293","144.96","-37.69","PAY/SALARY",NA,"Elizabeth",30873.87,2018-10-26 07:00:00,"F",50,NA,NA,1436.98,"7c6e3b6ce7d74e9f931c4cdfa3eb3a64","CUS-2977593493",NA,NA,"credit","Fri","14:00:00","14","October"
"11354","authorized","1","ACC-2890243754","153.32","-27.93","SALES-POS","ea1d9ade-efd3-420a-9c92-80de44fb9e1c","Joseph",2624.85,2018-10-26 07:00:00,"M",37,"Carrara","QLD",55.55,"7e21397020024203a76d774dae83397c","CUS-2695611575","153.37","-28.01","debit","Fri","14:01:02","14","October"
"11355","authorized","1","ACC-2776252858","144.95","-37.76","POS","39b7084c-a744-4a51-8a37-379b2f787840","Kristin",9491.06,2018-10-26 07:00:00,"F",43,"Lilydale","VIC",230.87,"9c0d93fddec743b0bbb4eaef19345679","CUS-4123612273","145.34","-37.76","debit","Fri","14:09:39","14","October"
"11356","authorized","1","ACC-1890605467","143.88","-37.66","SALES-POS","4feeaa23-5dd7-4589-8f8e-390875a82c6d","Alexander",22045.43,2018-10-26 07:00:00,"M",38,"Moonee Ponds","VIC",34.34,"d4f8bc64c3514b798fdc6512b13f4fc3","CUS-1478398256","144.92","-37.77","debit","Fri","14:18:16","14","October"
"11357","authorized","1","ACC-2776252858","144.95","-37.76","SALES-POS","ad76709f-5c58-4d80-bca9-01383e3686d9","Kristin",9485.37,2018-10-26 07:00:00,"F",43,"Burnside","VIC",5.69,"4d67d4944b13459897b9686b0151fd0d","CUS-4123612273","144.75","-37.75","debit","Fri","14:26:53","14","October"
"11358","authorized","1","ACC-1799207998","150.68","-33.79","SALES-POS","b6fc7027-f291-4a0a-8cbb-d68a036040bd","Susan",10512.74,2018-10-26 07:00:00,"F",20,"Kojonup","WA",21.72,"731ebc9d9662464a892fbb8d9aaee85c","CUS-164374203","117.16","-33.83","debit","Fri","14:35:31","14","October"
"11359","authorized","0","ACC-2776252858","144.95","-37.76","SALES-POS","97c7c248-0737-4906-b710-29fe04f36e5b","Kristin",9458.11,2018-10-26 07:00:00,"F",43,"Millicent","SA",27.26,"2371e9f7c9524daba603d9ae9d2c0ace","CUS-4123612273","140.35","-37.59","debit","Fri","14:44:08","14","October"
"11360","authorized","1","ACC-2776252858","144.95","-37.76","POS","a063e596-233a-4c00-a910-8dfbf146ecca","Kristin",9424.83,2018-10-26 07:00:00,"F",43,"Chirnside Park","VIC",33.28,"5d9ffc8b749942fca133c6926935246a","CUS-4123612273","145.31","-37.76","debit","Fri","14:52:45","14","October"
"11361","posted",NA,"ACC-3100725361","145.73","-17.03","PAY/SALARY",NA,"Ronald",10753.02,2018-10-26 07:00:00,"M",25,NA,NA,6107.23,"56e1a0f55f354624a3c713c37415d216","CUS-2178051368",NA,NA,"credit","Fri","15:00:00","15","October"
"11362","posted",NA,"ACC-182446574","116.06","-32.00","PAY/SALARY",NA,"Tonya",11553.31,2018-10-26 07:00:00,"F",27,NA,NA,2840.15,"7ad3b175697448978f54c879266d555e","CUS-3026014945",NA,NA,"credit","Fri","15:00:00","15","October"
"11363","authorized","1","ACC-3689607373","115.79","-31.79","SALES-POS","ca566103-e2ba-4a75-965b-e914f077fafc","Virginia",9055.2,2018-10-26 07:00:00,"F",20,"Ashby","WA",12.87,"ddb034c07d384ce494adbbe5d1744efa","CUS-127297539","115.8","-31.73","debit","Fri","15:01:34","15","October"
"11364","authorized","1","ACC-1799207998","150.68","-33.79","SALES-POS","8d837d9d-d673-40a5-8614-9025dbc14ed2","Susan",10502.58,2018-10-26 07:00:00,"F",20,"Parramatta","NSW",10.16,"6b93c01dc2184c27b4c119c1b6513176","CUS-164374203","151","-33.82","debit","Fri","15:11:22","15","October"
"11365","authorized","1","ACC-3879258709","143.83","-37.66","POS","39bb33a5-e996-426c-830e-f600717033c4","Natasha",205123.51,2018-10-26 07:00:00,"F",40,"Mill Park","VIC",41.98,"a5412a7c7d244117bcc5bc30df73a08b","CUS-527400765","145.08","-37.66","debit","Fri","15:21:10","15","October"
"11366","authorized","1","ACC-3689607373","115.79","-31.79","SALES-POS","09ed9394-a5e3-4ffe-b90f-7a6cf3551b2e","Virginia",9045.08,2018-10-26 07:00:00,"F",20,"Joondalup","WA",10.12,"59a70b3426fc4ad7a9babbeb59bf0a8f","CUS-127297539","115.77","-31.74","debit","Fri","15:30:58","15","October"
"11367","authorized","1","ACC-2776252858","144.95","-37.76","POS","9b1722df-eefd-4789-94d5-9b436c2524f4","Kristin",9378.8,2018-10-26 07:00:00,"F",43,"Maribyrnong","VIC",46.03,"cff49d1ae1e647c19a1398c821a1c448","CUS-4123612273","144.89","-37.77","debit","Fri","15:40:47","15","October"
"11368","authorized","1","ACC-1344825761","151.09","-33.91","POS","7b5f2dab-bded-4190-8f86-e1ec8408e8a9","Sarah",24282.79,2018-10-26 07:00:00,"F",46,"Sydney","NSW",24.62,"56e9807e2c034fefb242364ec8361281","CUS-1499065773","151.21","-33.87","debit","Fri","15:50:35","15","October"
"11369","posted",NA,"ACC-3741880913","150.50","-23.40","PAY/SALARY",NA,"Ashley",13458.6,2018-10-26 07:00:00,"F",25,NA,NA,2282.36,"3f1402e35c084d90810ad1db317d19f5","CUS-1220154422",NA,NA,"credit","Fri","16:00:00","16","October"
"11370","posted",NA,"ACC-602667573","151.23","-33.96","PAYMENT",NA,"Michael",21709.61,2018-10-26 07:00:00,"M",40,NA,NA,41,"2d56241a0af741ebb33c2059c820666c","CUS-2031327464",NA,NA,"debit","Fri","16:00:00","16","October"
"11371","posted",NA,"ACC-964839203","146.92","-36.07","PAY/SALARY",NA,"Michael",42670.92,2018-10-26 07:00:00,"M",21,NA,NA,1560.2,"2617c7640ba84009aadb079d10c9925b","CUS-2059096722",NA,NA,"credit","Fri","16:00:00","16","October"
"11372","posted",NA,"ACC-3827517394","151.12","-33.89","PAYMENT",NA,"Craig",47373.37,2018-10-26 07:00:00,"M",28,NA,NA,43,"8ca86336b1bc4ae187dfb910c148945b","CUS-2663907001",NA,NA,"debit","Fri","16:00:00","16","October"
"11373","posted",NA,"ACC-2153562714","116.00","-31.88","PAYMENT",NA,"Linda",9567.74,2018-10-26 07:00:00,"F",24,NA,NA,27,"bc3b91de335d4eb19f13d33d24127b31","CUS-423725039",NA,NA,"debit","Fri","16:00:00","16","October"
"11374","authorized","0","ACC-1222300524","151.23","-33.94","SALES-POS","438fdb3a-9c2c-45ac-9583-f138420f0d18","Michael",2230.2,2018-10-26 07:00:00,"M",38,"Kadina","SA",23.93,"bd68cd3b37c44656818ea16258f72b6c","CUS-2142601169","137.72","-33.96","debit","Fri","16:00:40","16","October"
"11375","authorized","1","ACC-2776252858","144.95","-37.76","SALES-POS","cd32bde7-1b61-404e-b093-3ba8ed7f5ebf","Kristin",9327.38,2018-10-26 07:00:00,"F",43,"Mount Gambier","SA",51.42,"9bb95b1504c649ffa55e89ca052cf7c2","CUS-4123612273","140.79","-37.83","debit","Fri","16:17:37","16","October"
"11376","authorized","1","ACC-3100725361","145.73","-17.03","POS","37fe8e9e-8581-4972-9348-26f890f02bee","Ronald",10737.7,2018-10-26 07:00:00,"M",25,"Ripponlea","VIC",15.32,"6b3aa0e6ef83431b977a8a3302dfe001","CUS-2178051368","145","-37.88","debit","Fri","16:34:34","16","October"
"11377","authorized","1","ACC-2776252858","144.95","-37.76","POS","a91d611a-3bf1-4eec-9c7f-640426690c37","Kristin",9296.53,2018-10-26 07:00:00,"F",43,"Doncaster","VIC",30.85,"e30ea99df5354cb282b663c8e640b06a","CUS-4123612273","145.13","-37.79","debit","Fri","16:51:31","16","October"
"11378","posted",NA,"ACC-2901672282","255.00","-573.00","PAY/SALARY",NA,"Daniel",14864.23,2018-10-26 07:00:00,"M",22,NA,NA,3328.77,"a3720984d89f441c93a62bbe12508eb1","CUS-1617121891",NA,NA,"credit","Fri","17:00:00","17","October"
"11379","posted",NA,"ACC-3317636250","153.02","-27.66","PAY/SALARY",NA,"Kenneth",21121.09,2018-10-26 07:00:00,"M",35,NA,NA,2544.76,"b9d4f1eb054c4e51a4699ebae6e3d925","CUS-2738291516",NA,NA,"credit","Fri","17:00:00","17","October"
"11380","posted",NA,"ACC-966140392","147.08","-37.97","PAY/SALARY",NA,"Joseph",12344.34,2018-10-26 07:00:00,"M",21,NA,NA,2572.91,"ad492e5437884bf1b9af76c78ea944a3","CUS-537508723",NA,NA,"credit","Fri","17:00:00","17","October"
"11381","authorized","1","ACC-3941181087","115.79","-31.94","POS","5bd7c95d-4d40-4945-96f4-97437dd6f2ab","Paul",14289.08,2018-10-26 07:00:00,"M",25,"Karrinyup","WA",30.82,"6e5ff9f0602443fa9f2ada9885e3b859","CUS-3989008654","115.78","-31.88","debit","Fri","17:05:09","17","October"
"11382","authorized","1","ACC-1443681913","150.92","-33.77","SALES-POS","33de11be-d1af-410c-a6ca-e7ff735253f2","Ryan",5174.2,2018-10-26 07:00:00,"M",31,"Marrickville","NSW",17.66,"37b1731d143d48ac8287f68ffa084bb0","CUS-3129499595","151.17","-33.91","debit","Fri","17:15:27","17","October"
"11383","authorized","0","ACC-2776252858","144.95","-37.76","POS","c1a1ae9e-b5c1-4982-ac03-2f129f909a1f","Kristin",9283.55,2018-10-26 07:00:00,"F",43,"Melbourne","VIC",12.98,"7582ca8951964c3f9c3c4c679de4eb19","CUS-4123612273","144.96","-37.82","debit","Fri","17:25:46","17","October"
"11384","authorized","1","ACC-2673069055","152.99","-27.49","SALES-POS","bc2f4c89-efaf-46ec-991f-105d77119ab7","Richard",13175.2,2018-10-26 07:00:00,"M",24,"Chermside","QLD",22.58,"6e11f9bcb66d4f078915bbe59b10d90b","CUS-51506836","153.03","-27.38","debit","Fri","17:36:04","17","October"
"11385","authorized","1","ACC-1903037542","153.05","-27.61","POS","29d41cac-3207-49c0-b33f-c7d55f912440","Jeffrey",5575.83,2018-10-26 07:00:00,"M",30,"Wakerley","QLD",67.49,"0ad62216594441a48a8669217778490e","CUS-860700529","153.14","-27.48","debit","Fri","17:46:23","17","October"
"11386","authorized","1","ACC-4258502723","145.45","-37.74","SALES-POS","cc36a928-e2b3-4809-a463-1f51a9fac356","Kimberly",4667.42,2018-10-26 07:00:00,"F",24,"Castle Hill","NSW",27.63,"3a323fb839ef4a7697336d4ab0929fab","CUS-3378712515","150.98","-33.73","debit","Fri","17:56:42","17","October"
"11387","posted",NA,"ACC-1788473090","145.06","-37.95","INTER BANK",NA,"Rachael",11473.49,2018-10-26 07:00:00,"F",21,NA,NA,33,"67ba4e7219004efca06f8925f253750a","CUS-134193016",NA,NA,"debit","Fri","18:00:00","18","October"
"11388","posted",NA,"ACC-3541460373","145.00","-37.83","PAYMENT",NA,"Jeffrey",5308.55,2018-10-26 07:00:00,"M",24,NA,NA,53,"e50816ce5d6e4f8b95ac4f2504d2ceac","CUS-1433879684",NA,NA,"debit","Fri","18:00:00","18","October"
"11389","posted",NA,"ACC-1652235822","144.89","-37.81","PAYMENT",NA,"Renee",22414.73,2018-10-26 07:00:00,"F",38,NA,NA,66,"f8c5da29428c4f1d8dcc8131829a0a1b","CUS-2206365095",NA,NA,"debit","Fri","18:00:00","18","October"
"11390","authorized","0","ACC-3771436525","145.04","-37.92","SALES-POS","e58a6e08-d5dd-4146-9b9b-6aedd7e98905","Derek",7715.79,2018-10-26 07:00:00,"M",20,"Brunswick West","VIC",31.5,"b33b61cf065f4c059150084eb2ce5ab5","CUS-3325710106","144.95","-37.75","debit","Fri","18:15:06","18","October"
"11391","authorized","1","ACC-3689607373","115.79","-31.79","SALES-POS","7350dfd6-65f2-47b9-b799-faa752bf3d2f","Virginia",9038.86,2018-10-26 07:00:00,"F",20,"Mandurah","WA",6.22,"4511c1a07266468ebce72128f260491f","CUS-127297539","115.74","-32.54","debit","Fri","18:37:19","18","October"
"11392","authorized","1","ACC-2776252858","144.95","-37.76","SALES-POS","5b6c51c7-5794-46d6-98cb-a6fbf53fb1a4","Kristin",9237.09,2018-10-26 07:00:00,"F",43,"Melbourne","VIC",46.46,"2e2c0c19aa464d6685e2139696b965d6","CUS-4123612273","144.96","-37.82","debit","Fri","18:59:33","18","October"
"11393","posted",NA,"ACC-3485804958","138.52","-35.01","PAYMENT",NA,"Jessica",31244.5,2018-10-26 07:00:00,"F",34,NA,NA,63,"b82bea93bd6b4b15a84d4ca9493a92b0","CUS-1196156254",NA,NA,"debit","Fri","19:00:00","19","October"
"11394","posted",NA,"ACC-3689607373","115.79","-31.79","INTER BANK",NA,"Virginia",8983.86,2018-10-26 07:00:00,"F",20,NA,NA,55,"b858b953f9af4e52b88949172868ec44","CUS-127297539",NA,NA,"debit","Fri","19:00:00","19","October"
"11395","posted",NA,"ACC-2171593283","146.94","-36.04","PAYMENT",NA,"Fernando",17502,2018-10-26 07:00:00,"M",19,NA,NA,40,"e308f43e54bf4d73bd813918fb6de669","CUS-2317998716",NA,NA,"debit","Fri","19:00:00","19","October"
"11396","posted",NA,"ACC-1438600314","138.69","-34.84","PAYMENT",NA,"Maria",5910.4,2018-10-26 07:00:00,"F",35,NA,NA,45,"37ffa60ed86e4b34a6b227af611f9f02","CUS-2650223890",NA,NA,"debit","Fri","19:00:00","19","October"
"11397","authorized","1","ACC-1598451071","153.41","-27.95","SALES-POS","a3971d3a-f3a5-45a3-924d-71f3473bdb62","Diana",1637.04,2018-10-26 07:00:00,"F",26,"Oxenford","QLD",15.19,"672343cc6c6d4842a011c8a27bb1832c","CUS-2487424745","153.31","-27.89","debit","Fri","19:09:47","19","October"
"11398","authorized","1","ACC-1349834573","145.17","-37.84","POS","c5df2089-dfdc-412a-a7cb-e373eac13757","Matthew",18499.41,2018-10-26 07:00:00,"M",39,"Melbourne","VIC",9.07,"0082f5a029674a1ea6f69493ebefd4a4","CUS-1790886359","144.89","-37.79","debit","Fri","19:19:47","19","October"
"11399","authorized","1","ACC-3879258709","143.83","-37.66","SALES-POS","3c9e69c6-a0fd-4cd4-bc2d-664843715b05","Natasha",205103.06,2018-10-26 07:00:00,"F",40,"Broadmeadows","VIC",20.45,"662d7428fde8429b9ff1502b2a11392b","CUS-527400765","144.92","-37.68","debit","Fri","19:29:47","19","October"
"11400","authorized","0","ACC-1443681913","150.92","-33.77","SALES-POS","7c7402cb-2c84-4f38-96ee-a148afdb49d1","Ryan",5149.76,2018-10-26 07:00:00,"M",31,"Harris Park","NSW",24.44,"edb6a98f15da4fdaa9eacb9d61bd796f","CUS-3129499595","151.01","-33.82","debit","Fri","19:39:47","19","October"
"11401","authorized","1","ACC-1598451071","153.41","-27.95","POS","9fa7e4de-fe93-4a2c-8ce9-00f898ef2d7b","Diana",1621,2018-10-26 07:00:00,"F",26,"Southport","QLD",16.04,"e51746bfc79f4f3ab43cbe5b8b762033","CUS-2487424745","153.4","-27.97","debit","Fri","19:49:47","19","October"
"11402","authorized","1","ACC-2776252858","144.95","-37.76","POS","d39ef731-28df-4327-af7a-8ef42b3d80ed","Kristin",9220.12,2018-10-26 07:00:00,"F",43,"South Melbourne","VIC",16.97,"73bb2244f42349fd95afcd8d9104d4b7","CUS-4123612273","144.97","-37.83","debit","Fri","19:59:47","19","October"
"11403","posted",NA,"ACC-37709441","153.41","-28.01","PAYMENT",NA,"Charles",20052.87,2018-10-26 07:00:00,"M",18,NA,NA,27,"3a8a14485f0a40de8fe17764b9d0ec20","CUS-3336454548",NA,NA,"debit","Fri","20:00:00","20","October"
"11404","authorized","1","ACC-559365433","147.31","-42.88","POS","a96dacb7-35b9-45f2-896f-ae4979f6989b","Mary",4656.81,2018-10-26 07:00:00,"F",64,"Tolland","NSW",14.51,"6a464138c82247518c435bf72ced5215","CUS-1654129794","147.35","-35.14","debit","Fri","20:12:43","20","October"
"11405","authorized","1","ACC-1222300524","151.23","-33.94","POS","2f4e2a37-caf3-422f-9564-ff591d9a7dc7","Michael",2152.41,2018-10-26 07:00:00,"M",38,"Sydney","NSW",77.79,"7e4983e9caa649ea91c6108ce600e0f3","CUS-2142601169","151.2","-33.87","debit","Fri","20:25:42","20","October"
"11406","authorized","1","ACC-2776252858","144.95","-37.76","SALES-POS","3d9139b3-bca9-4de6-a061-5d1a19c297d4","Kristin",9074.58,2018-10-26 07:00:00,"F",43,"Chadstone","VIC",145.54,"2272263419ba46c99d7798fab4738490","CUS-4123612273","145.08","-37.89","debit","Fri","20:38:42","20","October"
"11407","authorized","1","ACC-2673069055","152.99","-27.49","POS","e3dde7d3-6a86-452f-b1f4-413110cf1b97","Richard",13167.68,2018-10-26 07:00:00,"M",24,"Toowoomba","QLD",7.52,"ba2181fad5c24d32a138335889ae02f1","CUS-51506836","151.96","-27.56","debit","Fri","20:51:41","20","October"
"11408","posted",NA,"ACC-3689607373","115.79","-31.79","PAYMENT",NA,"Virginia",8914.86,2018-10-26 07:00:00,"F",20,NA,NA,69,"98a1fb9cb9b14d60a5da52a44496ece7","CUS-127297539",NA,NA,"debit","Fri","21:00:00","21","October"
"11409","posted",NA,"ACC-721712940","145.09","-37.82","PAYMENT",NA,"Andrew",58497.16,2018-10-26 07:00:00,"M",78,NA,NA,38,"1312712f3bde4c55bb11bee8e0a04949","CUS-1646183815",NA,NA,"debit","Fri","21:00:00","21","October"
"11410","posted",NA,"ACC-2681137560","151.11","-33.99","PAYMENT",NA,"Nathaniel",13552.04,2018-10-26 07:00:00,"M",31,NA,NA,29,"e3367c602b9d4113ab6760814e6deaf6","CUS-2083971310",NA,NA,"debit","Fri","21:00:00","21","October"
"11411","posted",NA,"ACC-2171593283","146.94","-36.04","PAYMENT",NA,"Fernando",17452,2018-10-26 07:00:00,"M",19,NA,NA,50,"f6da9688b3014fdbaeee0c43801992fe","CUS-2317998716",NA,NA,"debit","Fri","21:00:00","21","October"
"11412","posted",NA,"ACC-2153562714","116.00","-31.88","INTER BANK",NA,"Linda",9382.74,2018-10-26 07:00:00,"F",24,NA,NA,185,"b6ae89a5642a45d798b304f8d2b6d91e","CUS-423725039",NA,NA,"debit","Fri","21:00:00","21","October"
"11413","posted",NA,"ACC-3021093232","149.83","-29.47","PAYMENT",NA,"Melissa",12453.58,2018-10-26 07:00:00,"F",30,NA,NA,131,"7775247463054bacb76e3465c826eaf3","CUS-55310383",NA,NA,"debit","Fri","21:00:00","21","October"
"11414","posted",NA,"ACC-1903037542","153.05","-27.61","PAYMENT",NA,"Jeffrey",5552.83,2018-10-26 07:00:00,"M",30,NA,NA,23,"f664a2050717466497083a68e7538856","CUS-860700529",NA,NA,"debit","Fri","21:00:00","21","October"
"11415","authorized","1","ACC-1496451953","145.16","-37.84","SALES-POS","5b985e93-7f6f-4c12-ab44-312a711d20dd","Ricky",22279.57,2018-10-26 07:00:00,"M",43,"Brunswick West","VIC",22.19,"add3d701623746a49a10b632bbae02bb","CUS-3142625864","144.95","-37.77","debit","Fri","21:02:58","21","October"
"11416","authorized","1","ACC-2776252858","144.95","-37.76","POS","cff268f2-26d4-4dcc-bb01-f2063c3b4f5f","Kristin",9031.76,2018-10-26 07:00:00,"F",43,"Chadstone","VIC",42.82,"8e1ee1dc0fbf4770a8be78b5cf6a1547","CUS-4123612273","145.08","-37.89","debit","Fri","21:11:14","21","October"
"11417","authorized","1","ACC-3084464802","145.15","-37.76","POS","10be468c-9d02-4d10-ba7f-10bd3ff986cd","Susan",10504.83,2018-10-26 07:00:00,"F",19,"Forest Hill","VIC",39.95,"5edc5daa071842cbb7ab923eaf014c0a","CUS-1928710999","145.18","-37.84","debit","Fri","21:19:30","21","October"
"11418","authorized","1","ACC-240804743","121.48","-30.75","POS","e28c426d-cbef-4e2d-aa06-1ba0b6b1902f","Kenneth",20642.24,2018-10-26 07:00:00,"M",29,"Boggabri","NSW",16.08,"a99ad902b94941c8be6ff19a64956c5c","CUS-261674136","150.04","-30.7","debit","Fri","21:27:46","21","October"
"11419","authorized","1","ACC-1799207998","150.68","-33.79","SALES-POS","a9ef765f-2a48-4d8d-a08f-5cf8e5ed52c9","Susan",10473.73,2018-10-26 07:00:00,"F",20,"Greystanes","NSW",28.85,"3113f5811a844f6c8b2f7c1f14f67d52","CUS-164374203","150.94","-33.81","debit","Fri","21:36:01","21","October"
"11420","authorized","1","ACC-1344825761","151.09","-33.91","POS","e0f6a222-0585-4b68-80e6-300a88ff8ad5","Sarah",24236.23,2018-10-26 07:00:00,"F",46,"Roselands","NSW",46.56,"c421fa30dbb04dc294dad8d82a6c448c","CUS-1499065773","151.09","-33.93","debit","Fri","21:44:17","21","October"
"11421","authorized","1","ACC-1799207998","150.68","-33.79","POS","85f205ca-dc6b-43f4-b081-859a27457643","Susan",10452.81,2018-10-26 07:00:00,"F",20,"Balcatta","WA",20.92,"5050dd86916449bf9219c137b932cd85","CUS-164374203","115.81","-31.86","debit","Fri","21:52:33","21","October"
"11422","authorized","0","ACC-1349834573","145.17","-37.84","SALES-POS","68a27573-ee68-476d-873e-9663f7a5f804","Matthew",18452.91,2018-10-26 07:00:00,"M",39,"Richmond","VIC",46.5,"7e5876238b1b4891b23bf048fa7641eb","CUS-1790886359","145","-37.82","debit","Fri","22:01:57","22","October"
"11423","authorized","0","ACC-1222300524","151.23","-33.94","SALES-POS","62d50c71-3c47-48f5-9598-e0e0b0e7a21f","Michael",2139.28,2018-10-26 07:00:00,"M",38,"Southbank","VIC",13.13,"ba65245a82ef41bda73f08f04a6b56d4","CUS-2142601169","144.97","-37.82","debit","Fri","22:21:34","22","October"
"11424","authorized","1","ACC-414431115","142.77","-37.06","SALES-POS","2f827786-043b-43d1-bd25-55db007b365f","Amy",6949.09,2018-10-26 07:00:00,"F",43,"Maryborough","VIC",21.55,"00aacfd80be841c7b11eafa65165045f","CUS-2599279756","143.74","-37.05","debit","Fri","22:41:10","22","October"
"11425","posted",NA,"ACC-3541460373","145.00","-37.83","PAYMENT",NA,"Jeffrey",5267.55,2018-10-26 07:00:00,"M",24,NA,NA,41,"df628dbcfad547ec9ee5bf699c174f4a","CUS-1433879684",NA,NA,"debit","Fri","23:00:00","23","October"
"11426","authorized","1","ACC-2528867619","138.58","-34.96","POS","5da9f113-d911-4709-b6a3-5ff1fbb0c7be","Abigail",21200.84,2018-10-26 07:00:00,"F",40,"Bomaderry","NSW",12.62,"627e304cb4e64e3a955d753282638ee4","CUS-2505971401","150.61","-34.85","debit","Fri","23:00:47","23","October"
"11427","authorized","1","ACC-2528867619","138.58","-34.96","SALES-POS","8103babe-c526-4954-baf7-9f4e4845b4af","Abigail",21190.14,2018-10-26 07:00:00,"F",40,"Brighton","SA",10.7,"d081e5a850b8428d85c27f64816c2ffe","CUS-2505971401","138.52","-35.02","debit","Fri","23:20:23","23","October"
"11428","authorized","1","ACC-354106658","151.04","-33.80","POS","03016710-5428-41ee-9ec7-75bfb3b8ea12","Christine",23429.39,2018-10-26 07:00:00,"F",39,"Darlinghurst","NSW",30.7,"a8e4dc527b684a24a3fe644004fba8da","CUS-2376382098","151.22","-33.88","debit","Fri","23:39:59","23","October"
"11429","authorized","0","ACC-1516130869","130.84","-12.45","POS","44e05260-47f6-4a92-855a-6c3e0d6084d2","Jessica",2927.13,2018-10-26 07:00:00,"F",21,"Darwin City","NT",8.61,"7ffc67cf38c74e658cce6ee4360a528e","CUS-325142416","130.85","-12.46","debit","Fri","23:59:36","23","October"
"11430","authorized","1","ACC-1443681913","150.92","-33.77","SALES-POS","e3a8ba8a-df2f-4410-bf2c-a74b3a2c79f0","Ryan",5105.8,2018-10-27 07:00:00,"M",31,"Hornsby","NSW",43.96,"15d9b38a4f29453f8674093d22b3b00c","CUS-3129499595","151.1","-33.71","debit","Sat","00:42:36","00","October"
"11431","authorized","1","ACC-1496451953","145.16","-37.84","POS","863b3f54-f26c-4dac-8100-749d335e3b57","Ricky",22261.1,2018-10-27 07:00:00,"M",43,"Moonee Ponds","VIC",18.47,"8f501324545d4a8588640dfde3ee0764","CUS-3142625864","144.92","-37.77","debit","Sat","01:14:17","01","October"
"11432","authorized","1","ACC-80388494","144.97","-37.42","POS","2ffe27a3-2d94-4e70-a58f-ada0b83fb55f","Dustin",7059.5,2018-10-27 07:00:00,"M",28,"Chadstone","VIC",28.47,"2c995a3ffde04bc2a9476892137ba3e2","CUS-1140341822","145.08","-37.89","debit","Sat","01:38:05","01","October"
"11433","posted",NA,"ACC-3481401842","115.74","-31.72","PAYMENT",NA,"Tiffany",9207.14,2018-10-27 07:00:00,"F",25,NA,NA,26,"c6e43101f106440a921aa99038008cb5","CUS-1669695324",NA,NA,"debit","Sat","02:00:00","02","October"
"11434","posted",NA,"ACC-4281711154","144.98","-37.84","PAYMENT",NA,"Eric",41859.02,2018-10-27 07:00:00,"M",42,NA,NA,168,"f014c79b7b7e4528be8688af00980b09","CUS-3151318058",NA,NA,"debit","Sat","02:00:00","02","October"
"11435","authorized","1","ACC-1222300524","151.23","-33.94","POS","a71d5a48-83e3-44c4-96b1-72973a9880a4","Michael",2129.24,2018-10-27 07:00:00,"M",38,"Manly","NSW",10.04,"477ea7e6917c41e49ddfdd2fefe97244","CUS-2142601169","151.29","-33.8","debit","Sat","02:02:29","02","October"
"11436","authorized","1","ACC-1799207998","150.68","-33.79","POS","9a73b52e-41bf-4fa4-80a8-89c19c55ea87","Susan",10421.37,2018-10-27 07:00:00,"F",20,"Maroubra","NSW",31.44,"942dba65cebf420290dced189f244fc5","CUS-164374203","151.25","-33.95","debit","Sat","02:33:44","02","October"
"11437","posted",NA,"ACC-4065652575","115.81","-31.82","PAYMENT",NA,"Lucas",14991.86,2018-10-27 07:00:00,"M",21,NA,NA,190,"03a87f27104a4be1aaa9bdae0d5f5cdd","CUS-1117979751",NA,NA,"debit","Sat","03:00:00","03","October"
"11438","posted",NA,"ACC-2673069055","152.99","-27.49","INTER BANK",NA,"Richard",11790.68,2018-10-27 07:00:00,"M",24,NA,NA,1377,"a341c06498614366baf7a3728a371cc5","CUS-51506836",NA,NA,"debit","Sat","03:00:00","03","October"
"11439","posted",NA,"ACC-1990648130","114.62","-28.80","PAYMENT",NA,"Kaitlyn",8860.13,2018-10-27 07:00:00,"F",21,NA,NA,180,"5952ac74b72644f8b7af2b6af7a0ed14","CUS-809013380",NA,NA,"debit","Sat","03:00:00","03","October"
"11440","authorized","1","ACC-2890243754","153.32","-27.93","POS","9b396220-0ff3-473d-8ad3-a169f8b37757","Joseph",2612.87,2018-10-27 07:00:00,"M",37,"Notting Hill","VIC",11.98,"12623c30ad6f452fbfccf3df8beac975","CUS-2695611575","145.13","-37.9","debit","Sat","03:05:42","03","October"
"11441","authorized","0","ACC-3233697971","151.04","-33.77","POS","bb9ea428-ab07-4ae2-842a-b6be05258cbf","Robin",14152.68,2018-10-27 07:00:00,"F",34,"Liverpool","NSW",11.91,"40092a68acfe418987dbd7c8e4de8a32","CUS-1147642491","150.93","-33.92","debit","Sat","03:41:25","03","October"
"11442","posted",NA,"ACC-80388494","144.97","-37.42","PAYMENT",NA,"Dustin",6963.5,2018-10-27 07:00:00,"M",28,NA,NA,96,"6b7c005cb75e46aca972f61dc5d5b315","CUS-1140341822",NA,NA,"debit","Sat","04:00:00","04","October"
"11443","posted",NA,"ACC-964839203","146.92","-36.07","PAYMENT",NA,"Michael",42642.92,2018-10-27 07:00:00,"M",21,NA,NA,28,"9a3a5f6c1576441880e7c182fef2833c","CUS-2059096722",NA,NA,"debit","Sat","04:00:00","04","October"
"11444","authorized","1","ACC-3100725361","145.73","-17.03","POS","b7b9227a-1d56-4b89-a045-1dc6d98ddb4a","Ronald",10726.33,2018-10-27 07:00:00,"M",25,"Cairns City","QLD",11.37,"a42ca5c9aee64099ac172dbd9f4bb143","CUS-2178051368","145.78","-16.92","debit","Sat","04:10:12","04","October"
"11445","authorized","1","ACC-182446574","116.06","-32.00","POS","e8e3598a-d91c-4aab-ae01-61196aa23bc5","Tonya",11531.77,2018-10-27 07:00:00,"F",27,"Ellenbrook","WA",21.54,"e75e7127b9af401fac2b094796d7308d","CUS-3026014945","115.97","-31.78","debit","Sat","04:31:29","04","October"
"11446","authorized","1","ACC-1890605467","143.88","-37.66","POS","606e59e2-285f-4955-83b1-de242970d5b5","Alexander",22040.2,2018-10-27 07:00:00,"M",38,"Waterloo","NSW",5.23,"d539c5a0582e4d8487d828df0d570b65","CUS-1478398256","151.21","-33.9","debit","Sat","04:52:45","04","October"
"11447","posted",NA,"ACC-2681137560","151.11","-33.99","PAYMENT",NA,"Nathaniel",13526.04,2018-10-27 07:00:00,"M",31,NA,NA,26,"ba5e47f1a895438f83fcca8ca7c8eb4c","CUS-2083971310",NA,NA,"debit","Sat","05:00:00","05","October"
"11448","posted",NA,"ACC-1222300524","151.23","-33.94","PAYMENT",NA,"Michael",1900.24,2018-10-27 07:00:00,"M",38,NA,NA,229,"2a2e07057f864ce184331c51c5fad2a9","CUS-2142601169",NA,NA,"debit","Sat","05:00:00","05","October"
"11449","posted",NA,"ACC-1652235822","144.89","-37.81","PAYMENT",NA,"Renee",22369.73,2018-10-27 07:00:00,"F",38,NA,NA,45,"730d78473bde497ca27cdafa83248088","CUS-2206365095",NA,NA,"debit","Sat","05:00:00","05","October"
"11450","posted",NA,"ACC-1650504218","145.01","-37.93","PAYMENT",NA,"Marissa",17993.84,2018-10-27 07:00:00,"F",23,NA,NA,43,"f12459f7ce774933b1612390e0241324","CUS-2500783281",NA,NA,"debit","Sat","05:00:00","05","October"
"11451","posted",NA,"ACC-4281711154","144.98","-37.84","PAYMENT",NA,"Eric",41822.02,2018-10-27 07:00:00,"M",42,NA,NA,37,"e3db3399a65a46ee8edf696b649f95a0","CUS-3151318058",NA,NA,"debit","Sat","05:00:00","05","October"
"11452","authorized","1","ACC-3233697971","151.04","-33.77","POS","3b4cef6e-7b92-41cb-92cb-2602d25486b6","Robin",14114.6,2018-10-27 07:00:00,"F",34,"Hawthorn","VIC",38.08,"e94eac529580473f89b542e688013f64","CUS-1147642491","145.03","-37.82","debit","Sat","06:24:59","06","October"
"11453","authorized","1","ACC-1710017148","150.82","-34.01","POS","1aa43ff9-5593-4e72-9a78-f7ca2e859f3d","Michelle",17152.12,2018-10-27 07:00:00,"F",19,"Sydney","NSW",6.46,"e8608b3b231948e0912d8701465eedb9","CUS-883482547","151.21","-33.87","debit","Sat","07:24:09","07","October"
"11454","authorized","1","ACC-574997646","150.79","-33.64","SALES-POS","30c69d30-dbad-40dd-8933-689c2ab45f4b","Mackenzie",6467.55,2018-10-27 07:00:00,"F",18,"Vasse","WA",39.19,"e715a03ddae54d0ebae615ad64ee17a3","CUS-586638664","115.25","-33.67","debit","Sat","08:01:39","08","October"
"11455","authorized","1","ACC-354106658","151.04","-33.80","SALES-POS","f15c8c37-9fd9-47fc-a685-fdfb084311bb","Christine",23394.31,2018-10-27 07:00:00,"F",39,"Penrith","NSW",35.08,"4bb118054daa4cd3987baf28a0a01410","CUS-2376382098","150.7","-33.75","debit","Sat","08:13:34","08","October"
"11456","authorized","1","ACC-3689607373","115.79","-31.79","POS","feff3519-afd1-4bf9-84f8-7add57b84d0d","Virginia",8889.23,2018-10-27 07:00:00,"F",20,"Perth","WA",25.63,"42246360f65e4b719455f5b0e21366aa","CUS-127297539","115.86","-31.95","debit","Sat","08:25:28","08","October"
"11457","authorized","1","ACC-1903037542","153.05","-27.61","POS","d397880f-8fb7-4dea-ad87-acb67828c476","Jeffrey",5544.46,2018-10-27 07:00:00,"M",30,"South Brisbane","QLD",8.37,"577ce974151447b1b9c87698693c0573","CUS-860700529","153.02","-27.48","debit","Sat","08:37:22","08","October"
"11458","authorized","0","ACC-559365433","147.31","-42.88","POS","b5144831-00d3-4675-a349-4d2b68518cf7","Mary",4646.49,2018-10-27 07:00:00,"F",64,"Wagga Wagga","NSW",10.32,"5e74d1847606446bb4e86402d5819a6b","CUS-1654129794","147.37","-35.12","debit","Sat","08:49:17","08","October"
"11459","authorized","1","ACC-559365433","147.31","-42.88","POS","4779df60-3c73-487b-a3c3-6fb5cc1b75fb","Mary",4596.55,2018-10-27 07:00:00,"F",64,"Brandon","QLD",49.94,"3e3464b2bcfc40f1b86845a9b80d4b32","CUS-1654129794","147.35","-19.55","debit","Sat","09:00:52","09","October"
"11460","authorized","1","ACC-4258502723","145.45","-37.74","POS","c2ae1e53-cba2-4e6d-b539-2394cd86662d","Kimberly",4653.26,2018-10-27 07:00:00,"F",24,"South Yarra","VIC",14.16,"7a118021ff5541b6bc5452db13d7b767","CUS-3378712515","144.99","-37.85","debit","Sat","09:09:33","09","October"
"11461","authorized","1","ACC-182446574","116.06","-32.00","POS","f3714c41-be33-4e0f-bfb8-b0d32e2de2e8","Tonya",11499.25,2018-10-27 07:00:00,"F",27,"Hawker","SA",32.52,"f1a5f71083d44cd3936588b8ef30f604","CUS-3026014945","138.42","-31.89","debit","Sat","09:18:15","09","October"
"11462","authorized","1","ACC-2171593283","146.94","-36.04","SALES-POS","9f435d17-c3ef-492f-b8a9-48e2c663f57a","Fernando",17430.24,2018-10-27 07:00:00,"M",19,"Corowa","NSW",21.76,"0bd990fa70524c47b540ebbad35f2a57","CUS-2317998716","146.38","-36.01","debit","Sat","09:26:57","09","October"
"11463","authorized","1","ACC-2673069055","152.99","-27.49","SALES-POS","eb4af8a0-c7e4-4e63-b2a3-201ca918321d","Richard",11757.93,2018-10-27 07:00:00,"M",24,"Shailer Park","QLD",32.75,"08bceb2c6a214c5eac3af916cadcabfd","CUS-51506836","153.17","-27.66","debit","Sat","09:35:39","09","October"
"11464","authorized","1","ACC-182446574","116.06","-32.00","SALES-POS","4d1c882d-8b38-4de0-8b1d-c486d2202d2e","Tonya",11480.6,2018-10-27 07:00:00,"F",27,"Gloucester","NSW",18.65,"d5f9edf6b5204b75b464228ff46caa8f","CUS-3026014945","151.96","-32.01","debit","Sat","09:44:20","09","October"
"11465","authorized","1","ACC-2528867619","138.58","-34.96","POS","7529a910-fa4b-4b99-b255-12be002e57c7","Abigail",21167.9,2018-10-27 07:00:00,"F",40,"Broadview","SA",22.24,"b552b0e925f54761aba604ad9f0cfa29","CUS-2505971401","138.62","-34.87","debit","Sat","09:53:02","09","October"
"11466","posted",NA,"ACC-182446574","116.06","-32.00","PAYMENT",NA,"Tonya",11286.6,2018-10-27 07:00:00,"F",27,NA,NA,194,"22026dc26528435bb1759ef54827a21a","CUS-3026014945",NA,NA,"debit","Sat","10:00:00","10","October"
"11467","posted",NA,"ACC-574997646","150.79","-33.64","PAYMENT",NA,"Mackenzie",6422.55,2018-10-27 07:00:00,"F",18,NA,NA,45,"011ec4540a7f475982952bf97bb8f72f","CUS-586638664",NA,NA,"debit","Sat","10:00:00","10","October"
"11468","authorized","1","ACC-966140392","147.08","-37.97","SALES-POS","3548afe8-7f2b-4fe3-9ece-bdf6b1398099","Joseph",12305.17,2018-10-27 07:00:00,"M",21,"Hammondville","NSW",39.17,"24dad609720244119fd15482c5db7420","CUS-537508723","150.96","-33.95","debit","Sat","10:04:20","10","October"
"11469","authorized","1","ACC-37709441","153.41","-28.01","SALES-POS","c385274f-a366-46c8-819b-b78addc3a289","Charles",20046.76,2018-10-27 07:00:00,"M",18,"Allora","QLD",6.11,"720b5c6f6eaa476eafdab41f142f4e69","CUS-3336454548","151.98","-28.04","debit","Sat","10:26:05","10","October"
"11470","authorized","1","ACC-80388494","144.97","-37.42","POS","b320f505-a08d-4fae-b725-4579177f83ef","Dustin",6932.75,2018-10-27 07:00:00,"M",28,"Springvale","VIC",30.75,"00a3d95020e54ee3a5fd45fbad22f3ae","CUS-1140341822","145.17","-37.95","debit","Sat","10:47:49","10","October"
"11471","posted",NA,"ACC-2681137560","151.11","-33.99","PAYMENT",NA,"Nathaniel",13509.04,2018-10-27 07:00:00,"M",31,NA,NA,17,"2e9db8613fd64059bae2325787619e77","CUS-2083971310",NA,NA,"debit","Sat","11:00:00","11","October"
"11472","posted",NA,"ACC-2650850707","148.16","-23.52","INTER BANK",NA,"Brian",117176.11,2018-10-27 07:00:00,"M",42,NA,NA,197,"d4f4b0e05f784913a5f4857ce3132c17","CUS-2819545904",NA,NA,"debit","Sat","11:00:00","11","October"
"11473","authorized","1","ACC-966140392","147.08","-37.97","SALES-POS","a08c5265-2002-4493-a95f-8c1d59a3446d","Joseph",12283.36,2018-10-27 07:00:00,"M",21,"Sandy Bay","TAS",21.81,"29d82cd57b784bdfae70678de78d9bdb","CUS-537508723","147.35","-42.91","debit","Sat","11:03:36","11","October"
"11474","authorized","1","ACC-2890243754","153.32","-27.93","SALES-POS","e7c8051a-fd6b-486c-84c2-2cf07c925bcf","Joseph",2602.59,2018-10-27 07:00:00,"M",37,"Southport","QLD",10.28,"db040093e1ef41ccb678c07b83f7e3f8","CUS-2695611575","153.42","-27.97","debit","Sat","11:11:48","11","October"
"11475","authorized","1","ACC-414431115","142.77","-37.06","SALES-POS","959694dd-5121-4e68-9d7f-ad35790519e3","Amy",6923.11,2018-10-27 07:00:00,"F",43,"Mansfield","VIC",25.98,"d03fb326e6a8401d9caf815301c07009","CUS-2599279756","146.09","-37.05","debit","Sat","11:19:59","11","October"
"11476","authorized","0","ACC-1608363396","151.22","-33.87","SALES-POS","9e80ab72-b313-459a-8783-283550726f05","Robert",9241.59,2018-10-27 07:00:00,"M",20,"Kings Langley","NSW",43.38,"a976eb2bb1e04e38b7a705d1a2f25043","CUS-2688605418","150.92","-33.74","debit","Sat","11:28:11","11","October"
"11477","authorized","1","ACC-1217063613","147.61","-37.82","POS","3ae083e7-fb3f-48eb-b2d6-3254c345eaf5","Kimberly",8864.02,2018-10-27 07:00:00,"F",27,"Malvern","VIC",41.75,"93ca686b688d477b9f3b51c30093ca46","CUS-1739931018","145.03","-37.86","debit","Sat","11:36:23","11","October"
"11478","authorized","1","ACC-3954677887","115.72","-32.28","POS","75f2869a-b905-41ea-9294-0b04d3bb340f","Ruth",8817.18,2018-10-27 07:00:00,"F",47,"Tuncurry","NSW",46.09,"f0badc57dd2f48e2a7945052ff545cc2","CUS-3716701010","152.49","-32.16","debit","Sat","11:44:35","11","October"
"11479","authorized","1","ACC-354106658","151.04","-33.80","POS","d91b753b-1b0a-4426-b2d1-4b7c1fce0c06","Christine",23345.26,2018-10-27 07:00:00,"F",39,"Ryde","NSW",49.05,"6197297c1255488ba8a93ba8ce8700f4","CUS-2376382098","151.11","-33.81","debit","Sat","11:52:47","11","October"
"11480","posted",NA,"ACC-1349834573","145.17","-37.84","PAYMENT",NA,"Matthew",18356.5,2018-10-27 07:00:00,"M",39,NA,NA,81,"5f2eb39677ad400cbafc0a7863d0e73a","CUS-1790886359",NA,NA,"debit","Sat","12:00:00","12","October"
"11481","posted",NA,"ACC-1998563091","149.03","-35.25","PAYMENT",NA,"David",20224.03,2018-10-27 07:00:00,"M",42,NA,NA,45,"cef864adc0274182a2ffae6be9eb0b62","CUS-3395687666",NA,NA,"debit","Sat","12:00:00","12","October"
"11482","authorized","1","ACC-2681137560","151.11","-33.99","SALES-POS","3b990820-b69e-4bd1-993b-d09158f22778","Nathaniel",13495.41,2018-10-27 07:00:00,"M",31,"Liverpool","NSW",13.63,"f7ec5e37c25342c18e1a54bfb99253c3","CUS-2083971310","150.92","-33.92","debit","Sat","12:02:08","12","October"
"11483","authorized","1","ACC-1349834573","145.17","-37.84","POS","5e3fdc60-650f-4013-b6b4-4c5d772d255c","Matthew",18437.5,2018-10-27 07:00:00,"M",39,"Saint Kilda","VIC",15.41,"7c76feb9a686449cb18c3330124933dc","CUS-1790886359","144.98","-37.87","debit","Sat","12:19:59","12","October"
"11484","authorized","1","ACC-182446574","116.06","-32.00","SALES-POS","1cd50a6b-6654-4371-b16d-30db7e692030","Tonya",11259.01,2018-10-27 07:00:00,"F",27,"Scarborough","WA",27.59,"4565f48cd8cc47b0b4e4c224d5bd6a68","CUS-3026014945","115.76","-31.89","debit","Sat","12:37:51","12","October"
"11485","authorized","0","ACC-1710017148","150.82","-34.01","POS","4933e854-a99f-4669-82c8-a29053a44765","Michelle",17127.13,2018-10-27 07:00:00,"F",19,"Lane Cove","NSW",24.99,"aa87c3ecc5b54f60871511294663b856","CUS-883482547","151.17","-33.82","debit","Sat","12:55:42","12","October"
"11486","posted",NA,"ACC-90814749","151.68","-32.98","INTER BANK",NA,"Christopher",13009.85,2018-10-27 07:00:00,"M",35,NA,NA,44,"02edff8a695c4612821b11f2dc371370","CUS-1896554896",NA,NA,"debit","Sat","13:00:00","13","October"
"11487","posted",NA,"ACC-4059612845","130.98","-12.49","PAYMENT",NA,"Jonathan",63333.55,2018-10-27 07:00:00,"M",38,NA,NA,198,"094c6a2d382d425bb984263b6e0c743f","CUS-495599312",NA,NA,"debit","Sat","13:00:00","13","October"
"11488","authorized","1","ACC-414431115","142.77","-37.06","SALES-POS","7ce5471b-363c-46ab-b398-ca517347829a","Amy",6892.52,2018-10-27 07:00:00,"F",43,"Sydney","NSW",30.59,"dd77620be5d04118bc11a7fa73017e46","CUS-2599279756","151.21","-33.87","debit","Sat","13:14:04","13","October"
"11489","authorized","1","ACC-354106658","151.04","-33.80","POS","559bce8b-2c87-47c4-8a8e-b0cb3c5af835","Christine",23332.96,2018-10-27 07:00:00,"F",39,"Kogarah","NSW",12.3,"cabd62376ac947a78349e4056582abea","CUS-2376382098","151.13","-33.96","debit","Sat","13:32:35","13","October"
"11490","authorized","0","ACC-559365433","147.31","-42.88","SALES-POS","d7b8f51e-1832-4609-8d34-3e2de4445823","Mary",4572.32,2018-10-27 07:00:00,"F",64,"Wagga Wagga","NSW",24.23,"237cbaee4ffb40278aeebae2543a35be","CUS-1654129794","147.36","-35.12","debit","Sat","13:51:06","13","October"
"11491","posted",NA,"ACC-1334819143","145.13","-37.70","INTER BANK",NA,"Christopher",67777.53,2018-10-27 07:00:00,"M",33,NA,NA,157,"d42e89ce824b4855975e98120c462852","CUS-3117610635",NA,NA,"debit","Sat","14:00:00","14","October"
"11492","posted",NA,"ACC-37709441","153.41","-28.01","INTER BANK",NA,"Charles",20001.76,2018-10-27 07:00:00,"M",18,NA,NA,45,"b5117d476a244512b1a632fdfa12f5a8","CUS-3336454548",NA,NA,"debit","Sat","14:00:00","14","October"
"11493","posted",NA,"ACC-2897221629","150.90","-34.37","PAYMENT",NA,"Scott",8351.39,2018-10-27 07:00:00,"M",23,NA,NA,165,"d635db080963454ba5ac9aaeff60c6a9","CUS-511326734",NA,NA,"debit","Sat","14:00:00","14","October"
"11494","authorized","1","ACC-2673069055","152.99","-27.49","POS","bcf746b5-7bf5-44fc-934b-9c44540ed213","Richard",11745.07,2018-10-27 07:00:00,"M",24,"Cleveland","QLD",12.86,"67193412f6a342cdbddd3f1111d4f412","CUS-51506836","153.27","-27.53","debit","Sat","14:04:28","14","October"
"11495","authorized","1","ACC-854938045","147.63","-22.84","SALES-POS","1a3c8a43-184a-4bd0-bcc8-18c64a769ee7","James",13584.7,2018-10-27 07:00:00,"M",28,"Armadale","VIC",59.98,"b060f2873abb47e2b51d53bb5da69e99","CUS-4023861240","145.02","-37.86","debit","Sat","14:13:06","14","October"
"11496","authorized","1","ACC-2673069055","152.99","-27.49","SALES-POS","b197bdf9-bdde-4297-bffa-199eca0733f0","Richard",11717.38,2018-10-27 07:00:00,"M",24,"Newtown","QLD",27.69,"02e63b5d11094f84bd03b33aaae1d025","CUS-51506836","151.93","-27.56","debit","Sat","14:21:43","14","October"
"11497","authorized","1","ACC-154431271","153.09","-27.48","POS","ca470f6e-b50f-48e1-ab97-cc40705bfa5b","Lori",3334.91,2018-10-27 07:00:00,"F",18,"Browns Plains","QLD",8.41,"a5e5f1e30bf44a50979552d3f8266e6b","CUS-3702001629","153.04","-27.66","debit","Sat","14:30:20","14","October"
"11498","authorized","0","ACC-414431115","142.77","-37.06","POS","20eaacff-3654-4e9c-9558-7da5bc6edaec","Amy",6842.16,2018-10-27 07:00:00,"F",43,"Mansfield","VIC",50.36,"dbc8c376856b4784891587d29a306a28","CUS-2599279756","146.09","-37.05","debit","Sat","14:38:57","14","October"
"11499","authorized","1","ACC-2890243754","153.32","-27.93","POS","75c749e4-e234-4ce3-aaf4-d058b01426dc","Joseph",2587.22,2018-10-27 07:00:00,"M",37,"Mermaid Waters","QLD",15.37,"1ca9bd4bcc264909a8ef071e3de3845b","CUS-2695611575","153.41","-28.05","debit","Sat","14:47:35","14","October"
"11500","authorized","0","ACC-80388494","144.97","-37.42","POS","683e2ebd-865e-490d-98d2-18e77c9615e1","Dustin",6926.08,2018-10-27 07:00:00,"M",28,"Lilydale","VIC",6.67,"ac188161e5bd47ee85bf2ec09d584248","CUS-1140341822","145.35","-37.76","debit","Sat","14:56:12","14","October"
"11501","authorized","1","ACC-1903037542","153.05","-27.61","SALES-POS","e96d88f5-a617-4dea-b42d-cf64afc26dd8","Jeffrey",5532.07,2018-10-27 07:00:00,"M",30,"Fortitude Valley","QLD",12.39,"3d9ec47e425a411f90a7469198b1e83f","CUS-860700529","153.04","-27.45","debit","Sat","15:06:17","15","October"
"11502","authorized","1","ACC-1903037542","153.05","-27.61","SALES-POS","fecfbf4d-3784-4ecb-a059-9e7d8c8ed7d2","Jeffrey",5527.84,2018-10-27 07:00:00,"M",30,"Mount Gravatt East","QLD",4.23,"52050875766d48d1aa386f571d147f66","CUS-860700529","153.09","-27.53","debit","Sat","15:17:31","15","October"
"11503","authorized","1","ACC-2673069055","152.99","-27.49","POS","96c988fa-90f9-4a9f-bba6-33a335326711","Richard",11705.42,2018-10-27 07:00:00,"M",24,"Toowoomba City","QLD",11.96,"e6d4cb4a481d4afe8f07c66205a42393","CUS-51506836","151.95","-27.56","debit","Sat","15:28:45","15","October"
"11504","authorized","1","ACC-1516130869","130.84","-12.45","POS","ff09356c-3421-4a4a-8557-679a6bf14980","Jessica",2905.78,2018-10-27 07:00:00,"F",21,"Darwin City","NT",21.35,"008a6000c71e466597dd50c52bfcae17","CUS-325142416","130.84","-12.46","debit","Sat","15:39:59","15","October"
"11505","authorized","0","ACC-38923874","151.27","-33.90","POS","d7effe6e-ecfb-464b-aab6-6bb1390ffe97","Ryan",44976.07,2018-10-27 07:00:00,"M",38,"Chatswood","NSW",55.95,"68d6dd64d61441a99bfdb637ea99bdd0","CUS-3249305314","151.18","-33.8","debit","Sat","15:51:14","15","October"
"11506","posted",NA,"ACC-2920611728","144.96","-37.76","PAYMENT",NA,"Tyler",10625.38,2018-10-27 07:00:00,"M",69,NA,NA,17,"95904c651dd14dd1866c7ae7b1f70614","CUS-1388323263",NA,NA,"debit","Sat","16:00:00","16","October"
"11507","posted",NA,"ACC-37709441","153.41","-28.01","PHONE BANK",NA,"Charles",19980.76,2018-10-27 07:00:00,"M",18,NA,NA,21,"ad5c53695ba44db1bd93e8a0294be0bb","CUS-3336454548",NA,NA,"debit","Sat","16:00:00","16","October"
"11508","authorized","1","ACC-3954677887","115.72","-32.28","POS","b058eafd-52f8-4de8-8caa-5cac0144173a","Ruth",8804.67,2018-10-27 07:00:00,"F",47,"Perth","WA",12.51,"9da57b59f9454a199ab24b493996bdc4","CUS-3716701010","115.88","-31.94","debit","Sat","16:03:43","16","October"
"11509","authorized","1","ACC-1443681913","150.92","-33.77","POS","6eebedde-fd5e-432e-8fd5-20b4b6b47103","Ryan",5076.74,2018-10-27 07:00:00,"M",31,"Petersham","NSW",29.06,"eca9f527702b47d1a59c7559c6d26ec5","CUS-3129499595","151.16","-33.9","debit","Sat","16:20:40","16","October"
"11510","authorized","1","ACC-958000567","130.90","-12.37","SALES-POS","f08135b7-cdce-430a-a14c-6a488968e831","Sandra",9612.49,2018-10-27 07:00:00,"F",34,"Bakewell","NT",33.23,"fa927f24e4374a72bbe36464fc341487","CUS-4142663097","130.99","-12.5","debit","Sat","16:37:37","16","October"
"11511","authorized","1","ACC-2528867619","138.58","-34.96","SALES-POS","86f838e5-2161-4e93-b259-43f5ff0db914","Abigail",21134.17,2018-10-27 07:00:00,"F",40,"Nowra","NSW",33.73,"30526e57ff784a3ab2fad0608741da33","CUS-2505971401","150.61","-34.89","debit","Sat","16:54:34","16","October"
"11512","posted",NA,"ACC-1523339231","115.83","-31.90","PAYMENT",NA,"Tim",85492.29,2018-10-27 07:00:00,"M",40,NA,NA,76,"e995732a754a4fc8b6c728310b437906","CUS-1816693151",NA,NA,"debit","Sat","17:00:00","17","October"
"11513","posted",NA,"ACC-854938045","147.63","-22.84","PAYMENT",NA,"James",13535.7,2018-10-27 07:00:00,"M",28,NA,NA,49,"d7b0d6e0724244229e3be8bc7b33b3cb","CUS-4023861240",NA,NA,"debit","Sat","17:00:00","17","October"
"11514","authorized","1","ACC-2650850707","148.16","-23.52","SALES-POS","111ac773-ce9a-4767-9727-8c4447c5aef2","Brian",117141.35,2018-10-27 07:00:00,"M",42,"Blackwater","QLD",34.76,"443e931bd10b470790e95de6b68aa540","CUS-2819545904","148.88","-23.59","debit","Sat","17:06:32","17","October"
"11515","authorized","1","ACC-1344825761","151.09","-33.91","POS","dda21f62-8924-49ad-a804-2e3390414d15","Sarah",24179.13,2018-10-27 07:00:00,"F",46,"Melbourne","VIC",57.1,"18d950150c864007979c43a03014a80a","CUS-1499065773","144.97","-37.84","debit","Sat","17:16:09","17","October"
"11516","authorized","0","ACC-964839203","146.92","-36.07","SALES-POS","49df5803-a47e-436f-bcb8-9e2d658c17eb","Michael",42618.25,2018-10-27 07:00:00,"M",21,"Dederang","VIC",24.67,"7a3ce704a8934ee9bb6b717a3857e8ad","CUS-2059096722","147.01","-36.47","debit","Sat","17:25:46","17","October"
"11517","authorized","1","ACC-966140392","147.08","-37.97","POS","f89cf00d-bc58-4977-95c0-dc1050540ad9","Joseph",12272.29,2018-10-27 07:00:00,"M",21,"Hobart","TAS",11.07,"6ba7dac10a0144a19aad19fa1a453aad","CUS-537508723","147.33","-42.88","debit","Sat","17:35:23","17","October"
"11518","authorized","1","ACC-354106658","151.04","-33.80","SALES-POS","7a6204b2-c42b-42a2-a432-2110027fb828","Christine",23328,2018-10-27 07:00:00,"F",39,"Clare","SA",4.96,"62e1d751a2b14ccf8df27f5f5f304e3c","CUS-2376382098","138.61","-33.83","debit","Sat","17:44:59","17","October"
"11519","authorized","0","ACC-1443681913","150.92","-33.77","SALES-POS","2113b19a-c85d-4553-8b32-c9a4eeb9d51a","Ryan",5068.25,2018-10-27 07:00:00,"M",31,"Mascot","NSW",8.49,"48bb024422564ee5853455edd8f3f464","CUS-3129499595","151.18","-33.92","debit","Sat","17:54:36","17","October"
"11520","posted",NA,"ACC-414431115","142.77","-37.06","PAYMENT",NA,"Amy",6632.32,2018-10-27 07:00:00,"F",43,NA,NA,189,"1ee4b2e55b8046d289d0cf17b3f7bf5e","CUS-2599279756",NA,NA,"debit","Sat","18:00:00","18","October"
"11521","posted",NA,"ACC-958000567","130.90","-12.37","PAYMENT",NA,"Sandra",9595.49,2018-10-27 07:00:00,"F",34,NA,NA,17,"72fe4feb3b4542cd88eb2b35008d595f","CUS-4142663097",NA,NA,"debit","Sat","18:00:00","18","October"
"11522","authorized","1","ACC-414431115","142.77","-37.06","SALES-POS","2f827786-043b-43d1-bd25-55db007b365f","Amy",6821.32,2018-10-27 07:00:00,"F",43,"Maryborough","VIC",20.84,"7439749c5579428fa35b823649c108a7","CUS-2599279756","143.74","-37.05","debit","Sat","18:09:33","18","October"
"11523","authorized","1","ACC-4258502723","145.45","-37.74","SALES-POS","646a8ca1-83af-4a9c-9afa-49d50cd515d6","Kimberly",4637.77,2018-10-27 07:00:00,"F",24,"Kensington","VIC",15.49,"135db3ab07ee4b99a2e3396b96d75f50","CUS-3378712515","144.93","-37.79","debit","Sat","18:31:18","18","October"
"11524","authorized","0","ACC-3771436525","145.04","-37.92","SALES-POS","bc513677-92d4-4ed4-b8d1-9a35a806e335","Derek",7715.69,2018-10-27 07:00:00,"M",20,"Malvern","VIC",0.1,"cce50d62571a417f8df6f74e9e11072c","CUS-3325710106","145.04","-37.85","debit","Sat","18:53:02","18","October"
"11525","authorized","0","ACC-4274272854","145.23","-37.86","SALES-POS","c1d10c78-0bd1-4990-9896-94c760858cd4","Timothy",9832.66,2018-10-27 07:00:00,"M",20,"Burnley","VIC",4.54,"7d917a0bd2324b29b96728911dc89b2d","CUS-2484453271","145.02","-37.83","debit","Sat","19:07:28","19","October"
"11526","authorized","1","ACC-182446574","116.06","-32.00","POS","6c84c219-96ea-4c6f-9de5-0a28bcaec62f","Tonya",11236.38,2018-10-27 07:00:00,"F",27,"Rainbow Flat","NSW",22.63,"a73727493f8148238b6d2f03fa006237","CUS-3026014945","152.47","-32.01","debit","Sat","19:18:27","19","October"
"11527","authorized","1","ACC-4258502723","145.45","-37.74","SALES-POS","72cde54c-aa30-42de-bc67-54369a9cf904","Kimberly",4634.01,2018-10-27 07:00:00,"F",24,"Mount Gambier Airport","SA",3.76,"af3509ce79524c88b29cf90fb68594b7","CUS-3378712515","140.78","-37.74","debit","Sat","19:29:27","19","October"
"11528","authorized","0","ACC-1222300524","151.23","-33.94","POS","438fdb3a-9c2c-45ac-9583-f138420f0d18","Michael",1876.07,2018-10-27 07:00:00,"M",38,"Kadina","SA",24.17,"86f624e23a1f4c5f8dd4f1ec2b5bca7c","CUS-2142601169","137.72","-33.96","debit","Sat","19:40:26","19","October"
"11529","authorized","1","ACC-3771436525","145.04","-37.92","SALES-POS","9d604ce4-fb57-40e4-8502-2008f83bc5da","Derek",7677.07,2018-10-27 07:00:00,"M",20,"Macleod","VIC",38.62,"ca8b71a36b9643188e8103f52003ad86","CUS-3325710106","145.08","-37.72","debit","Sat","19:51:25","19","October"
"11530","posted",NA,"ACC-4258502723","145.45","-37.74","INTER BANK",NA,"Kimberly",4599.41,2018-10-27 07:00:00,"F",24,NA,NA,28,"7fd54cad971248daa27d638c4ead6570","CUS-3378712515",NA,NA,"debit","Sat","20:00:00","20","October"
"11531","authorized","1","ACC-414431115","142.77","-37.06","SALES-POS","6ddddc40-5b69-4253-8a26-167999a8bf96","Amy",6611.61,2018-10-27 07:00:00,"F",43,"Castlemaine","VIC",20.71,"4338c5c2fc8846a1bc416868001067a4","CUS-2599279756","144.22","-37.06","debit","Sat","20:01:28","20","October"
"11532","authorized","0","ACC-3771436525","145.04","-37.92","SALES-POS","b7e9a378-6c2e-4fee-b200-39c619b55e27","Derek",7655.62,2018-10-27 07:00:00,"M",20,"Melbourne","VIC",21.45,"40e31326e26245d29bb6ee0e22b4bd6a","CUS-3325710106","144.96","-37.82","debit","Sat","20:08:11","20","October"
"11533","authorized","0","ACC-182446574","116.06","-32.00","POS","ac700702-1643-4175-a33c-43e64db4d973","Tonya",11218.15,2018-10-27 07:00:00,"F",27,"Cannington","WA",18.23,"a9111817fc2c491b84375b362068b7fe","CUS-3026014945","115.94","-32.02","debit","Sat","20:14:53","20","October"
"11534","authorized","1","ACC-2305712452","138.61","-34.89","POS","0a0b9723-63c1-4ac5-b679-7299fa3758bb","Debra",6925.22,2018-10-27 07:00:00,"F",18,"Albany","WA",25.2,"77a639599f7d4e11bfc4a49121d747e0","CUS-1842679196","117.88","-35.03","debit","Sat","20:21:36","20","October"
"11535","authorized","0","ACC-4258502723","145.45","-37.74","SALES-POS","a1009772-a12f-4312-90af-25062f35b0a1","Kimberly",4627.41,2018-10-27 07:00:00,"F",24,"Parkville","VIC",6.6,"3123eb1326f249cfbf02090ac7bc455a","CUS-3378712515","144.95","-37.79","debit","Sat","20:28:19","20","October"
"11536","authorized","1","ACC-2776252858","144.95","-37.76","SALES-POS","7bbab947-6acd-4cea-a213-bbea93fcb2df","Kristin",9022.7,2018-10-27 07:00:00,"F",43,"Saint Albans","VIC",9.06,"90800f0b66e74aa9b833af8de15d8e94","CUS-4123612273","144.8","-37.76","debit","Sat","20:35:02","20","October"
"11537","authorized","1","ACC-414431115","142.77","-37.06","SALES-POS","aae46e80-4849-4373-abed-68c23ec8e54f","Amy",6585.45,2018-10-27 07:00:00,"F",43,"Castlemaine","VIC",26.16,"e4c1877e206e4585b13052f0ff37fcb0","CUS-2599279756","144.22","-37.06","debit","Sat","20:41:44","20","October"
"11538","authorized","1","ACC-2776252858","144.95","-37.76","POS","bfae0e11-02bb-4610-b23b-d537c40a5cbc","Kristin",9009.06,2018-10-27 07:00:00,"F",43,"Southbank","VIC",13.64,"e0d88dce2bc04a278484997dcaf9dba9","CUS-4123612273","144.96","-37.82","debit","Sat","20:48:27","20","October"
"11539","authorized","1","ACC-4274272854","145.23","-37.86","POS","05ff194d-8afa-4b49-8be5-d98170b227ea","Timothy",9824.06,2018-10-27 07:00:00,"M",20,"Melbourne","VIC",8.6,"7ed66e5b602e49c198a54698509f3036","CUS-2484453271","144.96","-37.82","debit","Sat","20:55:10","20","October"
"11540","posted",NA,"ACC-1344825761","151.09","-33.91","PAYMENT",NA,"Sarah",24151.13,2018-10-27 07:00:00,"F",46,NA,NA,28,"7585f03e15294877bc0a80ed60dbe47e","CUS-1499065773",NA,NA,"debit","Sat","21:00:00","21","October"
"11541","posted",NA,"ACC-958000567","130.90","-12.37","INTER BANK",NA,"Sandra",9443.49,2018-10-27 07:00:00,"F",34,NA,NA,152,"c8da3da2a4b445ab80a22662e8cf5079","CUS-4142663097",NA,NA,"debit","Sat","21:00:00","21","October"
"11542","authorized","1","ACC-3481401842","115.74","-31.72","SALES-POS","deb7ade5-9552-4ab1-abff-a0ba6721bb15","Tiffany",9172.32,2018-10-27 07:00:00,"F",25,"Gilgandra","NSW",34.82,"e5c4d5b2818d4f688ecb5390dc4ba35c","CUS-1669695324","148.67","-31.71","debit","Sat","21:01:17","21","October"
"11543","authorized","1","ACC-4274272854","145.23","-37.86","SALES-POS","ece73050-e083-475b-89c0-1bd84f191760","Timothy",9806.15,2018-10-27 07:00:00,"M",20,"Southbank","VIC",17.91,"0a2bb3a6f1fd434d92f435186689bceb","CUS-2484453271","144.96","-37.82","debit","Sat","21:05:53","21","October"
"11544","authorized","1","ACC-3233697971","151.04","-33.77","POS","64f5d0e8-21a6-4430-807c-2f116a06f85c","Robin",14076.15,2018-10-27 07:00:00,"F",34,"Yagoona","NSW",38.45,"36e463b040394a14819ac15654ccb85f","CUS-1147642491","151.03","-33.91","debit","Sat","21:10:30","21","October"
"11545","authorized","1","ACC-2776252858","144.95","-37.76","POS","e3240976-c27a-481f-9776-cd22137192c8","Kristin",8990.47,2018-10-27 07:00:00,"F",43,"Glen Waverley","VIC",18.59,"0ddd16bbb45a412398007d61387af64b","CUS-4123612273","145.17","-37.88","debit","Sat","21:15:06","21","October"
"11546","authorized","0","ACC-4274272854","145.23","-37.86","POS","4cc213cb-2959-47b0-83a4-924d99e26216","Timothy",9783.9,2018-10-27 07:00:00,"M",20,"Oakleigh","VIC",22.25,"7a5d6a306bd548f486738472b74d9208","CUS-2484453271","145.09","-37.89","debit","Sat","21:19:43","21","October"
"11547","authorized","1","ACC-2528867619","138.58","-34.96","POS","19defd99-dbca-4133-a027-f4df4954f387","Abigail",21105.87,2018-10-27 07:00:00,"F",40,"Adelaide","SA",28.3,"9cdf7121d39f4e5586afee89290f3130","CUS-2505971401","138.6","-34.92","debit","Sat","21:24:19","21","October"
"11548","authorized","0","ACC-4274272854","145.23","-37.86","SALES-POS","bdcf9ea0-9997-4409-b44f-a05b96fb41d8","Timothy",9772.35,2018-10-27 07:00:00,"M",20,"Melbourne","VIC",11.55,"583783ba112d49f0b8449c17528d0d44","CUS-2484453271","144.98","-37.85","debit","Sat","21:28:56","21","October"
"11549","authorized","0","ACC-2776252858","144.95","-37.76","POS","f0ece916-5c91-422d-8492-aedcb18f5503","Kristin",8973.4,2018-10-27 07:00:00,"F",43,"Surrey Hills","VIC",17.07,"b7974ddaea864cc992598cdc8c6e1633","CUS-4123612273","145.09","-37.84","debit","Sat","21:33:32","21","October"
"11550","authorized","1","ACC-4274272854","145.23","-37.86","SALES-POS","dee023bb-ae6e-4379-ab55-6b5e6b224176","Timothy",9759.48,2018-10-27 07:00:00,"M",20,"North Melbourne","VIC",12.87,"70246cf04984461681c8b63392ecf47d","CUS-2484453271","144.95","-37.8","debit","Sat","21:38:09","21","October"
"11551","authorized","1","ACC-3771436525","145.04","-37.92","SALES-POS","d5ca6ad2-aae2-4e1d-bcb4-af288c718fb8","Derek",7645.4,2018-10-27 07:00:00,"M",20,"Hampton","VIC",10.22,"f2acf8b68a0945359511c2716d4009fe","CUS-3325710106","145.02","-37.95","debit","Sat","21:42:45","21","October"
"11552","authorized","0","ACC-854938045","147.63","-22.84","SALES-POS","5ca0af7b-4e68-4c5e-85f4-ccf90bc9f359","James",13502.43,2018-10-27 07:00:00,"M",28,"Bruthen","VIC",33.27,"6c89d26e8e6f466095f0e3aa0b321a90","CUS-4023861240","147.83","-37.71","debit","Sat","21:47:22","21","October"
"11553","authorized","1","ACC-2673069055","152.99","-27.49","POS","61720158-6db6-438d-9e12-b8316b17f31f","Richard",11691.71,2018-10-27 07:00:00,"M",24,"Alexandra Hills","QLD",13.71,"843cd5f1b9b6484796a1352e867ac1e2","CUS-51506836","153.22","-27.52","debit","Sat","21:51:58","21","October"
"11554","authorized","1","ACC-2528867619","138.58","-34.96","POS","02dc8434-5ba7-40ee-b1c5-5771560e0c1d","Abigail",21041.86,2018-10-27 07:00:00,"F",40,"Nowra North","NSW",64.01,"7f123bd8935c46239574f264fcd44bbc","CUS-2505971401","150.59","-34.87","debit","Sat","21:56:35","21","October"
"11555","posted",NA,"ACC-1799207998","150.68","-33.79","PAYMENT",NA,"Susan",10391.37,2018-10-27 07:00:00,"F",20,NA,NA,30,"9b1d39514cde468aa50722acde0258ae","CUS-164374203",NA,NA,"debit","Sat","22:00:00","22","October"
"11556","authorized","1","ACC-574997646","150.79","-33.64","POS","b3506429-602e-4caf-983c-299e0adc56d3","Mackenzie",6404.09,2018-10-27 07:00:00,"F",18,"Elliston","SA",18.46,"9c84cb6d9d2c41ea922909940c70f2bc","CUS-586638664","134.89","-33.65","debit","Sat","22:03:36","22","October"
"11557","authorized","1","ACC-2265520058","151.27","-33.85","POS","50bbb2e3-8bd1-4605-9105-9ac1fd37ec4c","Catherine",7419.63,2018-10-27 07:00:00,"F",26,"Rose Bay","NSW",15.45,"fe5e5846c4694278b93f0b6f910cbd12","CUS-331942311","151.28","-33.87","debit","Sat","22:17:29","22","October"
"11558","authorized","1","ACC-3481401842","115.74","-31.72","POS","a6ea44a1-11e5-434e-91b3-358ff633071b","Tiffany",9163.44,2018-10-27 07:00:00,"F",25,"Claremont","WA",8.88,"d18967b8dc83468b832dd49ee6ce6a87","CUS-1669695324","115.77","-31.98","debit","Sat","22:31:23","22","October"
"11559","authorized","1","ACC-3771436525","145.04","-37.92","SALES-POS","5e3fdc60-650f-4013-b6b4-4c5d772d255c","Derek",7631.98,2018-10-27 07:00:00,"M",20,"Saint Kilda","VIC",13.42,"45039df05c3e4057b4e66ef3c4fcd8a1","CUS-3325710106","144.98","-37.87","debit","Sat","22:45:16","22","October"
"11560","authorized","1","ACC-964839203","146.92","-36.07","POS","00ac655f-0c7b-4f67-9ac9-26ee4c3a07ca","Michael",42564.05,2018-10-27 07:00:00,"M",21,"Yarrawonga","VIC",54.2,"a50d7c7b9b5f47fbbc91760f2dc80637","CUS-2059096722","146","-36.02","debit","Sat","22:59:09","22","October"
"11561","posted",NA,"ACC-1973887809","115.78","-31.90","PAYMENT",NA,"Antonio",8344.03,2018-10-27 07:00:00,"M",26,NA,NA,84,"24340fda4d6b4291a4a174856454f645","CUS-1646621553",NA,NA,"debit","Sat","23:00:00","23","October"
"11562","posted",NA,"ACC-2014856841","144.99","-37.90","PAYMENT",NA,"Patrick",266661.88,2018-10-27 07:00:00,"M",46,NA,NA,43,"f0b41da4158c4103b2880a744e06df78","CUS-2370108457",NA,NA,"debit","Sat","23:00:00","23","October"
"11563","posted",NA,"ACC-2259139624","144.66","-37.91","PAYMENT",NA,"Cindy",20583.72,2018-10-27 07:00:00,"F",19,NA,NA,88,"9a8aa80af37a46fab1361b963ec47a89","CUS-3174332735",NA,NA,"debit","Sat","23:00:00","23","October"
"11564","posted",NA,"ACC-3881031190","149.19","-21.15","PAYMENT",NA,"Richard",9197.54,2018-10-27 07:00:00,"M",37,NA,NA,135,"f0baf6aae42f40e58be6836d49f85daa","CUS-3201519139",NA,NA,"debit","Sat","23:00:00","23","October"
"11565","posted",NA,"ACC-3954677887","115.72","-32.28","PAYMENT",NA,"Ruth",8780.67,2018-10-27 07:00:00,"F",47,NA,NA,24,"f725b0ac6d5245d99cfdd0a269e7610e","CUS-3716701010",NA,NA,"debit","Sat","23:00:00","23","October"
"11566","authorized","1","ACC-4258502723","145.45","-37.74","SALES-POS","27b825d9-1f8b-4488-ad57-d344607b1c9b","Kimberly",4570.68,2018-10-27 07:00:00,"F",24,"Truganina","VIC",28.73,"ecd12decdb1c48b39709e121b969b355","CUS-3378712515","144.72","-37.81","debit","Sat","23:17:44","23","October"
"11567","authorized","1","ACC-2528867619","138.58","-34.96","SALES-POS","79169d98-7fa1-4569-9c37-fc17037801f4","Abigail",21008.39,2018-10-27 07:00:00,"F",40,"Griffith","ACT",33.47,"c8d30ce7dd35476293dd9d1f86bcf4a8","CUS-2505971401","149.13","-35.32","debit","Sat","23:36:36","23","October"
"11568","authorized","1","ACC-182446574","116.06","-32.00","SALES-POS","f3714c41-be33-4e0f-bfb8-b0d32e2de2e8","Tonya",11185.47,2018-10-27 07:00:00,"F",27,"Hawker","SA",32.68,"0f6c661e5bc94a6b9b9516f16ac3455c","CUS-3026014945","138.42","-31.89","debit","Sat","23:55:28","23","October"
"11569","authorized","1","ACC-3233697971","151.04","-33.77","SALES-POS","8cb20ca6-7977-430e-9cc1-fed261ef1f2f","Robin",14008.32,2018-10-28 07:00:00,"F",34,"Sydney","NSW",67.83,"2f4af18d8e3c410391ad652b6ebaab03","CUS-1147642491","151.21","-33.87","debit","Sun","00:47:29","00","October"
"11570","authorized","1","ACC-4258502723","145.45","-37.74","SALES-POS","f134556f-f21d-4dc2-a80c-c34249b6b654","Kimberly",4536.09,2018-10-28 07:00:00,"F",24,"Cairns City","QLD",34.59,"6316cd73305c4467853deb0f42040355","CUS-3378712515","145.77","-16.93","debit","Sun","01:15:41","01","October"
"11571","authorized","1","ACC-1222300524","151.23","-33.94","POS","18505d09-546f-42ec-a296-07243abd3696","Michael",1630.03,2018-10-28 07:00:00,"M",38,"Panania","NSW",246.04,"2e3aff67b3904d199d32ee77e3992f00","CUS-2142601169","151","-33.96","debit","Sun","01:35:17","01","October"
"11572","authorized","0","ACC-3827517394","151.12","-33.89","SALES-POS","82965a93-df96-4421-a27a-73365b039917","Craig",47347.88,2018-10-28 07:00:00,"M",28,"Kings Langley","NSW",25.49,"b41c20dc163f4a85839cd3fc5fec4e1a","CUS-2663907001","150.94","-33.76","debit","Sun","01:54:54","01","October"
"11573","posted",NA,"ACC-1349834573","145.17","-37.84","PAYMENT",NA,"Matthew",18274.5,2018-10-28 07:00:00,"M",39,NA,NA,82,"8d7edfc14aef4643b28be7053d4ee5f9","CUS-1790886359",NA,NA,"debit","Sun","02:00:00","02","October"
"11574","posted",NA,"ACC-2107684084","145.03","-37.88","PAYMENT",NA,"Richard",12434.42,2018-10-28 07:00:00,"M",22,NA,NA,25,"39c231897e6c48c295e3b73856f2711d","CUS-2283904812",NA,NA,"debit","Sun","02:00:00","02","October"
"11575","authorized","0","ACC-966140392","147.08","-37.97","POS","0f4d5669-f8ca-4b3c-b7f1-d0a2b9a5f90d","Joseph",12251.62,2018-10-28 07:00:00,"M",21,"Frankston","VIC",20.67,"eee197069dd843e0b629141c35051190","CUS-537508723","145.12","-38.15","debit","Sun","02:14:47","02","October"
"11576","authorized","0","ACC-240804743","121.48","-30.75","SALES-POS","404684ec-68bb-4c3c-89ba-1d57c607ca32","Kenneth",20605.02,2018-10-28 07:00:00,"M",29,"Piccadilly","WA",37.22,"5943c735bf284215ae899847a49d72c5","CUS-261674136","121.47","-30.74","debit","Sun","02:34:47","02","October"
"11577","authorized","1","ACC-966140392","147.08","-37.97","POS","7aa35faa-c607-489f-b7ea-226b095b16ee","Joseph",12144.28,2018-10-28 07:00:00,"M",21,"Melbourne","VIC",107.34,"89514ba0ddf54f04beb210a00bda37c5","CUS-537508723","144.96","-37.82","debit","Sun","02:54:47","02","October"
"11578","posted",NA,"ACC-1056639002","145.03","-37.91","INTER BANK",NA,"Michael",56489.54,2018-10-28 07:00:00,"M",22,NA,NA,36,"bb90420e483343ebabcd548a7c654e0a","CUS-3462882033",NA,NA,"debit","Sun","03:00:00","03","October"
"11579","authorized","1","ACC-2776252858","144.95","-37.76","SALES-POS","2bb83608-ef9b-4d99-be40-c432adba2589","Kristin",8952.25,2018-10-28 07:00:00,"F",43,"Doncaster","VIC",21.15,"be5346cee55e4714a7554095e45596e9","CUS-4123612273","145.14","-37.79","debit","Sun","03:27:24","03","October"
"11580","posted",NA,"ACC-4258502723","145.45","-37.74","PAYMENT",NA,"Kimberly",4498.09,2018-10-28 07:00:00,"F",24,NA,NA,38,"81dd190e959f4473870df64b25f7b75b","CUS-3378712515",NA,NA,"debit","Sun","04:00:00","04","October"
"11581","authorized","1","ACC-1598451071","153.41","-27.95","POS","00097987-7795-4c01-92c7-66bf486bacca","Diana",1611.01,2018-10-28 07:00:00,"F",26,"Leinster","WA",9.99,"3ab4b71008c9465caee7c5ca27da7cef","CUS-2487424745","120.7","-27.92","debit","Sun","04:03:44","04","October"
"11582","authorized","1","ACC-966140392","147.08","-37.97","SALES-POS","afdd0364-7f76-434d-aad3-81177eaeb0db","Joseph",12129.61,2018-10-28 07:00:00,"M",21,"Tarneit","VIC",14.67,"9f97fabe33bd492f98c7a30c97dd3d1f","CUS-537508723","144.67","-37.86","debit","Sun","04:34:59","04","October"
"11583","posted",NA,"ACC-3485804958","138.52","-35.01","PAYMENT",NA,"Jessica",31213.5,2018-10-28 07:00:00,"F",34,NA,NA,31,"9b194a0d310c4d75bc31b6ae1fda1e22","CUS-1196156254",NA,NA,"debit","Sun","05:00:00","05","October"
"11584","posted",NA,"ACC-559365433","147.31","-42.88","PAYMENT",NA,"Mary",4542.32,2018-10-28 07:00:00,"F",64,NA,NA,30,"ba80e4cb510f48cf9eae38a4921c7e1b","CUS-1654129794",NA,NA,"debit","Sun","05:00:00","05","October"
"11585","posted",NA,"ACC-3827517394","151.12","-33.89","INTER BANK",NA,"Craig",45576.88,2018-10-28 07:00:00,"M",28,NA,NA,1771,"8320463ece3242dd9ebea654563adfe6","CUS-2663907001",NA,NA,"debit","Sun","05:00:00","05","October"
"11586","posted",NA,"ACC-1516130869","130.84","-12.45","INTER BANK",NA,"Jessica",2732.78,2018-10-28 07:00:00,"F",21,NA,NA,173,"f24accb807344db5a1432f075afcb349","CUS-325142416",NA,NA,"debit","Sun","05:00:00","05","October"
"11587","authorized","1","ACC-2776252858","144.95","-37.76","SALES-POS","f26401e1-93c1-4dc9-92e2-79cd25e902e2","Kristin",8918.96,2018-10-28 07:00:00,"F",43,"Brookvale","NSW",33.29,"a83b4d90dc62453095b41de825ae0e99","CUS-4123612273","151.26","-33.77","debit","Sun","05:39:59","05","October"
"11588","posted",NA,"ACC-1523339231","115.83","-31.90","INTER BANK",NA,"Tim",85453.29,2018-10-28 07:00:00,"M",40,NA,NA,39,"66b617118c3a47838de472ffb72b9bf4","CUS-1816693151",NA,NA,"debit","Sun","06:00:00","06","October"
"11589","posted",NA,"ACC-3881031190","149.19","-21.15","INTER BANK",NA,"Richard",9049.54,2018-10-28 07:00:00,"M",37,NA,NA,148,"0af1f9620f2548f9a6dfe39ea4ea6a39","CUS-3201519139",NA,NA,"debit","Sun","06:00:00","06","October"
"11590","posted",NA,"ACC-1710017148","150.82","-34.01","PAYMENT",NA,"Michelle",16967.13,2018-10-28 07:00:00,"F",19,NA,NA,160,"053ff6f0b2274506ad6dc38b24268b59","CUS-883482547",NA,NA,"debit","Sun","06:00:00","06","October"
"11591","posted",NA,"ACC-3771436525","145.04","-37.92","PAYMENT",NA,"Derek",7582.98,2018-10-28 07:00:00,"M",20,NA,NA,49,"5f69d32520e4428bb743b9457e141c2f","CUS-3325710106",NA,NA,"debit","Sun","07:00:00","07","October"
"11592","authorized","1","ACC-2305712452","138.61","-34.89","SALES-POS","4037d19c-7877-499f-8e4b-7192c9b4f794","Debra",6915.89,2018-10-28 07:00:00,"F",18,"Adelaide","SA",9.33,"130bfb2b84774942ab10b5866857e36c","CUS-1842679196","138.6","-34.92","debit","Sun","07:09:35","07","October"
"11593","authorized","0","ACC-1710017148","150.82","-34.01","SALES-POS","f656c191-9b37-4ca9-9b91-4f91ebed5cbe","Michelle",16920.1,2018-10-28 07:00:00,"F",19,"Alexandria","NSW",47.03,"b5c649edf595470580830e93d40c4c30","CUS-883482547","151.19","-33.91","debit","Sun","07:49:35","07","October"
"11594","posted",NA,"ACC-3485804958","138.52","-35.01","PAYMENT",NA,"Jessica",31036.5,2018-10-28 07:00:00,"F",34,NA,NA,177,"091fce1d6dbd449d98d72470a7ea026e","CUS-1196156254",NA,NA,"debit","Sun","08:00:00","08","October"
"11595","posted",NA,"ACC-2107684084","145.03","-37.88","INTER BANK",NA,"Richard",12401.42,2018-10-28 07:00:00,"M",22,NA,NA,33,"d0850213651442998de0edaad1c82e91","CUS-2283904812",NA,NA,"debit","Sun","08:00:00","08","October"
"11596","posted",NA,"ACC-3317636250","153.02","-27.66","PAYMENT",NA,"Kenneth",21028.09,2018-10-28 07:00:00,"M",35,NA,NA,93,"a70a9d9de79f43809f6947a5bb4984de","CUS-2738291516",NA,NA,"debit","Sun","08:00:00","08","October"
"11597","authorized","1","ACC-182446574","116.06","-32.00","POS","1c29ee1f-36b8-416d-b7f3-57585cf77222","Tonya",11163.02,2018-10-28 07:00:00,"F",27,"Booragoon","WA",22.45,"b99c1b38168b442c8cba88aeb0574e3e","CUS-3026014945","115.84","-32.03","debit","Sun","08:14:47","08","October"
"11598","authorized","1","ACC-1344825761","151.09","-33.91","SALES-POS","636bca35-1b64-4459-b4e8-9fc51992ac1a","Sarah",24069.89,2018-10-28 07:00:00,"F",46,"Maroubra","NSW",81.24,"58896fe4ec624ddeb356f4b36dcd62af","CUS-1499065773","151.24","-33.94","debit","Sun","08:34:47","08","October"
"11599","authorized","1","ACC-2890243754","153.32","-27.93","POS","8e53d164-1cf2-433c-af0f-b49b640125a6","Joseph",2579.36,2018-10-28 07:00:00,"M",37,"Mermaid Beach","QLD",7.86,"7cf008e7f4bc4152a71db91be432271f","CUS-2695611575","153.44","-28.06","debit","Sun","08:54:47","08","October"
"11600","posted",NA,"ACC-2107684084","145.03","-37.88","PAYMENT",NA,"Richard",12295.42,2018-10-28 07:00:00,"M",22,NA,NA,106,"e207924d2599402ea2990379969e56e7","CUS-2283904812",NA,NA,"debit","Sun","09:00:00","09","October"
"11601","authorized","0","ACC-1683215619","138.67","-34.86","POS","02cb9aab-54b3-489e-9189-e7750e0879aa","Barry",11204.2,2018-10-28 07:00:00,"M",38,"Nowra","NSW",23.29,"364ea1132c6a4eaa9f7881fc5fe8effc","CUS-1604596597","150.61","-34.88","debit","Sun","09:09:08","09","October"
"11602","authorized","1","ACC-2776252858","144.95","-37.76","SALES-POS","74df394f-b073-43a8-9156-92c99cfd5f8c","Kristin",8595.21,2018-10-28 07:00:00,"F",43,"Chirnside Park","VIC",323.75,"e16885e6b43e47cc911fb25ad09704b0","CUS-4123612273","145.31","-37.76","debit","Sun","09:21:28","09","October"
"11603","authorized","1","ACC-1710017148","150.82","-34.01","SALES-POS","abc95c52-7dc7-46d2-966b-efb49095ad99","Michelle",16898.37,2018-10-28 07:00:00,"F",19,"Cronulla","NSW",21.73,"08df57b7f96b4be3af24b2caa1ce0731","CUS-883482547","151.15","-34.06","debit","Sun","09:33:49","09","October"
"11604","authorized","1","ACC-559365433","147.31","-42.88","SALES-POS","d92f1d35-5e2d-4cdd-a67e-25e424f79494","Mary",4531.73,2018-10-28 07:00:00,"F",64,"Springvale","VIC",10.59,"dcc5f8f0b80542f89e68f5ad6e311013","CUS-1654129794","145.16","-37.93","debit","Sun","09:46:10","09","October"
"11605","authorized","0","ACC-3100725361","145.73","-17.03","POS","31d151fc-b49c-4cdb-af62-2ec97f55ba9d","Ronald",10690.27,2018-10-28 07:00:00,"M",25,"Jerilderie","NSW",36.06,"1d8e150abcb84faea11d60b1837eaf65","CUS-2178051368","145.73","-35.36","debit","Sun","09:58:31","09","October"
"11606","posted",NA,"ACC-964839203","146.92","-36.07","PAYMENT",NA,"Michael",42522.05,2018-10-28 07:00:00,"M",21,NA,NA,42,"e566b8ffb7b646b2add101e7fb7430d8","CUS-2059096722",NA,NA,"debit","Sun","10:00:00","10","October"
"11607","authorized","1","ACC-2673069055","152.99","-27.49","POS","249bab0f-a79e-418e-9662-4bb28a3e5951","Richard",11679.99,2018-10-28 07:00:00,"M",24,"Collingwood","QLD",11.72,"1c0853fc2ec64d578e3b0f02a7e6c00b","CUS-51506836","152.86","-27.61","debit","Sun","10:07:16","10","October"
"11608","authorized","1","ACC-3941181087","115.79","-31.94","SALES-POS","5a6d6308-dd3e-4e8a-972d-720a18cb746d","Paul",14263.53,2018-10-28 07:00:00,"M",25,"Cunderdin","WA",25.55,"ed7e775abd544fa28fcb427b04eb782a","CUS-3989008654","117.24","-31.65","debit","Sun","10:15:32","10","October"
"11609","authorized","1","ACC-1598451071","153.41","-27.95","SALES-POS","3027a299-76a5-4010-83d2-c81c75b74b0e","Diana",1597.59,2018-10-28 07:00:00,"F",26,"Helensvale","QLD",13.42,"dfb4193694d84548853a436814b48457","CUS-2487424745","153.33","-27.93","debit","Sun","10:23:48","10","October"
"11610","authorized","1","ACC-4065652575","115.81","-31.82","POS","b8066f7a-ffe8-49d2-9e04-5123755ecf5a","Lucas",14967.33,2018-10-28 07:00:00,"M",21,"Baldivis","WA",24.53,"6e68de29770646d1b7264d278f95f474","CUS-1117979751","115.83","-32.31","debit","Sun","10:32:03","10","October"
"11611","authorized","1","ACC-574997646","150.79","-33.64","POS","35834d38-a6cc-4b1a-a05a-91fbf44588cb","Mackenzie",6369.6,2018-10-28 07:00:00,"F",18,"Belrose","NSW",34.49,"407e6e6724314c05bb8d9bb8e3f503dc","CUS-586638664","151.21","-33.74","debit","Sun","10:40:19","10","October"
"11612","authorized","0","ACC-2673069055","152.99","-27.49","POS","120e98c5-0602-4a58-bc7d-e5fb8a6e8495","Richard",11665.68,2018-10-28 07:00:00,"M",24,"Capalaba","QLD",14.31,"21b3b6206e4d4a29bbef064e5cc1245e","CUS-51506836","153.2","-27.54","debit","Sun","10:48:35","10","October"
"11613","authorized","1","ACC-3481401842","115.74","-31.72","POS","bedfaec0-2483-449c-9d0f-b8492469a4a2","Tiffany",9149.66,2018-10-28 07:00:00,"F",25,"Taree","NSW",13.78,"1538aa3aa99f45be86bf9f914b40db90","CUS-1669695324","152.46","-31.91","debit","Sun","10:56:51","10","October"
"11614","posted",NA,"ACC-3827517394","151.12","-33.89","PAYMENT",NA,"Craig",45548.88,2018-10-28 07:00:00,"M",28,NA,NA,28,"fc79ec03d2134770be02d055420ff8dd","CUS-2663907001",NA,NA,"debit","Sun","11:00:00","11","October"
"11615","posted",NA,"ACC-1496451953","145.16","-37.84","INTER BANK",NA,"Ricky",22230.1,2018-10-28 07:00:00,"M",43,NA,NA,31,"483434cd4c824cb5a2a1db856536afaa","CUS-3142625864",NA,NA,"debit","Sun","11:00:00","11","October"
"11616","posted",NA,"ACC-2615038700","145.35","-38.03","INTER BANK",NA,"Emily",33908.07,2018-10-28 07:00:00,"F",43,NA,NA,38,"7817350917ac4abfbf61f25f259ecbdc","CUS-3255104878",NA,NA,"debit","Sun","11:00:00","11","October"
"11617","posted",NA,"ACC-854938045","147.63","-22.84","PAYMENT",NA,"James",13468.43,2018-10-28 07:00:00,"M",28,NA,NA,34,"379980751bd44097a34a73dee617b0b2","CUS-4023861240",NA,NA,"debit","Sun","11:00:00","11","October"
"11618","authorized","1","ACC-2249586092","115.98","-32.07","SALES-POS","4f640c8c-498f-49ea-902b-cc8837e95db2","Edward",12161.43,2018-10-28 07:00:00,"M",19,"Mirrabooka","WA",67.52,"e46437c74cad4b82a752e9aa2a666ef0","CUS-443776336","115.86","-31.87","debit","Sun","11:05:15","11","October"
"11619","authorized","1","ACC-1799207998","150.68","-33.79","SALES-POS","bf5ef231-a630-4da0-9fce-8ad2a247dd7f","Susan",10146.41,2018-10-28 07:00:00,"F",20,"Sydney","NSW",244.96,"3a1fcfbd18a94d69bf8ade17cfa899cd","CUS-164374203","151.19","-33.82","debit","Sun","11:13:43","11","October"
"11620","authorized","1","ACC-3233697971","151.04","-33.77","SALES-POS","743e887c-1aec-4e1f-82f9-79daa5b3b2ec","Robin",13910.11,2018-10-28 07:00:00,"F",34,"Sydney","NSW",98.21,"c05d9b09f1244d95ac753941e0a48a5b","CUS-1147642491","151.21","-33.87","debit","Sun","11:22:12","11","October"
"11621","authorized","1","ACC-3689607373","115.79","-31.79","POS","948749e3-471e-4a8f-92ad-73e934b95ec4","Virginia",8872.02,2018-10-28 07:00:00,"F",20,"Sydney","NSW",17.21,"c0f7b8f746df43ebb91406b9f508be0a","CUS-127297539","151.21","-33.87","debit","Sun","11:30:40","11","October"
"11622","authorized","1","ACC-154431271","153.09","-27.48","POS","862c9f46-f64d-4374-83e7-ccd4450a3915","Lori",3318.91,2018-10-28 07:00:00,"F",18,"Chermside","QLD",16,"e34c3a7ffadb49569fe262bbaa5952df","CUS-3702001629","153.03","-27.38","debit","Sun","11:39:09","11","October"
"11623","authorized","1","ACC-1344825761","151.09","-33.91","SALES-POS","b9b7ce17-4ead-4530-92d2-f886ecdeaf1b","Sarah",24044.76,2018-10-28 07:00:00,"F",46,"Carlingford","NSW",25.13,"26d5f18bcbb044ae947da4ee55ce6edc","CUS-1499065773","151.05","-33.78","debit","Sun","11:47:37","11","October"
"11624","authorized","1","ACC-1799207998","150.68","-33.79","POS","39617a7b-8f44-4987-b25d-e2b41db845b7","Susan",10133.03,2018-10-28 07:00:00,"F",20,"West Pennant Hills","NSW",13.38,"50039b7ee83a46ed8e6b1e7d49aad564","CUS-164374203","151.03","-33.75","debit","Sun","11:56:06","11","October"
"11625","posted",NA,"ACC-2920611728","144.96","-37.76","PAYMENT",NA,"Tyler",10458.38,2018-10-28 07:00:00,"M",69,NA,NA,167,"88e3658b271f422e94faf540f84d55fa","CUS-1388323263",NA,NA,"debit","Sun","12:00:00","12","October"
"11626","posted",NA,"ACC-2249586092","115.98","-32.07","PAYMENT",NA,"Edward",12124.43,2018-10-28 07:00:00,"M",19,NA,NA,37,"b1461c24eb4c4506a5e593dd0cb90b2b","CUS-443776336",NA,NA,"debit","Sun","12:00:00","12","October"
"11627","authorized","1","ACC-4065652575","115.81","-31.82","POS","4533f924-6d16-48cc-b96b-d784a2473fb9","Lucas",14959.59,2018-10-28 07:00:00,"M",21,"Windsor Gardens","SA",7.74,"f541c75adf7e40e59199f061eed783ff","CUS-1117979751","138.65","-34.86","debit","Sun","12:09:28","12","October"
"11628","authorized","1","ACC-1598451071","153.41","-27.95","POS","b390bd6b-9e19-4a2d-8282-e81dcd657032","Diana",1580.04,2018-10-28 07:00:00,"F",26,"Nerang","QLD",17.55,"b1535f68e5464fdc93d5803b35054763","CUS-2487424745","153.34","-28.01","debit","Sun","12:27:01","12","October"
"11629","authorized","1","ACC-3481401842","115.74","-31.72","SALES-POS","272f1b11-5223-470a-ba5c-751c45ce2e27","Tiffany",9141.46,2018-10-28 07:00:00,"F",25,"Kelmscott","WA",8.2,"df85d1eadb4b4964ae0a9c9cb3379756","CUS-1669695324","116","-32.13","debit","Sun","12:44:33","12","October"
"11630","posted",NA,"ACC-3881031190","149.19","-21.15","PAYMENT",NA,"Richard",8852.54,2018-10-28 07:00:00,"M",37,NA,NA,197,"6d96cc1640594fbd86bbc3d990d039dc","CUS-3201519139",NA,NA,"debit","Sun","13:00:00","13","October"
"11631","authorized","1","ACC-4065652575","115.81","-31.82","SALES-POS","4d1bf7a7-d609-408f-9105-9bb09df408a5","Lucas",14953.7,2018-10-28 07:00:00,"M",21,"Perth","WA",5.89,"0b7fc9be705a45ae9d7d02f85e85e93f","CUS-1117979751","115.86","-31.95","debit","Sun","13:02:10","13","October"
"11632","authorized","1","ACC-1683215619","138.67","-34.86","SALES-POS","3d1fb2aa-67e2-4903-adb9-97f5a8c5760e","Barry",11172.86,2018-10-28 07:00:00,"M",38,"Mitchell Park","SA",31.34,"4115ea17dae7462c9012d5bf0c047dae","CUS-1604596597","138.56","-35.01","debit","Sun","13:20:21","13","October"
"11633","authorized","0","ACC-2890243754","153.32","-27.93","SALES-POS","aba039a4-f264-4f42-84b3-14c2fbceae0e","Joseph",2569.32,2018-10-28 07:00:00,"M",37,"Benowa","QLD",10.04,"1fb891a2480746bbae86cfc9b07af5e9","CUS-2695611575","153.39","-28.01","debit","Sun","13:38:32","13","October"
"11634","authorized","1","ACC-1598451071","153.41","-27.95","SALES-POS","83c05227-c420-40e2-b99b-f126be9af967","Diana",1575.74,2018-10-28 07:00:00,"F",26,"Bundall","QLD",4.3,"4c533cc03b204a2aae205b0f28f629d0","CUS-2487424745","153.41","-28","debit","Sun","13:56:43","13","October"
"11635","posted",NA,"ACC-37709441","153.41","-28.01","INTER BANK",NA,"Charles",19940.76,2018-10-28 07:00:00,"M",18,NA,NA,40,"3ca8a9abaa3d416ea3fbdea1ff944e25","CUS-3336454548",NA,NA,"debit","Sun","14:00:00","14","October"
"11636","authorized","1","ACC-3941181087","115.79","-31.94","SALES-POS","bedfaec0-2483-449c-9d0f-b8492469a4a2","Paul",14242.69,2018-10-28 07:00:00,"M",25,"Taree","NSW",20.84,"f3557aeea1f24ae2ba93a1d06f5d96b6","CUS-3989008654","152.46","-31.91","debit","Sun","14:07:35","14","October"
"11637","authorized","0","ACC-1598451071","153.41","-27.95","POS","b315c6de-4844-4e7e-bacd-01d364d5850e","Diana",1570.5,2018-10-28 07:00:00,"F",26,"New Farm","QLD",5.24,"004f4d15953a4620b6462f3b1fcd6046","CUS-2487424745","153.05","-27.47","debit","Sun","14:16:51","14","October"
"11638","authorized","0","ACC-3941181087","115.79","-31.94","SALES-POS","d2e6a683-926b-4f86-ab6e-2729e59fb86d","Paul",14225.95,2018-10-28 07:00:00,"M",25,"Innaloo","WA",16.74,"e8cd3e4de62b44778710cd25539d3ae7","CUS-3989008654","115.8","-31.9","debit","Sun","14:26:06","14","October"
"11639","authorized","1","ACC-80388494","144.97","-37.42","POS","b710da7e-c30b-4e10-869c-edbd4d1c88ea","Dustin",6917.04,2018-10-28 07:00:00,"M",28,"Ashburton","VIC",9.04,"0403fe2d994745568066d75946c7292e","CUS-1140341822","145.08","-37.86","debit","Sun","14:35:22","14","October"
"11640","authorized","0","ACC-182446574","116.06","-32.00","POS","da6c07a2-edee-4201-8b0e-fab491789f09","Tonya",11157.47,2018-10-28 07:00:00,"F",27,"Midland","WA",5.55,"33fd997f739f45aba984cafabf423d67","CUS-3026014945","116.01","-31.89","debit","Sun","14:44:37","14","October"
"11641","authorized","1","ACC-966140392","147.08","-37.97","SALES-POS","5e7e7bf9-49f9-4a68-bde4-edf09a454dc9","Joseph",12119.88,2018-10-28 07:00:00,"M",21,"Melbourne","VIC",9.73,"069ecfcd20e441349488ea8593fd673c","CUS-537508723","144.97","-37.82","debit","Sun","14:53:53","14","October"
"11642","authorized","1","ACC-1443681913","150.92","-33.77","SALES-POS","e957b3e1-e8d7-49a4-98a9-e5feba8b1a74","Ryan",5013.52,2018-10-28 07:00:00,"M",31,"Bondi Junction","NSW",54.73,"e9c2269a7c6949978dbb5e45e55c33e9","CUS-3129499595","151.25","-33.89","debit","Sun","15:03:34","15","October"
"11643","authorized","1","ACC-2673069055","152.99","-27.49","SALES-POS","af914cdf-e2bf-404d-924c-d2e4de0b9400","Richard",11656.91,2018-10-28 07:00:00,"M",24,"Springfield Lakes","QLD",8.77,"64687e620a4a4d9687db236945bf80d4","CUS-51506836","152.92","-27.67","debit","Sun","15:14:06","15","October"
"11644","authorized","0","ACC-3941181087","115.79","-31.94","POS","1e3d98fc-9edc-4224-83ab-37d8faef9154","Paul",14211.14,2018-10-28 07:00:00,"M",25,"Perth","WA",14.81,"15104f24ccf44fbf8d8b0a18acba1c4d","CUS-3989008654","115.78","-31.84","debit","Sun","15:24:37","15","October"
"11645","authorized","1","ACC-966140392","147.08","-37.97","SALES-POS","7bc5155f-c2ec-489f-a72c-08103116090b","Joseph",12096.19,2018-10-28 07:00:00,"M",21,"Frankston","VIC",23.69,"63f4f6df4f9a4706a93d0774fabd7e18","CUS-537508723","145.17","-38.15","debit","Sun","15:35:09","15","October"
"11646","authorized","1","ACC-182446574","116.06","-32.00","POS","c906b450-c9bc-4dd4-9539-ef5c86f6481b","Tonya",11094.45,2018-10-28 07:00:00,"F",27,"Alexandria","NSW",63.02,"083115f0a2a247c79b3d6c572a1b9cf9","CUS-3026014945","151.2","-33.91","debit","Sun","15:45:41","15","October"
"11647","authorized","1","ACC-966140392","147.08","-37.97","SALES-POS","8b52747a-ff7a-499c-8562-983cac682853","Joseph",12082.43,2018-10-28 07:00:00,"M",21,"Thornbury","VIC",13.76,"b6c4cb7465aa45d798c04f95e4b5ef63","CUS-537508723","145.02","-37.76","debit","Sun","15:56:12","15","October"
"11648","authorized","0","ACC-3317636250","153.02","-27.66","SALES-POS","cfce0f5c-07c5-40fd-ac84-d8b1d701e12b","Kenneth",21003.7,2018-10-28 07:00:00,"M",35,"Indooroopilly","QLD",24.39,"0bb3ca7540f2474094f65e295d044d2b","CUS-2738291516","152.97","-27.5","debit","Sun","16:10:39","16","October"
"11649","authorized","1","ACC-1222300524","151.23","-33.94","POS","146cffd0-87c3-47e3-b0f3-815483a532b9","Michael",1612.5,2018-10-28 07:00:00,"M",38,"Kadina","SA",17.53,"aacb570ca55f4212bed9e1c3d977bdb0","CUS-2142601169","137.71","-33.96","debit","Sun","16:27:19","16","October"
"11650","authorized","1","ACC-1222300524","151.23","-33.94","POS","f798235c-1190-4fab-9a68-8f0ae5f841d8","Michael",1571.63,2018-10-28 07:00:00,"M",38,"Wyalong","NSW",40.87,"f7d75393c32c4e27bf144ae424bd1ad9","CUS-2142601169","147.26","-33.93","debit","Sun","16:43:59","16","October"
"11651","posted",NA,"ACC-2828321672","153.03","-27.51","PAYMENT",NA,"Stephanie",8339.56,2018-10-28 07:00:00,"F",53,NA,NA,128,"1edb483f69d346bca90551ffd166ad61","CUS-1005756958",NA,NA,"debit","Sun","17:00:00","17","October"
"11652","posted",NA,"ACC-1199531521","116.02","-31.87","PAYMENT",NA,"Billy",20848.64,2018-10-28 07:00:00,"M",52,NA,NA,93,"04978f2ae27543e2b4970f3c5347633f","CUS-134833760",NA,NA,"debit","Sun","17:00:00","17","October"
"11653","posted",NA,"ACC-211792489","138.63","-34.93","PAYMENT",NA,"Jacqueline",7328.59,2018-10-28 07:00:00,"F",30,NA,NA,22,"44072042c7844c078414f46075ede657","CUS-497688347",NA,NA,"debit","Sun","17:00:00","17","October"
"11654","authorized","1","ACC-414431115","142.77","-37.06","POS","bd30bd03-b96b-4c7b-8a63-c18105e1d6be","Amy",6578.38,2018-10-28 07:00:00,"F",43,"Mansfield","VIC",7.07,"97e4756f604c4fb6959a7cf0a791c65c","CUS-2599279756","146.09","-37.05","debit","Sun","17:00:22","17","October"
"11655","authorized","1","ACC-3941181087","115.79","-31.94","POS","1ef8ab2a-497a-4f88-8bc0-7b4f0908f791","Paul",14195.61,2018-10-28 07:00:00,"M",25,"Rivervale","WA",15.53,"caf861bf11f04b6683ec211d35c85e47","CUS-3989008654","115.92","-31.96","debit","Sun","17:09:54","17","October"
"11656","authorized","1","ACC-80388494","144.97","-37.42","POS","cfe241a7-c23f-4a36-b656-d24565195ff0","Dustin",6901.95,2018-10-28 07:00:00,"M",28,"Moonee Ponds","VIC",15.09,"77dcdc58ca8f44dfbb3de7b882755010","CUS-1140341822","144.92","-37.77","debit","Sun","17:19:25","17","October"
"11657","authorized","1","ACC-2673069055","152.99","-27.49","SALES-POS","47914b27-cb1b-40b2-87c0-14a614c023cb","Richard",11632.79,2018-10-28 07:00:00,"M",24,"Wantirna South","VIC",24.12,"4e5b5ed63e0b46f281d5de5156541b80","CUS-51506836","145.24","-37.87","debit","Sun","17:28:57","17","October"
"11658","authorized","1","ACC-2776252858","144.95","-37.76","SALES-POS","fbf100b9-eee6-4319-a630-37e7026ccec1","Kristin",8587.06,2018-10-28 07:00:00,"F",43,"Doncaster","VIC",8.15,"785972c146cb416c8077849a7e4d0d04","CUS-4123612273","145.13","-37.79","debit","Sun","17:38:28","17","October"
"11659","authorized","1","ACC-414431115","142.77","-37.06","POS","3ca72510-6f2b-4705-8ec3-e09d10afab20","Amy",6561.54,2018-10-28 07:00:00,"F",43,"Castlemaine","VIC",16.84,"fb8862854359497aa1ee4e0b6b1f7110","CUS-2599279756","144.22","-37.07","debit","Sun","17:47:59","17","October"
"11660","authorized","1","ACC-2776252858","144.95","-37.76","SALES-POS","ced48b22-c1bd-4e46-a5f9-2c38832081df","Kristin",8553.31,2018-10-28 07:00:00,"F",43,"Essendon","VIC",33.75,"657c4427b7b146b7a50cbea5aa6effa5","CUS-4123612273","144.91","-37.75","debit","Sun","17:57:31","17","October"
"11661","posted",NA,"ACC-2681137560","151.11","-33.99","PAYMENT",NA,"Nathaniel",13450.41,2018-10-28 07:00:00,"M",31,NA,NA,45,"f8f9f7b3b1384f8da2bc703e8d7cf6be","CUS-2083971310",NA,NA,"debit","Sun","18:00:00","18","October"
"11662","authorized","0","ACC-80388494","144.97","-37.42","POS","3b3b9d50-7177-47d3-9b7f-bf8a5329e5db","Dustin",6875.96,2018-10-28 07:00:00,"M",28,"Brighton","VIC",25.99,"127b8383cd05475cb015dd8d336d3931","CUS-1140341822","145","-37.91","debit","Sun","18:16:49","18","October"
"11663","authorized","1","ACC-574997646","150.79","-33.64","POS","b3506429-602e-4caf-983c-299e0adc56d3","Mackenzie",6349.23,2018-10-28 07:00:00,"F",18,"Elliston","SA",20.37,"8283271eee19456295e2dd1d64016b86","CUS-586638664","134.89","-33.65","debit","Sun","18:39:32","18","October"
"11664","posted",NA,"ACC-1650504218","145.01","-37.93","PAYMENT",NA,"Marissa",17975.84,2018-10-28 07:00:00,"F",23,NA,NA,18,"f468325727724fb6a2ba55d93f07ef69","CUS-2500783281",NA,NA,"debit","Sun","19:00:00","19","October"
"11665","posted",NA,"ACC-37709441","153.41","-28.01","INTER BANK",NA,"Charles",19913.76,2018-10-28 07:00:00,"M",18,NA,NA,27,"882b2600c47c4c08bfefb442ddf92e22","CUS-3336454548",NA,NA,"debit","Sun","19:00:00","19","October"
"11666","authorized","1","ACC-3481401842","115.74","-31.72","SALES-POS","c3d96ed9-62a3-4df6-97e6-79181f5ceb30","Tiffany",9113.36,2018-10-28 07:00:00,"F",25,"Applecross","WA",28.1,"8632bd61ac134433a078ead71ff93e74","CUS-1669695324","115.84","-32.01","debit","Sun","19:01:14","19","October"
"11667","authorized","0","ACC-2776252858","144.95","-37.76","SALES-POS","2761b4f0-0f3e-4771-9f13-f2e4ff54bc4e","Kristin",8473.61,2018-10-28 07:00:00,"F",43,"Moonee Ponds","VIC",79.7,"e8a2cdce9f524175bd4f3c9a22c8acc4","CUS-4123612273","144.92","-37.76","debit","Sun","19:13:44","19","October"
"11668","authorized","1","ACC-1990648130","114.62","-28.80","SALES-POS","f9391216-b25e-427b-9ec1-b12d67bfc2bd","Kaitlyn",8835.04,2018-10-28 07:00:00,"F",21,"Lennox Head","NSW",25.09,"e3520740bda543aca197163108c956d6","CUS-809013380","153.59","-28.79","debit","Sun","19:26:14","19","October"
"11669","authorized","1","ACC-2776252858","144.95","-37.76","POS","f10a94c3-f85d-41f8-82f3-a92bc26a7e35","Kristin",8456.72,2018-10-28 07:00:00,"F",43,"Croydon","VIC",16.89,"c6e97a13c42048c785884f0218b67049","CUS-4123612273","145.28","-37.79","debit","Sun","19:38:44","19","October"
"11670","authorized","1","ACC-2776252858","144.95","-37.76","SALES-POS","888ec897-4dcc-4725-9ea2-26956c7dfd1f","Kristin",8438.02,2018-10-28 07:00:00,"F",43,"Northcote","VIC",18.7,"2dcc6679ba3e4f9c834e95206805c9f8","CUS-4123612273","145","-37.78","debit","Sun","19:51:14","19","October"
"11671","posted",NA,"ACC-2305712452","138.61","-34.89","INTER BANK",NA,"Debra",6754.11,2018-10-28 07:00:00,"F",18,NA,NA,154,"ad9ede7337a94cf18ab717c823a0eeaf","CUS-1842679196",NA,NA,"debit","Sun","20:00:00","20","October"
"11672","posted",NA,"ACC-90814749","151.68","-32.98","PAYMENT",NA,"Christopher",12876.85,2018-10-28 07:00:00,"M",35,NA,NA,133,"2fcc2d376bb848c2a9140e575bb2eab2","CUS-1896554896",NA,NA,"debit","Sun","20:00:00","20","October"
"11673","posted",NA,"ACC-2528867619","138.58","-34.96","PAYMENT",NA,"Abigail",20916.39,2018-10-28 07:00:00,"F",40,NA,NA,92,"4041ecce41514c269155e816057a681e","CUS-2505971401",NA,NA,"debit","Sun","20:00:00","20","October"
"11674","posted",NA,"ACC-240804743","121.48","-30.75","PAYMENT",NA,"Kenneth",20557.02,2018-10-28 07:00:00,"M",29,NA,NA,48,"a57640bdcee1461ba14ca1a0de950a6f","CUS-261674136",NA,NA,"debit","Sun","20:00:00","20","October"
"11675","posted",NA,"ACC-2897221629","150.90","-34.37","PAYMENT",NA,"Scott",8309.39,2018-10-28 07:00:00,"M",23,NA,NA,42,"b299272961714054991ed61d1b1ef557","CUS-511326734",NA,NA,"debit","Sun","20:00:00","20","October"
"11676","authorized","0","ACC-1443681913","150.92","-33.77","POS","216f1be9-780e-41c4-ac53-b460db8898e6","Ryan",4992.81,2018-10-28 07:00:00,"M",31,"Auburn","NSW",20.71,"3af41c4b9a12473594ab4e12e13672e5","CUS-3129499595","151.03","-33.85","debit","Sun","20:01:58","20","October"
"11677","authorized","1","ACC-2305712452","138.61","-34.89","POS","61bd7354-f2de-4839-a4db-896e7edcd333","Debra",6908.11,2018-10-28 07:00:00,"F",18,"Albany","WA",7.78,"9c52bf114ff94d42ba5adc7457eee121","CUS-1842679196","117.88","-35.03","debit","Sun","20:08:33","20","October"
"11678","authorized","1","ACC-2776252858","144.95","-37.76","SALES-POS","41d4cf17-1cd8-4b2c-a8d0-1e3bad86aef5","Kristin",8408.67,2018-10-28 07:00:00,"F",43,"Doncaster","VIC",29.35,"3b6c74cf102c414b85346be1da490abe","CUS-4123612273","145.13","-37.79","debit","Sun","20:15:07","20","October"
"11679","authorized","0","ACC-4065652575","115.81","-31.82","SALES-POS","8220cbcb-1cfd-4dda-ac1d-9e96351aa765","Lucas",14937.75,2018-10-28 07:00:00,"M",21,"South Perth","WA",15.95,"c3ed54f028ec48829c121ece93005bce","CUS-1117979751","115.85","-31.97","debit","Sun","20:21:42","20","October"
"11680","authorized","0","ACC-2776252858","144.95","-37.76","POS","fd372897-1e23-436a-9a72-92a685570e3f","Kristin",8334.1,2018-10-28 07:00:00,"F",43,"Chirnside Park","VIC",74.57,"d0961a5bd3a44f99bfad505eb086ca4a","CUS-4123612273","145.3","-37.76","debit","Sun","20:28:17","20","October"
"11681","authorized","1","ACC-1199531521","116.02","-31.87","POS","1ea473e9-35af-4c45-997c-b4e15ebddec8","Billy",20811.08,2018-10-28 07:00:00,"M",52,"Karrinyup","WA",37.56,"79352b17eb4049b98cd230481173d774","CUS-134833760","115.77","-31.87","debit","Sun","20:34:52","20","October"
"11682","authorized","1","ACC-2776252858","144.95","-37.76","SALES-POS","80e385f5-f9c6-459e-9b35-84fa988fd982","Kristin",8315.73,2018-10-28 07:00:00,"F",43,"Lilydale","VIC",18.37,"a28ff4a553934502839d42d42231a038","CUS-4123612273","145.36","-37.76","debit","Sun","20:41:26","20","October"
"11683","authorized","0","ACC-2776252858","144.95","-37.76","SALES-POS","783984fa-44e9-49e0-abda-9101b10a4e2c","Kristin",8280.45,2018-10-28 07:00:00,"F",43,"Glen Waverley","VIC",35.28,"18b3e3334a954de9a9cdc6d9de98673b","CUS-4123612273","145.17","-37.87","debit","Sun","20:48:01","20","October"
"11684","authorized","1","ACC-3233697971","151.04","-33.77","POS","642b3498-9ce7-422c-b2fc-0cbb3773fb7a","Robin",13882.38,2018-10-28 07:00:00,"F",34,"Cammeray","NSW",27.73,"bc7ef0b43a8949ceaf82f469f9354c0f","CUS-1147642491","151.21","-33.82","debit","Sun","20:54:36","20","October"
"11685","posted",NA,"ACC-2259139624","144.66","-37.91","PAYMENT",NA,"Cindy",20430.72,2018-10-28 07:00:00,"F",19,NA,NA,153,"26048dc6407446829dda676bb3f0b235","CUS-3174332735",NA,NA,"debit","Sun","21:00:00","21","October"
"11686","posted",NA,"ACC-2173390920","144.71","-37.58","PAYMENT",NA,"Luis",12265.52,2018-10-28 07:00:00,"M",27,NA,NA,71,"5b2b022eca034e06b84c076267fe1967","CUS-3180318393",NA,NA,"debit","Sun","21:00:00","21","October"
"11687","posted",NA,"ACC-154431271","153.09","-27.48","PAYMENT",NA,"Lori",3268.91,2018-10-28 07:00:00,"F",18,NA,NA,50,"6207dbca1b3d4d39a2e769aa6836ac04","CUS-3702001629",NA,NA,"debit","Sun","21:00:00","21","October"
"11688","authorized","1","ACC-2776252858","144.95","-37.76","POS","e6ee50e6-09fe-4ee6-9fbc-c9e8f7376a03","Kristin",8264.81,2018-10-28 07:00:00,"F",43,"Chadstone","VIC",15.64,"f65cdd20a6874caa89d30d04aedb67ae","CUS-4123612273","145.08","-37.89","debit","Sun","21:00:49","21","October"
"11689","authorized","1","ACC-2776252858","144.95","-37.76","POS","6eb62c10-2845-4d88-900a-4be92df6646d","Kristin",8252.77,2018-10-28 07:00:00,"F",43,"Lilydale","VIC",12.04,"54068866fac64bcdab7dd55c588cdabc","CUS-4123612273","145.35","-37.76","debit","Sun","21:05:24","21","October"
"11690","authorized","1","ACC-2265520058","151.27","-33.85","SALES-POS","90bcda32-430a-4719-a097-ab1202a77317","Catherine",7296.45,2018-10-28 07:00:00,"F",26,"Kogarah","NSW",123.18,"36b1f1b9bf0743158bd0c5fad76d0a5b","CUS-331942311","151.14","-33.97","debit","Sun","21:09:59","21","October"
"11691","authorized","1","ACC-1222300524","151.23","-33.94","SALES-POS","9cb42fec-930a-47b2-a364-0d3872105e9c","Michael",1557.8,2018-10-28 07:00:00,"M",38,"Parramatta","NSW",13.83,"ff14af4280ac4c5ebe5dd98dd6470488","CUS-2142601169","151","-33.81","debit","Sun","21:14:35","21","October"
"11692","authorized","1","ACC-1598451071","153.41","-27.95","SALES-POS","9509caa2-87ca-4231-a299-988beb17cb42","Diana",1565.55,2018-10-28 07:00:00,"F",26,"Mermaid Beach","QLD",4.95,"c74df478a53b409aa98cf2f68e5f87c1","CUS-2487424745","153.44","-28.04","debit","Sun","21:19:10","21","October"
"11693","authorized","1","ACC-53508546","150.62","-33.76","SALES-POS","96257b5b-1646-452f-b3fa-f979cc18a6b4","Kimberly",7117.36,2018-10-28 07:00:00,"F",35,"Carbunup River","WA",19.73,"28df650273ba429f941b2a68df911f7a","CUS-72755508","115.19","-33.7","debit","Sun","21:23:45","21","October"
"11694","authorized","0","ACC-3481401842","115.74","-31.72","SALES-POS","af46b006-44d1-4a57-b83a-4c9d4e6f02d7","Tiffany",9097.72,2018-10-28 07:00:00,"F",25,"Murrurundi","NSW",15.64,"a28e4f17bc0e4940916462fb36978130","CUS-1669695324","150.83","-31.76","debit","Sun","21:28:20","21","October"
"11695","authorized","1","ACC-3100725361","145.73","-17.03","SALES-POS","aa589ec8-1a7f-4009-923f-92639bcaed62","Ronald",10682.78,2018-10-28 07:00:00,"M",25,"Eildon","VIC",7.49,"6fa0fce2a1924f9c83d9120251cf1765","CUS-2178051368","145.91","-37.23","debit","Sun","21:32:56","21","October"
"11696","authorized","1","ACC-2673069055","152.99","-27.49","SALES-POS","d18327ac-3957-4c69-981e-5d892c0714c7","Richard",11587.55,2018-10-28 07:00:00,"M",24,"Capalaba","QLD",45.24,"52be0d707d1f49ef88a6e550fbd24535","CUS-51506836","153.2","-27.52","debit","Sun","21:37:31","21","October"
"11697","authorized","0","ACC-182446574","116.06","-32.00","POS","41b90cfc-01e1-4771-8d3a-6914f8b165a9","Tonya",11080.09,2018-10-28 07:00:00,"F",27,"Broken Hill","NSW",14.36,"cf4d43d54f1a4bdab7317e774203024d","CUS-3026014945","141.46","-31.98","debit","Sun","21:42:06","21","October"
"11698","authorized","1","ACC-1443681913","150.92","-33.77","SALES-POS","9e80ab72-b313-459a-8783-283550726f05","Ryan",4944.43,2018-10-28 07:00:00,"M",31,"Kings Langley","NSW",48.38,"70171d246f144199a8587cbdc30bf0ae","CUS-3129499595","150.92","-33.74","debit","Sun","21:46:41","21","October"
"11699","authorized","0","ACC-966140392","147.08","-37.97","POS","00a628aa-244d-4ab3-add4-95202d76fd98","Joseph",12071.16,2018-10-28 07:00:00,"M",21,"Eltham","VIC",11.27,"8282478f784e4a01a4e9dfd57f3230d2","CUS-537508723","145.14","-37.72","debit","Sun","21:51:17","21","October"
"11700","authorized","1","ACC-80388494","144.97","-37.42","SALES-POS","8593016a-c17c-4c8d-9180-ba8b307fe0b6","Dustin",6863.99,2018-10-28 07:00:00,"M",28,"Riddells Creek","VIC",11.97,"4ce11d0296d34ca09fd7643ccd85ac93","CUS-1140341822","144.68","-37.46","debit","Sun","21:55:52","21","October"
"11701","posted",NA,"ACC-602667573","151.23","-33.96","PAYMENT",NA,"Michael",21684.61,2018-10-28 07:00:00,"M",40,NA,NA,25,"cf59833839f341c69704dc4f71de0fb3","CUS-2031327464",NA,NA,"debit","Sun","22:00:00","22","October"
"11702","authorized","1","ACC-2171593283","146.94","-36.04","POS","aeaaa4c4-4a2a-4cb5-b7d5-3a67a1ca4743","Fernando",17426.93,2018-10-28 07:00:00,"M",19,"Glen Waverley","VIC",3.31,"b2500907f36a4476aa8a7f86c84a2d09","CUS-2317998716","145.17","-37.89","debit","Sun","22:01:22","22","October"
"11703","authorized","1","ACC-1903037542","153.05","-27.61","SALES-POS","a1bfab8f-6dd7-4111-8e7f-b32c841a2bc9","Jeffrey",5513.56,2018-10-28 07:00:00,"M",30,"Hawthorne","QLD",14.28,"9e7235e90827405ba08faa2daa41ab24","CUS-860700529","153.06","-27.46","debit","Sun","22:15:04","22","October"
"11704","authorized","1","ACC-1903037542","153.05","-27.61","POS","d076eb9a-abe5-4936-8182-d626bf62d504","Jeffrey",5436.86,2018-10-28 07:00:00,"M",30,"Sydney","NSW",76.7,"639c1942dccb46138cdfa5bf39780a98","CUS-860700529","151.21","-33.87","debit","Sun","22:28:46","22","October"
"11705","authorized","1","ACC-1516130869","130.84","-12.45","SALES-POS","358e6a17-3f2d-4023-803d-b63b201c583e","Jessica",2725.56,2018-10-28 07:00:00,"F",21,"Eaton","NT",7.22,"3dd7758d3c56479a88909c2b3641b45d","CUS-325142416","130.88","-12.41","debit","Sun","22:42:27","22","October"
"11706","authorized","1","ACC-1598451071","153.41","-27.95","POS","7bb597b4-2355-465b-88aa-0fd06e5fa3a2","Diana",1551.57,2018-10-28 07:00:00,"F",26,"Runaway Bay","QLD",13.98,"ab34a0b0d00147eda953c3b92d84d7de","CUS-2487424745","153.4","-27.91","debit","Sun","22:56:09","22","October"
"11707","posted",NA,"ACC-3879258709","143.83","-37.66","PAYMENT",NA,"Natasha",204922.06,2018-10-28 07:00:00,"F",40,NA,NA,181,"ce1574346c2949089e26cb7631e38a95","CUS-527400765",NA,NA,"debit","Sun","23:00:00","23","October"
"11708","posted",NA,"ACC-3879258709","143.83","-37.66","PAYMENT",NA,"Natasha",204761.06,2018-10-28 07:00:00,"F",40,NA,NA,161,"bffe42ec57044664abb77b7f699eabcd","CUS-527400765",NA,NA,"debit","Sun","23:00:00","23","October"
"11709","authorized","0","ACC-1443681913","150.92","-33.77","POS","b1e22450-945f-456f-84fa-d6582620873f","Ryan",4885.44,2018-10-28 07:00:00,"M",31,"Dee Why","NSW",58.99,"9cfa9bc3ea81494f8e15609fc07233d5","CUS-3129499595","151.3","-33.75","debit","Sun","23:14:07","23","October"
"11710","authorized","1","ACC-2249586092","115.98","-32.07","POS","7e2d1c13-5e8b-479a-9654-a927787c2688","Edward",12105.25,2018-10-28 07:00:00,"M",19,"Balcatta","WA",19.18,"fd0cedcb3e544310b14b3aed43f8eeb5","CUS-443776336","115.81","-31.86","debit","Sun","23:33:43","23","October"
"11711","authorized","1","ACC-1598451071","153.41","-27.95","SALES-POS","62862f41-20f4-4adf-9a2d-a73bb9abff4c","Diana",1537.12,2018-10-28 07:00:00,"F",26,"Coorparoo","QLD",14.45,"9055297a887f4d5791cc5e6ac881a42a","CUS-2487424745","153.06","-27.51","debit","Sun","23:53:19","23","October"
"11712","authorized","1","ACC-3100725361","145.73","-17.03","POS","2b81d172-bc5e-42fb-8569-098eaff5063d","Ronald",10672.48,2018-10-29 07:00:00,"M",25,"Warburton","VIC",10.3,"733e7f753fbe4da0af2d3668ad8d7d74","CUS-2178051368","145.69","-37.75","debit","Mon","01:08:53","01","October"
"11713","authorized","1","ACC-3481401842","115.74","-31.72","SALES-POS","d06b5e6d-e48c-402c-a1d7-b01531f76c99","Tiffany",9087.65,2018-10-29 07:00:00,"F",25,"Perth","WA",10.07,"5767a7de55e840bfa62ae95311693eb0","CUS-1669695324","115.85","-31.95","debit","Mon","01:45:55","01","October"
"11714","posted",NA,"ACC-1349834573","145.17","-37.84","INTER BANK",NA,"Matthew",18241.5,2018-10-29 07:00:00,"M",39,NA,NA,33,"89cef17829f54ddf8c47594b57aff984","CUS-1790886359",NA,NA,"debit","Mon","03:00:00","03","October"
"11715","posted",NA,"ACC-3084464802","145.15","-37.76","INTER BANK",NA,"Susan",10480.83,2018-10-29 07:00:00,"F",19,NA,NA,24,"9b069c56e36c4834b5e51eef085f61d4","CUS-1928710999",NA,NA,"debit","Mon","03:00:00","03","October"
"11716","posted",NA,"ACC-819621312","145.04","-37.85","PAYMENT",NA,"Michele",3031.72,2018-10-29 07:00:00,"F",30,NA,NA,66,"a7d1b700002c4a50ba83208a56fe3ef7","CUS-1271030853",NA,NA,"debit","Mon","04:00:00","04","October"
"11717","posted",NA,"ACC-2107684084","145.03","-37.88","PAYMENT",NA,"Richard",12261.42,2018-10-29 07:00:00,"M",22,NA,NA,34,"82609b65e0364945bb910a19336f9e61","CUS-2283904812",NA,NA,"debit","Mon","05:00:00","05","October"
"11718","posted",NA,"ACC-1438600314","138.69","-34.84","PAYMENT",NA,"Maria",5875.4,2018-10-29 07:00:00,"F",35,NA,NA,35,"abe40a84923f431e8f0d8bb8df222cdc","CUS-2650223890",NA,NA,"debit","Mon","06:00:00","06","October"
"11719","authorized","0","ACC-3233697971","151.04","-33.77","POS","68b25786-f854-4deb-9e9b-bc3e11217907","Robin",13861.24,2018-10-29 07:00:00,"F",34,"Westmead","NSW",21.14,"3b354681d2114743ac8e859980af8da4","CUS-1147642491","150.99","-33.81","debit","Mon","06:27:59","06","October"
"11720","posted",NA,"ACC-3879258709","143.83","-37.66","INTER BANK",NA,"Natasha",204710.06,2018-10-29 07:00:00,"F",40,NA,NA,51,"02f23e2385ec4fd1ba0c37e8b6e55956","CUS-527400765",NA,NA,"debit","Mon","08:00:00","08","October"
"11721","authorized","1","ACC-1903037542","153.05","-27.61","SALES-POS","c4d83067-ae21-4743-8c3f-2ae32f1c9225","Jeffrey",5413.19,2018-10-29 07:00:00,"M",30,"Capalaba","QLD",23.67,"b75f65aa62244c4696c567d8f5f8211c","CUS-860700529","153.19","-27.52","debit","Mon","08:02:33","08","October"
"11722","authorized","1","ACC-3233697971","151.04","-33.77","SALES-POS","4d8ec525-a8fc-4cf7-b133-6d36f67c5c74","Robin",13821.07,2018-10-29 07:00:00,"F",34,"Dee Why","NSW",40.17,"aa3cbe5893e3486f93813d390db83c12","CUS-1147642491","151.3","-33.75","debit","Mon","08:13:11","08","October"
"11723","authorized","1","ACC-240804743","121.48","-30.75","SALES-POS","e28c426d-cbef-4e2d-aa06-1ba0b6b1902f","Kenneth",20540.09,2018-10-29 07:00:00,"M",29,"Boggabri","NSW",16.93,"c1177cb9ea7744f4872d91d0500f1b0b","CUS-261674136","150.04","-30.7","debit","Mon","08:23:49","08","October"
"11724","authorized","0","ACC-414431115","142.77","-37.06","POS","fead27c2-a33d-4870-9cce-29f199b117ad","Amy",6520.51,2018-10-29 07:00:00,"F",43,"Castlemaine","VIC",41.03,"91e5a9e2cb8f417ba0a1dbdaf20fb545","CUS-2599279756","144.22","-37.06","debit","Mon","08:34:28","08","October"
"11725","authorized","1","ACC-4258502723","145.45","-37.74","POS","e788c93a-12cd-4cbc-a1c1-2baba59ab032","Kimberly",4473.65,2018-10-29 07:00:00,"F",24,"Melbourne","VIC",24.44,"b634a903fc3f466aa34c67bc21119080","CUS-3378712515","144.96","-37.82","debit","Mon","08:45:06","08","October"
"11726","authorized","1","ACC-2249586092","115.98","-32.07","SALES-POS","46ec1865-cb79-4866-9189-fb757a232542","Edward",12089.61,2018-10-29 07:00:00,"M",19,"Perth","WA",15.64,"b874c76b771f4d8eae4d9a152191846e","CUS-443776336","115.86","-31.95","debit","Mon","08:55:44","08","October"
"11727","posted",NA,"ACC-2673069055","152.99","-27.49","INTER BANK",NA,"Richard",11527.97,2018-10-29 07:00:00,"M",24,NA,NA,39,"b6fea835108842b2bc1a162c84344a1f","CUS-51506836",NA,NA,"debit","Mon","09:00:00","09","October"
"11728","authorized","1","ACC-2890243754","153.32","-27.93","SALES-POS","99dfe23c-965f-4304-a367-889c3727b6b1","Joseph",2527.02,2018-10-29 07:00:00,"M",37,"Kalbarri","WA",42.3,"304f1eb30eed4166beb6e7f43b6235bc","CUS-2695611575","114.17","-27.71","debit","Mon","09:05:21","09","October"
"11729","authorized","0","ACC-1344825761","151.09","-33.91","POS","81ddb518-e969-41fa-84bb-4637c7090440","Sarah",24025.96,2018-10-29 07:00:00,"F",46,"Cromer","NSW",18.8,"d49761e433a04e2f99a219d3e5fb1475","CUS-1499065773","151.28","-33.74","debit","Mon","09:14:17","09","October"
"11730","authorized","1","ACC-2249586092","115.98","-32.07","SALES-POS","db77dc41-4916-4739-bbd4-3136a68658fc","Edward",12079.46,2018-10-29 07:00:00,"M",19,"Gosnells","WA",10.15,"440b265f3f474f088ef12bae8ce79317","CUS-443776336","116","-32.07","debit","Mon","09:23:12","09","October"
"11731","authorized","1","ACC-1973887809","115.78","-31.90","POS","55e05fa8-694e-4dd5-b47c-1ad7b6518903","Antonio",8316.48,2018-10-29 07:00:00,"M",26,"Broken Hill","NSW",27.55,"8cbf3041f5a14d79888ed5b4c8536abd","CUS-1646621553","141.45","-31.96","debit","Mon","09:32:08","09","October"
"11732","authorized","1","ACC-240804743","121.48","-30.75","POS","15f95e2b-b264-42da-843b-bde7a0d9c62a","Kenneth",20524.69,2018-10-29 07:00:00,"M",29,"Modbury","SA",15.4,"c8f8373eb2a14cc0afabad019c5619b5","CUS-261674136","138.69","-34.83","debit","Mon","09:41:04","09","October"
"11733","authorized","1","ACC-2890243754","153.32","-27.93","POS","504d3f78-bb28-4a71-843f-744521fea465","Joseph",2520.39,2018-10-29 07:00:00,"M",37,"Woolloongabba","QLD",6.63,"acc99274be664b1f893c1b6c8eddb30e","CUS-2695611575","153.04","-27.49","debit","Mon","09:49:59","09","October"
"11734","authorized","1","ACC-2673069055","152.99","-27.49","SALES-POS","7f6b7665-317f-44f8-9f1b-569a7ff4bc83","Richard",11566.97,2018-10-29 07:00:00,"M",24,"Indooroopilly","QLD",20.58,"f47e4c14f335426eb92919e49a5698cc","CUS-51506836","152.97","-27.5","debit","Mon","09:58:55","09","October"
"11735","authorized","0","ACC-414431115","142.77","-37.06","POS","df59f83b-b2e2-4625-85ba-58d31275e329","Amy",6487.4,2018-10-29 07:00:00,"F",43,"Mansfield","VIC",33.11,"18ce510895f644f69759d789b83e6f25","CUS-2599279756","146.07","-37.05","debit","Mon","10:04:48","10","October"
"11736","authorized","1","ACC-3481401842","115.74","-31.72","POS","b5d118eb-8230-43c1-afc0-c91060a2666a","Tiffany",9074.35,2018-10-29 07:00:00,"F",25,"Gilgandra","NSW",13.3,"5032d5749fa24d7f9a9c46deb8707028","CUS-1669695324","148.66","-31.71","debit","Mon","10:10:16","10","October"
"11737","authorized","1","ACC-1710017148","150.82","-34.01","POS","de8527b5-475b-4607-8ce1-6bc04df87865","Michelle",16857.12,2018-10-29 07:00:00,"F",19,"Windsor","NSW",41.25,"e7e3a78b584f43a9afca2b3776e4242d","CUS-883482547","150.82","-33.61","debit","Mon","10:15:44","10","October"
"11738","authorized","1","ACC-574997646","150.79","-33.64","POS","efc08534-0d8d-4bf0-b4fc-4362fb67b93d","Mackenzie",6326.88,2018-10-29 07:00:00,"F",18,"Vasse","WA",22.35,"8e51966e0afb45fa892f7632affa7471","CUS-586638664","115.25","-33.68","debit","Mon","10:21:12","10","October"
"11739","authorized","0","ACC-559365433","147.31","-42.88","SALES-POS","28306da3-da51-41c7-9a73-91ec2255a4b7","Mary",4524.49,2018-10-29 07:00:00,"F",64,"Melbourne","VIC",7.24,"6584cb1aced5491aa5933c42d2cd4533","CUS-1654129794","144.96","-37.82","debit","Mon","10:26:39","10","October"
"11740","authorized","1","ACC-2528867619","138.58","-34.96","POS","abe51cc4-14e1-4655-b0ea-8dd27efdc316","Abigail",20877.87,2018-10-29 07:00:00,"F",40,"Collingwood","VIC",38.52,"133ed793822d4c4aaa327c0445872932","CUS-2505971401","144.99","-37.8","debit","Mon","10:32:07","10","October"
"11741","authorized","1","ACC-4258502723","145.45","-37.74","POS","79065b3f-a95c-407c-b2ad-26496e8efc62","Kimberly",4457.21,2018-10-29 07:00:00,"F",24,"Northcote","VIC",16.44,"45dac80918334b5b82cb2eccb7d9f59a","CUS-3378712515","145","-37.77","debit","Mon","10:37:35","10","October"
"11742","authorized","0","ACC-1973887809","115.78","-31.90","POS","9afbd33c-0fbe-4568-bc09-fe66bcfe17cf","Antonio",8293.86,2018-10-29 07:00:00,"M",26,"Kalamunda","WA",22.62,"787b589d52cb430cb92767f44e17a87e","CUS-1646621553","116.06","-31.97","debit","Mon","10:43:03","10","October"
"11743","authorized","1","ACC-3100725361","145.73","-17.03","POS","1c802d52-f75e-4dbf-8343-b4772e3b6dfe","Ronald",10653.21,2018-10-29 07:00:00,"M",25,"Mount Sheridan","QLD",19.27,"7266b9fce82144ca89339b60b1f83712","CUS-2178051368","145.74","-16.99","debit","Mon","10:48:31","10","October"
"11744","authorized","0","ACC-2259139624","144.66","-37.91","POS","fdc01786-ee32-4a0b-8c42-c41f05df2753","Cindy",20395.92,2018-10-29 07:00:00,"F",19,"Epping","VIC",34.8,"38a466d82f3146a882ba29fd7a436147","CUS-3174332735","145.03","-37.64","debit","Mon","10:53:59","10","October"
"11745","authorized","1","ACC-2153562714","116.00","-31.88","POS","442296c7-c041-4547-8979-25626e1a766d","Linda",9363.7,2018-10-29 07:00:00,"F",24,"Broken Hill","NSW",19.04,"bcae42b5ef584bb09d7121e44ad7b7e7","CUS-423725039","141.46","-31.96","debit","Mon","10:59:27","10","October"
"11746","posted",NA,"ACC-4065652575","115.81","-31.82","PAY/SALARY",NA,"Lucas",18516.4,2018-10-29 07:00:00,"M",21,NA,NA,3578.65,"fda341137c594efb8d6722130ff029ee","CUS-1117979751",NA,NA,"credit","Mon","11:00:00","11","October"
"11747","posted",NA,"ACC-3233697971","151.04","-33.77","PAY/SALARY",NA,"Robin",15532.46,2018-10-29 07:00:00,"F",34,NA,NA,1711.39,"cca9eb8e24e5492bb786d752ba64f794","CUS-1147642491",NA,NA,"credit","Mon","11:00:00","11","October"
"11748","posted",NA,"ACC-3233697971","151.04","-33.77","PAYMENT",NA,"Robin",15486.46,2018-10-29 07:00:00,"F",34,NA,NA,46,"bc8568032169433ba2b460fe22a4e073","CUS-1147642491",NA,NA,"debit","Mon","11:00:00","11","October"
"11749","posted",NA,"ACC-847145727","115.90","-31.92","PAYMENT",NA,"Michael",63241.61,2018-10-29 07:00:00,"M",19,NA,NA,37,"fe37d67720b744babbcbd8d06654f6f2","CUS-1609060617",NA,NA,"debit","Mon","11:00:00","11","October"
"11750","posted",NA,"ACC-1037050564","153.10","-27.66","PAY/SALARY",NA,"Rhonda",6065.02,2018-10-29 07:00:00,"F",40,NA,NA,892.09,"e7e999056a1f4afdac171426e96c58ee","CUS-1614226872",NA,NA,"credit","Mon","11:00:00","11","October"
"11751","posted",NA,"ACC-240804743","121.48","-30.75","PAY/SALARY",NA,"Kenneth",24929.99,2018-10-29 07:00:00,"M",29,NA,NA,4405.3,"d3bb8b156aa64be9a02eccba98f09435","CUS-261674136",NA,NA,"credit","Mon","11:00:00","11","October"
"11752","posted",NA,"ACC-38923874","151.27","-33.90","PAYMENT",NA,"Ryan",44934.07,2018-10-29 07:00:00,"M",38,NA,NA,42,"cbe2dbfbb681463697e18a33603baf0e","CUS-3249305314",NA,NA,"debit","Mon","11:00:00","11","October"
"11753","posted",NA,"ACC-3879258709","143.83","-37.66","PAY/SALARY",NA,"Natasha",208926.1,2018-10-29 07:00:00,"F",40,NA,NA,4216.04,"321760de1a4143448b8635d7b2eb7582","CUS-527400765",NA,NA,"credit","Mon","11:00:00","11","October"
"11754","authorized","0","ACC-2776252858","144.95","-37.76","SALES-POS","bf86eded-cb96-44ca-8af1-8f0d30ef874c","Kristin",8240.22,2018-10-29 07:00:00,"F",43,"Ringwood","VIC",12.55,"f9fc2a5aac664e14986ebb48c993a872","CUS-4123612273","145.23","-37.81","debit","Mon","11:19:33","11","October"
"11755","authorized","1","ACC-2776252858","144.95","-37.76","POS","66c00c79-11a0-4c11-af28-a31a40931a90","Kristin",8224.32,2018-10-29 07:00:00,"F",43,"Doncaster","VIC",15.9,"717ea62e94ed45c7a91d39500e5ae8cf","CUS-4123612273","145.13","-37.78","debit","Mon","11:41:18","11","October"
"11756","posted",NA,"ACC-1438600314","138.69","-34.84","PAY/SALARY",NA,"Maria",6738.35,2018-10-29 07:00:00,"F",35,NA,NA,862.95,"8f271bbbbb8c4f59a8408a5fafb3715c","CUS-2650223890",NA,NA,"credit","Mon","12:00:00","12","October"
"11757","authorized","1","ACC-1903037542","153.05","-27.61","SALES-POS","ace64f01-3da7-4f7a-a5c1-cfc131156fa7","Jeffrey",5384.68,2018-10-29 07:00:00,"M",30,"Port Macquarie","NSW",28.51,"dd8fd044c3134256988d95ed53c09501","CUS-860700529","152.91","-31.43","debit","Mon","12:03:02","12","October"
"11758","authorized","1","ACC-1710017148","150.82","-34.01","SALES-POS","c50c3147-5b47-42c4-aa9a-e38b6fe72637","Michelle",16846.42,2018-10-29 07:00:00,"F",19,"Chatswood","NSW",10.7,"06046887d1ab4900a4d34919cc5b6bc1","CUS-883482547","151.18","-33.8","debit","Mon","12:24:46","12","October"
"11759","authorized","0","ACC-1710017148","150.82","-34.01","SALES-POS","94b58e22-eb53-4863-ae56-58baaa8dc5f2","Michelle",16835.5,2018-10-29 07:00:00,"F",19,"Dunsborough","WA",10.92,"96939f55e2074145b430cd96fd25cbf5","CUS-883482547","115.11","-33.62","debit","Mon","12:46:31","12","October"
"11760","posted",NA,"ACC-2650850707","148.16","-23.52","PAY/SALARY",NA,"Brian",120372.61,2018-10-29 07:00:00,"M",42,NA,NA,3231.26,"96b2296a82ac4ac89df93a0f0bbb173e","CUS-2819545904",NA,NA,"credit","Mon","13:00:00","13","October"
"11761","posted",NA,"ACC-1496451953","145.16","-37.84","PAY/SALARY",NA,"Ricky",24818.11,2018-10-29 07:00:00,"M",43,NA,NA,2588.01,"abddb0637e4143f9b31bcc18a83f9477","CUS-3142625864",NA,NA,"credit","Mon","13:00:00","13","October"
"11762","posted",NA,"ACC-2173390920","144.71","-37.58","PAY/SALARY",NA,"Luis",13661.75,2018-10-29 07:00:00,"M",27,NA,NA,1396.23,"b3232af7aa424d669d611b9425601e3b","CUS-3180318393",NA,NA,"credit","Mon","13:00:00","13","October"
"11763","posted",NA,"ACC-2615038700","145.35","-38.03","PAY/SALARY",NA,"Emily",34572.5,2018-10-29 07:00:00,"F",43,NA,NA,664.43,"2060d7b090d949f2a9c1834941a3c518","CUS-3255104878",NA,NA,"credit","Mon","13:00:00","13","October"
"11764","posted",NA,"ACC-4258502723","145.45","-37.74","PAY/SALARY",NA,"Kimberly",5517.05,2018-10-29 07:00:00,"F",24,NA,NA,1059.84,"8680e89aa038482681da933a7023ee27","CUS-3378712515",NA,NA,"credit","Mon","13:00:00","13","October"
"11765","posted",NA,"ACC-2249586092","115.98","-32.07","PAY/SALARY",NA,"Edward",13070.01,2018-10-29 07:00:00,"M",19,NA,NA,990.55,"cdd0b73fa0524810bd2c860c6976c857","CUS-443776336",NA,NA,"credit","Mon","13:00:00","13","October"
"11766","authorized","1","ACC-3689607373","115.79","-31.79","POS","3e2442b6-9e5c-4c09-9782-a7139d4bfe49","Virginia",8857.23,2018-10-29 07:00:00,"F",20,"Belmont","WA",14.79,"002ceb9e43e1409d9a800f61f179c808","CUS-127297539","115.93","-31.96","debit","Mon","13:08:38","13","October"
"11767","authorized","1","ACC-2890243754","153.32","-27.93","POS","95cdffb0-3918-4ab1-bd23-a280ce15740d","Joseph",2509.84,2018-10-29 07:00:00,"M",37,"Southport","QLD",10.55,"36c5450592974edb94226384730374cd","CUS-2695611575","153.41","-27.97","debit","Mon","13:31:21","13","October"
"11768","authorized","0","ACC-1598451071","153.41","-27.95","SALES-POS","15f6afd2-d100-4b6f-9189-01bcc4a1c362","Diana",1527.08,2018-10-29 07:00:00,"F",26,"Tugun","QLD",10.04,"e81afa3e3c834a88a3ab3fb3ea4597b8","CUS-2487424745","153.49","-28.14","debit","Mon","13:54:05","13","October"
"11769","posted",NA,"ACC-4065652575","115.81","-31.82","PAYMENT",NA,"Lucas",18476.4,2018-10-29 07:00:00,"M",21,NA,NA,40,"c29b25006ef14cffa88cdaf54c825ed8","CUS-1117979751",NA,NA,"debit","Mon","14:00:00","14","October"
"11770","posted",NA,"ACC-602667573","151.23","-33.96","PAY/SALARY",NA,"Michael",23964.97,2018-10-29 07:00:00,"M",40,NA,NA,2280.36,"a0a9310f35d843fc9f51dc50b907de1c","CUS-2031327464",NA,NA,"credit","Mon","14:00:00","14","October"
"11771","posted",NA,"ACC-3827517394","151.12","-33.89","PAYMENT",NA,"Craig",45528.88,2018-10-29 07:00:00,"M",28,NA,NA,20,"b625f414658a401793a654ab4944bcb1","CUS-2663907001",NA,NA,"debit","Mon","14:00:00","14","October"
"11772","posted",NA,"ACC-3021093232","149.83","-29.47","PAY/SALARY",NA,"Melissa",14090.3,2018-10-29 07:00:00,"F",30,NA,NA,1636.72,"7a7532f1a87a4bf3b42e09d7c2deb7c4","CUS-55310383",NA,NA,"credit","Mon","14:00:00","14","October"
"11773","authorized","0","ACC-1598451071","153.41","-27.95","POS","de87aafc-b17e-4d34-ac3f-4eeb8053a6fe","Diana",1520.75,2018-10-29 07:00:00,"F",26,"Southport","QLD",6.33,"84fb31726b6b46739a7f86f2ba226d64","CUS-2487424745","153.41","-27.97","debit","Mon","14:18:02","14","October"
"11774","authorized","0","ACC-3481401842","115.74","-31.72","POS","e37d099f-f623-4bad-9a0f-1db919b608ff","Tiffany",9047.06,2018-10-29 07:00:00,"F",25,"Morley","WA",27.29,"8087e5334bda4477a9586c0b47afada6","CUS-1669695324","115.9","-31.89","debit","Mon","14:42:26","14","October"
"11775","posted",NA,"ACC-819621312","145.04","-37.85","INTER BANK",NA,"Michele",2976.72,2018-10-29 07:00:00,"F",30,NA,NA,55,"1d41cb3ce61b445d8e6dfd31620543aa","CUS-1271030853",NA,NA,"debit","Mon","15:00:00","15","October"
"11776","posted",NA,"ACC-1650504218","145.01","-37.93","PAYMENT",NA,"Marissa",17953.84,2018-10-29 07:00:00,"F",23,NA,NA,22,"99a16d3f7bc545878eb28f468ffd2baa","CUS-2500783281",NA,NA,"debit","Mon","15:00:00","15","October"
"11777","authorized","0","ACC-2259139624","144.66","-37.91","POS","ffdfb1a2-66de-461d-b2f1-80629f008401","Cindy",20329.89,2018-10-29 07:00:00,"F",19,"Vermont South","VIC",66.03,"171939cf4e2943379d2145b87192c59d","CUS-3174332735","145.17","-37.85","debit","Mon","15:06:39","15","October"
"11778","authorized","1","ACC-1516130869","130.84","-12.45","POS","ae341c0f-536e-4250-9304-603a9c0bf52c","Jessica",2708.76,2018-10-29 07:00:00,"F",21,"Palmerston City","NT",16.8,"cad9ca762c894563a75abdf2515a3ef6","CUS-325142416","130.98","-12.48","debit","Mon","15:30:28","15","October"
"11779","authorized","1","ACC-3879258709","143.83","-37.66","SALES-POS","afe3809f-76b3-4959-8a78-d620910b8762","Natasha",208894.95,2018-10-29 07:00:00,"F",40,"Richmond","VIC",31.15,"e0cba35ed9bd4813ab207b929b95c6bf","CUS-527400765","144.99","-37.83","debit","Mon","15:54:17","15","October"
"11780","authorized","1","ACC-1973887809","115.78","-31.90","POS","8605f821-ed94-42ce-ba47-d74b6884ffb0","Antonio",8279.6,2018-10-29 07:00:00,"M",26,"Cannington","WA",14.26,"1945077d5b944427b16d70ff1c42ade5","CUS-1646621553","115.94","-32.02","debit","Mon","16:21:06","16","October"
"11781","authorized","1","ACC-154431271","153.09","-27.48","SALES-POS","767a3cb5-44b4-4bdf-8629-0f1c9082a9f7","Lori",3155.24,2018-10-29 07:00:00,"F",18,"Sunnybank Hills","QLD",113.67,"2935d736e7f64d18ac305f197faff5a1","CUS-3702001629","153.04","-27.6","debit","Mon","16:48:53","16","October"
"11782","posted",NA,"ACC-3084464802","145.15","-37.76","PAYMENT",NA,"Susan",10444.83,2018-10-29 07:00:00,"F",19,NA,NA,36,"4c275132125a4e58948a945f8aab5747","CUS-1928710999",NA,NA,"debit","Mon","17:00:00","17","October"
"11783","posted",NA,"ACC-4258502723","145.45","-37.74","PAYMENT",NA,"Kimberly",5464.05,2018-10-29 07:00:00,"F",24,NA,NA,53,"ea694513e7ed4437909ffa4425952ae7","CUS-3378712515",NA,NA,"debit","Mon","17:00:00","17","October"
"11784","posted",NA,"ACC-854938045","147.63","-22.84","PAY/SALARY",NA,"James",16007.11,2018-10-29 07:00:00,"M",28,NA,NA,2538.68,"7f3ddab0cd1a48fca86f29ff64152721","CUS-4023861240",NA,NA,"credit","Mon","17:00:00","17","October"
"11785","posted",NA,"ACC-1710017148","150.82","-34.01","PAY/SALARY",NA,"Michelle",20812.96,2018-10-29 07:00:00,"F",19,NA,NA,3977.46,"cf8d7e2fcd304ac5932cb8bcb3e3c43a","CUS-883482547",NA,NA,"credit","Mon","17:00:00","17","October"
"11786","authorized","0","ACC-2259139624","144.66","-37.91","SALES-POS","4e455bb2-5f25-4b3a-9f09-b78788e83373","Cindy",20319.47,2018-10-29 07:00:00,"F",19,"Dandenong","VIC",10.42,"6dbdd04bd4bf417299f8db9b1bf9556a","CUS-3174332735","145.21","-37.99","debit","Mon","17:18:44","17","October"
"11787","authorized","1","ACC-1222300524","151.23","-33.94","SALES-POS","e77e7118-9958-4ae0-8ecd-b705bde43c16","Michael",1454.35,2018-10-29 07:00:00,"M",38,"Sydney","NSW",103.45,"307fa3cfa75141618f9b35a647b900e2","CUS-2142601169","151.21","-33.87","debit","Mon","17:49:59","17","October"
"11788","authorized","1","ACC-3100725361","145.73","-17.03","POS","1eca2901-6392-4097-88d8-e41915133abe","Ronald",10645.2,2018-10-29 07:00:00,"M",25,"Yarra Junction","VIC",8.01,"659f12f503c04d04aea9679fa2357939","CUS-2178051368","145.61","-37.78","debit","Mon","18:21:56","18","October"
"11789","authorized","1","ACC-2673069055","152.99","-27.49","SALES-POS","f3c57977-0cb3-4919-99b5-8acc6412cd16","Richard",11520.99,2018-10-29 07:00:00,"M",24,"East Toowoomba","QLD",6.98,"2c361694b1ce4278b6eba63c48376a6b","CUS-51506836","151.97","-27.57","debit","Mon","18:54:11","18","October"
"11790","posted",NA,"ACC-37709441","153.41","-28.01","PAYMENT",NA,"Charles",19858.76,2018-10-29 07:00:00,"M",18,NA,NA,55,"9686310465ed44938c76b85bf1a9e5cb","CUS-3336454548",NA,NA,"debit","Mon","19:00:00","19","October"
"11791","authorized","0","ACC-3317636250","153.02","-27.66","SALES-POS","37e9c950-5136-4f86-9e9b-1ded5c0c8d5c","Kenneth",20954.58,2018-10-29 07:00:00,"M",35,"Cue","WA",49.12,"9c3b65c1d6b24e518e9d9d92012a4bc5","CUS-2738291516","117.89","-27.43","debit","Mon","19:29:17","19","October"
"11792","posted",NA,"ACC-2920611728","144.96","-37.76","PAYMENT",NA,"Tyler",10394.38,2018-10-29 07:00:00,"M",69,NA,NA,64,"ab22022bdc484b48814d1e2ec360f484","CUS-1388323263",NA,NA,"debit","Mon","20:00:00","20","October"
"11793","posted",NA,"ACC-2650850707","148.16","-23.52","PAYMENT",NA,"Brian",120339.61,2018-10-29 07:00:00,"M",42,NA,NA,33,"642455fb0d22412aadaaea94e6bf8736","CUS-2819545904",NA,NA,"debit","Mon","20:00:00","20","October"
"11794","posted",NA,"ACC-154431271","153.09","-27.48","PAYMENT",NA,"Lori",3094.24,2018-10-29 07:00:00,"F",18,NA,NA,61,"368402be8f6144549c0d0a6f3d1ff310","CUS-3702001629",NA,NA,"debit","Mon","20:00:00","20","October"
"11795","authorized","1","ACC-3541460373","145.00","-37.83","POS","fcd90045-4be5-4be8-b7fa-779842ae4f18","Jeffrey",5245.73,2018-10-29 07:00:00,"M",24,"Mitcham","VIC",21.82,"e1cec243913145a9bfe1160909734973","CUS-1433879684","145.2","-37.82","debit","Mon","20:01:36","20","October"
"11796","authorized","1","ACC-1598451071","153.41","-27.95","SALES-POS","5eb643ae-93ff-4af7-a134-99d6d3aa48be","Diana",1514.27,2018-10-29 07:00:00,"F",26,"Robina","QLD",6.48,"132429aeea4f411888ea16f369b08a3f","CUS-2487424745","153.39","-28.08","debit","Mon","20:13:06","20","October"
"11797","authorized","0","ACC-1710017148","150.82","-34.01","POS","50ae3ae2-d9d6-40d5-8508-52ba91c86a0d","Michelle",20786.9,2018-10-29 07:00:00,"F",19,"Rozelle","NSW",26.06,"4e3f9f6ba9744cbaa4697cb025342a06","CUS-883482547","151.17","-33.87","debit","Mon","20:24:35","20","October"
"11798","authorized","1","ACC-1998563091","149.03","-35.25","SALES-POS","7b0b91c6-77b9-4367-a5ea-f65ae7673962","David",20195.66,2018-10-29 07:00:00,"M",42,"Milton","NSW",28.37,"de4d94e11dd8496ca4894e9843d0c90d","CUS-3395687666","150.44","-35.32","debit","Mon","20:36:05","20","October"
"11799","authorized","1","ACC-4258502723","145.45","-37.74","POS","1ac9bf19-2ef1-483c-aad6-f3318830519d","Kimberly",5447.14,2018-10-29 07:00:00,"F",24,"Wantirna South","VIC",16.91,"a556152fe378405d8ab9bccfdebdf750","CUS-3378712515","145.22","-37.88","debit","Mon","20:47:35","20","October"
"11800","authorized","1","ACC-2776252858","144.95","-37.76","SALES-POS","635f047e-65f0-4c24-8596-9ef6c1df36fb","Kristin",8177.2,2018-10-29 07:00:00,"F",43,"Camberwell","VIC",47.12,"9ee2ff5b9cd445cba81f185fa18db36e","CUS-4123612273","145.06","-37.85","debit","Mon","20:59:04","20","October"
"11801","authorized","1","ACC-354106658","151.04","-33.80","SALES-POS","555ad3cd-5311-42fd-a3b1-efefab7d6498","Christine",23296.35,2018-10-29 07:00:00,"F",39,"Ryde","NSW",31.65,"dfb17f8ac2ad4e32bfd3f58dcbaaccc4","CUS-2376382098","151.11","-33.81","debit","Mon","21:08:21","21","October"
"11802","authorized","1","ACC-854938045","147.63","-22.84","POS","5ca0af7b-4e68-4c5e-85f4-ccf90bc9f359","James",15974.65,2018-10-29 07:00:00,"M",28,"Bruthen","VIC",32.46,"4d6853fae7ad4295b9de2331e691cdcb","CUS-4023861240","147.83","-37.71","debit","Mon","21:17:27","21","October"
"11803","authorized","1","ACC-1222300524","151.23","-33.94","SALES-POS","309aaeb5-6644-4f03-a09d-1d35d9d63c51","Michael",1444.98,2018-10-29 07:00:00,"M",38,"Collaroy Plateau","NSW",9.37,"720e81b36ba347ce8e5ada54344d391c","CUS-2142601169","151.29","-33.73","debit","Mon","21:26:32","21","October"
"11804","authorized","1","ACC-4065652575","115.81","-31.82","POS","65c70256-9c0c-46f7-aba1-5065fbcc350a","Lucas",18458.39,2018-10-29 07:00:00,"M",21,"Claremont","WA",18.01,"d1453af53eb14426ba68599effd34d57","CUS-1117979751","115.78","-31.98","debit","Mon","21:35:38","21","October"
"11805","authorized","1","ACC-154431271","153.09","-27.48","POS","51cbdb6a-9d29-4884-881a-6d1d66f3ed43","Lori",3063.27,2018-10-29 07:00:00,"F",18,"Brisbane City","QLD",30.97,"2813a7edc3aa4fb9b505c2bb7dddf147","CUS-3702001629","153.03","-27.47","debit","Mon","21:44:43","21","October"
"11806","authorized","1","ACC-1516130869","130.84","-12.45","SALES-POS","27f93a60-ed2e-4b56-826d-8b1c9f1c1b8a","Jessica",2683.47,2018-10-29 07:00:00,"F",21,"Regents Park","NSW",25.29,"d24efa3a81f74904bede0cd0da0bc0e4","CUS-325142416","151.02","-33.88","debit","Mon","21:53:49","21","October"
"11807","posted",NA,"ACC-2249586092","115.98","-32.07","PAYMENT",NA,"Edward",13039.01,2018-10-29 07:00:00,"M",19,NA,NA,31,"f647c16cde8e426d80e719017f731188","CUS-443776336",NA,NA,"debit","Mon","22:00:00","22","October"
"11808","authorized","1","ACC-1683215619","138.67","-34.86","POS","5411564d-4045-4efd-81ca-7ebb6d473d68","Barry",11157.62,2018-10-29 07:00:00,"M",38,"Nowra","NSW",15.24,"aa2f880769b0481189679e5bbf1cb497","CUS-1604596597","150.6","-34.87","debit","Mon","22:06:39","22","October"
"11809","authorized","1","ACC-1903037542","153.05","-27.61","POS","e82fd5f9-b431-474b-b799-30e17cc0dc5a","Jeffrey",5371.37,2018-10-29 07:00:00,"M",30,"Thorneside","QLD",13.31,"ac711a0a3e674b3cbcb35067e6e05429","CUS-860700529","153.2","-27.49","debit","Mon","22:27:29","22","October"
"11810","authorized","1","ACC-182446574","116.06","-32.00","POS","c4c92c60-380c-45de-a8b6-12c6e6a97c59","Tonya",11053.53,2018-10-29 07:00:00,"F",27,"Bellevue","WA",26.56,"1d72a9d23e2d4d2490c324090f4f67ae","CUS-3026014945","116.02","-31.9","debit","Mon","22:48:19","22","October"
"11811","posted",NA,"ACC-1217063613","147.61","-37.82","INTER BANK",NA,"Kimberly",8844.02,2018-10-29 07:00:00,"F",27,NA,NA,20,"0aaa8212ec3d41339ba834f284935f3b","CUS-1739931018",NA,NA,"debit","Mon","23:00:00","23","October"
"11812","posted",NA,"ACC-2970114956","144.89","-37.69","PAYMENT",NA,"Robert",12346.59,2018-10-29 07:00:00,"M",26,NA,NA,61,"69321c60c5184f17bb9cce1151be1a90","CUS-880898248",NA,NA,"debit","Mon","23:00:00","23","October"
"11813","authorized","1","ACC-3827517394","151.12","-33.89","SALES-POS","18191d23-55d6-4bb5-b9ad-e169bcf961e3","Craig",45497.53,2018-10-29 07:00:00,"M",28,"Randwick","NSW",31.35,"11d32bd0f84a49e799fded2a9fce22ff","CUS-2663907001","151.24","-33.9","debit","Mon","23:48:53","23","October"
"11814","authorized","1","ACC-2920611728","144.96","-37.76","SALES-POS","fb65ded2-f680-474b-a46b-86cb75bc2125","Tyler",10338.32,2018-10-30 07:00:00,"M",69,"Doncaster","VIC",56.06,"5eb8e60b883542a8b584e10e33b64cc0","CUS-1388323263","145.12","-37.78","debit","Tue","01:11:14","01","October"
"11815","posted",NA,"ACC-1598451071","153.41","-27.95","INTER BANK",NA,"Diana",1494.27,2018-10-30 07:00:00,"F",26,NA,NA,20,"66ed0996b27f48d3b8f0393adabecac7","CUS-2487424745",NA,NA,"debit","Tue","02:00:00","02","October"
"11816","posted",NA,"ACC-2231965366","144.96","-37.84","INTER BANK",NA,"Linda",24798.53,2018-10-30 07:00:00,"F",35,NA,NA,17,"be2752f23a704d18b8b31fff8aab5fb5","CUS-2155701614",NA,NA,"debit","Tue","03:00:00","03","October"
"11817","posted",NA,"ACC-240804743","121.48","-30.75","PHONE BANK",NA,"Kenneth",24886.99,2018-10-30 07:00:00,"M",29,NA,NA,43,"db9abbbe8d214174b79ff65ca421b0da","CUS-261674136",NA,NA,"debit","Tue","03:00:00","03","October"
"11818","authorized","1","ACC-3317636250","153.02","-27.66","SALES-POS","4c71f1fb-c2fc-433b-a67c-59a60b308f28","Kenneth",20945.12,2018-10-30 07:00:00,"M",35,"Upper Mount Gravatt","QLD",9.46,"aa3d5e120fe54e08936ed54117393c72","CUS-2738291516","153.08","-27.56","debit","Tue","03:19:59","03","October"
"11819","posted",NA,"ACC-1788473090","145.06","-37.95","INTER BANK",NA,"Rachael",11453.49,2018-10-30 07:00:00,"F",21,NA,NA,20,"0c7584318087471fbf8ec03b370ce894","CUS-134193016",NA,NA,"debit","Tue","04:00:00","04","October"
"11820","posted",NA,"ACC-3827517394","151.12","-33.89","PAYMENT",NA,"Craig",45467.53,2018-10-30 07:00:00,"M",28,NA,NA,30,"511f2773967d4a4dadb9696aca1e3142","CUS-2663907001",NA,NA,"debit","Tue","04:00:00","04","October"
"11821","posted",NA,"ACC-1890605467","143.88","-37.66","INTER BANK",NA,"Alexander",21998.2,2018-10-30 07:00:00,"M",38,NA,NA,42,"02e376ef5de04d5ba18c9485d0461ce6","CUS-1478398256",NA,NA,"debit","Tue","05:00:00","05","October"
"11822","posted",NA,"ACC-958000567","130.90","-12.37","PAYMENT",NA,"Sandra",9423.49,2018-10-30 07:00:00,"F",34,NA,NA,20,"47b694fd2ba64e2496ed06ee9ef2b1c2","CUS-4142663097",NA,NA,"debit","Tue","05:00:00","05","October"
"11823","posted",NA,"ACC-354106658","151.04","-33.80","PAYMENT",NA,"Christine",23275.35,2018-10-30 07:00:00,"F",39,NA,NA,21,"ea4adad63158491d99d1008ab0a0758a","CUS-2376382098",NA,NA,"debit","Tue","06:00:00","06","October"
"11824","posted",NA,"ACC-2270192619","138.56","-35.27","PAYMENT",NA,"Darren",17105.17,2018-10-30 07:00:00,"M",20,NA,NA,39,"791c5c36854b47c88d3cdf122b9aaaed","CUS-2110742437",NA,NA,"debit","Tue","07:00:00","07","October"
"11825","posted",NA,"ACC-4274272854","145.23","-37.86","PAYMENT",NA,"Timothy",9725.48,2018-10-30 07:00:00,"M",20,NA,NA,34,"8ff563e39bd84969ae98921e67b3b679","CUS-2484453271",NA,NA,"debit","Tue","07:00:00","07","October"
"11826","posted",NA,"ACC-1598451071","153.41","-27.95","PAYMENT",NA,"Diana",1458.27,2018-10-30 07:00:00,"F",26,NA,NA,36,"4d8a84172f304e61967002444537a8f9","CUS-2487424745",NA,NA,"debit","Tue","07:00:00","07","October"
"11827","posted",NA,"ACC-2231965366","144.96","-37.84","PAYMENT",NA,"Linda",24762.53,2018-10-30 07:00:00,"F",35,NA,NA,36,"4c803ab466384d7fafd46548c79de5e4","CUS-2155701614",NA,NA,"debit","Tue","08:00:00","08","October"
"11828","authorized","0","ACC-1890605467","143.88","-37.66","POS","51a001aa-0c3d-4d54-ac7f-1cb65616fb0c","Alexander",21964.78,2018-10-30 07:00:00,"M",38,"Campbellfield","VIC",33.42,"59bb8003ca2a49fdac227ca2226915f5","CUS-1478398256","144.95","-37.67","debit","Tue","08:03:01","08","October"
"11829","authorized","1","ACC-1222300524","151.23","-33.94","POS","2f5e2cd6-42cd-4a61-b068-f96af367c48e","Michael",1433.08,2018-10-30 07:00:00,"M",38,"Sydney","NSW",11.9,"bac2121aa1234bfe9dad55dfa4ad5a52","CUS-2142601169","151.21","-33.87","debit","Tue","08:14:39","08","October"
"11830","authorized","1","ACC-3100725361","145.73","-17.03","SALES-POS","f3e1f057-7924-4195-aa29-a7706688c4e1","Ronald",10596.32,2018-10-30 07:00:00,"M",25,"Spring Hill","QLD",48.88,"f40c0e9bf4f44e0593bc6653c13d1e26","CUS-2178051368","153.03","-27.46","debit","Tue","08:26:16","08","October"
"11831","authorized","0","ACC-2776252858","144.95","-37.76","SALES-POS","90f629b8-20c4-42ee-b4b3-20e2bad655c3","Kristin",8151.44,2018-10-30 07:00:00,"F",43,"Preston","VIC",25.76,"c3525a6bddef481f877c7135060339d1","CUS-4123612273","145.03","-37.74","debit","Tue","08:37:54","08","October"
"11832","authorized","1","ACC-3485804958","138.52","-35.01","SALES-POS","2a87bd94-e8d2-4e41-9e05-d0d99505d414","Jessica",31019.31,2018-10-30 07:00:00,"F",34,"Albany","WA",17.19,"0c37ddd026f8406b983a536fff3bea6d","CUS-1196156254","117.88","-35.02","debit","Tue","08:49:32","08","October"
"11833","posted",NA,"ACC-3827517394","151.12","-33.89","INTER BANK",NA,"Craig",45438.53,2018-10-30 07:00:00,"M",28,NA,NA,29,"e8816e7b9ba948e9ade2a90219e118c4","CUS-2663907001",NA,NA,"debit","Tue","09:00:00","09","October"
"11834","posted",NA,"ACC-1710017148","150.82","-34.01","PAYMENT",NA,"Michelle",20732.9,2018-10-30 07:00:00,"F",19,NA,NA,54,"90b4eebb87e249d095110820307c7f81","CUS-883482547",NA,NA,"debit","Tue","09:00:00","09","October"
"11835","authorized","1","ACC-2776252858","144.95","-37.76","POS","7a9c57e3-5d01-430c-bd41-6a6ff7739d49","Kristin",8040.14,2018-10-30 07:00:00,"F",43,"Vic","VIC",111.3,"d08703d9f71a4253a32d75ad4c29ac9d","CUS-4123612273","145.31","-37.76","debit","Tue","09:00:55","09","October"
"11836","authorized","1","ACC-4065652575","115.81","-31.82","POS","3814a278-6030-4aa6-8ec7-b1ccfb8ccced","Lucas",18442.41,2018-10-30 07:00:00,"M",21,"Spearwood","WA",15.98,"ff0f205b82cc4172a027c8cb3fff6bcc","CUS-1117979751","115.78","-32.1","debit","Tue","09:10:05","09","October"
"11837","authorized","1","ACC-1903037542","153.05","-27.61","SALES-POS","395eb712-6667-47c1-9613-c7f6bca17a5b","Jeffrey",5348.29,2018-10-30 07:00:00,"M",30,"Plainland","QLD",23.08,"259d624065ff47d7963b3c0f4bb81658","CUS-860700529","152.42","-27.56","debit","Tue","09:19:15","09","October"
"11838","authorized","1","ACC-2897221629","150.90","-34.37","POS","c59cbde1-07ce-4b17-a5fa-e815eb9bc514","Scott",8291.42,2018-10-30 07:00:00,"M",23,"Crows Nest","NSW",17.97,"4a7a2248c06c429aa99d4aec4dfffd01","CUS-511326734","151.21","-33.83","debit","Tue","09:28:26","09","October"
"11839","authorized","1","ACC-2776252858","144.95","-37.76","POS","df08814b-3453-493e-8e5f-067ea52e1c22","Kristin",8010.69,2018-10-30 07:00:00,"F",43,"Lilydale","VIC",29.45,"81df97dbf7054b0697ca96202fc37c50","CUS-4123612273","145.35","-37.75","debit","Tue","09:37:36","09","October"
"11840","authorized","1","ACC-2776252858","144.95","-37.76","POS","a4092296-7e77-40fb-937a-8f65b784ba31","Kristin",8002.37,2018-10-30 07:00:00,"F",43,"South Yarra","VIC",8.32,"dbe53aa647b74ea187a69fc2ecaa0336","CUS-4123612273","144.99","-37.85","debit","Tue","09:46:47","09","October"
"11841","authorized","0","ACC-3536132544","144.93","-37.79","POS","e7102f80-2949-4579-8e34-45a97474dcd9","Heather",8170.27,2018-10-30 07:00:00,"F",41,"Highett","VIC",109.68,"4f5502701547461382ef6dce26846468","CUS-2348881191","145.05","-37.95","debit","Tue","09:55:57","09","October"
"11842","authorized","1","ACC-182446574","116.06","-32.00","SALES-POS","01a1edb2-3ed1-4743-961a-53249ee0b92e","Tonya",11041.15,2018-10-30 07:00:00,"F",27,"Beeliar","WA",12.38,"58106d17012841198b96b30d84fdba66","CUS-3026014945","115.79","-32.14","debit","Tue","10:03:34","10","October"
"11843","authorized","1","ACC-3100725361","145.73","-17.03","SALES-POS","a990f275-7350-4c47-818f-cbf1aa71bf84","Ronald",10585.99,2018-10-30 07:00:00,"M",25,"Cairns City","QLD",10.33,"ca4ed0acb2bf4edc987f261f95a4f32c","CUS-2178051368","145.75","-16.88","debit","Tue","10:09:56","10","October"
"11844","authorized","1","ACC-4258502723","145.45","-37.74","SALES-POS","b1f41d62-13e9-4ffc-8e4e-e581edab341e","Kimberly",5430.59,2018-10-30 07:00:00,"F",24,"Thomastown","VIC",16.55,"e324297682854b08b98c2b700a83aca8","CUS-3378712515","145.01","-37.68","debit","Tue","10:16:18","10","October"
"11845","authorized","0","ACC-182446574","116.06","-32.00","SALES-POS","5ee09cfd-c05e-4489-8a4e-911c16c68f0c","Tonya",11022.68,2018-10-30 07:00:00,"F",27,"Cannington","WA",18.47,"9e02feaf5b0445b09d5f8fc7e5dae056","CUS-3026014945","115.94","-32.02","debit","Tue","10:22:40","10","October"
"11846","authorized","1","ACC-1683215619","138.67","-34.86","POS","abf377ce-3e2a-4f49-adff-d52bc3e93488","Barry",11148.01,2018-10-30 07:00:00,"M",38,"North Wagga Wagga","NSW",9.61,"7bc679a64d954a1ebfc6d0d6c062a878","CUS-1604596597","147.36","-35.08","debit","Tue","10:29:02","10","October"
"11847","authorized","1","ACC-3879258709","143.83","-37.66","POS","ae373432-0f87-44d6-9966-6ddaf7ee2785","Natasha",208868.44,2018-10-30 07:00:00,"F",40,"Toorak","VIC",26.51,"d8e85bb991a141099bc3af8b255304ca","CUS-527400765","145.01","-37.84","debit","Tue","10:35:24","10","October"
"11848","authorized","1","ACC-854938045","147.63","-22.84","SALES-POS","61890fd6-7092-414f-9473-edc181e46843","James",15917.84,2018-10-30 07:00:00,"M",28,"Margate","TAS",56.81,"cfbac68757534c7ab5187292dfcb8f48","CUS-4023861240","147.27","-43.04","debit","Tue","10:41:47","10","October"
"11849","authorized","1","ACC-1903037542","153.05","-27.61","POS","f951df7c-92b7-444c-959b-e227f5bb6735","Jeffrey",5282.8,2018-10-30 07:00:00,"M",30,"Lidcombe","NSW",65.49,"eddb9b0510e142bcb2ed8c25c6899e9e","CUS-860700529","151.05","-33.85","debit","Tue","10:48:09","10","October"
"11850","authorized","1","ACC-1516130869","130.84","-12.45","POS","ea38a00c-0d8f-47a9-bf86-d597ae174d69","Jessica",2675.52,2018-10-30 07:00:00,"F",21,"Gray","NT",7.95,"e7ba858ec45e4f4486926d87d86ce887","CUS-325142416","130.98","-12.5","debit","Tue","10:54:31","10","October"
"11851","posted",NA,"ACC-2231965366","144.96","-37.84","PAYMENT",NA,"Linda",24717.53,2018-10-30 07:00:00,"F",35,NA,NA,45,"9eaceba97cfb4a57862109c4d5c85bcc","CUS-2155701614",NA,NA,"debit","Tue","11:00:00","11","October"
"11852","posted",NA,"ACC-37709441","153.41","-28.01","PAY/SALARY",NA,"Charles",23990.99,2018-10-30 07:00:00,"M",18,NA,NA,4132.23,"4bc63113260e43babd23f2c0228cf896","CUS-3336454548",NA,NA,"credit","Tue","11:00:00","11","October"
"11853","authorized","1","ACC-1608363396","151.22","-33.87","POS","38805c4d-62ab-49e8-886f-5b1aea35b5dd","Robert",9231.91,2018-10-30 07:00:00,"M",20,"Greenacre","NSW",9.68,"096d93503f424c75825d4fdd3886e49c","CUS-2688605418","151.06","-33.91","debit","Tue","11:03:59","11","October"
"11854","authorized","1","ACC-1903037542","153.05","-27.61","SALES-POS","a086006a-264f-4045-9ddc-05bb70a1d6c0","Jeffrey",5259.83,2018-10-30 07:00:00,"M",30,"Fernvale","QLD",22.97,"bc4d6f0b2ec540aea70e14e82c41e038","CUS-860700529","152.65","-27.46","debit","Tue","11:32:34","11","October"
"11855","posted",NA,"ACC-2231965366","144.96","-37.84","PAY/SALARY",NA,"Linda",27160.77,2018-10-30 07:00:00,"F",35,NA,NA,2443.24,"4309773d67504bfea42c1ea61027d8af","CUS-2155701614",NA,NA,"credit","Tue","12:00:00","12","October"
"11856","authorized","1","ACC-1608363396","151.22","-33.87","POS","a0c55860-cd4f-48ad-a7a8-58a28b5d537b","Robert",9220.41,2018-10-30 07:00:00,"M",20,"Vaucluse","NSW",11.5,"8a82242d8af842afbe25c1082a5248cc","CUS-2688605418","151.28","-33.86","debit","Tue","12:01:06","12","October"
"11857","authorized","0","ACC-3233697971","151.04","-33.77","POS","30c69d30-dbad-40dd-8933-689c2ab45f4b","Robin",15416.72,2018-10-30 07:00:00,"F",34,"Vasse","WA",69.74,"cb8bfff3209041c3a7aa3f3bec42dde5","CUS-1147642491","115.25","-33.67","debit","Tue","12:28:53","12","October"
"11858","authorized","1","ACC-53508546","150.62","-33.76","SALES-POS","5eaf5637-e53b-42d1-b3d2-ee473a60bab3","Kimberly",7107.14,2018-10-30 07:00:00,"F",35,"Carlingford","NSW",10.22,"49666bd95fc54ca3ada7afa2d4212895","CUS-72755508","151.05","-33.78","debit","Tue","12:56:39","12","October"
"11859","posted",NA,"ACC-1443681913","150.92","-33.77","PAY/SALARY",NA,"Ryan",5881.68,2018-10-30 07:00:00,"M",31,NA,NA,996.24,"808238d0a46141479c6a9d73afd21d1c","CUS-3129499595",NA,NA,"credit","Tue","13:00:00","13","October"
"11860","authorized","1","ACC-1598451071","153.41","-27.95","POS","0bde4a33-7719-4033-8965-afa54b09e4d0","Diana",1446.36,2018-10-30 07:00:00,"F",26,"Logan Village","QLD",11.91,"66833ae599704da2ab41251be72e7246","CUS-2487424745","153.11","-27.77","debit","Tue","13:24:26","13","October"
"11861","authorized","0","ACC-1903037542","153.05","-27.61","POS","e19ecaed-8cd6-4a56-b8f0-e871bc87febd","Jeffrey",5253.68,2018-10-30 07:00:00,"M",30,"Upper Mount Gravatt","QLD",6.15,"9afeb17234f445dcac9083195debb700","CUS-860700529","153.08","-27.56","debit","Tue","13:52:13","13","October"
"11862","posted",NA,"ACC-3485804958","138.52","-35.01","PAYMENT",NA,"Jessica",30980.31,2018-10-30 07:00:00,"F",34,NA,NA,39,"c96d793ab23f4df2a13b0d131f57cbf0","CUS-1196156254",NA,NA,"debit","Tue","14:00:00","14","October"
"11863","posted",NA,"ACC-2305712452","138.61","-34.89","PAY/SALARY",NA,"Debra",7515.44,2018-10-30 07:00:00,"F",18,NA,NA,761.33,"a65014f2fc8b4a9fa21b6cbed5065e41","CUS-1842679196",NA,NA,"credit","Tue","14:00:00","14","October"
"11864","posted",NA,"ACC-2173390920","144.71","-37.58","PAYMENT",NA,"Luis",13633.75,2018-10-30 07:00:00,"M",27,NA,NA,28,"0ada19b7e19748e687b4a7ebbc65ddd1","CUS-3180318393",NA,NA,"debit","Tue","14:00:00","14","October"
"11865","posted",NA,"ACC-1990648130","114.62","-28.80","PAY/SALARY",NA,"Kaitlyn",9872.11,2018-10-30 07:00:00,"F",21,NA,NA,1037.07,"d015393be2704308a1dc05ef9ce55cef","CUS-809013380",NA,NA,"credit","Tue","14:00:00","14","October"
"11866","authorized","1","ACC-819621312","145.04","-37.85","SALES-POS","fd52d425-ba86-4cfb-b094-28e976e6d561","Michele",2971.98,2018-10-30 07:00:00,"F",30,"Melbourne","VIC",4.74,"30b1e37340fa4faeaeab0db0df54952f","CUS-1271030853","144.95","-37.82","debit","Tue","14:20:34","14","October"
"11867","authorized","1","ACC-2249586092","115.98","-32.07","SALES-POS","e04a7611-573b-4a2b-a954-febef3fb597e","Edward",13025.32,2018-10-30 07:00:00,"M",19,"Ceduna","SA",13.69,"3895b2fc36d040bda9687406181a45fa","CUS-443776336","133.69","-32.12","debit","Tue","14:49:08","14","October"
"11868","posted",NA,"ACC-3481401842","115.74","-31.72","PAYMENT",NA,"Tiffany",9015.06,2018-10-30 07:00:00,"F",25,NA,NA,32,"5adc220a4d6a4a28a20cffe4c9c426ec","CUS-1669695324",NA,NA,"debit","Tue","15:00:00","15","October"
"11869","authorized","0","ACC-1598451071","153.41","-27.95","SALES-POS","9fa7e4de-fe93-4a2c-8ce9-00f898ef2d7b","Diana",1429.68,2018-10-30 07:00:00,"F",26,"Southport","QLD",16.68,"c2d8193f0a2c4e6899d92cc0ee3e9d9a","CUS-2487424745","153.4","-27.97","debit","Tue","15:11:55","15","October"
"11870","authorized","1","ACC-182446574","116.06","-32.00","POS","7fbd6363-a171-4ce6-ad92-c59fd7991396","Tonya",11010.17,2018-10-30 07:00:00,"F",27,"Lidcombe","NSW",12.51,"727ebe0c209342f5ae10338b5b3c97d8","CUS-3026014945","151.06","-33.86","debit","Tue","15:31:09","15","October"
"11871","authorized","1","ACC-2265520058","151.27","-33.85","POS","abd7bf8d-f8ca-4003-a634-ad5219729cb5","Catherine",7241.06,2018-10-30 07:00:00,"F",26,"Mascot","NSW",55.39,"324d395023214bcc90257b62338fb97a","CUS-331942311","151.18","-33.93","debit","Tue","15:50:23","15","October"
"11872","posted",NA,"ACC-2828321672","153.03","-27.51","PAY/SALARY",NA,"Stephanie",9310.03,2018-10-30 07:00:00,"F",53,NA,NA,970.47,"1adf440dfa15480395e3baf0899bd9ce","CUS-1005756958",NA,NA,"credit","Tue","16:00:00","16","October"
"11873","posted",NA,"ACC-4281711154","144.98","-37.84","PAY/SALARY",NA,"Eric",43579.84,2018-10-30 07:00:00,"M",42,NA,NA,1757.82,"b6d417eb17f14acdb488d491b19a3f5e","CUS-3151318058",NA,NA,"credit","Tue","16:00:00","16","October"
"11874","posted",NA,"ACC-3941181087","115.79","-31.94","PAYMENT",NA,"Paul",14149.61,2018-10-30 07:00:00,"M",25,NA,NA,46,"8d03895293ee41aeb08a3b3d88725226","CUS-3989008654",NA,NA,"debit","Tue","16:00:00","16","October"
"11875","authorized","1","ACC-1222300524","151.23","-33.94","POS","11f18ded-66fb-4df5-b136-0a144fc8e9fd","Michael",1409.57,2018-10-30 07:00:00,"M",38,"Rockdale","NSW",23.51,"ec54cb36bdfd4dafa6dae4082cd10fd8","CUS-2142601169","151.14","-33.96","debit","Tue","16:16:07","16","October"
"11876","authorized","1","ACC-3485804958","138.52","-35.01","SALES-POS","5bb68e2a-3272-41b7-a12e-7f42f0a2839c","Jessica",30975.58,2018-10-30 07:00:00,"F",34,"Canberra","ACT",4.73,"0a02d843ca9c4770b9b0ad441b39e1a7","CUS-1196156254","149.13","-35.28","debit","Tue","16:48:23","16","October"
"11877","posted",NA,"ACC-1279356312","144.79","-37.73","PAYMENT",NA,"Tyler",12459.91,2018-10-30 07:00:00,"M",44,NA,NA,27,"cabbe67f8c4f440c8a7b7235d4032ca4","CUS-1892177589",NA,NA,"debit","Tue","17:00:00","17","October"
"11878","posted",NA,"ACC-1222300524","151.23","-33.94","PAY/SALARY",NA,"Michael",2411.7,2018-10-30 07:00:00,"M",38,NA,NA,1002.13,"05181faded304452b4829105b1fa9261","CUS-2142601169",NA,NA,"credit","Tue","17:00:00","17","October"
"11879","posted",NA,"ACC-3771436525","145.04","-37.92","PAY/SALARY",NA,"Derek",8682.68,2018-10-30 07:00:00,"M",20,NA,NA,1099.7,"df7cf5f12a374d71b075518558ee424d","CUS-3325710106",NA,NA,"credit","Tue","17:00:00","17","October"
"11880","posted",NA,"ACC-3954677887","115.72","-32.28","PAY/SALARY",NA,"Ruth",10053.14,2018-10-30 07:00:00,"F",47,NA,NA,1272.47,"0c7862d4c36b4d9abf5cc629b0dacea5","CUS-3716701010",NA,NA,"credit","Tue","17:00:00","17","October"
"11881","posted",NA,"ACC-1243371644","150.90","-33.78","INTER BANK",NA,"Gregory",6411.12,2018-10-30 07:00:00,"M",42,NA,NA,20,"bccfa1a2e38d477c9c09b9e838d43db7","CUS-3904958894",NA,NA,"debit","Tue","17:00:00","17","October"
"11882","posted",NA,"ACC-958000567","130.90","-12.37","PAY/SALARY",NA,"Sandra",12941.1,2018-10-30 07:00:00,"F",34,NA,NA,3517.61,"259d50b522a64b6f82cc898198b290ff","CUS-4142663097",NA,NA,"credit","Tue","17:00:00","17","October"
"11883","posted",NA,"ACC-2897221629","150.90","-34.37","PAY/SALARY",NA,"Scott",9274.13,2018-10-30 07:00:00,"M",23,NA,NA,982.71,"37a753880ad242099d3a73a2e1638f86","CUS-511326734",NA,NA,"credit","Tue","17:00:00","17","October"
"11884","authorized","1","ACC-3485804958","138.52","-35.01","POS","dad0776a-38e4-4773-af4a-86a0925179c0","Jessica",30955.66,2018-10-30 07:00:00,"F",34,"Morphett Vale","SA",19.92,"2bdab529a9dd4e5d8fff5a396db9d606","CUS-1196156254","138.52","-35.12","debit","Tue","17:22:04","17","October"
"11885","authorized","1","ACC-80388494","144.97","-37.42","SALES-POS","d6f88591-a15b-436b-ab11-34aedfb4b5ac","Dustin",6840.44,2018-10-30 07:00:00,"M",28,"Rowville","VIC",23.55,"52861ebd0b444368a7b3d9db8c7da5f9","CUS-1140341822","145.27","-37.93","debit","Tue","17:56:33","17","October"
"11886","posted",NA,"ACC-1344825761","151.09","-33.91","PAYMENT",NA,"Sarah",23980.96,2018-10-30 07:00:00,"F",46,NA,NA,45,"53eba7f7a5c648c899d6b80ac37e1432","CUS-1499065773",NA,NA,"debit","Tue","18:00:00","18","October"
"11887","posted",NA,"ACC-38923874","151.27","-33.90","INTER BANK",NA,"Ryan",44905.07,2018-10-30 07:00:00,"M",38,NA,NA,29,"31a8751a4f2b4bd7ad6a7f5b081acc4f","CUS-3249305314",NA,NA,"debit","Tue","18:00:00","18","October"
"11888","posted",NA,"ACC-3879258709","143.83","-37.66","PAYMENT",NA,"Natasha",208839.44,2018-10-30 07:00:00,"F",40,NA,NA,29,"b8ffb20b44b846d68082924bd7980286","CUS-527400765",NA,NA,"debit","Tue","18:00:00","18","October"
"11889","authorized","1","ACC-3100725361","145.73","-17.03","SALES-POS","57c15e44-3bc5-4104-9470-f692191dbb74","Ronald",10576.2,2018-10-30 07:00:00,"M",25,"Dampier Peninsula","WA",9.79,"4df0229de1824c96a3dee7e668424388","CUS-2178051368","122.67","-16.98","debit","Tue","18:34:36","18","October"
"11890","authorized","1","ACC-1598451071","153.41","-27.95","SALES-POS","d2874065-277b-4374-afbf-662c5ba86bfd","Diana",1426.06,2018-10-30 07:00:00,"F",26,"Labrador","QLD",3.62,"c898026d81e94ec0914aeee1bd6e92bd","CUS-2487424745","153.39","-27.93","debit","Tue","19:14:46","19","October"
"11891","authorized","1","ACC-4059612845","130.98","-12.49","POS","39d8e31d-aa6c-443e-b9de-9f0031c33578","Jonathan",63291.75,2018-10-30 07:00:00,"M",38,"Pyrmont","NSW",41.8,"800411eca77446559030da77589d2623","CUS-495599312","151.19","-33.86","debit","Tue","19:58:15","19","October"
"11892","posted",NA,"ACC-1199531521","116.02","-31.87","PAYMENT",NA,"Billy",20791.08,2018-10-30 07:00:00,"M",52,NA,NA,20,"08489cfe9fd1456cbc3fb80e61c388c3","CUS-134833760",NA,NA,"debit","Tue","20:00:00","20","October"
"11893","posted",NA,"ACC-1349834573","145.17","-37.84","PAYMENT",NA,"Matthew",18207.5,2018-10-30 07:00:00,"M",39,NA,NA,34,"81f8d17831474c54b745d5691f494737","CUS-1790886359",NA,NA,"debit","Tue","20:00:00","20","October"
"11894","authorized","1","ACC-2776252858","144.95","-37.76","SALES-POS","5f2ebd5a-90e6-4da5-abbe-c793ad5249cb","Kristin",7989.45,2018-10-30 07:00:00,"F",43,"Carlton","VIC",12.92,"9831957b818f4b4798007a2bf73ad5c0","CUS-4123612273","144.96","-37.8","debit","Tue","20:22:19","20","October"
"11895","authorized","1","ACC-1598451071","153.41","-27.95","SALES-POS","8147ece7-0e86-4be4-a248-9327a48a8d76","Diana",1415.86,2018-10-30 07:00:00,"F",26,"Tweed Heads","NSW",10.2,"5029c4970cb64063877e917eb08727bf","CUS-2487424745","153.54","-28.17","debit","Tue","20:45:34","20","October"
"11896","authorized","1","ACC-4258502723","145.45","-37.74","POS","a4f857ff-bb40-40c6-8bdb-b1af3d6464c1","Kimberly",5423.3,2018-10-30 07:00:00,"F",24,"Melbourne","VIC",7.29,"ff7345e3f69c43229caa4f99eea0bbb2","CUS-3378712515","144.97","-37.81","debit","Tue","21:07:27","21","October"
"11897","authorized","1","ACC-240804743","121.48","-30.75","SALES-POS","e28c426d-cbef-4e2d-aa06-1ba0b6b1902f","Kenneth",24870.66,2018-10-30 07:00:00,"M",29,"Boggabri","NSW",16.33,"02eb25c2447d4287bc5f62950f63130c","CUS-261674136","150.04","-30.7","debit","Tue","21:27:03","21","October"
"11898","authorized","1","ACC-964839203","146.92","-36.07","POS","3fe81527-e10f-4341-a789-d227e7180dab","Michael",42505.61,2018-10-30 07:00:00,"M",21,"Carrum Downs","VIC",16.44,"e9c6f77ec3ab4acf9e066a9f8003de83","CUS-2059096722","145.19","-38.1","debit","Tue","21:46:39","21","October"
"11899","authorized","1","ACC-4258502723","145.45","-37.74","SALES-POS","9b63be51-6f08-4f3d-81a3-064465141e7d","Kimberly",5411.67,2018-10-30 07:00:00,"F",24,"Northcote","VIC",11.63,"3c197446f65c48d7ab53b854df04c038","CUS-3378712515","144.99","-37.77","debit","Tue","22:09:59","22","October"
"11900","authorized","1","ACC-2249586092","115.98","-32.07","POS","66a228da-1366-4c8c-927f-e42cab6fae5c","Edward",13019.77,2018-10-30 07:00:00,"M",19,"Gosnells","WA",5.55,"b12f6f97adf141aaa708ac4a09609418","CUS-443776336","116","-32.07","debit","Tue","22:41:14","22","October"
"11901","posted",NA,"ACC-2901672282","255.00","-573.00","PAYMENT",NA,"Daniel",14824.23,2018-10-30 07:00:00,"M",22,NA,NA,40,"911f3f57e72b4cc9a0af0eed117ed262","CUS-1617121891",NA,NA,"debit","Tue","23:00:00","23","October"
"11902","authorized","1","ACC-3100725361","145.73","-17.03","POS","fe87d8f6-9502-418a-8ce7-851b86b8f819","Ronald",10556.89,2018-10-30 07:00:00,"M",25,"Ringwood","VIC",19.31,"2a62f54a84a34fc7b8409ed06c132a85","CUS-2178051368","145.22","-37.82","debit","Tue","23:39:59","23","October"
"11903","authorized","0","ACC-3954677887","115.72","-32.28","POS","c4f05a97-bfa6-47a0-9d0f-a0cd7863d9e8","Ruth",10031.28,2018-10-31 07:00:00,"F",47,"Bassendean","WA",21.86,"02f4e836071049d4a09dfc5c7647046c","CUS-3716701010","115.94","-31.9","debit","Wed","01:04:04","01","October"
"11904","authorized","1","ACC-1890605467","143.88","-37.66","POS","654f2746-6db1-4620-99fe-a16cff87db6e","Alexander",21931.65,2018-10-31 07:00:00,"M",38,"Chatswood West","NSW",33.13,"9098080fb8f24c5aaad0a180d9c2394c","CUS-1478398256","151.18","-33.8","debit","Wed","01:24:29","01","October"
"11905","authorized","0","ACC-4059612845","130.98","-12.49","SALES-POS","c7d169a9-fe96-4983-8d1e-9c0c6805a31e","Jonathan",63244.13,2018-10-31 07:00:00,"M",38,"Darlinghurst","NSW",47.62,"b5c06dceece947188c81835f8f1729ec","CUS-495599312","151.22","-33.88","debit","Wed","01:44:53","01","October"
"11906","authorized","1","ACC-819621312","145.04","-37.85","SALES-POS","60c463dc-4a97-45bb-824e-264db608ab51","Michele",2957.82,2018-10-31 07:00:00,"F",30,"Berwick","VIC",14.16,"29fc7d86256c45ad950f91bb414df150","CUS-1271030853","145.34","-38.04","debit","Wed","02:08:57","02","October"
"11907","authorized","1","ACC-2249586092","115.98","-32.07","POS","37696c79-2d3e-42ef-87a6-644fce3ef0d4","Edward",13010.21,2018-10-31 07:00:00,"M",19,"Mount Hawthorn","WA",9.56,"def044b8ab3b4c23a5b7d84659eebf55","CUS-443776336","115.84","-31.92","debit","Wed","02:43:26","02","October"
"11908","authorized","1","ACC-1598451071","153.41","-27.95","SALES-POS","e6389142-a34c-4515-b2bf-1adb67d12aee","Diana",1382.35,2018-10-31 07:00:00,"F",26,"Elsternwick","VIC",33.51,"a7711333efb1487da79d1c7d712d7ec1","CUS-2487424745","145","-37.89","debit","Wed","04:15:51","04","October"
"11909","authorized","1","ACC-1598451071","153.41","-27.95","POS","79e4bdc7-2892-45c9-abde-809730f38cb7","Diana",1379.59,2018-10-31 07:00:00,"F",26,"Southport","QLD",2.76,"685308084eb644aea61724486d9ebfa6","CUS-2487424745","153.41","-27.97","debit","Wed","04:50:20","04","October"
"11910","posted",NA,"ACC-602667573","151.23","-33.96","INTER BANK",NA,"Michael",23943.97,2018-10-31 07:00:00,"M",40,NA,NA,21,"7deec725aba54be8b1a6b9a91028a675","CUS-2031327464",NA,NA,"debit","Wed","06:00:00","06","October"
"11911","posted",NA,"ACC-2171593283","146.94","-36.04","PAYMENT",NA,"Fernando",17399.93,2018-10-31 07:00:00,"M",19,NA,NA,27,"b24c76d858c84c0194607356219fcbca","CUS-2317998716",NA,NA,"debit","Wed","06:00:00","06","October"
"11912","posted",NA,"ACC-2776252858","144.95","-37.76","PAYMENT",NA,"Kristin",7960.45,2018-10-31 07:00:00,"F",43,NA,NA,29,"dfd2eaea5b144450bf43561a13523cc4","CUS-4123612273",NA,NA,"debit","Wed","06:00:00","06","October"
"11913","posted",NA,"ACC-588564840","151.27","-33.76","INTER BANK",NA,"Isaiah",24308.16,2018-10-31 07:00:00,"M",23,NA,NA,25,"05010a8fbb9b4be7a53f232b0ba378fe","CUS-1462656821",NA,NA,"debit","Wed","07:00:00","07","October"
"11914","posted",NA,"ACC-1496451953","145.16","-37.84","INTER BANK",NA,"Ricky",24779.11,2018-10-31 07:00:00,"M",43,NA,NA,39,"94ab18ff63404e748df5e29789a5a57f","CUS-3142625864",NA,NA,"debit","Wed","07:00:00","07","October"
"11915","authorized","1","ACC-3954677887","115.72","-32.28","SALES-POS","9f6a37bb-f618-4ffe-8ea9-5a883be3ad35","Ruth",10005.84,2018-10-31 07:00:00,"F",47,"Gosnells","WA",25.44,"6a516d587ef04645998af899c11f9977","CUS-3716701010","116","-32.07","debit","Wed","07:05:13","07","October"
"11916","authorized","1","ACC-2776252858","144.95","-37.76","SALES-POS","f2111cef-4de4-45c7-8bb5-17639c3d5662","Kristin",7880.53,2018-10-31 07:00:00,"F",43,"Melbourne","VIC",79.92,"60006099046646f4b7d114cbe6356dda","CUS-4123612273","144.96","-37.82","debit","Wed","07:48:41","07","October"
"11917","posted",NA,"ACC-2014856841","144.99","-37.90","INTER BANK",NA,"Patrick",266639.88,2018-10-31 07:00:00,"M",46,NA,NA,22,"e80dfc6294684d13b9e6facdfe0c3741","CUS-2370108457",NA,NA,"debit","Wed","08:00:00","08","October"
"11918","posted",NA,"ACC-4163822186","149.03","-34.97","PAYMENT",NA,"Karen",11764.77,2018-10-31 07:00:00,"F",26,NA,NA,55,"d8610d4023774edbaf82364427bf5b15","CUS-2630892467",NA,NA,"debit","Wed","08:00:00","08","October"
"11919","posted",NA,"ACC-3954677887","115.72","-32.28","PAYMENT",NA,"Ruth",9947.84,2018-10-31 07:00:00,"F",47,NA,NA,58,"d56be8ce10b843088874be73b2faa46d","CUS-3716701010",NA,NA,"debit","Wed","08:00:00","08","October"
"11920","authorized","1","ACC-3879258709","143.83","-37.66","SALES-POS","7b69c603-686d-46c9-9d1c-e27a693e638b","Natasha",208819.21,2018-10-31 07:00:00,"F",40,"Donnybrook","VIC",20.23,"cbf674ede96b4c7786c330d0eaa0839b","CUS-527400765","144.94","-37.54","debit","Wed","08:08:02","08","October"
"11921","authorized","0","ACC-2249586092","115.98","-32.07","SALES-POS","7aa87a90-c8b9-45e7-931b-76a55f2cfdad","Edward",13006.35,2018-10-31 07:00:00,"M",19,"South Perth","WA",3.86,"725c4caf9c4c4d97829f1caa2033ed45","CUS-443776336","115.86","-31.99","debit","Wed","08:18:54","08","October"
"11922","authorized","1","ACC-3233697971","151.04","-33.77","SALES-POS","4bfe3e5b-32e0-4fa5-a5a5-375377f6c851","Robin",15387.21,2018-10-31 07:00:00,"F",34,"Redfern","NSW",29.51,"28c16e53128b4371b8fea2cf393f3a84","CUS-1147642491","151.2","-33.89","debit","Wed","08:29:46","08","October"
"11923","authorized","1","ACC-819621312","145.04","-37.85","POS","bbde3dae-ae79-4b6b-bb03-4d91a7f98b3b","Michele",2934.79,2018-10-31 07:00:00,"F",30,"Eastwood","VIC",23.03,"69a79f95a59849e98576baa917966b78","CUS-1271030853","147.63","-37.81","debit","Wed","08:40:39","08","October"
"11924","authorized","1","ACC-3485804958","138.52","-35.01","POS","b0466a3f-910d-4669-b1eb-a355cf2f2245","Jessica",30928.21,2018-10-31 07:00:00,"F",34,"Mile End","SA",27.45,"8bbc8ce90f56445dab26794edda0d29f","CUS-1196156254","138.57","-34.92","debit","Wed","08:51:31","08","October"
"11925","posted",NA,"ACC-354106658","151.04","-33.80","INTER BANK",NA,"Christine",23250.35,2018-10-31 07:00:00,"F",39,NA,NA,25,"53175a8194b145f5a5459db79201687d","CUS-2376382098",NA,NA,"debit","Wed","09:00:00","09","October"
"11926","posted",NA,"ACC-1443681913","150.92","-33.77","PAYMENT",NA,"Ryan",5845.68,2018-10-31 07:00:00,"M",31,NA,NA,36,"799cd3520a994b558b188a0478c183ae","CUS-3129499595",NA,NA,"debit","Wed","09:00:00","09","October"
"11927","authorized","1","ACC-958000567","130.90","-12.37","POS","281346a6-a8aa-4180-a14b-1408c707e55e","Sandra",12928.82,2018-10-31 07:00:00,"F",34,"Ramingining","NT",12.28,"84d3282c41c7447cb9dee3eb6c958b25","CUS-4142663097","134.93","-12.33","debit","Wed","09:01:16","09","October"
"11928","authorized","1","ACC-2776252858","144.95","-37.76","SALES-POS","3b720485-62cb-4403-b4ad-393db5710178","Kristin",7866.45,2018-10-31 07:00:00,"F",43,"Box Hill","VIC",14.08,"cda42b6871614b48887116d39dc76c35","CUS-4123612273","145.12","-37.82","debit","Wed","09:07:05","09","October"
"11929","authorized","1","ACC-854938045","147.63","-22.84","POS","baca0a58-2459-406e-b747-cdecf3b72c28","James",15906.49,2018-10-31 07:00:00,"M",28,"Ascot Vale","VIC",11.35,"d8a05b4e2ef04131bc77b6cfcb885c84","CUS-4023861240","144.93","-37.77","debit","Wed","09:12:54","09","October"
"11930","authorized","1","ACC-1598451071","153.41","-27.95","POS","d7c86774-b185-4a86-a713-4ef414c32101","Diana",1375.5,2018-10-31 07:00:00,"F",26,"Bundall","QLD",4.09,"e9311675d0d54a1ab00ab7f20f41ed4c","CUS-2487424745","153.41","-28.01","debit","Wed","09:18:43","09","October"
"11931","authorized","0","ACC-2776252858","144.95","-37.76","SALES-POS","1c251a8c-fe61-46bf-a244-cbee5c10c059","Kristin",7836.61,2018-10-31 07:00:00,"F",43,"Lilydale","VIC",29.84,"2a9ed360e4524a2591a52c41f3cf82d9","CUS-4123612273","145.34","-37.75","debit","Wed","09:24:32","09","October"
"11932","authorized","1","ACC-958000567","130.90","-12.37","SALES-POS","ebbc3b11-03fc-43a2-92cc-92f650c1de2a","Sandra",12914.98,2018-10-31 07:00:00,"F",34,"Palmerston City","NT",13.84,"07bff68b5c5e4df5a695e5e2b3fb8ecf","CUS-4142663097","130.99","-12.48","debit","Wed","09:30:20","09","October"
"11933","authorized","0","ACC-2776252858","144.95","-37.76","SALES-POS","5cfe3257-cb88-41cd-8033-8294080612f6","Kristin",7815.55,2018-10-31 07:00:00,"F",43,"Hawthorn","VIC",21.06,"296a176435d04983914f0cb5aac0b6e6","CUS-4123612273","145.04","-37.82","debit","Wed","09:36:09","09","October"
"11934","authorized","0","ACC-2776252858","144.95","-37.76","SALES-POS","74611835-59f8-439f-a409-15436fb64d57","Kristin",7791.38,2018-10-31 07:00:00,"F",43,"Chadstone","VIC",24.17,"6ce420de43fc442bbaa7dee472b881d1","CUS-4123612273","145.08","-37.89","debit","Wed","09:41:58","09","October"
"11935","authorized","1","ACC-1516130869","130.84","-12.45","SALES-POS","9aadede0-3d4f-4ac2-ac25-8f3e5858435f","Jessica",2663.47,2018-10-31 07:00:00,"F",21,"The Gardens","NT",12.05,"1b5d26e1263c4ee4850e28a0843e61b7","CUS-325142416","130.83","-12.44","debit","Wed","09:47:47","09","October"
"11936","authorized","1","ACC-1903037542","153.05","-27.61","POS","88fd592b-743c-4cd3-b5d4-d396f44eba3b","Jeffrey",5243.81,2018-10-31 07:00:00,"M",30,"Kenmore","QLD",9.87,"505f197798b144e6861a0cf6274eb4f5","CUS-860700529","152.94","-27.51","debit","Wed","09:53:36","09","October"
"11937","authorized","1","ACC-1683215619","138.67","-34.86","SALES-POS","bd7c595b-b746-435d-ba9a-83e4d1a7fadd","Barry",11135.82,2018-10-31 07:00:00,"M",38,"Nowra","NSW",12.19,"9c395f6d6ee245e0b6cfac7ce855c28c","CUS-1604596597","150.61","-34.88","debit","Wed","09:59:25","09","October"
"11938","posted",NA,"ACC-1037050564","153.10","-27.66","PAYMENT",NA,"Rhonda",6033.02,2018-10-31 07:00:00,"F",40,NA,NA,32,"16b3296bec5b4f1190ada18cd02c0f2c","CUS-1614226872",NA,NA,"debit","Wed","10:00:00","10","October"
"11939","posted",NA,"ACC-1799207998","150.68","-33.79","INTER BANK",NA,"Susan",10094.03,2018-10-31 07:00:00,"F",20,NA,NA,39,"e979fe6f77404adfb0d71abe4819bddb","CUS-164374203",NA,NA,"debit","Wed","10:00:00","10","October"
"11940","posted",NA,"ACC-2107684084","145.03","-37.88","PAYMENT",NA,"Richard",12227.42,2018-10-31 07:00:00,"M",22,NA,NA,34,"55313fc3e12a4e41abf6b22690e75241","CUS-2283904812",NA,NA,"debit","Wed","10:00:00","10","October"
"11941","posted",NA,"ACC-2173390920","144.71","-37.58","PAYMENT",NA,"Luis",13604.75,2018-10-31 07:00:00,"M",27,NA,NA,29,"4a1f13db0bc5458fa309759a61ae5b92","CUS-3180318393",NA,NA,"debit","Wed","10:00:00","10","October"
"11942","posted",NA,"ACC-966140392","147.08","-37.97","PAYMENT",NA,"Joseph",12041.16,2018-10-31 07:00:00,"M",21,NA,NA,30,"fa816ef7318643799f78c14ffd2d1a01","CUS-537508723",NA,NA,"debit","Wed","10:00:00","10","October"
"11943","authorized","0","ACC-3485804958","138.52","-35.01","SALES-POS","7bdae5fa-0014-4c59-9264-6dd609b71780","Jessica",30899.53,2018-10-31 07:00:00,"F",34,"Yarralumla","ACT",28.68,"8678a1477d2c44e48effb9a6d6578209","CUS-1196156254","149.1","-35.31","debit","Wed","10:07:11","10","October"
"11944","authorized","1","ACC-964839203","146.92","-36.07","SALES-POS","bfe7e7dc-bb5d-4612-a768-d9411f62042b","Michael",42487.02,2018-10-31 07:00:00,"M",21,"Lavington","NSW",18.59,"159927bcfeff434ab2f8399c8aadf0fe","CUS-2059096722","146.96","-36.04","debit","Wed","10:15:11","10","October"
"11945","authorized","0","ACC-1222300524","151.23","-33.94","SALES-POS","c517e9ce-fba4-4269-ac69-739d51ef969b","Michael",2375.47,2018-10-31 07:00:00,"M",38,"Armidale","NSW",36.23,"01b2fa3b2c304a2db74012bf84374177","CUS-2142601169","151.67","-30.52","debit","Wed","10:23:11","10","October"
"11946","authorized","1","ACC-1652235822","144.89","-37.81","SALES-POS","138d4caf-1025-4013-a659-628b4148eb08","Renee",22342.68,2018-10-31 07:00:00,"F",38,"Sydney","NSW",27.05,"7f905c723e824c02935af7bd0cf06946","CUS-2206365095","151.2","-33.87","debit","Wed","10:31:11","10","October"
"11947","authorized","0","ACC-964839203","146.92","-36.07","POS","1fadfa86-1a45-497c-a89b-48d42dec5f60","Michael",42475.85,2018-10-31 07:00:00,"M",21,"Beaumaris","VIC",11.17,"7b62122d85f14008afe73aa064da5a0a","CUS-2059096722","145.05","-37.98","debit","Wed","10:39:11","10","October"
"11948","authorized","1","ACC-2171593283","146.94","-36.04","SALES-POS","789f4f77-735c-41d4-b2dc-b9c4b5bee7d6","Fernando",17291.96,2018-10-31 07:00:00,"M",19,"Sydney","NSW",107.97,"fbfac76b8166477c95812306069e9e1c","CUS-2317998716","151.18","-33.94","debit","Wed","10:47:11","10","October"
"11949","authorized","1","ACC-964839203","146.92","-36.07","POS","010eb8c1-e8e2-46d6-8315-a670d7489eb3","Michael",42429.9,2018-10-31 07:00:00,"M",21,"Malvern","VIC",45.95,"e1eec8b692b34e03a595d18ef2480235","CUS-2059096722","145.03","-37.86","debit","Wed","10:55:11","10","October"
"11950","authorized","1","ACC-964839203","146.92","-36.07","POS","5c78a6f7-6d63-4b56-bd4a-8da9f39f9f2b","Michael",42397.78,2018-10-31 07:00:00,"M",21,"Port Douglas","QLD",32.12,"84cdbe46f8d9462f869b44379dd256b2","CUS-2059096722","145.46","-16.51","debit","Wed","11:02:06","11","October"
"11951","authorized","0","ACC-1683215619","138.67","-34.86","SALES-POS","ecf74caa-41c9-4559-8e49-577b1a869c67","Barry",11101.08,2018-10-31 07:00:00,"M",38,"Park Holme","SA",34.74,"09823ed346ae46c08cbac6fbb3a42010","CUS-1604596597","138.56","-34.99","debit","Wed","11:07:24","11","October"
"11952","authorized","1","ACC-2249586092","115.98","-32.07","POS","e2ca89a0-af6b-4977-aec5-4775622aba6f","Edward",13000.93,2018-10-31 07:00:00,"M",19,"Mirrabooka","WA",5.42,"e132fa94bd36443cbe846d4cba2ce1d2","CUS-443776336","115.86","-31.87","debit","Wed","11:12:41","11","October"
"11953","authorized","0","ACC-80388494","144.97","-37.42","SALES-POS","df15103e-240f-4aa5-9f04-e39085169f6d","Dustin",6820.26,2018-10-31 07:00:00,"M",28,"Northcote","VIC",20.18,"a09cde717dc440bba6ca3021190830eb","CUS-1140341822","145","-37.77","debit","Wed","11:17:59","11","October"
"11954","authorized","1","ACC-3954677887","115.72","-32.28","SALES-POS","f396e354-0172-4f22-b316-e62abe051504","Ruth",9926.5,2018-10-31 07:00:00,"F",47,"Leederville","WA",21.34,"7c5a7762136d4bb7b6c9e05ba85b1361","CUS-3716701010","115.84","-31.93","debit","Wed","11:23:16","11","October"
"11955","authorized","1","ACC-964839203","146.92","-36.07","POS","5e259d30-80dd-44e9-8482-0af60cad13d8","Michael",42374.11,2018-10-31 07:00:00,"M",21,"Hoppers Crossing","VIC",23.67,"313d47de17bd49679a53ec7737df420c","CUS-2059096722","144.69","-37.86","debit","Wed","11:28:34","11","October"
"11956","authorized","1","ACC-1598451071","153.41","-27.95","POS","a23a9054-b598-4b8e-99d2-5ba284bd30e9","Diana",1365.04,2018-10-31 07:00:00,"F",26,"Southport","QLD",10.46,"bbbca348d9494d2c93cad56a7c04d586","CUS-2487424745","153.4","-27.96","debit","Wed","11:33:51","11","October"
"11957","authorized","1","ACC-2890243754","153.32","-27.93","POS","715e470f-063c-46b4-968d-cc343a9fd844","Joseph",2477.65,2018-10-31 07:00:00,"M",37,"Toowong","QLD",32.19,"3e2e0bb98ea94daca9406f07a60b973f","CUS-2695611575","152.99","-27.49","debit","Wed","11:39:09","11","October"
"11958","authorized","1","ACC-958000567","130.90","-12.37","POS","d1ac359e-415c-42a7-abae-8d2bcce24af0","Sandra",12881.33,2018-10-31 07:00:00,"F",34,"Fannie Bay","NT",33.65,"61e5c01049104f8393e3623d20293e06","CUS-4142663097","130.84","-12.42","debit","Wed","11:44:26","11","October"
"11959","authorized","1","ACC-2897221629","150.90","-34.37","POS","d5635ec1-7e0d-40c1-a0ec-f560ad82d400","Scott",8925.92,2018-10-31 07:00:00,"M",23,"East Ryde","NSW",348.21,"e4ea3360d90840a09a72ba2a34271618","CUS-511326734","151.13","-33.81","debit","Wed","11:49:44","11","October"
"11960","authorized","1","ACC-1243371644","150.90","-33.78","POS","9b396220-0ff3-473d-8ad3-a169f8b37757","Gregory",6390.92,2018-10-31 07:00:00,"M",42,"Notting Hill","VIC",20.2,"c32375549864473b9d4d6df96c29e231","CUS-3904958894","145.13","-37.9","debit","Wed","11:55:01","11","October"
"11961","posted",NA,"ACC-3084464802","145.15","-37.76","PAY/SALARY",NA,"Susan",12930.2,2018-10-31 07:00:00,"F",19,NA,NA,2485.37,"a028a7a91b664a6baffad7668a3f3eeb","CUS-1928710999",NA,NA,"credit","Wed","12:00:00","12","October"
"11962","posted",NA,"ACC-1650504218","145.01","-37.93","PAY/SALARY",NA,"Marissa",19580.32,2018-10-31 07:00:00,"F",23,NA,NA,1626.48,"4ddbc04d71054b38b13ed7b2c5d2fa78","CUS-2500783281",NA,NA,"credit","Wed","12:00:00","12","October"
"11963","posted",NA,"ACC-4163822186","149.03","-34.97","PAYMENT",NA,"Karen",11718.77,2018-10-31 07:00:00,"F",26,NA,NA,46,"973f926c4f844a468df6a9239d0f726c","CUS-2630892467",NA,NA,"debit","Wed","12:00:00","12","October"
"11964","posted",NA,"ACC-182446574","116.06","-32.00","INTER BANK",NA,"Tonya",10953.17,2018-10-31 07:00:00,"F",27,NA,NA,57,"9581e449fc0e42eba678b84e6818d4c8","CUS-3026014945",NA,NA,"debit","Wed","12:00:00","12","October"
"11965","posted",NA,"ACC-3326339947","151.18","-33.80","PAY/SALARY",NA,"Eric",13962.29,2018-10-31 07:00:00,"M",22,NA,NA,983.36,"121fec2cb0b94a4b98df36583faa90a7","CUS-326006476",NA,NA,"credit","Wed","12:00:00","12","October"
"11966","authorized","1","ACC-2171593283","146.94","-36.04","POS","d5b4b0fe-b691-4681-9998-a0442ae08fea","Fernando",17253.69,2018-10-31 07:00:00,"M",19,"Melbourne","VIC",38.27,"71805eead39d4f91964cc4e0f1a3268f","CUS-2317998716","144.97","-37.81","debit","Wed","12:01:06","12","October"
"11967","authorized","1","ACC-1598451071","153.41","-27.95","POS","59e3bccd-966c-403e-a6c5-29932099b26f","Diana",1360.81,2018-10-31 07:00:00,"F",26,"Robina","QLD",4.23,"a80db3b81e064e04a421286e75934f57","CUS-2487424745","153.41","-28.06","debit","Wed","12:19:37","12","October"
"11968","authorized","1","ACC-1598451071","153.41","-27.95","SALES-POS","2f3bc0c3-93fd-41a4-a1cc-5ad551adbecc","Diana",1297.83,2018-10-31 07:00:00,"F",26,"Sydney","NSW",62.98,"d2c83051236f4f8db441de31f6820a73","CUS-2487424745","151.2","-33.87","debit","Wed","12:38:08","12","October"
"11969","authorized","1","ACC-854938045","147.63","-22.84","SALES-POS","64e6e6b9-088b-4855-acad-1210d5eb2f85","James",15887.31,2018-10-31 07:00:00,"M",28,"Richmond","TAS",19.18,"0a0d8b849b18477ab6031708d7b6cf76","CUS-4023861240","147.44","-42.74","debit","Wed","12:56:39","12","October"
"11970","posted",NA,"ACC-3100725361","145.73","-17.03","INTER BANK",NA,"Ronald",10530.89,2018-10-31 07:00:00,"M",25,NA,NA,26,"dd8314056cce459596226942ac33bf79","CUS-2178051368",NA,NA,"debit","Wed","13:00:00","13","October"
"11971","posted",NA,"ACC-1516130869","130.84","-12.45","PAY/SALARY",NA,"Jessica",4970.1,2018-10-31 07:00:00,"F",21,NA,NA,2306.63,"8d243f88cede47a48d7ebcd3e3e97f57","CUS-325142416",NA,NA,"credit","Wed","13:00:00","13","October"
"11972","posted",NA,"ACC-2776252858","144.95","-37.76","PAY/SALARY",NA,"Kristin",8859.42,2018-10-31 07:00:00,"F",43,NA,NA,1068.04,"40b65a4c963c42a5821408bd071026ba","CUS-4123612273",NA,NA,"credit","Wed","13:00:00","13","October"
"11973","authorized","0","ACC-3084464802","145.15","-37.76","SALES-POS","b167b54e-f5ba-4039-97ae-2c12176d5ef9","Susan",12911.13,2018-10-31 07:00:00,"F",19,"Truganina","VIC",19.07,"4f51de6765c34123a3950670a6392bff","CUS-1928710999","144.75","-37.81","debit","Wed","13:15:28","13","October"
"11974","authorized","1","ACC-1344825761","151.09","-33.91","POS","ddce202f-e1d4-4008-b949-c0bbd793eb2f","Sarah",23717.32,2018-10-31 07:00:00,"F",46,"Surry Hills","NSW",263.64,"dc000af1a59b4892b23478446e9435e0","CUS-1499065773","151.21","-33.88","debit","Wed","13:34:20","13","October"
"11975","authorized","1","ACC-1998563091","149.03","-35.25","SALES-POS","8fef99ec-a34c-4d6e-b936-074ce0acb02e","David",20147.95,2018-10-31 07:00:00,"M",42,"West Mackay","QLD",47.71,"32f6c1da0fa8451592b4042d2956199b","CUS-3395687666","149.17","-21.15","debit","Wed","13:53:12","13","October"
"11976","posted",NA,"ACC-1598451071","153.41","-27.95","PAY/SALARY",NA,"Diana",2281.79,2018-10-31 07:00:00,"F",26,NA,NA,1013.67,"d46b9f66c65942458c211dee1f238e6a","CUS-2487424745",NA,NA,"credit","Wed","14:00:00","14","October"
"11977","posted",NA,"ACC-240804743","121.48","-30.75","PAYMENT",NA,"Kenneth",24814.66,2018-10-31 07:00:00,"M",29,NA,NA,56,"1e4115fe5c8f4f74be8f9ddcd4ab3e8d","CUS-261674136",NA,NA,"debit","Wed","14:00:00","14","October"
"11978","authorized","1","ACC-1890605467","143.88","-37.66","POS","e8f43636-ef18-488c-af1a-11d66ae2e941","Alexander",21884.47,2018-10-31 07:00:00,"M",38,"Donvale","VIC",47.18,"0b4f18419df34fcc8c0b08413c3827f1","CUS-1478398256","145.17","-37.79","debit","Wed","14:05:52","14","October"
"11979","authorized","1","ACC-1222300524","151.23","-33.94","SALES-POS","76f74eb9-c15b-49c1-8ab5-3edbd0bfcf12","Michael",2370.45,2018-10-31 07:00:00,"M",38,"Alexandria","NSW",5.02,"9ffbc8fe90bf42cd9fdc5f02c8d77cc0","CUS-2142601169","151.19","-33.91","debit","Wed","14:15:02","14","October"
"11980","authorized","1","ACC-354106658","151.04","-33.80","POS","cd46586a-4af6-40ce-9c93-de3a85dc5ebb","Christine",23239.81,2018-10-31 07:00:00,"F",39,"Chatswood","NSW",10.54,"55a2930c7ae0489ebb5f268f5b9a25ae","CUS-2376382098","151.18","-33.8","debit","Wed","14:24:13","14","October"
"11981","authorized","1","ACC-3084464802","145.15","-37.76","SALES-POS","70439da9-3d83-40ac-b5bc-203fd21161f3","Susan",12898.07,2018-10-31 07:00:00,"F",19,"Ringwood","VIC",13.06,"b72c9cc4a4ef4fe7952acf353eb50f4b","CUS-1928710999","145.24","-37.81","debit","Wed","14:33:23","14","October"
"11982","authorized","1","ACC-1598451071","153.41","-27.95","SALES-POS","848f6f12-a594-461b-aaf5-72b7712ded60","Diana",1268.12,2018-10-31 07:00:00,"F",26,"Geelong","VIC",29.71,"ed29bc1b79234f7e872c2202d0c04402","CUS-2487424745","144.36","-38.15","debit","Wed","14:42:34","14","October"
"11983","authorized","1","ACC-3100725361","145.73","-17.03","SALES-POS","0e767127-e5b6-48cd-9d50-f80c8932f9e8","Ronald",10514.81,2018-10-31 07:00:00,"M",25,"Cairns City","QLD",16.08,"38adb2818ba343f891fb0e9fab8f5195","CUS-2178051368","145.77","-16.92","debit","Wed","14:51:44","14","October"
"11984","posted",NA,"ACC-2305712452","138.61","-34.89","PAYMENT",NA,"Debra",7479.44,2018-10-31 07:00:00,"F",18,NA,NA,36,"8df8d45d391847e2bff21a00cddad8dd","CUS-1842679196",NA,NA,"debit","Wed","15:00:00","15","October"
"11985","posted",NA,"ACC-38923874","151.27","-33.90","PAYMENT",NA,"Ryan",44870.07,2018-10-31 07:00:00,"M",38,NA,NA,35,"ea0245731c044340ae835ff27a63656f","CUS-3249305314",NA,NA,"debit","Wed","15:00:00","15","October"
"11986","authorized","1","ACC-1598451071","153.41","-27.95","SALES-POS","7da3714d-964e-41e4-9d08-cc12a078f7ec","Diana",2271.55,2018-10-31 07:00:00,"F",26,"Upper Mount Gravatt","QLD",10.24,"9b66b2391c1141fc831eba43dd873e53","CUS-2487424745","153.08","-27.56","debit","Wed","15:00:45","15","October"
"11987","authorized","0","ACC-1598451071","153.41","-27.95","POS","d87e2b48-3fc5-47e4-87c5-014e56e493df","Diana",2260.81,2018-10-31 07:00:00,"F",26,"Elanora","QLD",10.74,"ab0686ed8f8b446d9f88254d53a16e06","CUS-2487424745","153.47","-28.13","debit","Wed","15:08:16","15","October"
"11988","authorized","1","ACC-2897221629","150.90","-34.37","SALES-POS","f93ebe4b-1c5a-4b11-8666-1f539e553707","Scott",8911.86,2018-10-31 07:00:00,"M",23,"North Ryde","NSW",14.06,"40a08a2c72ed487fbffa4706e60a1287","CUS-511326734","151.14","-33.8","debit","Wed","15:15:47","15","October"
"11989","authorized","0","ACC-964839203","146.92","-36.07","POS","5c78a6f7-6d63-4b56-bd4a-8da9f39f9f2b","Michael",42342.39,2018-10-31 07:00:00,"M",21,"Port Douglas","QLD",31.72,"e97559cac56743769b0dcfcc70548f8b","CUS-2059096722","145.46","-16.51","debit","Wed","15:23:18","15","October"
"11990","authorized","1","ACC-2249586092","115.98","-32.07","SALES-POS","d026c669-4edd-4361-b370-a959d86ffb95","Edward",12987.31,2018-10-31 07:00:00,"M",19,"Success","WA",13.62,"da2482e976824547b51357a8f9b76fde","CUS-443776336","115.86","-32.13","debit","Wed","15:30:49","15","October"
"11991","authorized","0","ACC-1598451071","153.41","-27.95","SALES-POS","e4758c3b-e8d8-49bd-990a-a823a86dcabc","Diana",2236.44,2018-10-31 07:00:00,"F",26,"Mudgeeraba","QLD",24.37,"78fe3dcf051e47f88767ac7f4bb63f1b","CUS-2487424745","153.36","-28.07","debit","Wed","15:38:20","15","October"
"11992","authorized","0","ACC-2890243754","153.32","-27.93","POS","63107a44-156a-4316-9879-9971d1b04018","Joseph",2466.43,2018-10-31 07:00:00,"M",37,"Broadbeach","QLD",11.22,"b7d1797f95904e1985a7a7674ac3e556","CUS-2695611575","153.43","-28.03","debit","Wed","15:45:51","15","October"
"11993","authorized","1","ACC-819621312","145.04","-37.85","SALES-POS","7b4deb71-0e46-4da6-b2fa-7c718273f157","Michele",2281.86,2018-10-31 07:00:00,"F",30,"Mount Gambier","SA",652.93,"deea499dc5644025a0939e56983a7a13","CUS-1271030853","140.78","-37.83","debit","Wed","15:53:23","15","October"
"11994","posted",NA,"ACC-4065652575","115.81","-31.82","PAYMENT",NA,"Lucas",18387.41,2018-10-31 07:00:00,"M",21,NA,NA,55,"06db7ed792e54d559ccd797604c797d7","CUS-1117979751",NA,NA,"debit","Wed","16:00:00","16","October"
"11995","posted",NA,"ACC-1799207998","150.68","-33.79","PAYMENT",NA,"Susan",10059.03,2018-10-31 07:00:00,"F",20,NA,NA,35,"274ea70c2bcc491795cc15241685f582","CUS-164374203",NA,NA,"debit","Wed","16:00:00","16","October"
"11996","posted",NA,"ACC-1973887809","115.78","-31.90","PAY/SALARY",NA,"Antonio",9378.51,2018-10-31 07:00:00,"M",26,NA,NA,1098.91,"0e6cffb4401043c891ab7a50ec594208","CUS-1646621553",NA,NA,"credit","Wed","16:00:00","16","October"
"11997","authorized","1","ACC-3100725361","145.73","-17.03","POS","1eca2901-6392-4097-88d8-e41915133abe","Ronald",10506.29,2018-10-31 07:00:00,"M",25,"Yarra Junction","VIC",8.52,"8cb807adda7d46a882f6a873440e425b","CUS-2178051368","145.61","-37.78","debit","Wed","16:02:06","16","October"
"11998","authorized","1","ACC-1222300524","151.23","-33.94","SALES-POS","46950be0-90fe-4387-a8c9-e35650d486f6","Michael",2359.92,2018-10-31 07:00:00,"M",38,"Randwick","NSW",10.53,"4c91ed13c8e246d590e2565c941474fb","CUS-2142601169","151.24","-33.91","debit","Wed","16:19:38","16","October"
"11999","authorized","1","ACC-1199531521","116.02","-31.87","POS","4c90fdf3-5b7d-4fdc-b734-8bd894ed6a89","Billy",20773.38,2018-10-31 07:00:00,"M",52,"Ceduna","SA",17.7,"3096bfb888e649b4bccd241077ea5bf0","CUS-134833760","133.67","-32.12","debit","Wed","16:37:11","16","October"
"12000","authorized","1","ACC-1608363396","151.22","-33.87","SALES-POS","0d3b3d02-c442-4d3c-a934-c78788c73fb4","Robert",9201.66,2018-10-31 07:00:00,"M",20,"Homebush","NSW",18.75,"2dca2cca2f054825b84c666a6dab6fc2","CUS-2688605418","151.08","-33.87","debit","Wed","16:54:44","16","October"
"12001","posted",NA,"ACC-819621312","145.04","-37.85","PAY/SALARY",NA,"Michele",3440.01,2018-10-31 07:00:00,"F",30,NA,NA,1158.15,"ad13e06fffba4771b3c994f9147e68c0","CUS-1271030853",NA,NA,"credit","Wed","17:00:00","17","October"
"12002","posted",NA,"ACC-2920611728","144.96","-37.76","PAY/SALARY",NA,"Tyler",11381.44,2018-10-31 07:00:00,"M",69,NA,NA,1043.12,"14a1604e6ead4b54b65d7a28ec546a69","CUS-1388323263",NA,NA,"credit","Wed","17:00:00","17","October"
"12003","posted",NA,"ACC-2901672282","255.00","-573.00","PAYMENT",NA,"Daniel",14791.23,2018-10-31 07:00:00,"M",22,NA,NA,33,"a2e88a94fe7c4efa893fcb460251a4f8","CUS-1617121891",NA,NA,"debit","Wed","17:00:00","17","October"
"12004","posted",NA,"ACC-1799207998","150.68","-33.79","PAY/SALARY",NA,"Susan",11454.52,2018-10-31 07:00:00,"F",20,NA,NA,1395.49,"cd1b1dea1d2f43e882d3499b3717d23b","CUS-164374203",NA,NA,"credit","Wed","17:00:00","17","October"
"12005","posted",NA,"ACC-2171593283","146.94","-36.04","PAY/SALARY",NA,"Fernando",19893.45,2018-10-31 07:00:00,"M",19,NA,NA,2639.76,"d4804402c1c34e0ebc53a4c395e0c63d","CUS-2317998716",NA,NA,"credit","Wed","17:00:00","17","October"
"12006","posted",NA,"ACC-4163822186","149.03","-34.97","PAYMENT",NA,"Karen",11668.77,2018-10-31 07:00:00,"F",26,NA,NA,50,"fc980fbb588c4231aae09d6ad34cf31b","CUS-2630892467",NA,NA,"debit","Wed","17:00:00","17","October"
"12007","authorized","1","ACC-2249586092","115.98","-32.07","POS","84fc0377-d8e7-4ebb-b93d-9ce1a2f9fb63","Edward",12973.65,2018-10-31 07:00:00,"M",19,"Hillarys","WA",13.66,"c371b48d831649e8a5d2e8cee1136103","CUS-443776336","115.74","-31.83","debit","Wed","17:08:08","17","October"
"12008","authorized","1","ACC-1222300524","151.23","-33.94","POS","aa8af5d1-53d4-448b-a612-6acd4b5bb310","Michael",2340.25,2018-10-31 07:00:00,"M",38,"Newport","NSW",19.67,"6c6e9ec3d6d647e391192a7338856d44","CUS-2142601169","151.31","-33.66","debit","Wed","17:19:46","17","October"
"12009","authorized","1","ACC-3954677887","115.72","-32.28","SALES-POS","886c596d-4191-4628-8742-339f14c7b3d7","Ruth",9916.94,2018-10-31 07:00:00,"F",47,"Riverton","WA",9.56,"f0d147d30d334a378b56fbbeb1468c1c","CUS-3716701010","115.91","-32.04","debit","Wed","17:31:23","17","October"
"12010","authorized","0","ACC-1222300524","151.23","-33.94","POS","85536a50-fecc-4eac-9d42-a423ae233dc1","Michael",2321.06,2018-10-31 07:00:00,"M",38,"Penrith","NSW",19.19,"cda53418938c41b2a8fe33105c53b383","CUS-2142601169","150.69","-33.75","debit","Wed","17:43:01","17","October"
"12011","authorized","1","ACC-2681137560","151.11","-33.99","POS","bd55b2be-eda5-45e8-8a91-053eafbd5480","Nathaniel",13442.15,2018-10-31 07:00:00,"M",31,"Bridgetown","WA",8.26,"70af92fcc1e64cb5905271b810825c7d","CUS-2083971310","116.14","-33.96","debit","Wed","17:54:39","17","October"
"12012","posted",NA,"ACC-2153562714","116.00","-31.88","PAYMENT",NA,"Linda",9317.7,2018-10-31 07:00:00,"F",24,NA,NA,46,"6cd220c5e30b4f8cb41f7daf147d1a88","CUS-423725039",NA,NA,"debit","Wed","18:00:00","18","October"
"12013","authorized","0","ACC-3954677887","115.72","-32.28","SALES-POS","4995bfd1-13d8-4c5f-a9f3-d5331da83f85","Ruth",9901.03,2018-10-31 07:00:00,"F",47,"Joondalup","WA",15.91,"063fb5b8132b4da5814aa98b0bf06e30","CUS-3716701010","115.77","-31.74","debit","Wed","18:14:59","18","October"
"12014","authorized","1","ACC-1598451071","153.41","-27.95","SALES-POS","a074e4af-d785-465d-a813-4701cc355c78","Diana",2220.14,2018-10-31 07:00:00,"F",26,"Brisbane City","QLD",16.3,"db9aa7f3f1e44c6997376691b3d8d733","CUS-2487424745","153.02","-27.47","debit","Wed","18:42:46","18","October"
"12015","posted",NA,"ACC-1349834573","145.17","-37.84","PAYMENT",NA,"Matthew",18159.5,2018-10-31 07:00:00,"M",39,NA,NA,48,"63420050141144cfa5ba8e0664d5140d","CUS-1790886359",NA,NA,"debit","Wed","19:00:00","19","October"
"12016","authorized","0","ACC-1598451071","153.41","-27.95","POS","e4758c3b-e8d8-49bd-990a-a823a86dcabc","Diana",2194.26,2018-10-31 07:00:00,"F",26,"Mudgeeraba","QLD",25.88,"bb90a98fdcbd40a69ad40a4fcd3971f6","CUS-2487424745","153.36","-28.07","debit","Wed","19:04:59","19","October"
"12017","authorized","0","ACC-2249586092","115.98","-32.07","SALES-POS","23eccb68-684e-4321-b95b-dc307517c836","Edward",12963.75,2018-10-31 07:00:00,"M",19,"Maylands","WA",9.9,"9c33934bede248ada7bd4126be6a167e","CUS-443776336","115.9","-31.93","debit","Wed","19:18:09","19","October"
"12018","authorized","1","ACC-1598451071","153.41","-27.95","POS","f951df7c-92b7-444c-959b-e227f5bb6735","Diana",2148.06,2018-10-31 07:00:00,"F",26,"Lidcombe","NSW",46.2,"362ee085d8794e1088f9906cde2aaa15","CUS-2487424745","151.05","-33.85","debit","Wed","19:31:18","19","October"
"12019","authorized","1","ACC-3100725361","145.73","-17.03","POS","3d5cd451-fdd7-4eae-9494-d9866e8cdedf","Ronald",10471.98,2018-10-31 07:00:00,"M",25,"Smithfield","QLD",34.31,"c43b9e087328441ea2ddac6056ce5e96","CUS-2178051368","145.7","-16.81","debit","Wed","19:44:28","19","October"
"12020","authorized","1","ACC-53508546","150.62","-33.76","POS","e42055f4-e6a9-4915-9936-035981fd3de2","Kimberly",7036.56,2018-10-31 07:00:00,"F",35,"North Ryde","NSW",70.58,"7830702140b44d03af6d33ee79a9c6f1","CUS-72755508","151.12","-33.79","debit","Wed","19:57:37","19","October"
"12021","posted",NA,"ACC-2171593283","146.94","-36.04","PAYMENT",NA,"Fernando",19876.45,2018-10-31 07:00:00,"M",19,NA,NA,17,"a8fa469424984c04a4da7cf94bc86976","CUS-2317998716",NA,NA,"debit","Wed","20:00:00","20","October"
"12022","posted",NA,"ACC-1650504218","145.01","-37.93","PAYMENT",NA,"Marissa",19547.32,2018-10-31 07:00:00,"F",23,NA,NA,33,"96e0fa11725543af9b0af61f3244081b","CUS-2500783281",NA,NA,"debit","Wed","20:00:00","20","October"
"12023","posted",NA,"ACC-182446574","116.06","-32.00","INTER BANK",NA,"Tonya",10920.17,2018-10-31 07:00:00,"F",27,NA,NA,33,"2ecd88fa9fd34a33937ac860e320df7a","CUS-3026014945",NA,NA,"debit","Wed","20:00:00","20","October"
"12024","posted",NA,"ACC-4281711154","144.98","-37.84","PHONE BANK",NA,"Eric",43543.84,2018-10-31 07:00:00,"M",42,NA,NA,36,"4f784598b47b4c0e8856e28bd4363bcc","CUS-3151318058",NA,NA,"debit","Wed","20:00:00","20","October"
"12025","authorized","1","ACC-1652235822","144.89","-37.81","SALES-POS","ce34e639-f832-4cc3-adf5-13ea8ed57a0a","Renee",22324.96,2018-10-31 07:00:00,"F",38,"Broadmeadows","VIC",17.72,"07194490facf4b288ab37c2f15db12e9","CUS-2206365095","144.92","-37.68","debit","Wed","20:21:34","20","October"
"12026","authorized","1","ACC-3021093232","149.83","-29.47","SALES-POS","0b368022-8ffe-4a59-b7e9-d7799cb496d5","Melissa",14063.93,2018-10-31 07:00:00,"F",30,"Ulmarra","NSW",26.37,"9b4309cfcae94b3496acf7708efb156c","CUS-55310383","153.03","-29.63","debit","Wed","20:47:53","20","October"
"12027","posted",NA,"ACC-3536132544","144.93","-37.79","INTER BANK",NA,"Heather",8127.27,2018-10-31 07:00:00,"F",41,NA,NA,43,"450ec9a5778f41ecb1a8774601185a0c","CUS-2348881191",NA,NA,"debit","Wed","21:00:00","21","October"
"12028","posted",NA,"ACC-2173390920","144.71","-37.58","PHONE BANK",NA,"Luis",13537.75,2018-10-31 07:00:00,"M",27,NA,NA,67,"b2c42c27bb24464cb5e3e0ffbf9b1977","CUS-3180318393",NA,NA,"debit","Wed","21:00:00","21","October"
"12029","authorized","1","ACC-1598451071","153.41","-27.95","SALES-POS","202ea166-bafd-4b33-bdfc-1222faad3b29","Diana",2134.86,2018-10-31 07:00:00,"F",26,"Browns Plains","QLD",13.2,"34a9a3b018124af08d911653ff720a61","CUS-2487424745","153.04","-27.66","debit","Wed","21:08:34","21","October"
"12030","authorized","1","ACC-1652235822","144.89","-37.81","SALES-POS","74916a86-5a3d-4d26-9bb2-28d4e6db0c8d","Renee",22231.5,2018-10-31 07:00:00,"F",38,"Docklands","VIC",93.46,"97b16185befc4982bd6fdd8aadf492d3","CUS-2206365095","144.95","-37.82","debit","Wed","21:24:26","21","October"
"12031","authorized","1","ACC-1443681913","150.92","-33.77","SALES-POS","976e9595-fdf4-4662-aaf2-476681a0291f","Ryan",5610.78,2018-10-31 07:00:00,"M",31,"Sydney","NSW",234.9,"9b85bc8e0da848fab4ecbe176d6fabb0","CUS-3129499595","151.2","-33.87","debit","Wed","21:40:19","21","October"
"12032","authorized","0","ACC-1443681913","150.92","-33.77","SALES-POS","6fcdc956-3548-40b2-a2ce-9dbc6cb64eb9","Ryan",5540.27,2018-10-31 07:00:00,"M",31,"Marrickville","NSW",70.51,"f82ed841f0404363b4a3782ce6118294","CUS-3129499595","151.17","-33.91","debit","Wed","21:56:11","21","October"
"12033","posted",NA,"ACC-1710017148","150.82","-34.01","PAYMENT",NA,"Michelle",20699.9,2018-10-31 07:00:00,"F",19,NA,NA,33,"96fe9c5dcda24b599e81b6f6d5bdcb66","CUS-883482547",NA,NA,"debit","Wed","22:00:00","22","October"
"12034","authorized","1","ACC-3100725361","145.73","-17.03","SALES-POS","f17a5cbd-fa5d-47db-8235-c7f449597dd0","Ronald",10445.39,2018-10-31 07:00:00,"M",25,"Smithfield","QLD",26.59,"593930fd0e1640398b5638f74b7dee14","CUS-2178051368","145.69","-16.84","debit","Wed","22:22:21","22","October"
"12035","authorized","1","ACC-1516130869","130.84","-12.45","POS","7a3610ce-2f3c-4c7f-becf-987ddeb1c533","Jessica",4946.62,2018-10-31 07:00:00,"F",21,"Darwin City","NT",23.48,"74b737841b9548b494af32ba71627716","CUS-325142416","130.84","-12.46","debit","Wed","22:51:45","22","October"
"12036","posted",NA,"ACC-1973887809","115.78","-31.90","PAYMENT",NA,"Antonio",9349.51,2018-10-31 07:00:00,"M",26,NA,NA,29,"dda53e538c5b4d5aae2481be22e60440","CUS-1646621553",NA,NA,"debit","Wed","23:00:00","23","October"
"12037","posted",NA,"ACC-1349834573","145.17","-37.84","PAYMENT",NA,"Matthew",18127.5,2018-10-31 07:00:00,"M",39,NA,NA,32,"df15d6f039554dcbb3ca02631ce22068","CUS-1790886359",NA,NA,"debit","Wed","23:00:00","23","October"
"12038","posted",NA,"ACC-240804743","121.48","-30.75","PAYMENT",NA,"Kenneth",24775.66,2018-10-31 07:00:00,"M",29,NA,NA,39,"c7bc398b9eb04e73933dc6d5a7beae0b","CUS-261674136",NA,NA,"debit","Wed","23:00:00","23","October"
"12039","authorized","0","ACC-3021093232","149.83","-29.47","POS","32aa73dc-b7c2-4161-b14d-6271b96ce792","Melissa",14054.14,2018-10-31 07:00:00,"F",30,"Ringwood","VIC",9.79,"f2e3e695c2ee4c50a4c8747f852cbe2e","CUS-55310383","145.23","-37.81","debit","Wed","23:09:06","23","October"
"12040","authorized","1","ACC-1608363396","151.22","-33.87","SALES-POS","296a0500-8552-48ac-ac81-ec37065b568e","Robert",9137.79,2018-10-31 07:00:00,"M",20,"Casula","NSW",63.87,"56e147e5485f4683b9076fcaaed76640","CUS-2688605418","150.88","-33.96","debit","Wed","23:21:46","23","October"
"12041","authorized","1","ACC-3827517394","151.12","-33.89","POS","e5975ab4-08f7-4725-a369-24cc0e35ed6e","Craig",45394.57,2018-10-31 07:00:00,"M",28,"Kings Park","NSW",43.96,"2fdd4681827343f6af2e6519644a684a","CUS-2663907001","150.92","-33.74","debit","Wed","23:34:25","23","October"
"12042","authorized","1","ACC-2920611728","144.96","-37.76","SALES-POS","af49051a-591d-4b08-bd3c-27730b70ed37","Tyler",11350.67,2018-10-31 07:00:00,"M",69,"Oakleigh","VIC",30.77,"74aa9cd7e4af4c6d9cd7dbd28e9aedc9","CUS-1388323263","145.09","-37.91","debit","Wed","23:47:05","23","October"
"12043","authorized","1","ACC-1443681913","150.92","-33.77","SALES-POS","f31f4b14-2040-40ec-a120-b141bb274cbd","Ryan",5517.91,2018-10-31 07:00:00,"M",31,"Mascot","NSW",22.36,"6d5218e04e8040b9996850ce11a19426","CUS-3129499595","151.19","-33.93","debit","Wed","23:59:44","23","October"
